-0.05153204202651978,-0.08852910399436952,-0.440067195892334,-0.07022896409034729,-0.00953773781657219,0.04336750879883766,0.1744639726651369,-0.005369054160966609,-0.17992863403674716,
-0.04568696916103363,-0.0822113871574402,-0.44336671829223634,-0.11956292390823364,-0.014331607148051262,0.05502089485526085,0.17332392650748424,-0.0064459242032151665,-0.1787434528547272,
-0.030547580122947695,-0.04123209118843079,-0.4327248573303223,-0.19106879830360413,-0.02864609844982624,0.05335642024874687,0.16408779483744698,-0.010011686619119697,-0.17514088375958925,
-0.015506723523139955,-0.033342450857162476,-0.41730971336364747,-0.2396049201488495,-0.052681129425764084,0.046898253262043,0.15592691695095096,-0.012330365850189913,-0.1730860085161219,
3.0153256375342607e-05,-0.042561557888984684,-0.39384098052978517,-0.28854048252105713,-0.06646299362182617,0.04889562353491783,0.1455972404139414,-0.015047675672725205,-0.17149152205630636,
0.024460124969482425,-0.05344834327697754,-0.37762758731842044,-0.33554527163505554,-0.06379982829093933,0.040972720831632614,0.13333448327991898,-0.0185457471981981,-0.170482664811979,
0.055277019739151,-0.05615402460098267,-0.3103167295455933,-0.3966648280620575,-0.09802144765853882,0.027324017137289047,0.10203022535811818,-0.026374297322403362,-0.16860620592060513,
0.03474785983562469,-0.0592977523803711,-0.23133952617645265,-0.42409539222717285,-0.09755539894104004,0.030453234910964966,0.08311502889088114,-0.03048870216884514,-0.16833603893414464,
0.13780227899551392,-0.051607257127761846,-0.06102055311203003,-0.4329504072666168,-0.1033477708697319,0.0004926715046167374,0.04089661447007376,-0.041376092780881474,-0.1673230443755497,
0.15113776922225952,-0.030608251690864563,0.055104541778564456,-0.41211116313934326,-0.11506567895412445,-0.01375524140894413,0.017357335176447993,-0.05022040815933763,-0.16685145542554208,
0.18847835063934326,0.02244204878807068,0.18683378696441652,-0.36164426803588867,-0.09768855571746826,-0.05303686857223511,-0.004350238530954725,-0.05597318135404426,-0.16715956343957353,
0.24587416648864746,0.055847668647766115,0.3065496921539307,-0.29519838094711304,-0.07545115798711777,-0.10277140140533447,-0.0248596828675349,-0.061664524712744626,-0.16793686706277922,
0.2832449197769165,0.10921599864959718,0.5366989135742187,-0.24113623797893524,-0.014797660522162914,-0.13739249110221863,-0.05843706210758719,-0.07191388209008905,-0.17361285255320258,
0.19773718118667605,0.13089685440063478,0.6292712688446045,-0.12682004272937775,0.023218965157866478,-0.13992249965667725,-0.07072817474994643,-0.07534471430715604,-0.1795468459306019,
0.11891419887542726,0.14630932807922364,0.7021360874176026,-0.016498584300279617,0.030742395669221878,-0.14551512897014618,-0.07943641511178866,-0.0768547803492299,-0.18669862590112907,
0.018253353238105775,0.17630457878112793,0.6524102687835693,0.08330337703227997,0.04159477725625038,-0.14877751469612122,-0.08318465757366249,-0.0779106739602796,-0.20192965701556587,
-0.006634466350078583,0.17464197874069215,0.594623613357544,0.15960294008255005,0.06290005892515182,-0.16528910398483276,-0.07907434136627307,-0.07815374219123163,-0.2097735913881956,
-0.03398672938346863,0.1558622121810913,0.5418776035308838,0.22831249237060547,0.08034376800060272,-0.1624262034893036,-0.07170612839366454,-0.07763859541327227,-0.21828397184922324,
-0.07281340360641479,0.12422032356262208,0.4520312309265137,0.2598709762096405,0.09059693664312363,-0.15430356562137604,-0.06102607181566256,-0.07621915039461213,-0.22747526032100657,
-0.1149918556213379,0.06617841720581055,0.20530264377593996,0.2893654704093933,0.09073009341955185,-0.13892380893230438,-0.03264743014056322,-0.07036700181971939,-0.24526436147834768,
-0.1205950140953064,0.04552965462207795,0.09583164453506471,0.28403881192207336,0.09272752702236176,-0.1321333944797516,-0.01671967641021936,-0.06632213335032677,-0.2532680400403976,
-0.11693865060806274,0.02094106823205948,-0.011590563505887986,0.2631329894065857,0.07594960927963257,-0.11409047991037369,0.0007714457218425287,-0.056752037358935414,-0.2611267639748833,
-0.13440303802490236,-0.01746896207332611,-0.1536264181137085,0.2289113700389862,0.08001092821359634,-0.08965598046779633,0.030756462960626688,-0.047425636489321625,-0.27348369322949667,
-0.13972947597503663,-0.03309254348278046,-0.2104435920715332,0.18889737129211426,0.07967803627252579,-0.05982857197523117,0.043854505127490576,-0.04312573084280678,-0.27808460019020187,
-0.15542283058166506,-0.05311830043792725,-0.2592036008834839,0.14262494444847107,0.038199301809072495,-0.030600378289818764,0.0551756265467003,-0.03832739306770297,-0.2814363381034571,
-0.15831964015960695,-0.0792818307876587,-0.3351015567779541,0.0988825261592865,-0.00907180830836296,-0.0051671895198524,0.0723535208754572,-0.031639726730150156,-0.2847048409753591,
-0.15458625555038452,-0.08656546473503113,-0.36998958587646485,0.04182429611682892,-0.03204157203435898,0.010745197534561157,0.07833512160867565,-0.031094196989158017,-0.28535403747043486,
-0.1551660418510437,-0.09637401700019838,-0.42482943534851075,-0.03194526582956314,-0.04049710929393768,0.03717707097530365,0.08250517277364655,-0.0320635309439468,-0.28558329970472757,
-0.16914422512054444,-0.09922301173210145,-0.4499046802520752,-0.09193296730518341,-0.04009763523936272,0.07159842550754547,0.08396455591167333,-0.03389099395145481,-0.28530111668117275,
-0.15600669384002686,-0.09792909026145935,-0.44319791793823243,-0.17289307713508606,-0.042627640068531036,0.10628610104322433,0.07782146536710836,-0.03916593635997045,-0.2812574375561045,
-0.1433647871017456,-0.08144779205322267,-0.4182494163513184,-0.22535735368728638,-0.04715501144528389,0.11827033013105392,0.07027717476831474,-0.04216852402591078,-0.2771353469437044,
-0.13686928749084473,-0.05432592034339905,-0.3733168363571167,-0.28714269399642944,-0.05281423032283783,0.13598035275936127,0.06002327122852358,-0.045560682334164514,-0.2720242747208373,
-0.15768809318542482,-0.018481840193271638,-0.2790583848953247,-0.352589875459671,-0.04549053683876991,0.15588748455047607,0.03237658250333879,-0.052474153352044944,-0.2598856673921159,
-0.13334505558013918,0.002060988731682301,-0.16511998176574708,-0.3715648949146271,-0.0466223806142807,0.15136010944843292,0.01431167361845634,-0.05567541215797968,-0.2523342464645822,
-0.10781444311141969,0.00901218131184578,-0.011316023766994476,-0.33541247248649597,-0.07831399887800217,0.1627451330423355,-0.00555117686794672,-0.05730067271919706,-0.2443596380418651,
-0.07410834431648254,0.035044720768928526,0.33271892070770265,-0.26843398809432983,-0.07025793194770813,0.19190673530101776,-0.04479435649202179,-0.06198146380791178,-0.22779417304818392,
-0.04150716960430145,0.05864497423171997,0.4923914909362793,-0.18587598204612732,-0.023918932303786278,0.212080180644989,-0.06186727034735172,-0.06429241293798676,-0.2180649332178089,
0.054273140430450444,0.0920768141746521,0.6332667350769043,-0.08427637815475464,0.013365324586629868,0.17852436006069183,-0.07631597368018407,-0.0649571605655234,-0.2070982039232105,
0.15771836042404175,0.1302533745765686,0.7371908664703369,0.04055929556488991,0.006774000357836485,0.11727163940668106,-0.08720342936123539,-0.06300841468196293,-0.1963565767238415,
0.22774755954742432,0.1786461353302002,0.8555859565734864,0.1819065660238266,0.020289544016122818,0.08631239086389542,-0.0936973519990857,-0.05754361339777772,-0.18131590329425712,
0.21529688835144045,0.1893491268157959,0.7573177814483643,0.28444015979766846,0.060502976179122925,0.0611489973962307,-0.0875434654500526,-0.055598756974742494,-0.1768787580663992,
0.23481240272521975,0.14868662357330323,0.4705354690551758,0.382843941450119,0.06289981305599213,-0.017081361263990402,-0.06185669995876371,-0.04905445042081271,-0.17133077908214792,
0.16289753913879396,0.03920891284942627,0.22121047973632812,0.40235161781311035,0.07954457402229309,-0.026202687993645668,-0.025480894866012977,-0.04200711536565949,-0.1717497597298466,
0.11079298257827759,-0.0011666557751595975,0.09752219319343568,0.3833100199699402,0.10111618041992188,-0.014018726535141468,-0.0050068759576403,-0.03857662911700498,-0.17326761390661558,
0.07291991114616395,-0.017974098026752473,-0.013970945775508881,0.3622044622898102,0.07894536107778549,-0.025869794189929962,0.01426754703836588,-0.038793917606141586,-0.1738871318515196,
0.06257029175758362,-0.05224854946136475,-0.1317860245704651,0.3561457693576813,0.04405795410275459,-0.04591008275747299,0.05211631295485098,-0.029561300744420194,-0.17477520598727286,
0.04823211133480072,-0.06332006454467774,-0.1931252717971802,0.31746333837509155,0.042926110327243805,-0.052368246018886566,0.07056507415131055,-0.02634765158114338,-0.17612671569137195,
0.018418735265731814,-0.05878281593322754,-0.28240554332733153,0.25008535385131836,0.055376388132572174,-0.04151586443185806,0.0883783243307827,-0.023681026044120736,-0.1780887978533572,
-0.012047307193279268,-0.04950176179409027,-0.3346887588500977,0.19209502637386322,0.059237971901893616,-0.026202687993645668,0.10419701057497723,-0.02070629174524401,-0.17993880868925125,
-0.028668376803398135,-0.06522657871246339,-0.33828623294830323,0.15787340700626373,0.033005837351083755,-0.02067662961781025,0.12753852091037743,-0.014073478558621485,-0.18118964760895928,
-0.04178162515163422,-0.07283183336257935,-0.32756896018981935,0.12325230985879898,0.012832388281822205,-0.015483465045690536,0.13620641812497564,-0.011287247701047672,-0.18125835438223326,
-0.04029397368431092,-0.0805082142353058,-0.36129863262176515,0.06932329386472702,0.007306329440325499,-0.006428717635571957,0.14391932119480327,-0.00963191593447976,-0.18159837691390315,
-0.049464985728263855,-0.07806766629219056,-0.3980095624923706,0.02498166449368,0.004310273099690676,-0.0021676593460142612,0.1501258280395323,-0.008721503042472814,-0.18198998448809173,
-0.06459279060363769,-0.07699914574623108,-0.44404425621032717,-0.044193949550390244,-0.00168183958157897,0.01800578646361828,0.15595026826257694,-0.007868825909504452,-0.18208982798203677,
