-0.041674751043319705,-0.1986104726791382,-0.43178482055664064,-0.030011719092726707,-0.023320170119404793,0.008819552138447762,0.26865802924724275,0.006474971930461323,-0.0699834953023023,
-0.05305394530296326,-0.20813238620758057,-0.42040476799011234,-0.08946679532527924,-0.052348628640174866,0.01933903992176056,0.26804890253310865,0.006009123510422914,-0.07038864921219212,
-0.04655554592609406,-0.21448156833648682,-0.44183020591735844,-0.16716451942920685,-0.052282050251960754,0.020870357751846313,0.2654962368319509,0.004239879391933983,-0.07155598353338902,
-0.030250993371009827,-0.18593791723251343,-0.44965624809265137,-0.2559143602848053,-0.04009808599948883,0.022201936691999435,0.2512167919321667,-0.0009463428998006666,-0.0744798806334226,
-0.03498623967170716,-0.16748533248901368,-0.4264542102813721,-0.3196304738521576,-0.05880679190158844,0.031656160950660706,0.23901414482637676,-0.0033122513271416133,-0.07538335360887662,
-0.04075985252857209,-0.15318106412887575,-0.39985733032226567,-0.37162870168685913,-0.08497234433889389,0.03498511016368866,0.22413629427963797,-0.005921441018763594,-0.0763805326150449,
0.0014275324530899525,-0.14873306751251222,-0.388530969619751,-0.4322156310081482,-0.08716945350170135,0.0267958901822567,0.20720340321880606,-0.009783190143046835,-0.07753342105185676,
0.05838361382484436,-0.13350718021392824,-0.35959227085113527,-0.5430697202682495,-0.10714316368103027,0.024199306964874268,0.16567113776349204,-0.01881949960365654,-0.08059294170867415,
0.113813054561615,-0.09908488988876343,-0.25806002616882323,-0.565636932849884,-0.10847524553537369,-0.04323958605527878,0.139516788950019,-0.023886059506265905,-0.0821171128780138,
0.2065435886383057,-0.09489344358444214,-0.11952043771743776,-0.5416684746742249,-0.10954050719738007,-0.11854046583175659,0.11106161435839867,-0.029085499438143064,-0.08443777039849829,
0.17654035091400147,-0.0868390679359436,0.14224263429641723,-0.5103763341903687,-0.1445610672235489,-0.1263967901468277,0.05442327515625065,-0.042270652723543585,-0.09684556224285351,
0.17668542861938477,-0.05206855535507202,0.2617439031600952,-0.4806821346282959,-0.11599867790937424,-0.1353849619626999,0.02933818618727416,-0.04848983922603753,-0.10461782943666423,
0.19480123519897463,-0.026981630921363832,0.4195788860321045,-0.39546099305152893,-0.06872756779193878,-0.14956629276275635,0.0052359506579810885,-0.05491677020212774,-0.11213433251523573,
0.16533629894256593,0.012342624366283417,0.6004424571990967,-0.27701687812805176,-0.05720938742160797,-0.1661444753408432,-0.016696101411712586,-0.05995363905208776,-0.1196441863602714,
0.08488871455192566,0.09927132725715637,0.863016414642334,-0.10084877163171768,-0.03949936851859093,-0.17493289709091187,-0.04615318910655458,-0.06791417787967617,-0.1363329075979716,
0.043416747450828554,0.1457517147064209,0.8776968955993653,0.026516906917095184,0.03553519770503044,-0.16421368718147278,-0.051751238183694585,-0.07182902775926946,-0.14533001185648925,
0.009682324528694154,0.1739586591720581,0.852972412109375,0.15767759084701538,0.07947735488414764,-0.16048525273799896,-0.05196434435222508,-0.07366028949838976,-0.15449554716398492,
-0.03200011253356934,0.17445577383041383,0.7694715023040772,0.23610767722129822,0.061434440314769745,-0.17067185044288635,-0.04671983389902653,-0.07233013542455702,-0.1639055134539291,
-0.04588732719421387,0.13261840343475342,0.4460807323455811,0.2948303818702698,0.03540204092860222,-0.20189741253852844,-0.02220829822048361,-0.06726564222540628,-0.183207088493912,
-0.07123247385025025,0.08207886815071107,0.29794647693634035,0.3456301689147949,0.05604153871536255,-0.21461400389671326,-0.005116052188878165,-0.06586095756127314,-0.19425969767001733,
-0.1025163769721985,0.031147906184196474,0.15642538070678713,0.33983781933784485,0.09565605968236923,-0.21354873478412628,0.013965219042389131,-0.06388407425474128,-0.20578503081972063,
-0.12935967445373536,-0.0696457028388977,-0.06533141136169433,0.336575448513031,0.08074235171079636,-0.19776950776576996,0.052209727042602155,-0.04866382110801297,-0.22707571605727692,
-0.17301037311553957,-0.10210859775543213,-0.1482485055923462,0.31333935260772705,0.070222869515419,-0.16281552612781525,0.0706984510507965,-0.042399893064304583,-0.23651213197707743,
-0.19941874742507937,-0.12426486015319825,-0.24643797874450685,0.2450292706489563,0.07461708784103394,-0.10495834797620773,0.08824152878115525,-0.03662469133118839,-0.24442027882834244,
-0.2124497890472412,-0.13800853490829468,-0.3175867080688477,0.18504156172275543,0.06110154464840889,-0.06294698268175125,0.10355873735006016,-0.031029851940927555,-0.2501850183031056,
-0.21160094738006593,-0.1444623351097107,-0.3669125080108643,0.10394831746816635,0.03300519660115242,-0.0006290078163146973,0.12474604646631188,-0.0221341398673253,-0.2551213186314014,
-0.17347825765609742,-0.12422032356262208,-0.36642436981201176,-0.0018457603873685002,-0.012468282133340836,0.035190511494874954,0.1351918741006082,-0.01902502488269143,-0.25403775139722806,
-0.1754827618598938,-0.11732617616653443,-0.396762228012085,-0.06869110465049744,-0.05447964742779732,0.06814713031053543,0.13734599037521894,-0.019078784672412846,-0.25274508743742974,
-0.17777148485183716,-0.09924657344818116,-0.3983020782470703,-0.1280130296945572,-0.060538340359926224,0.09637663513422012,0.133887368547784,-0.024090711621140043,-0.24949082638128586,
-0.17090299129486086,-0.08411086797714235,-0.3774708986282349,-0.20224864780902863,-0.06566493213176727,0.12247562408447266,0.12794608080986494,-0.028687306029578835,-0.24664636073282795,
-0.16098976135253906,-0.0750434398651123,-0.36382493972778324,-0.26123765110969543,-0.06899388134479523,0.12533850967884064,0.11934791293165788,-0.03386451657802668,-0.24276946668879543,
-0.20465211868286134,-0.06517173051834106,-0.2437842845916748,-0.2778158485889435,-0.11373499035835266,0.17407436668872833,0.09402271088467917,-0.044617570671392395,-0.2334474167651837,
-0.20382769107818605,-0.05700434446334839,-0.16020244359970093,-0.3122372031211853,-0.106144979596138,0.23605944216251373,0.07885850188769838,-0.051948173290518186,-0.22716271154079018,
-0.18972513675689698,-0.044196552038192755,-0.15428994894027712,-0.40391650795936584,-0.034971993416547775,0.26275762915611267,0.0629329154970099,-0.06018663101346535,-0.2185665557822849,
-0.11093947887420655,-0.03181516826152802,-0.08676443696022035,-0.38587361574172974,-0.01832723803818226,0.2567655146121979,0.043485145230761545,-0.06678009376016447,-0.20708065627669156,
-0.053839200735092164,0.007056326419115067,0.30960698127746583,-0.2617703080177307,-0.09376128017902374,0.2347278594970703,-0.0023802744266470353,-0.0688769398702473,-0.1807431050213179,
-0.004936779662966729,0.03081297278404236,0.4392462253570557,-0.13660171627998352,-0.11866183578968048,0.20376861095428467,-0.020650651503022956,-0.07183219402225602,-0.16814740096012568,
0.04560174942016602,0.05514439940452576,0.5344501972198487,-0.0612342543900013,-0.07778231054544449,0.19384834170341492,-0.03411049589456489,-0.07655246190982579,-0.15642855538850506,
0.11539710760116578,0.10408133268356323,0.6473728656768799,0.035371918231248856,0.0005812072195112705,0.20536650717258453,-0.04891507935332026,-0.08346219684216229,-0.13548048257561382,
0.1648549795150757,0.13483259677886963,0.7055842876434326,0.1661996990442276,0.048851002007722855,0.1774033159017563,-0.05125077201334158,-0.08284969592701266,-0.12524278036885636,
0.23232381343841554,0.17101745605468752,0.7229341506958008,0.2811816930770874,0.07208707928657532,0.08765478432178497,-0.04862767722419022,-0.07974297599078593,-0.11563200528240912,
0.27498826980590824,0.17740485668182374,0.6606332302093506,0.36327362060546875,0.11369897425174713,0.033992089331150055,-0.04006583666989574,-0.07585723676941131,-0.10839674072567126,
0.1978580117225647,0.10469295978546143,0.5168507099151611,0.444100558757782,0.17208878695964813,0.009357846342027187,-0.008299574796858614,-0.06565102442658893,-0.10306741305005265,
0.1487037181854248,0.024196477234363557,0.38940765857696535,0.5006927847862244,0.17681589722633362,0.011022322811186314,0.013131931471820776,-0.05767216764663685,-0.10231778965788381,
0.11608121395111085,-0.05208669900894165,0.2860844850540161,0.5454338788986206,0.1254834681749344,0.006761264055967331,0.03669163258760765,-0.048598508082756335,-0.10115002307147,
0.1091723918914795,-0.1083469033241272,0.1558256506919861,0.5721986293792725,0.10191448777914047,-0.0038248011842370033,0.06251401205687827,-0.040269995241734156,-0.0992756059322043,
0.09098161458969117,-0.15569233894348145,-0.1256093740463257,0.5288556814193726,0.10544317215681076,-0.018472187221050262,0.11393273879330104,-0.03235634090384526,-0.09546968217981286,
0.08188121318817139,-0.17377706766128542,-0.29773893356323244,0.43378081917762756,0.09945106506347656,-0.018472187221050262,0.14201173424336677,-0.027186307136705497,-0.09407331209752298,
0.05310963392257691,-0.17026723623275758,-0.3979348659515381,0.3544186055660248,0.09558948129415512,-0.012879548594355583,0.1668197154581964,-0.022056212375665508,-0.09256092735109046,
0.02583039402961731,-0.16223392486572266,-0.4570769309997559,0.28257983922958374,0.08433762192726135,-0.00835217535495758,0.18792966594483665,-0.01731760380350935,-0.0906642398379692,
0.0034710008651018145,-0.16595401763916018,-0.5538641929626466,0.16486811637878418,0.02408360317349434,-0.012213759124279022,0.22008763172074094,-0.009422189719846544,-0.08623416077462681,
0.0034073811024427415,-0.16291309595108033,-0.5607569694519043,0.07219012081623077,-0.01240170281380415,-0.015609288588166237,0.23037746439099988,-0.007303854640166234,-0.08522355939069344,
-0.0048188455402851105,-0.15944454669952393,-0.5529340744018555,0.0021489812061190605,-0.01659618318080902,-0.012746390886604786,0.23696726356368736,-0.006557160483411392,-0.0858718950978009,
-0.04302574992179871,-0.16345924139022827,-0.5525228500366212,-0.08560217916965485,-0.029379356652498245,0.005030210129916668,0.24034196708778063,-0.006696138835033606,-0.08847882036055942,
