-0.09380972981452942,-0.17014091014862062,-0.5720802783966065,-0.13893018662929535,-0.03663676232099533,0.030267007648944855,0.21683084145579828,-0.022753299965463217,-0.18899190568322663,
-0.10819305181503297,-0.16679527759552004,-0.5559995174407959,-0.2312087118625641,-0.03843439742922783,0.05303703621029854,0.21309164278749282,-0.02359201938720578,-0.1893792324917682,
-0.09718742966651917,-0.1532442331314087,-0.5388236522674561,-0.2935280203819275,-0.03617049381136894,0.05989222973585129,0.20609379174887282,-0.02599522907127529,-0.18964509388751954,
-0.08326805233955384,-0.11022787094116211,-0.46481328010559086,-0.35478073358535767,-0.08270923793315887,0.059159860014915466,0.1820064607118262,-0.0322163955393367,-0.18804339327738737,
-0.07055611610412597,-0.08568902015686036,-0.4195587635040283,-0.40531420707702637,-0.10274951905012131,0.04990537464618683,0.1658487685003268,-0.035883764514308934,-0.18700858935728681,
-0.030826160311698915,-0.07445579171180726,-0.36577463150024414,-0.47129401564598083,-0.10008636116981506,0.05496538430452347,0.14753647341119763,-0.04111000622962525,-0.18672652961140368,
-0.0008620920591056347,-0.08774365782737732,-0.3272388219833374,-0.4861411452293396,-0.12006007134914398,0.050904057919979095,0.12724111873756486,-0.046919882858821704,-0.186909667872963,
0.06639357805252076,-0.021413217484951022,-0.1022282361984253,-0.4832116663455963,-0.10974031686782837,-0.015142335556447506,0.079777842730459,-0.058707625469089426,-0.18585325882996087,
0.13058580160140992,0.011770235747098923,0.00444924533367157,-0.46709954738616943,-0.09875477850437164,-0.05209369957447052,0.05491309920230031,-0.06698452135534658,-0.18568993965214703,
0.16257814168930054,0.019479268789291383,0.1406652569770813,-0.41376975178718567,-0.11326900869607925,-0.056621067225933075,0.030631555906936486,-0.07249246170059356,-0.18742612356395466,
0.14440919160842897,0.050591921806335455,0.2903580188751221,-0.34432780742645264,-0.10947400331497192,-0.08811295032501221,0.007240895443920652,-0.07745350896638255,-0.19049582153904526,
0.20917797088623047,0.1483654856681824,0.6065591335296632,-0.2087063193321228,-0.0804455503821373,-0.15023118257522583,-0.033279731962970675,-0.08884121856537285,-0.19712209075619302,
0.19089986085891725,0.1922161340713501,0.6708559989929199,-0.1701570600271225,-0.052548933774232864,-0.1676083207130432,-0.04712571201924185,-0.09479037368860414,-0.20245299349256196,
0.12837984561920165,0.21344568729400637,0.6177697658538819,-0.11669410020112991,-0.03370707109570503,-0.18585096299648285,-0.055905559270470424,-0.10016131499860918,-0.2098729345464913,
0.07349448800086976,0.22730751037597657,0.632462215423584,0.025984754785895348,-0.027648380026221275,-0.20089782774448395,-0.06236208098255616,-0.10466661008082129,-0.21837216777133445,
0.017934499680995943,0.18668965101242066,0.9366989135742188,0.2612084448337555,0.011899563483893871,-0.22866128385066986,-0.06678325063048583,-0.11222794530733536,-0.23800743018274348,
-0.024954041838645937,0.177512526512146,0.8708684921264649,0.32885274291038513,0.08613517880439758,-0.22752943634986877,-0.05754092988071538,-0.11539872070143105,-0.2495409453865793,
-0.0693440318107605,0.16756281852722169,0.6204620361328126,0.35961225628852844,0.1290120631456375,-0.22633102536201477,-0.04033455179493533,-0.11669033574459836,-0.2623514492750475,
-0.13600897789001465,0.07843685150146484,0.20687677860260012,0.3815167546272278,0.11349916458129883,-0.21587811410427094,0.002212551599938847,-0.10885924905358445,-0.28813672277782637,
-0.17604440450668335,0.006555439531803132,0.03209071159362793,0.3544856607913971,0.07188726961612701,-0.19117729365825653,0.02531990773234595,-0.09832020333788402,-0.3000058991124386,
-0.22556519508361816,-0.04822425246238709,-0.12905179262161257,0.28983741998672485,0.056906986981630325,-0.13152247667312622,0.047804983759053246,-0.0910997081572648,-0.3107021628144491,
-0.27774083614349365,-0.08566964864730836,-0.2536935329437256,0.23451027274131775,0.055042773485183716,-0.0880463719367981,0.0687526533125695,-0.08529097772153287,-0.32010365192155127,
-0.30897295475006104,-0.1126691222190857,-0.3827239990234375,0.17412440478801727,0.03833122178912163,-0.03524675592780113,0.10167556699893816,-0.07602750234774777,-0.3323668767920413,
-0.2884500503540039,-0.11368367671966553,-0.3992584466934204,0.10321773588657379,0.025015419349074364,-0.01320909895002842,0.11327707850857698,-0.07237338800671542,-0.33498160525222953,
-0.2568856716156006,-0.11532536745071412,-0.4416442394256592,0.03051343746483326,0.014562510885298252,0.004234606400132179,0.12250159281298818,-0.06979215350355246,-0.33607613464467995,
-0.2337115526199341,-0.11039706468582154,-0.46114177703857423,-0.02195083536207676,0.003710129763931036,0.02300989255309105,0.1288419441805938,-0.06811897854372788,-0.33634034036270766,
-0.23094000816345217,-0.10399603843688965,-0.4438309192657471,-0.09898277372121811,-0.030644647777080536,0.052837297320365906,0.1322612213310892,-0.06682493125615098,-0.33531579920537763,
-0.23428397178649904,-0.10383127927780152,-0.4320804595947266,-0.162099689245224,-0.06120442599058151,0.0780707523226738,0.12984355894103156,-0.06756990410682807,-0.3338927666325465,
-0.23239867687225343,-0.10094619989395143,-0.41898756027221684,-0.22188764810562134,-0.06539890170097351,0.09651314467191696,0.12491560510442999,-0.06971441834348696,-0.33205094549618275,
-0.2110696077346802,-0.05623833537101746,-0.358081579208374,-0.2872017025947571,-0.05800862982869148,0.11342421174049377,0.10691361325759151,-0.07810582352441632,-0.32658363770695176,
-0.21300148963928223,-0.03785596191883087,-0.31228835582733155,-0.3258841037750244,-0.08111155033111572,0.13433001935482025,0.09353336529982906,-0.08279835125647682,-0.3224787372995901,
-0.2234803915023804,-0.03645485937595368,-0.2464634418487549,-0.323487251996994,-0.11759686470031738,0.17041584849357605,0.07751095234351428,-0.08723154237058736,-0.31746093624284444,
-0.2340780019760132,-0.029615876078605653,-0.12922869920730592,-0.3374022841453552,-0.09529288858175278,0.1989782601594925,0.05949131547543816,-0.09235428330627905,-0.3115933880326315,
-0.1694916129112244,-0.000572832114994526,0.050031358003616334,-0.34126386046409607,-0.048820726573467255,0.24365277588367462,0.021744638651030455,-0.09482792540868168,-0.29555224721872375,
-0.15906535387039186,0.01127791702747345,0.1863713264465332,-0.2668285071849823,-0.054479941725730896,0.25477150082588196,0.0008488365276215865,-0.0992707103186587,-0.28445717500878137,
-0.1022359848022461,0.040649625658988955,0.34478583335876467,-0.16043521463871002,-0.058874160051345825,0.2537728250026703,-0.020562909323681173,-0.1014672867002266,-0.2716493439996689,
0.011054106801748276,0.11772488355636597,0.6069829940795899,-0.0730835348367691,-0.013001207262277603,0.2285393476486206,-0.05577198169150006,-0.10374356626505507,-0.24445897452367896,
0.09867173433303833,0.1679081201553345,0.6600156784057618,0.04169871285557747,0.025614630430936813,0.17574217915534973,-0.06695306942548154,-0.10367583334428125,-0.23122840210926435,
0.18503705263137818,0.2135016441345215,0.7511551380157471,0.1887717992067337,0.05244597792625427,0.12334448844194412,-0.07438099703674171,-0.10172678106487043,-0.21960595883932416,
0.21831016540527345,0.24912955760955813,0.8314595222473145,0.28298109769821167,0.08493654429912567,0.08126654475927353,-0.07646684191536363,-0.09850599054623498,-0.21052928848378769,
0.22747337818145752,0.23879525661468506,0.7177070140838624,0.4156065285205841,0.13493739068508148,0.021545153111219406,-0.061127008973516736,-0.09030089290748777,-0.19964866953245602,
0.22707507610321045,0.19100228548049927,0.6373947143554688,0.4939039349555969,0.17308710515499115,-0.017668992280960083,-0.04559918430345117,-0.08483205072984495,-0.19732447551822582,
0.2152068853378296,0.11873178482055664,0.5013879776000977,0.5597506165504456,0.17415235936641693,-0.045965082943439484,-0.025100479754737625,-0.07803305631277027,-0.1967253067997452,
0.19372037649154664,0.04776580035686493,0.3792418003082276,0.5937725305557251,0.14885233342647552,-0.06560589373111725,-0.000932330828376084,-0.06975056956291692,-0.19739753089945664,
0.142621386051178,-0.08217371106147767,0.09111035466194153,0.577194333076477,0.11283308267593384,-0.07759011536836624,0.05587655025333242,-0.05187531737220144,-0.200417618429924,
0.09922428131103517,-0.12144986391067505,-0.06938015818595887,0.5361150503158569,0.12807968258857727,-0.06307589262723923,0.0849759142879673,-0.045909646384027794,-0.20217771922036323,
0.05324271321296692,-0.1511401176452637,-0.19085212945938113,0.4479644000530243,0.1481865495443344,-0.0514911413192749,0.11479777278515939,-0.039141279057417676,-0.2040758074181808,
0.03253421485424042,-0.17548526525497438,-0.31041004657745364,0.36480721831321716,0.1336723119020462,-0.04177059978246689,0.1429123651944059,-0.032070518238985116,-0.20483860056551387,
-0.021103475987911225,-0.1788021445274353,-0.4987218856811524,0.25761497020721436,0.0662943422794342,-0.024659791961312294,0.18922052853815513,-0.016945248359762376,-0.2021127992487013,
-0.04806476533412934,-0.18577041625976565,-0.538871717453003,0.17871883511543274,0.04166009649634361,-0.0006247619166970253,0.20626363775077117,-0.010900373593631526,-0.20025034724958413,
-0.0702044427394867,-0.17965309619903566,-0.5572063446044923,0.08124714344739914,0.039929039776325226,0.007830774411559105,0.219799644275052,-0.007141805008840303,-0.1990472743292587,
-0.04813972711563111,-0.16392883062362673,-0.6140438556671143,-0.013295081444084644,0.016160327941179276,-0.005684767849743366,0.23693299269439821,-0.0038112433672087215,-0.19613715941235263,
-0.04958238005638123,-0.1682607650756836,-0.5975424289703369,-0.07767700403928757,-0.029579464346170425,0.01934894733130932,0.23960237838445536,-0.0025902917249392378,-0.19474697733062118,
