0.10469530820846558,-0.4017697811126709,-0.6444385528564454,-0.09026360511779785,-0.04422633349895477,0.027865145355463028,0.2640352188943972,0.046500904210406716,-0.05747732357949021,
0.11385823488235475,-0.35806677341461185,-0.6020230770111085,-0.20211638510227203,-0.03091052733361721,0.011020650155842304,0.26284688165343123,0.04358674090081741,-0.058024863645399764,
0.10825166702270508,-0.3202223062515259,-0.6068113327026368,-0.24446064233779907,-0.03017815761268139,0.00948933232575655,0.25768964290062896,0.04110138970843108,-0.05877317137924531,
0.09640957713127137,-0.24937818050384522,-0.47875399589538575,-0.3101741373538971,-0.030377894639968872,-0.008154110983014107,0.2363223198149561,0.03798015538753623,-0.060242211484454584,
0.10843191146850586,-0.22801966667175294,-0.44967164993286135,-0.37016186118125916,-0.0558110848069191,-0.021070443093776703,0.2221989556359668,0.03672012919216685,-0.06144563508902768,
0.08457648754119873,-0.24137747287750244,-0.4441894054412842,-0.4469274580478668,-0.12452064454555511,0.03858437016606331,0.2057186626828873,0.03575360329891631,-0.06319643895579219,
0.019015952944755554,-0.23575403690338137,-0.37200260162353516,-0.5613102316856384,-0.10108482092618942,0.043977268040180206,0.16473711381682826,0.028900815599769262,-0.06800110037759856,
0.20931355953216554,-0.2303321361541748,-0.3091971635818482,-0.6414048075675964,-0.06692977994680405,0.0050285374745726585,0.13903604591204893,0.021690831962655054,-0.0686751577061793,
0.25504088401794434,-0.19875216484069824,-0.13582662343978882,-0.6714984774589539,-0.12851539254188538,-0.063814178109169,0.10929872180812535,0.017180499572539035,-0.069129996366879,
0.28184792995452884,-0.10360342264175415,0.10032469034194946,-0.6069168448448181,-0.17065991461277008,-0.1510992795228958,0.07002830405487524,0.00505683929535535,-0.07062083210135563,
0.397884202003479,0.016580353677272796,0.8232731819152832,-0.411307692527771,-0.1467580497264862,-0.19717197120189667,0.003881864663122274,-0.008317804715046562,-0.08186622863885029,
0.33769233226776124,0.03783077001571655,1.1505313873291017,-0.1971229463815689,-0.02591709978878498,-0.19956880807876587,-0.022471795333803387,-0.01736585283902116,-0.09134139599421481,
0.2813776731491089,0.084475976228714,1.3758176803588869,0.05467894300818443,0.10997069627046585,-0.189581960439682,-0.04125328075879435,-0.025111937868219587,-0.10086197413699931,
0.19677579402923584,0.10591104030609132,1.4547616004943849,0.23390968143939972,0.15278100967407227,-0.18572036921977997,-0.05102031616936665,-0.028253826731744768,-0.11093866526859265,
0.08766708374023438,0.08826460838317872,1.003364086151123,0.42492491006851196,0.15224836766719818,-0.1992359161376953,-0.0406235066707448,-0.019790864829324805,-0.13241784500844184,
0.05085588097572327,0.0368066668510437,0.6487567901611329,0.45322099328041077,0.17142313718795776,-0.1865193247795105,-0.0231985975908322,-0.012760040343506118,-0.1434723417247358,
0.009876756370067597,-0.015813876688480378,0.29632105827331545,0.4237263798713684,0.18413975834846497,-0.16048718988895416,-0.0012342473607577257,-0.00535938888869806,-0.1539866027287236,
-0.054489755630493165,-0.09606103897094727,-0.16298907995224,0.37026339769363403,0.11955810338258743,-0.10329579561948776,0.04353916387043374,0.01381812655418476,-0.1709441525378092,
-0.08545486330986024,-0.11979784965515138,-0.2876366376876831,0.28437647223472595,0.07987699657678604,-0.07713024318218231,0.06367589540494652,0.02295857693014205,-0.17636650520442884,
-0.07693246006965637,-0.13720918893814088,-0.3992085695266724,0.22552058100700378,0.02042192593216896,-0.06374786049127579,0.08170698547551405,0.029826173711853803,-0.17996847362247614,
-0.08520116806030274,-0.14197428226470948,-0.47935562133789067,0.15534628927707672,-0.019259175285696983,-0.0439738854765892,0.1085319714166346,0.03818658812657635,-0.1853607841017618,
-0.07829281091690064,-0.15563676357269288,-0.5191090106964111,0.0787804052233696,-0.0035465240944176912,-0.03864756226539612,0.11818543356955326,0.03864686427072263,-0.18809134982071973,
-0.05718106031417847,-0.17095264196395876,-0.5216622352600098,0.026182977482676506,-0.05348079651594162,-0.004692258313298225,0.12480295720559523,0.03876289129149825,-0.19056284184885597,
-0.07766784429550172,-0.20509533882141115,-0.5137308597564697,-0.05937107279896736,-0.07651714235544205,0.03738568723201752,0.13070269456568773,0.03798475387778624,-0.19390854136561966,
-0.0816057026386261,-0.20126993656158448,-0.5392673492431641,-0.1547122448682785,-0.07165686786174774,0.07513599842786789,0.12988073992624938,0.03418846580180829,-0.19472094546362015,
-0.08762969374656678,-0.19252957105636598,-0.5581966876983643,-0.2869381904602051,-0.08683688938617706,0.0866541713476181,0.12593003495418792,0.029776864602593274,-0.1940492041809506,
-0.10878391265869142,-0.20808935165405273,-0.6185955047607422,-0.434477299451828,-0.1050795391201973,0.1197439506649971,0.10406545839219575,0.019327735669819882,-0.18956255486405776,
-0.17575979232788086,-0.23362374305725098,-0.5373406410217285,-0.5788872241973877,-0.14029984176158905,0.22773511707782745,0.08445285961159223,0.013180631733913335,-0.18613861421684294,
-0.21869802474975586,-0.2408311128616333,-0.4216739654541016,-0.7416064143180847,-0.10681059956550598,0.34564658999443054,0.059919480554349314,0.005475016196812399,-0.18022880958571222,
-0.1967234253883362,-0.21935698986053467,-0.24821712970733645,-0.7654417157173157,-0.10188374668359756,0.3838629722595215,0.03020211277970934,-0.003213697750487008,-0.16991297007853365,
0.08307033777236938,-0.24941275119781495,0.7843535423278809,-0.35544800758361816,-0.24576103687286377,0.33259710669517517,-0.047537007146313856,-0.01243759105920029,-0.1347806379332122,
0.2465541124343872,-0.2097485065460205,1.4816186904907227,-0.03280603885650635,-0.13610537350177765,0.24278198182582855,-0.07936055568093651,-0.017523300838141798,-0.1147118168378673,
0.38833873271942143,-0.1381839990615845,1.6479923248291017,0.29396384954452515,0.07954410463571548,0.2954460084438324,-0.09446077495386565,-0.024888115752565724,-0.09695761549626289,
0.33856842517852787,-0.06301213502883911,1.744115447998047,0.4887075126171112,0.18573765456676483,0.23119723796844482,-0.09702634907775329,-0.027475350756791517,-0.08330115665816662,
0.5894889354705811,0.0004816364031285048,1.346961784362793,0.7416412234306335,0.15231497585773468,0.03332436829805374,-0.06644341709970009,-0.011105620269035943,-0.058911643769613185,
0.5924550056457519,-0.06911108493804932,1.076249885559082,0.9652796387672424,0.05324547737836838,-0.12193895131349564,-0.035829823843496755,-0.00012741232305272686,-0.0533719582991786,
0.5005674839019776,-0.20144348144531252,0.7198162078857422,0.9500330090522766,0.10843949019908905,-0.1295289695262909,0.004486752236993544,0.0063590963401767365,-0.05396985823238778,
0.20912365913391115,-0.374772310256958,-0.2882335901260376,0.739376962184906,0.16969220340251923,-0.0771978497505188,0.10218042424281798,0.01579105715402797,-0.06495404102613418,
0.1305799126625061,-0.386168384552002,-0.633349370956421,0.5397730469703674,0.14931900799274445,-0.041910964995622635,0.1446641538124743,0.024656994990259647,-0.0667529225509926,
0.08335767388343812,-0.40683865547180176,-0.7549789428710938,0.3691975772380829,0.01709306426346302,0.027397803962230682,0.17783177223364846,0.03376908509330314,-0.06523385046043452,
0.01974727511405945,-0.42980661392211916,-0.831981086730957,0.23117925226688385,-0.04495859146118164,0.05542756989598274,0.20492080792541753,0.04070157835116189,-0.06268926374909652,
0.1063888430595398,-0.4103734493255615,-0.8755354881286621,0.0166616253554821,-0.03104357421398163,0.017011474817991257,0.2570655883325447,0.04832688241107633,-0.057566298062956635,
0.15212695598602297,-0.40669097900390627,-0.7898271083831787,-0.059371624141931534,-0.04262832552194595,0.015546736307442188,0.2804687169801446,0.045135335904956955,-0.05519505336593298,
0.1373985767364502,-0.3970447778701782,-0.6296937942504883,-0.10784115642309189,-0.04309437796473503,0.009288308210670948,0.281028871437587,0.043444549821069045,-0.05594152810010608,
