-0.05293451547622681,-0.14033815860748292,-0.5673832416534424,-0.10157831758260727,0.02408314310014248,0.03273236006498337,0.2232984965702546,-0.01643273085724334,-0.22381837024908358,
-0.04912383854389191,-0.1359193801879883,-0.5323177814483643,-0.1644289195537567,0.007571544963866472,0.03239946812391281,0.2218726154119992,-0.017074145771907568,-0.2226995883469477,
-0.046256378293037415,-0.12707604169845582,-0.4512189865112305,-0.20803818106651306,-0.03983272239565849,0.02674024924635887,0.21549315083056175,-0.017244554579051635,-0.22063946116768327,
-0.04267109930515289,-0.1149045467376709,-0.4381558895111084,-0.2623001039028168,-0.07205697149038315,0.02913709357380867,0.20694412816601074,-0.01803950650925753,-0.21923459447678276,
-0.0013362742029130459,-0.1061792016029358,-0.4779641151428223,-0.3881344497203827,-0.07352171093225479,0.023078400641679764,0.18395808587146836,-0.02381969346554777,-0.219811833983294,
0.0017218180000782013,-0.10232224464416505,-0.48531799316406254,-0.5121046304702759,-0.07039249688386917,0.024942614138126373,0.1674852327812567,-0.02783692168737883,-0.22093715876365916,
0.027772659063339235,-0.08495756387710572,-0.44393568038940434,-0.5923989415168762,-0.07531934231519699,-0.0122084841132164,0.1462661921103132,-0.03174024348533683,-0.22153494269652454,
0.1114010214805603,-0.07453510761260987,-0.25918128490448,-0.6442639827728271,-0.09795621037483215,-0.061343804001808167,0.09109707704710293,-0.03914825851717393,-0.22337166827418872,
0.07120118737220764,-0.07470504641532898,-0.08758171200752259,-0.5779512524604797,-0.15514759719371796,-0.038706935942173004,0.05928073707159316,-0.04286799024923536,-0.22675377788555695,
0.03359240591526032,-0.030169010162353516,0.1293934941291809,-0.5607739090919495,-0.1380367875099182,-0.04915984347462654,0.027460780101474916,-0.048624022285399505,-0.2304004002282372,
0.0976183295249939,0.012821704149246216,0.19255479574203493,-0.5933310389518738,-0.07738329470157623,-0.07192987203598022,-0.001195285283061046,-0.05654885326191686,-0.232691894264273,
0.1385029435157776,0.051534736156463624,0.5469473361968994,-0.39752209186553955,-0.1444949507713318,-0.09370121359825134,-0.05877457881776175,-0.0686074374153554,-0.23779820834009247,
0.15494470596313478,0.09002488255500794,0.9268169403076172,-0.12661203742027283,-0.16699866950511932,-0.14270338416099548,-0.08424603320536928,-0.07444197141995122,-0.24076302691456924,
0.1728238105773926,0.16447182893753054,0.9955331802368165,-0.0554390549659729,-0.027981657534837723,-0.1560857594013214,-0.09829427470907079,-0.08435332882230348,-0.24362584213623853,
0.11983714103698731,0.21888570785522463,0.8549607276916504,0.03464237228035927,0.05717292055487633,-0.1337152123451233,-0.10273332321745694,-0.09389413365150943,-0.24895330989503447,
0.03858156502246857,0.24168822765350342,0.7966152667999268,0.15321962535381317,0.07914400100708008,-0.15468759834766388,-0.10030591174241833,-0.09831528554679374,-0.26488606634015105,
0.041373813152313234,0.22565429210662843,0.6567212581634522,0.26553845405578613,0.05717292055487633,-0.20282423496246338,-0.0916538477232262,-0.09682470615576341,-0.27398270104682027,
-0.006952840834856033,0.19598848819732667,0.47260775566101076,0.2978958487510681,0.06416372209787369,-0.21653951704502106,-0.0780187478599864,-0.09573162536360423,-0.28463257396322583,
-0.05115461945533753,0.15607687234878542,0.31136155128479004,0.307082861661911,0.07694704085588455,-0.2149432897567749,-0.0611510575947929,-0.09513584816863535,-0.29623669030212313,
-0.12937936782836915,0.056236219406127934,0.07216150164604188,0.307682067155838,0.08313889056444168,-0.17905719578266144,-0.023794431306378677,-0.09127699281924602,-0.31985674058902386,
-0.16001240015029908,0.010917655378580094,-0.02667202949523926,0.2775883674621582,0.08367151767015457,-0.14849741756916046,-0.003784951025984847,-0.08156093861584454,-0.3308000543792596,
-0.17186877727508545,-0.01666899621486664,-0.11919506788253785,0.24869304895401,0.07554887980222702,-0.12133318930864334,0.013802608106981569,-0.0772241210807186,-0.3397790677388838,
-0.2055603265762329,-0.05669966936111451,-0.2324401617050171,0.20881222188472748,0.05743938311934471,-0.0807199776172638,0.04414359342424365,-0.06790009086251104,-0.3534157173455924,
-0.21762564182281496,-0.06124202609062195,-0.27534284591674807,0.17692086100578308,0.020754339173436165,-0.050093621015548706,0.05660254485965695,-0.06369641892745018,-0.35794759419643235,
-0.2191494941711426,-0.06751089096069336,-0.3018272161483765,0.13697344064712524,-0.01519833691418171,-0.03551281616091728,0.06723303824543153,-0.060657687060935765,-0.3610420090719431,
-0.20384252071380615,-0.0639572262763977,-0.3752530097961426,0.0687299370765686,-0.029246510937809944,-0.022663064301013947,0.0842331413423313,-0.05936169066373614,-0.36530893773532874,
-0.21841974258422853,-0.06857739090919494,-0.3855448722839356,0.015200398862361908,-0.05288206785917282,0.00809644814580679,0.08957246669826054,-0.06012366328855687,-0.36718936351127146,
-0.2430081605911255,-0.0809297800064087,-0.3817631721496582,-0.04938125982880592,-0.06280234456062317,0.05243808031082153,0.09240043247368657,-0.06166613441823408,-0.36843078316675154,
-0.2612520217895508,-0.08655152916908265,-0.3898644924163819,-0.1069721132516861,-0.058674443513154984,0.10363735258579254,0.09282253721220243,-0.0645456626823246,-0.36861424274502214,
-0.2947028398513794,-0.08781633973121644,-0.36501400470733647,-0.1695564091205597,-0.06992629915475845,0.16948401927947998,0.08460645916693459,-0.07252237155186336,-0.36332031311885027,
-0.2811455726623535,-0.06831440329551697,-0.33702392578125,-0.2429930716753006,-0.06147076189517975,0.19152167439460754,0.07578045561947162,-0.07745432097987444,-0.35693353029276853,
-0.2387859344482422,-0.047147908806800844,-0.33548662662506107,-0.31662946939468384,-0.062003396451473236,0.2230801284313202,0.0640234823636003,-0.08287075368392324,-0.3485579339055957,
-0.23934309482574465,-0.03749312460422516,-0.27790677547454834,-0.35557821393013,-0.053214963525533676,0.2633604407310486,0.048655692638652624,-0.08763270915296058,-0.339008120748722,
-0.21731057167053225,-0.007683691382408143,-0.08474125862121583,-0.3848729729652405,-0.04296179488301277,0.30763548612594604,0.008124123504331863,-0.09569501670189846,-0.314460143194145,
-0.15484859943389895,0.01687558740377426,0.05003228187561035,-0.3513837158679962,-0.06453339755535126,0.29758206009864807,-0.01495235091307973,-0.0894897730915115,-0.2992008919167718,
-0.05310252904891968,0.06420096755027771,0.23082170486450196,-0.2557096779346466,-0.13084609806537628,0.268154114484787,-0.039003087776260735,-0.09029337631563863,-0.28271088198170735,
0.1443578600883484,0.15412031412124635,0.685447359085083,-0.1298753023147583,-0.041297316551208496,0.2466491013765335,-0.07984854813857004,-0.09422934933836948,-0.25097633992777035,
0.2264249086380005,0.19318168163299562,0.8246567726135254,0.002150633605197072,0.07867813855409622,0.22754040360450745,-0.09366187568576617,-0.0956846004573089,-0.23637530027543568,
0.276295280456543,0.20474801063537598,0.9202933311462402,0.19902481138706207,0.07401760667562485,0.1748763918876648,-0.10200562050225499,-0.09176090546053428,-0.2242628198755112,
0.32062730789184574,0.2149988651275635,0.9706793785095216,0.3557518720626831,0.0436575673520565,0.10004156827926636,-0.10359083166596314,-0.08435057785899087,-0.21446172209890732,
0.3151024103164673,0.19672845602035524,0.7237407684326173,0.49257177114486694,0.07175391912460327,0.023742005228996277,-0.08124331506763058,-0.07358226813901247,-0.20151240366142548,
0.2805399179458618,0.14483674764633178,0.5721671104431153,0.5708686709403992,0.1326737403869629,-0.017736729234457016,-0.05960916470238543,-0.07050868931368919,-0.19920964431663923,
0.2365262508392334,0.07131877541542053,0.4003599643707276,0.5945708155632019,0.10484369844198227,-0.026591740548610687,-0.03314642338021288,-0.0658153765219351,-0.19941427933705522,
0.15210843086242676,-0.057674700021743776,0.12218469381332397,0.605090320110321,0.038797300308942795,-0.04157201945781708,0.026409519653568487,-0.0532333855302734,-0.2017348188746204,
0.12995595932006837,-0.1121833086013794,0.013179874420166016,0.6212689876556396,0.014828850515186787,-0.06873627007007599,0.057132731742136164,-0.049594912638114566,-0.20292274110031408,
0.1030728578567505,-0.15562390089035036,-0.07931677103042603,0.5648099780082703,0.06696023046970367,-0.07918917387723923,0.08448434127872584,-0.05156164918435057,-0.20462353747633416,
0.06694250702857972,-0.1924512028694153,-0.2403799057006836,0.4477640688419342,0.12108897417783737,-0.08930918574333191,0.11648051283954591,-0.04955303449167153,-0.20775222706034496,
0.028794679045677188,-0.1858513116836548,-0.4610679626464844,0.3516239523887634,0.08893130719661713,-0.07872312515974045,0.17051805785931598,-0.0381037671955822,-0.211479942437962,
-0.017673960328102114,-0.17841665744781496,-0.4823334217071533,0.2616756856441498,0.0472528338432312,-0.07559391111135483,0.1905812945925386,-0.030864321943068266,-0.2120318572378303,
-0.03401543200016022,-0.18023613691329957,-0.5288104534149171,0.15721318125724792,0.016759641468524933,-0.058949146419763565,0.20751792980218473,-0.025477159993267353,-0.21301400052988934,
-0.06956191658973694,-0.1814415454864502,-0.5671087265014648,0.0746551975607872,-0.008274072781205177,-0.03131885081529617,0.23025363831950096,-0.018165788119155292,-0.2160932366102587,
-0.0828161656856537,-0.1785471796989441,-0.555767297744751,-0.021351762115955353,0.005973838735371828,-0.009480929933488369,0.23594827988206168,-0.01652984519063027,-0.2177820843237847,
-0.07883788943290711,-0.17204947471618653,-0.5952543258666992,-0.12707926332950592,0.009968580678105354,-0.0024901321157813072,0.2385944575582095,-0.015983406295694128,-0.21890523253095562,
