0.002345867827534676,-0.07392069697380066,0.22573976516723634,0.3763086497783661,-0.0785788968205452,-0.06750137358903885,0.9738182728923377,0.14767491770044502,0.43121680125154815,
0.09737597703933716,-0.06359755396842957,0.2297302484512329,0.21838320791721344,-0.021054618060588837,-0.01736736297607422,-0.9870528963107019,0.15435213145701662,0.43822806482168536,
0.11384221315383912,-0.04028224050998688,0.2144399166107178,0.07244197279214859,0.0010496188187971711,0.04082270711660385,-0.9769178394654361,0.15513180772101345,0.4386235393327545,
0.168132221698761,0.0038921721279621124,0.22377357482910157,-0.0201694518327713,0.04066414013504982,0.03576270118355751,-0.9733475419062523,0.15525661119615564,0.4365238723739254,
0.17264770269393923,0.016983820497989657,0.17744108438491824,-0.11417904496192932,0.029811760410666466,0.03523007035255432,-0.9781800850527242,0.15195855152472046,0.43186417782598163,
0.1762163519859314,-0.0024741841480135918,0.12931489944458008,-0.23402129113674164,-0.014596452936530113,0.03962428495287895,-0.9856271295057787,0.1508567676079626,0.42978926399510303,
0.17368123531341553,-0.06621589064598084,0.05577244758605957,-0.37550172209739685,-0.045955173671245575,0.05926509574055672,-0.9975875029571529,0.15136512173906982,0.42761596141796016,
0.21047005653381348,-0.2095564603805542,-0.007265524566173554,-0.5896198749542236,-0.14083029329776764,0.11465884745121002,0.9657427095590592,0.15213604218943647,0.423660249303461,
0.35069406032562256,-0.26498703956604003,0.06606814861297608,-0.7962145805358887,-0.20634405314922333,0.1391599327325821,0.9326367257014375,0.15765925887598395,0.41654399681276044,
0.42765698432922367,-0.28385794162750244,0.20248999595642092,-0.9813708662986755,-0.22272250056266785,0.1595996916294098,0.8894171027427431,0.1653167413855787,0.4060811944418221,
0.7967853546142578,-0.2579743623733521,1.2900014877319337,-0.9283720850944519,-0.40761277079582214,0.06266423314809799,0.7759435678088472,0.17847041235812253,0.37634907822912284,
1.1539741516113282,-0.368197250366211,2.248859214782715,-0.4631178081035614,-0.3809811770915985,-0.07189198583364487,0.717568695670292,0.1899761643286721,0.3561873786879714,
1.1846050262451173,-0.31577510833740235,3.029632377624512,-0.004721188917756081,0.09146362543106079,-0.07282409071922302,0.6745945646788721,0.20450546156773933,0.33577061953683945,
0.6835322856903077,0.06936443448066712,2.137877655029297,0.20526906847953796,0.33494311571121216,-0.042264316231012344,0.6783078716431383,0.20598111962668866,0.3487457890308695,
0.6489302635192872,0.11081176996231079,1.7801181793212892,0.44828253984451294,0.15810923278331757,-0.16663393378257751,0.7005077846873983,0.19893864163685385,0.3678436460649561,
0.5325259685516358,0.06042358875274659,1.3031782150268556,0.5163262486457825,0.0728880763053894,-0.2231595516204834,0.7302718663268251,0.19872297198650052,0.3834024723849147,
0.2753777027130127,-0.0737648606300354,0.632038450241089,0.45147833228111267,0.1421302706003189,-0.18860501050949097,0.7970767643056051,0.2068874773611527,0.41140079717679423,
0.20235481262207033,-0.1072176218032837,0.48341064453125004,0.37098428606987,0.1264842003583908,-0.12835100293159485,0.8288381696855579,0.206150256571541,0.42623015144318316,
0.17015764713287354,-0.12154237031936646,0.39625363349914555,0.2934197187423706,0.04199540615081787,-0.08554068207740784,0.8554973295642093,0.20347875790512573,0.43800279154004834,
0.18301005363464357,-0.09167944192886353,0.3096177101135254,0.20380432903766632,-0.023252040147781372,-0.0630369782447815,0.8924700598341127,0.20290394482379176,0.4502731889284353,
0.18484792709350586,-0.07261348366737366,0.29252374172210693,0.12577371299266815,-0.021587565541267395,-0.04765721783041954,0.9047114633712177,0.20497016586416797,0.4535624747346361,
0.19453538656234742,-0.06631165742874146,0.28160552978515624,0.05586572736501694,-0.011267815716564655,-0.03500720113515854,0.9133597664721981,0.2068416303918461,0.45614131133588404,
0.17909152507781984,-0.07603452801704408,0.2760407209396362,-0.04054070636630058,-0.0637320876121521,0.00021310336887836456,0.9207358788342896,0.2094481114523933,0.4593709525685589,
0.18207961320877075,-0.07622735500335694,0.28366522789001464,-0.11550869047641754,-0.10334660857915878,0.021451814100146294,0.9184401402034775,0.2124244454659839,0.45848093520557254,
0.1705539107322693,-0.09398031830787659,0.25559537410736083,-0.21324670314788818,-0.10108292102813721,0.05014737322926521,0.9121693546322441,0.21675650464844484,0.45597302033049836,
0.1199909806251526,-0.16167503595352173,0.23195414543151857,-0.3404126465320587,-0.0835726410150528,0.09768480062484741,0.8831211621966596,0.2245244185362035,0.44524638433841335,
0.055690681934356695,-0.22649083137512208,0.2840496301651001,-0.49933677911758423,-0.129379004240036,0.2149304747581482,0.8580055371113803,0.22653473126392104,0.43580998142041083,
0.031329581141471864,-0.25308172702789306,0.437076997756958,-0.627634584903717,-0.07924500107765198,0.3619369864463806,0.8235044226066774,0.22728283974561478,0.4203574928441454,
0.3356665372848511,-0.2736499309539795,1.0593093872070314,-0.6701120138168335,-0.0498836524784565,0.450154185295105,0.7441676746832299,0.2144288749240784,0.3823846287804372,
0.9212186813354493,-0.3870276212692261,2.1312740325927737,-0.29746952652931213,-0.043891485780477524,0.2926941215991974,0.6894600135127862,0.1951594169220131,0.35778653841542113,
0.9779264450073243,-0.3210100889205933,2.751436996459961,0.17191262543201447,0.13027925789356232,0.22465035319328308,0.6656673481775373,0.18298638597386013,0.34556953109857935,
0.8262418746948242,-0.14536733627319337,2.6571968078613284,0.44308900833129883,0.28507548570632935,0.20467665791511536,0.6668501005823411,0.17111398797644098,0.34272496067131797,
0.9987509727478028,-0.04878616631031037,1.922001838684082,0.7118685841560364,0.2517859637737274,-0.016964929178357124,0.7173180253582155,0.14035827853263,0.356518826127787,
0.8586869239807129,-0.1048561692237854,1.5798068046569824,0.9556143879890442,0.119293712079525,-0.1783525049686432,0.758315026493638,0.1324154257620804,0.3674710253674527,
0.6679300308227539,-0.1873264789581299,1.0654905319213868,0.9239227771759033,0.10378079861402512,-0.22495782375335693,0.8090944551176613,0.1311092211756018,0.37905405837648476,
0.26527578830718995,-0.1401870369911194,0.03573907911777496,0.6347700357437134,0.18760380148887634,-0.16323906183242798,0.9101038386140573,0.12883442326044073,0.4054100754884467,
0.17075462341308595,-0.11763998270034791,-0.05243334770202637,0.371982604265213,0.15264981985092163,-0.10345108807086945,0.9470568666903699,0.11616916875911928,0.41816568927407577,
0.09720768332481385,-0.12973710298538207,0.02682037949562073,0.2858293354511261,-0.0066738068126142025,-0.0616394579410553,0.9758015460790739,0.10271601240008812,0.4281839586891457,
