-0.0046173401176929476,-0.1180839776992798,-0.4078444004058838,-0.041664768010377884,-0.007141184993088245,-0.01242237351834774,0.16695138199229412,0.013280945230079217,-0.020588185474317004,
-0.038523447513580326,-0.11650902032852173,-0.3959606409072876,-0.09599325805902481,-0.02977805584669113,0.02586056850850582,0.1654136777944991,0.014121073647069837,-0.021566127251344845,
-0.07670582532882692,-0.1070070743560791,-0.40290160179138185,-0.17735283076763153,-0.0476212352514267,0.07752589136362076,0.1622745509916253,0.013437897568570207,-0.022110866613254232,
-0.08134052157402039,-0.08985557556152345,-0.41036105155944824,-0.23534315824508667,-0.05281439796090126,0.09603486210107803,0.15693196978011476,0.011123500004544044,-0.021696301449205653,
-0.05718244314193726,-0.0786937952041626,-0.38053829669952394,-0.2703637182712555,-0.060004934668540955,0.07772562652826309,0.14862032038972964,0.007368062353874274,-0.01988741670525174,
0.041577345132827764,-0.07716205120086671,-0.29479303359985354,-0.3119090497493744,-0.08184285461902618,0.050494804978370667,0.12464491237360341,-0.0013785210816784587,-0.014331538748894701,
0.06928942799568176,-0.08346342444419862,-0.24824397563934328,-0.3517898917198181,-0.0729212686419487,0.042372167110443115,0.11006712721384806,-0.005868251956515014,-0.012785356754817281,
0.09480390548706055,-0.07303905487060547,-0.2100071907043457,-0.3836146593093872,-0.05760808661580086,0.01387634314596653,0.09425099680239928,-0.010574001860044546,-0.011922626464407197,
0.188970148563385,-0.05722797513008118,-0.08972293138504028,-0.4097132980823517,-0.03184206038713455,-0.03339412435889244,0.05792091101460319,-0.018532370631576135,-0.010635145578538325,
0.20982930660247803,-0.0606379508972168,0.003052094951272011,-0.39566513895988464,-0.05048418790102005,-0.07101127505302429,0.03588905202934841,-0.027185048706098808,-0.011442060089002127,
0.19294295310974122,-0.046342930197715765,0.1289078950881958,-0.3160366117954254,-0.08310791105031967,-0.09684393554925919,0.015214104124814982,-0.028773346827869903,-0.013898816422928917,
0.16132243871688845,-0.009541470557451248,0.28545939922332764,-0.2848110496997833,-0.05481182411313057,-0.12793634831905365,-0.004653705725813961,-0.03121761967443748,-0.017791704035429255,
0.18121416568756105,0.03282255232334137,0.4246379852294922,-0.2183651626110077,-0.002946762600913644,-0.14378215372562408,-0.03620268104870455,-0.03948819661697117,-0.028127094251307484,
0.1309249520301819,0.04595179259777069,0.5331096172332764,-0.11084003746509552,-0.0191920455545187,-0.15663191676139832,-0.0493641407573427,-0.0418533877330338,-0.0352677929556579,
0.11915619373321534,0.0587090015411377,0.6181770324707032,-0.027682829648256302,-0.004278343170881271,-0.17600640654563904,-0.05983637941488059,-0.043306186349340504,-0.04277405071817771,
0.039846235513687135,0.10336374044418335,0.6256677150726319,0.04954884201288223,0.04572250694036484,-0.18139931559562683,-0.06792980238780279,-0.048088823674130754,-0.05903659754657653,
-0.022105765342712403,0.0882544755935669,0.6045164585113526,0.14582212269306183,0.061302002519369125,-0.1594948023557663,-0.06634586986558846,-0.04941652495673913,-0.06860634730599355,
-0.06873432397842408,0.06641555428504944,0.598477840423584,0.23130959272384644,0.04572250694036484,-0.163755863904953,-0.06181045743891996,-0.04877337358621293,-0.07845841321769606,
-0.0499006062746048,0.039334851503372195,0.4179079532623291,0.28497228026390076,0.08347281813621521,-0.17008087038993835,-0.04186326889506747,-0.046174387658001664,-0.09644734040003908,
-0.060774147510528564,0.024221137166023254,0.30610408782958987,0.30301520228385925,0.13620340824127197,-0.1595613807439804,-0.02749494054692799,-0.04404894410948045,-0.1056931035845251,
-0.07804440259933472,0.003243883326649666,0.15995469093322756,0.3086744248867035,0.10843995213508606,-0.14378215372562408,-0.011296205903901376,-0.03949133553282446,-0.11490460061536262,
-0.09570105075836183,-0.019229365885257723,0.05725682377815247,0.31433361768722534,0.0852038711309433,-0.1276034563779831,0.00510145085672981,-0.03277403376543968,-0.1233047246825607,
-0.09061223268508911,-0.06096872091293335,-0.07473150491714478,0.2840401828289032,0.11756128072738647,-0.11482027173042297,0.034729333883341935,-0.01422067855736273,-0.13687227334390667,
-0.08476795554161072,-0.08657339811325074,-0.16169979572296145,0.23923249542713165,0.09445835649967194,-0.09038577228784561,0.05056919696548531,-0.0085965110844452,-0.1423965732192722,
-0.11208885908126831,-0.11149345636367798,-0.2212078332901001,0.20787377655506134,0.04965067282319069,-0.06601784378290176,0.06486652200572014,-0.0016700040624957832,-0.14696861028742128,
-0.139914870262146,-0.12502164840698243,-0.2572551488876343,0.1637984663248062,0.02261958457529545,-0.030398067086935043,0.07742950081863459,0.004566263412173138,-0.15055995173316541,
-0.1709216833114624,-0.12792683839797975,-0.35172214508056643,0.08410335332155228,0.015029575675725937,0.014675934799015522,0.09786221727791594,0.010945043067203942,-0.15520691669511202,
-0.15579859018325806,-0.11998615264892579,-0.38169517517089846,0.028576448559761047,-0.012534142471849918,0.025661472231149673,0.10492086371521983,0.012136299401605257,-0.15556473574550075,
-0.13388423919677736,-0.10935612916946412,-0.3821882247924805,-0.018095795065164566,-0.04156254231929779,0.03784479200839996,0.10924883683143502,0.012597431667328842,-0.15466331938052477,
-0.13471660614013672,-0.11097357273101807,-0.3813821077346802,-0.0778837651014328,-0.06799442321062088,0.07206641137599945,0.11128094611417948,0.009846129465064937,-0.15261518504862137,
-0.14409157037734985,-0.10732425451278688,-0.3931888580322266,-0.1530514806509018,-0.0633338913321495,0.10921750962734222,0.10945617481655542,0.0064166562241150735,-0.15124039505828174,
-0.14101406335830688,-0.0981189250946045,-0.3859923601150513,-0.21170760691165924,-0.07025810331106186,0.130189910531044,0.10518635481353711,0.0019123148928764098,-0.148789192167159,
-0.12224470376968384,-0.0807370126247406,-0.3260650634765625,-0.2758897840976715,-0.06619678437709808,0.14497044682502747,0.08842006562744968,-0.007792425488382982,-0.14034951214452257,
-0.09638311862945557,-0.059781706333160406,-0.2794805526733399,-0.308912992477417,-0.06706231087446213,0.14410491287708282,0.07625315226037224,-0.013109682893212758,-0.13474335892240027,
-0.08771723508834839,-0.0531945526599884,-0.20324490070343018,-0.31463879346847534,-0.11027210205793381,0.16594284772872925,0.06166437953499915,-0.017992568352892768,-0.12855417232483063,
-0.09344457387924195,-0.05149136781692505,-0.105380117893219,-0.33507853746414185,-0.10368078202009201,0.17260074615478516,0.045601345543459786,-0.022529509739217544,-0.12208937928579408,
-0.014404703676700593,-0.025121182203292847,0.05386345386505127,-0.3065161406993866,-0.10694315284490585,0.12339884042739868,0.01149141279498172,-0.03375630719946093,-0.10677671696714358,
0.008661693334579468,-0.04306730628013611,0.2063299655914307,-0.22482366859912872,-0.15521293878555298,0.12333226203918457,-0.006579697725251713,-0.03850488493444503,-0.09901403274293696,
-0.0032145872712135318,-0.0452168494462967,0.3778729915618897,-0.15864412486553192,-0.08350733667612076,0.15249387919902802,-0.023054852069225466,-0.04365811514169979,-0.0925956051969617,
0.051147520542144775,0.010906881093978882,0.5459375381469727,-0.06450138241052628,-0.02285383641719818,0.18445181846618652,-0.04714699795033268,-0.05592439959863816,-0.07854442356195047,
0.17261252403259278,0.09651435017585755,0.6747378349304199,0.15128125250339508,0.03114175610244274,0.10901777446269989,-0.06001186729903326,-0.05687594315526149,-0.06070193970289029,
0.2228180170059204,0.1383443355560303,0.6558267116546631,0.2235860824584961,0.05963758006691933,0.058684028685092926,-0.05963596925065958,-0.055293525379192174,-0.052747046195054596,
0.23857555389404297,0.15883660316467285,0.5204109191894531,0.281909316778183,0.11762791126966476,0.012211866676807404,-0.04549480340313793,-0.050055301257269987,-0.04298651581713063,
0.19363068342208864,0.125117027759552,0.4248574733734131,0.3270498812198639,0.13686925172805786,-0.0027684150263667107,-0.033297154312888703,-0.0458312056084413,-0.04138403758924222,
0.13561630249023438,0.07020088434219361,0.349677586555481,0.36233678460121155,0.11110316962003708,0.002158433198928833,-0.019044432237357436,-0.03990139664262445,-0.04118419894032949,
0.04040059447288513,-0.018050467967987063,0.17018076181411745,0.36593204736709595,0.1064426377415657,0.013143973425030708,0.01483590387122005,-0.026601834116857254,-0.04139618577401407,
0.048417457938194276,-0.047455367445945744,0.07378851771354676,0.35488101840019226,0.11569694429636002,0.009018131531774998,0.03338705519698903,-0.02139991980012167,-0.04059235427934106,
0.05459064245223999,-0.05943393111228943,-0.008746221661567688,0.34755733609199524,0.0951240211725235,-0.002233723644167185,0.04985670326619943,-0.017803783904093904,-0.039093021944187005,
0.058765411376953125,-0.07126962542533875,-0.07174571752548219,0.33683812618255615,0.07834610342979431,-0.01368531584739685,0.06774676183860483,-0.012243576520793907,-0.0375192732574712,
0.04639019370079041,-0.08797401785850525,-0.18617897033691408,0.2931622862815857,0.06849241256713867,-0.015616107732057571,0.10292868411805162,-0.0028477890968479935,-0.03533730375970126,
0.0287790983915329,-0.09362469315528871,-0.25458788871765137,0.2324422001838684,0.07182136178016663,-0.007892941124737263,0.11960933579147401,0.001022689935754473,-0.03477334254140732,
0.015626345574855805,-0.0965401589870453,-0.31410372257232666,0.17784740030765533,0.04319238290190697,-0.0030326717533171177,0.1346223720347151,0.004552846809727721,-0.03412187320219281,
0.00563715323805809,-0.10792822837829591,-0.34513206481933595,0.14076288044452667,0.010901551693677902,0.0071539198979735374,0.14727869049426387,0.008064417072066862,-0.033021588690899585,
-0.03773190975189209,-0.11917248964309693,-0.3582323074340821,0.07484962791204453,0.010635235346853733,0.024264730513095856,0.16578423509633486,0.01210892604252262,-0.031353585436065305,
-0.022089707851409915,-0.11257109642028809,-0.3729244709014893,0.033570632338523865,0.010968131013214588,0.025463152676820755,0.17204330855912672,0.012004404417814021,-0.03065033056997477,
-0.009037736803293228,-0.100677490234375,-0.36515717506408696,-0.011969421990215778,-0.012800582684576511,0.03218763321638107,0.17610883083417767,0.011817829844930516,-0.02948863739347974,
-0.028542673587799074,-0.10059922933578491,-0.39173593521118166,-0.0619036927819252,-0.022121645510196686,0.039777643978595734,0.17890771063725855,0.010827722696185945,-0.027328612361093324,
