0.01122722253203392,-0.058550006151199346,-0.36265130043029786,-0.04597464203834534,-2.012660843320191e-05,0.03042113594710827,0.21559200985747048,0.0006930571505545301,-0.1010437437052462,
0.0018042329698801042,-0.04715597927570343,-0.34683933258056643,-0.08751995861530304,-0.004813816398382187,0.037145622074604034,0.21367119049125324,-0.00016900816122347932,-0.09970207591711114,
0.00031393833924084905,-0.029780399799346925,-0.346806001663208,-0.1305965781211853,0.0031090877018868923,0.04553457349538803,0.21018503413588385,-0.0014594780424870993,-0.09848903116891848,
0.018368038535118102,-0.017351076006889343,-0.30359754562377933,-0.17081031203269958,-0.022656995803117752,0.03821088373661041,0.1978193706598848,-0.004051423696405581,-0.0950187557778422,
0.036633968353271484,-0.027248021960258485,-0.29227283000946047,-0.20802798867225647,-0.043496232479810715,0.019568756222724915,0.18948136278814573,-0.005917207627868462,-0.09382532421321328,
0.04777721762657166,-0.04803199768066407,-0.28233275413513187,-0.246111199259758,-0.05707835406064987,0.015374276787042618,0.17973205981526358,-0.008198123149711781,-0.09365576211343568,
0.04766197800636292,-0.07087786793708802,-0.2627701759338379,-0.2737414836883545,-0.041099388152360916,0.016372961923480034,0.1684524645970297,-0.010789734498589018,-0.09425382868618731,
0.03629730343818665,-0.056832474470138554,-0.1880056142807007,-0.3152202367782593,-0.03510727360844612,0.017571384087204933,0.14143688048346204,-0.015649342922013344,-0.09503481463030063,
0.014921711385250093,-0.057698148488998416,-0.15933430194854736,-0.32321006059646606,-0.0679306760430336,0.025427065789699554,0.1261449668815761,-0.017242224487745893,-0.09487191931106086,
0.08175437450408936,-0.03807655572891236,-0.04342266023159028,-0.32307690382003784,-0.06307040899991989,0.017371002584695816,0.09346952788996797,-0.02369677860228574,-0.09471004698691843,
0.08437007069587708,-0.031515291333198546,-0.007545692473649979,-0.33579349517822266,-0.07125963270664215,0.020433638244867325,0.07498773707110461,-0.032469411956260574,-0.09437447425709043,
0.11626609563827515,-0.006577427685260773,0.08574338555335999,-0.3061658442020416,-0.07585358619689941,0.0007262472063302994,0.05763569234901631,-0.03618299994957037,-0.09409221273816408,
0.21348609924316408,0.04148288369178772,0.2052851676940918,-0.2685486972332001,-0.06986147165298462,-0.0380893275141716,0.025749609247535714,-0.04385336350724105,-0.09452133711664727,
0.2468514680862427,0.07027541995048524,0.23210341930389405,-0.24930733442306519,-0.042630650103092194,-0.07397542893886566,0.0120309593111661,-0.047454097080997196,-0.09626136720159148,
0.2604351043701172,0.09428948760032654,0.29009275436401366,-0.19844095408916473,-0.04036696255207062,-0.10946204513311386,-0.0008902505132907935,-0.05037899210507528,-0.09907722623870628,
0.22638633251190188,0.10650832653045655,0.3487125635147095,-0.1531672179698944,-0.0510861836373806,-0.13163286447525024,-0.021225391867761793,-0.05496307387892697,-0.10897543582660127,
0.20151541233062745,0.1021697998046875,0.3337188005447388,-0.09744057804346085,-0.04436170309782028,-0.15080761909484863,-0.027732848234240152,-0.05806940597088877,-0.11561421664351647,
0.15473157167434692,0.10306423902511597,0.344815993309021,-0.05369815602898598,-0.04695828631520271,-0.1469460278749466,-0.032465235385845906,-0.06126430431130455,-0.12299015489614931,
0.13082929849624633,0.09917641282081605,0.3310112476348877,0.0038261248264461756,-0.046292494982481,-0.16771869361400604,-0.036188028325097536,-0.06764336399079343,-0.1381352003194078,
0.10359486341476441,0.09484840631484986,0.3180982351303101,0.047102492302656174,-0.03590616583824158,-0.17970292270183563,-0.035043618195877445,-0.07105482433193276,-0.14680475096825807,
0.05660079121589661,0.08181062340736389,0.286384654045105,0.06747567653656006,-0.027783526107668877,-0.17624080181121826,-0.031713077690943905,-0.07400289943920138,-0.156015969349116,
-0.02145178020000458,0.05505424737930298,0.24087965488433838,0.1050262451171875,-0.01233719103038311,-0.16212604939937592,-0.02091818244420751,-0.07863697639074937,-0.17428787162442347,
-0.050041830539703375,0.04440645277500153,0.22098851203918457,0.1405128836631775,-0.023455888032913208,-0.1458807736635208,-0.01386851204916821,-0.07985572379962717,-0.18294605918751472,
-0.05997793078422547,0.03590555489063263,0.18405054807662966,0.15995395183563232,-0.031978003680706024,-0.15047472715377808,-0.005578934188573343,-0.08080807314663682,-0.19089895271473853,
-0.08842034935951233,0.010903172940015794,0.10315979719161988,0.17440159618854523,-0.021525096148252487,-0.1445491909980774,0.0141345955982312,-0.08363338719784208,-0.20658177823867968,
-0.1254465699195862,-0.007023411989212036,0.055994200706481936,0.1754668653011322,-0.019594304263591766,-0.11951547861099243,0.02491384634960476,-0.08435654005460981,-0.2144529956257704,
-0.14386413097381592,-0.017488010227680206,-0.0003655121894553304,0.17633239924907684,-0.0342416912317276,-0.09135255217552185,0.034466477855848755,-0.07400221529176627,-0.221449347558017,
-0.1519525408744812,-0.017159001529216768,-0.06620058417320251,0.1663466989994049,-0.03357608988881111,-0.06651638448238373,0.05464054944049847,-0.07417588446621372,-0.2321403545047793,
-0.13278471231460573,-0.014588597416877748,-0.10714327096939087,0.13631956279277802,-0.004880530759692192,-0.05719532072544098,0.06431535602781899,-0.07536869736416144,-0.23613114060086057,
-0.13361812829971315,-0.013482272624969482,-0.1484627366065979,0.11714480072259903,-0.0015515791019424796,-0.0398847721517086,0.08053173529704678,-0.07526346077305796,-0.2424213464520864,
-0.14438945055007935,-0.009085733443498611,-0.1577336072921753,0.09810319542884827,0.00011289668327663094,-0.02150896191596985,0.08718566855999296,-0.07461825840179717,-0.24471332849119026,
-0.14391136169433594,-0.003479498624801636,-0.19568250179290772,0.06907474249601364,0.01602528616786003,-0.00439815130084753,0.09316403585456773,-0.07428758301765012,-0.24631192953382658,
-0.14302748441696167,0.002347741276025772,-0.24593987464904787,0.01115098875015974,0.032603465020656586,0.012379764579236507,0.10126571782869889,-0.07294137272534504,-0.2469613223387493,
-0.14177818298339845,-0.0012141396291553974,-0.2585244655609131,-0.022205105051398277,0.024880295619368553,0.02596188709139824,0.10271321524853246,-0.07166931146723977,-0.2460945896038033,
-0.16619529724121096,-0.0062248345464468,-0.23549740314483644,-0.05269830301403999,0.012030542828142643,0.05565613508224487,0.10065079133156907,-0.06975435039728833,-0.24296657325579393,
-0.16586966514587403,-0.004393543303012848,-0.23799395561218262,-0.08984939754009247,0.003841322148218751,0.07935826480388641,0.09782844545389316,-0.06981676779764788,-0.24034366497760498,
-0.1459359884262085,-0.0013535190373659134,-0.2226572036743164,-0.11861153692007065,0.00763632683083415,0.08594959229230881,0.09340245537995928,-0.07048881360389973,-0.23674895207408847,
-0.11044918298721314,-0.005480045080184937,-0.1742157578468323,-0.1561621129512787,0.02721056155860424,0.09839987009763718,0.08029987127240437,-0.0721150758729564,-0.22806679545050787,
-0.11514478921890259,-0.0009998793713748455,-0.11511456966400146,-0.15955764055252075,0.027010824531316757,0.11591015756130219,0.07152867892067641,-0.07216255756537804,-0.22292881453715585,
-0.11527205705642701,-0.00043161865323781967,-0.07041946053504944,-0.1634858101606369,0.002310004783794284,0.13441911339759827,0.06209001063140892,-0.07176108941587575,-0.21711013799271262,
-0.06724020242691041,-0.00686124861240387,-0.02254273444414139,-0.17160844802856445,0.005905271973460913,0.14380675554275513,0.042561487561000505,-0.07276390707019592,-0.2037069563309741,
-0.046820977330207826,-0.0016075640916824341,0.0021976055577397346,-0.1784660816192627,0.016225023195147514,0.1502649188041687,0.03226921102342726,-0.0734500352933054,-0.19632496800274232,
-0.03198458552360535,-0.0011853381991386415,0.03579520583152771,-0.17274029552936554,0.015692390501499176,0.143140971660614,0.02157473199527277,-0.07328628883226053,-0.1886255252028873,
0.019959607720375062,0.014465782046318055,0.16379662752151491,-0.13545604050159454,0.013362123630940914,0.14653649926185608,0.0003911498239458196,-0.07223318440148233,-0.17329416848428866,
0.03701661825180054,0.027845698595047,0.20028111934661866,-0.11281916499137878,0.035599518567323685,0.16191625595092773,-0.008699014402358566,-0.07157359723333831,-0.1657198741817985,
0.05158036947250366,0.04914457798004151,0.22572939395904543,-0.10563042014837265,0.0646948516368866,0.17522872984409332,-0.016665459221554657,-0.07015659922490433,-0.15782142779680536,
0.1418708324432373,0.10473730564117432,0.33850877285003667,-0.04917140305042267,0.08686566352844238,0.15711922943592072,-0.031100512116271517,-0.06331710128679696,-0.14062297252626796,
0.15380278825759888,0.14177728891372682,0.39324278831481935,0.016009466722607613,0.051845092326402664,0.13201893866062164,-0.03600181206727501,-0.058020727355103066,-0.1326920706340139,
0.18659399747848512,0.17017841339111328,0.4201200962066651,0.06867347657680511,0.04765061289072037,0.10265757888555527,-0.038029583901483345,-0.05358953161824913,-0.12564541765493417,
0.2608516216278076,0.18210211992263795,0.4903577327728272,0.13971330225467682,0.08773119002580643,0.04899488389492035,-0.03428715330587757,-0.047376472642900444,-0.1149450346890852,
0.2609443664550781,0.14917414188385011,0.5551220417022705,0.23565368354320526,0.09112672507762909,0.02149774506688118,-0.028987053782448327,-0.04305876595769317,-0.11193202008345202,
0.24200851917266847,0.10595619678497314,0.5626354694366456,0.3048958480358124,0.10197910666465759,0.0016571944579482079,-0.020117404906137993,-0.03833635753158018,-0.11042497367593238,
0.2286287546157837,0.0031283318996429446,0.3827897310256958,0.3663482964038849,0.12355071306228638,-0.019648093730211258,0.008522630514711959,-0.02824059753235961,-0.10976673682031104,
0.20619208812713624,-0.03861306607723236,0.269982647895813,0.4126207232475281,0.10943595319986343,-0.04368312284350395,0.026499393339423954,-0.02202506712292639,-0.11012893919749793,
0.17500299215316772,-0.07966936230659485,0.16204897165298462,0.42380601167678833,0.10011488944292068,-0.0506073422729969,0.046371351272030285,-0.01585970639806381,-0.11107428464670627,
0.093890780210495,-0.12729310989379883,-0.05290745496749878,0.4145515263080597,0.08193881809711456,-0.040687065571546555,0.08406229355445766,-0.00987373275367882,-0.11358099602533922,
0.058265393972396856,-0.1389395236968994,-0.14189088344573975,0.3791314661502838,0.07860986888408661,-0.020846515893936157,0.10544206102806432,-0.004959789377097174,-0.1144728749645284,
0.03944872319698334,-0.14311716556549073,-0.21948132514953614,0.32773247361183167,0.07747802138328552,-0.016385722905397415,0.12586892769951302,-0.0006675517097059667,-0.1145003935128121,
0.008114299923181535,-0.14094260931015015,-0.2917846441268921,0.2810605764389038,0.04798350855708122,-0.004667812958359718,0.1611441372782285,0.007276217292139833,-0.11263566929716878,
-0.021485991775989532,-0.13072733879089357,-0.2709354400634766,0.255161315202713,0.017357155680656433,0.029553808271884918,0.17589695135104016,0.010121707364417464,-0.11150337586993647,
-0.02997746765613556,-0.12086852788925172,-0.2981196641921997,0.20416180789470673,0.010100043378770351,0.04726383090019226,0.18982641262129504,0.011175931896846085,-0.11025477423103938,
0.004703455790877342,-0.07162122130393982,-0.2970989227294922,0.1672770231962204,0.001045295037329197,0.05305620655417442,0.2126504110206546,0.00978058218026886,-0.10617656191737497,
0.017459474503993988,-0.05227450728416443,-0.2711178302764893,0.14630462229251862,-0.0023502353578805923,0.04526646062731743,0.2216198681818046,0.008273409969621478,-0.10397768983026971,
0.03453151881694794,-0.03025437891483307,-0.2658109188079834,0.11228274554014206,0.0036418773233890533,0.02269616723060608,0.22982486296388027,0.006496620084411437,-0.10200585486254553,
0.02564099729061127,-0.05532180666923523,-0.2696151494979859,0.08318839222192764,-0.008409039117395878,0.016771920025348663,0.24261855700383564,0.00445139538899336,-0.09967054681040624,
0.008717048168182374,-0.06248271465301514,-0.26911990642547606,0.06048494949936867,-0.00827588140964508,0.023163508623838425,0.2471304550046626,0.003711927419784868,-0.0993232233435943,
0.008166387677192688,-0.0506729006767273,-0.2813022375106812,0.026529643684625626,0.005572556518018246,0.024228770285844803,0.2507692034704387,0.0025610617362873387,-0.09893024093216936,
0.0036995690315961838,-0.04734708666801453,-0.32077014446258545,-0.03132753074169159,0.02294968254864216,0.03268430754542351,0.2545948899027588,0.0009052176970421715,-0.09708660015325524,
