0.02321988046169281,-0.07097797393798828,-0.38354473114013676,-0.028876913711428642,-0.03876698762178421,0.009157980792224407,0.15826259346736915,0.011516373581574129,-0.16782928597561614,
0.013795813918113709,-0.07545158267021179,-0.41556973457336427,-0.09978357702493668,-0.040231723338365555,0.017014306038618088,0.1578111532391379,0.007962288002491524,-0.16885547010170288,
0.014226986467838288,-0.06965813636779786,-0.41893830299377444,-0.15750759840011597,-0.04129698872566223,0.026135630905628204,0.1540867983442657,0.005766020301319481,-0.16925348599249537,
0.01830042600631714,-0.061207389831542974,-0.3968786954879761,-0.20544449985027313,-0.06626412272453308,0.025736156851053238,0.14774007382926455,0.003485063870510583,-0.16915962728636724,
0.016538442671298982,-0.05595102906227112,-0.3772808074951172,-0.2317432165145874,-0.0982886403799057,0.028266161680221558,0.13925219814319498,0.0008954008460584369,-0.16888823504557424,
0.0027415409684181215,-0.065103679895401,-0.3577358961105347,-0.30431434512138367,-0.10454706847667694,0.049371711909770966,0.11736731649871805,-0.007533154435215799,-0.1694557506419105,
0.017105239629745483,-0.06754518151283265,-0.3488059759140015,-0.3778176009654999,-0.07525229454040527,0.05642909184098244,0.10363502393524361,-0.013358128544688564,-0.16948343512019226,
0.04970954060554505,-0.06065158247947693,-0.3028576374053955,-0.4163002669811249,-0.07132413238286972,0.03592275083065033,0.08696561487678091,-0.018867272691893887,-0.1683176144952436,
0.0731384813785553,-0.05864135026931763,-0.20610382556915285,-0.4103747308254242,-0.09442705661058426,0.020010363310575485,0.06736894754697181,-0.023144567819762492,-0.166468403061144,
0.08415948152542115,-0.058133989572525024,0.025299322605133057,-0.40171948075294495,-0.09489310532808304,0.01375193428248167,0.023292494526655574,-0.03417851328181039,-0.16428096214717589,
0.09810364842414857,-0.04727789461612702,0.105476713180542,-0.38700488209724426,-0.08870135992765427,0.01142282597720623,0.002798498491242868,-0.03931445207256418,-0.1637283714465781,
0.10779461860656739,-0.023462361097335818,0.22761468887329103,-0.3294140100479126,-0.07365450263023376,-0.0013603479601442814,-0.017707092782911306,-0.04401460892233494,-0.162965645061699,
0.1393952488899231,-0.0012757468968629837,0.3655893325805664,-0.25637683272361755,-0.06759580969810486,-0.008417724631726742,-0.03737352015487719,-0.04837376228091218,-0.16203894360464724,
0.16296658515930176,0.06996954083442689,0.5330176830291748,-0.17554989457130432,-0.019259434193372726,-0.025062482804059982,-0.06834399800179755,-0.05570252419901232,-0.16120495742025662,
0.18062956333160402,0.14447671175003052,0.5178446769714355,-0.11063534021377563,0.02994246780872345,-0.059616997838020325,-0.07859082876369676,-0.05816068108956838,-0.1613220547976834,
0.1842694878578186,0.19986035823822024,0.5495698928833008,-0.01722496561706066,0.02301825024187565,-0.085316501557827,-0.08658487931793889,-0.05872211475270507,-0.16288211884674822,
0.16470187902450562,0.23469905853271486,0.5745821475982666,0.06519987434148788,0.024682724848389626,-0.12100286036729813,-0.0924336227479861,-0.05819753798862486,-0.17066017060964625,
0.143554949760437,0.2227397680282593,0.508313512802124,0.14762470126152039,0.02122061513364315,-0.1568889617919922,-0.08899883287188719,-0.05860430404532633,-0.17656315592714092,
0.10768743753433228,0.192166268825531,0.4409261703491211,0.1875055432319641,0.03493589907884598,-0.1726681888103485,-0.08224359388537948,-0.05928921671005584,-0.18382963559879548,
0.05741931200027466,0.15963053703308105,0.3466139078140259,0.2114739865064621,0.05317855253815651,-0.17033791542053223,-0.07273016855920712,-0.06012878221715784,-0.19220178415079692,
-0.04248684346675873,0.09097111821174622,0.19080058336257935,0.24183402955532074,0.056707240641117096,-0.15609000623226166,-0.0492435128100439,-0.05924139654801102,-0.21047313205035956,
-0.07005974650382996,0.05936743021011353,0.11022173166275025,0.24915772676467896,0.040328796952962875,-0.1425744742155075,-0.03589896049109932,-0.057387073099776344,-0.2192706451475519,
-0.08485658168792726,0.03813977241516114,0.02718768119812012,0.2361748069524765,0.03380405530333519,-0.13312023878097534,-0.021675597543819834,-0.05482712301482635,-0.22738821765720857,
-0.10298638343811035,0.0023812575265765193,-0.11901719570159913,0.20754583179950714,0.031140891835093498,-0.11254732310771942,0.007236294833478586,-0.046596887395827145,-0.24216825463248867,
-0.11470922231674195,-0.006652463227510452,-0.1611032247543335,0.17612053453922272,0.04172695800662041,-0.08704755455255508,0.01925314404839717,-0.04476160189738708,-0.24833352888500998,
-0.13050367832183837,-0.018954658508300783,-0.21442201137542727,0.13350994884967804,0.033337999135255814,-0.0618806853890419,0.030002991522418896,-0.042497642598998596,-0.2534997665105556,
-0.13370444774627685,-0.02816743552684784,-0.26538240909576416,0.09209780395030975,0.006040597800165415,-0.04690040275454521,0.03922333528839333,-0.039849706379115564,-0.2574609664874209,
-0.15050672292709352,-0.04983313083648682,-0.3409679174423218,0.03317536041140556,-0.02698260173201561,-0.021001160144805908,0.05208065154743353,-0.03656694910023066,-0.26294471697749533,
-0.15745900869369509,-0.05833643078804016,-0.3613305568695069,-0.016825491562485695,-0.047355782240629196,0.007361505180597305,0.055348803326591416,-0.03697978096041781,-0.2647076264691628,
-0.167320454120636,-0.06348434686660767,-0.36888105869293214,-0.06775844842195511,-0.05887395516037941,0.042315494269132614,0.05648559002147498,-0.038508435616510454,-0.2657544778843677,
-0.16852005720138552,-0.05968183875083924,-0.368680739402771,-0.08953040838241577,-0.05740911513566971,0.05010408163070679,0.055501429802564506,-0.041010165572279066,-0.26570337192552007,
-0.1502089023590088,-0.05335726141929627,-0.33951473236083984,-0.18027761578559875,-0.05507884919643402,0.09883993864059448,0.0460417434309083,-0.04751020657517674,-0.26173788059192055,
-0.13958808183670043,-0.03680664896965027,-0.26574230194091797,-0.2196258306503296,-0.05108410492539406,0.11788154393434525,0.03733153526995038,-0.05082629495067238,-0.257920165247651,
-0.12926952838897707,-0.0231132909655571,-0.2233219861984253,-0.2541137635707855,-0.04575778543949127,0.13539181649684906,0.02706401925747575,-0.0540694624270531,-0.2529642745282991,
-0.09940972924232483,0.006943197548389435,-0.07118839025497437,-0.2779490649700165,-0.029911978170275688,0.14444656670093536,0.0010800150923516822,-0.0595796022101438,-0.24034869837122194,
-0.06586814522743226,0.009232936054468155,0.03009327054023743,-0.2407313883304596,-0.05061805248260498,0.14484603703022003,-0.013828271093392084,-0.059728775916561255,-0.23305804529169227,
-0.04148581624031067,0.009714283049106598,0.16826357841491701,-0.19352684915065765,-0.06233596429228783,0.14504577219486237,-0.02920924385627714,-0.06083083890219154,-0.22549206512508246,
0.0208361029624939,0.030237275362014773,0.3462911128997803,-0.15337969362735748,-0.047821734100580215,0.16129106283187866,-0.054940966903959894,-0.06435857666157391,-0.20976059375871947,
0.030224815011024475,0.0639546811580658,0.43661046028137207,-0.08280592411756516,-0.012002217583358288,0.19318240880966187,-0.06508939454554916,-0.06551481339094013,-0.20131774505291197,
0.09012588858604431,0.10272257328033448,0.5329078197479248,0.010071816854178905,0.016160709783434868,0.16954685747623444,-0.07337262577365145,-0.06523913934607979,-0.19183668832288073,
0.17744739055633546,0.154632043838501,0.6215914726257324,0.12718433141708374,0.02934335730969906,0.12021180242300034,-0.0789796545932242,-0.06332841028026022,-0.18203730988954275,
0.2802086353302002,0.21159060001373292,0.6524472236633301,0.2154015451669693,0.08793290704488754,0.06175541505217552,-0.07617737219945814,-0.05752071441181301,-0.1674793494624898,
0.27134189605712894,0.1988381624221802,0.5587740898132324,0.2925000488758087,0.12774716317653656,0.03139537572860718,-0.06736925980973296,-0.05351390328766221,-0.16397669367769604,
0.23547937870025637,0.1498686194419861,0.4950572490692139,0.35954514145851135,0.1309429556131363,0.012952986173331738,-0.055521508799863555,-0.04787402987726002,-0.1623661750399699,
0.14343324899673462,0.020709125697612765,0.2758695363998413,0.39576414227485657,0.10983740538358688,0.021674837917089462,-0.02278341556749855,-0.03444605567639738,-0.16151009649057863,
0.1111714005470276,-0.013669946789741518,0.13450549840927126,0.3765893578529358,0.11649531126022339,0.011288509704172611,-0.0030971983133948546,-0.028384084558905374,-0.16018006898987774,
0.09391981959342957,-0.02425597757101059,0.025864008069038394,0.37998491525650024,0.11576294153928757,-0.0017609796486794949,0.0166691561855619,-0.02283309789828628,-0.15838699822585642,
0.06026888489723206,-0.05103250741958618,-0.034558904170989994,0.3916362226009369,0.08160790055990219,-0.004091245587915182,0.033870105358742394,-0.0207825073096287,-0.15677013808126583,
0.02605022192001343,-0.09957203269004822,-0.21106901168823244,0.3482266962528229,0.06263287365436554,0.00309928972274065,0.07291230420630437,-0.01055127295661927,-0.1552398760255547,
0.021354444324970245,-0.10078668594360352,-0.3440286159515381,0.25348496437072754,0.062100209295749664,0.015683110803365707,0.0922400164431378,-0.007350846150073473,-0.15434158869983416,
0.02327925115823746,-0.08873988389968873,-0.43105292320251465,0.19223225116729736,0.04112781584262848,0.0142849525436759,0.1090011140457615,-0.0043462762407912685,-0.15299899614791884,
0.029912286996841432,-0.05630940794944764,-0.47412896156311035,0.1255866438150406,0.009103300981223583,0.005429941229522228,0.13257767922706784,0.0002684915731394812,-0.14955631245361617,
0.03332976996898651,-0.05054304003715515,-0.5034047126770019,0.045092593878507614,-0.0016159231308847666,0.0014351988211274147,0.14056926090351524,0.0010789294712876946,-0.14868212233776287,
0.03231087327003479,-0.05708185434341431,-0.5166328430175782,-0.025148283690214157,-0.015264623798429966,0.00429809745401144,0.14580829598387027,0.0011882684579046557,-0.14838273944949143,
0.019602687656879426,-0.07942093610763551,-0.50865797996521,-0.0879988893866539,-0.03843412548303604,0.0056296782568097115,0.14742977841021035,0.00043172635124792447,-0.14851217344607415,
