-0.04302574992179871,-0.16345924139022827,-0.5525228500366212,-0.08560217916965485,-0.029379356652498245,0.005030210129916668,0.24034196708778063,-0.006696138835033606,-0.08847882036055942,
-0.05919187664985657,-0.15730667114257812,-0.5439954280853272,-0.16822676360607147,-0.05348096415400505,0.015949171036481857,0.23723649267364771,-0.007553352840773901,-0.08961000503759493,
-0.059343290328979496,-0.15180941820144656,-0.5307546615600586,-0.24039842188358307,-0.07198993861675262,0.027800239622592926,0.2308253078685526,-0.009475762121373483,-0.09091245502521446,
-0.053859132528305056,-0.1327094316482544,-0.48464155197143555,-0.29446059465408325,-0.08224310725927353,0.0318615585565567,0.22106931837363328,-0.012412802340319155,-0.09238050147290425,
-0.00036883128341287376,-0.11307579278945923,-0.43878493309021,-0.39732518792152405,-0.0706583559513092,0.01748048886656761,0.19368038633117404,-0.020539444363000932,-0.09536944070222199,
0.032900196313858036,-0.1238487720489502,-0.41713981628417973,-0.47309213876724243,-0.0772496834397316,0.0013683633878827095,0.17508646692448376,-0.024377694999820742,-0.09679688254150769,
0.025298655033111572,-0.11437251567840577,-0.3232777833938599,-0.49073556065559387,-0.11559920012950897,-0.0021603251807391644,0.15283550729560216,-0.027608713184854205,-0.0984735121619118,
0.07779477834701538,-0.10335860252380372,-0.17851344347000123,-0.5422677397727966,-0.13710421323776245,-0.03225404769182205,0.10390677356233972,-0.036926952335965,-0.10328066638747539,
0.12536610364913942,-0.10411409139633179,-0.07509549856185914,-0.531481921672821,-0.14389528334140778,-0.04270695149898529,0.07753375634762204,-0.04324317911066746,-0.10667645388214485,
0.10984541177749635,-0.08909013867378235,0.10110074281692505,-0.5013881921768188,-0.1410989612340927,-0.034983787685632706,0.04736647396338601,-0.05299301469497334,-0.11025620403252659,
0.13693206310272218,-0.05472812056541443,0.19536259174346926,-0.5011218786239624,-0.10594524443149567,-0.08165568113327026,0.021395133504357722,-0.060219069364382365,-0.11329794758529023,
0.18111159801483157,-0.02944249212741852,0.46897687911987307,-0.3707601726055145,-0.0881020650267601,-0.10402623564004898,-0.02828124538740023,-0.07293148312261703,-0.1199748646862303,
0.13190401792526246,0.002431941218674183,0.6271749019622803,-0.25351449847221375,-0.05601096525788307,-0.09530438482761383,-0.049039223733073234,-0.07811295062116023,-0.12519656183159159,
0.1293412685394287,0.05603268146514893,0.6679660797119141,-0.17508439719676971,-0.004145903512835503,-0.10309413075447083,-0.06418040878077755,-0.08303819572390123,-0.12994506459114363,
0.10685878992080688,0.12815160751342775,0.7942089080810547,-0.038530804216861725,0.016893068328499794,-0.13385364413261414,-0.0827918928081568,-0.08792773826375938,-0.14038331395015607,
0.10469588041305543,0.13462113142013551,0.8257428169250489,0.11360227316617966,0.025681499391794205,-0.16827499866485596,-0.08516644142166621,-0.08891025745019633,-0.14731020653913243,
0.0687405824661255,0.13413559198379518,0.7973206520080567,0.24056847393512726,0.0689578652381897,-0.18425396084785461,-0.08130168426390569,-0.08996307737284083,-0.15604736133718405,
0.045120254158973694,0.1246994137763977,0.6698980808258057,0.29942435026168823,0.12188819795846939,-0.21474716067314148,-0.07083067453740403,-0.09044503409391175,-0.16606438989414396,
0.015453647077083589,0.0754133939743042,0.3548919677734375,0.3498912453651428,0.12694820761680603,-0.2425771951675415,-0.03695860762877096,-0.08419562287828523,-0.18996505498099117,
-0.032831528782844545,0.04138058423995972,0.22518017292022707,0.3826481103897095,0.11476423591375351,-0.23498718440532684,-0.0161828061574497,-0.0787947709973,-0.2035425963075042,
-0.08029813170433045,0.009153691679239273,0.057610005140304565,0.3563494086265564,0.13067662715911865,-0.22173796594142914,0.006108592226960739,-0.07302268365414019,-0.21675612212720335,
-0.10786586999893188,-0.01859385073184967,-0.07264110445976257,0.3408364951610565,0.13473795354366302,-0.2226700633764267,0.02813103180084535,-0.06400400586786385,-0.22852434955987366,
-0.16417028903961184,-0.09429652094841004,-0.20419242382049563,0.33371254801750183,0.08786631375551224,-0.2004326730966568,0.06739984312986297,-0.04736503348035582,-0.24922758393149455,
-0.20707354545593262,-0.12957767248153687,-0.26510622501373293,0.2932325005531311,0.024949131533503532,-0.1421094387769699,0.08584844174647134,-0.03931200183818847,-0.2585306455104225,
-0.24712622165679932,-0.14328852891921998,-0.3358775615692139,0.21173976361751556,0.017492279410362244,-0.08212173730134964,0.10326585552984088,-0.033616880370075944,-0.2664950629519762,
-0.25804216861724855,-0.15315757989883425,-0.4313670158386231,0.11666490882635117,0.018823860213160515,-0.018072713166475296,0.12942342775402466,-0.027869970406103565,-0.2761180219122006,
-0.24768669605255128,-0.15345600843429566,-0.4382481575012207,0.05055193603038788,-0.009605384431779385,0.023872077465057373,0.13690598651032915,-0.026024732309392798,-0.27741468390683444,
-0.22401154041290283,-0.14529792070388795,-0.434059476852417,-0.00011470571917016059,-0.045624636113643646,0.04997105523943901,0.14115265663467638,-0.025735716809794987,-0.27714993253498915,
-0.20309195518493653,-0.13827280998229982,-0.4299181938171387,-0.06030214577913284,-0.06746256351470947,0.06887950003147125,0.14298345553870545,-0.02727551763948525,-0.276082906215107,
-0.20244317054748537,-0.1273940682411194,-0.4492247581481934,-0.16855965554714203,-0.060405183583498,0.10576427727937698,0.13954314855584415,-0.035046453675822924,-0.27306694335832904,
-0.2099313735961914,-0.134920871257782,-0.44826712608337405,-0.27109137177467346,-0.0586075484752655,0.1414506435394287,0.13283508851743112,-0.040016846628376755,-0.27018375945070433,
-0.2303863763809204,-0.14924973249435425,-0.41263914108276367,-0.33008038997650146,-0.08097810298204422,0.19657807052135468,0.12175758297828525,-0.04489439500206843,-0.26580566279321244,
-0.2420149564743042,-0.13419811725616457,-0.32559487819671634,-0.38420912623405457,-0.07432020455598831,0.22360916435718536,0.10655295635696703,-0.05062683293526914,-0.25981691160800674,
-0.2072544813156128,-0.12703479528427125,-0.222016978263855,-0.4859408438205719,-0.03956611454486847,0.279004842042923,0.06706702566822931,-0.06390419010825765,-0.24175820741300086,
-0.18583518266677856,-0.10759537220001221,-0.12580654621124268,-0.5565811991691589,0.00324419979006052,0.31415855884552,0.04132079924299628,-0.06879264572359439,-0.2292093976417822,
-0.10347310304641724,-0.10231506824493408,0.04440103471279144,-0.4810139834880829,-0.016729509457945824,0.28799301385879517,0.010292415917755473,-0.069694244466639,-0.21364850576232802,
-0.03220125138759613,-0.07337788939476013,0.31655564308166506,-0.3529825210571289,-0.06446667015552521,0.2748769223690033,-0.021303907000749824,-0.06931266909344555,-0.1977734533253918,
0.0923808217048645,0.0482124388217926,0.7165773391723633,-0.19119548797607422,-0.059872716665267944,0.24451690912246704,-0.07093200330239403,-0.06884066533479648,-0.16874230908492255,
0.17108317613601687,0.10128697156906129,0.8323630332946778,-0.06076716631650925,-0.005277915857732296,0.1973789483308792,-0.08662720395056923,-0.06910437549873265,-0.15525808669139643,
0.23639538288116457,0.1491289734840393,0.9469223022460938,0.1362401843070984,0.026813175529241562,0.12294360250234604,-0.09690297729688238,-0.06785162507922701,-0.14363094066111964,
0.27237629890441895,0.1865556001663208,1.0506098747253418,0.32379329204559326,0.0285442303866148,0.06621826440095901,-0.10064624953251218,-0.0649180823070103,-0.13491834440680686,
0.26320843696594237,0.14520412683486938,0.9159648895263672,0.4997616708278656,0.04925031214952469,-0.0008268151432275772,-0.08044718801677629,-0.059297994311649546,-0.1266998205105991,
0.23908004760742188,0.0964221477508545,0.7111370086669923,0.6451036930084229,0.07182060182094574,-0.04650002717971802,-0.057891464226044,-0.05713121101443761,-0.12617918070524406,
0.19044895172119142,0.01713336557149887,0.5996616363525391,0.7332543134689331,0.02987581118941307,-0.05102740228176117,-0.029964986115513015,-0.05436544050947215,-0.12759123481189055,
0.13116241693496705,-0.1469127416610718,0.1442143201828003,0.7214032411575317,-0.0019489643163979053,-0.0861145481467247,0.04166897308644859,-0.049031687126280164,-0.1327139966133306,
0.11219941377639771,-0.17007614374160768,-0.024538567662239077,0.7216695547103882,0.03054160065948963,-0.13564935326576233,0.07000740839447504,-0.0548428273216258,-0.13481561012635457,
0.08440603017807008,-0.21821911334991456,-0.1014490842819214,0.7440401315689087,0.07488323748111725,-0.1613488644361496,0.10674089301589368,-0.05332160100271246,-0.13996154670589583,
0.04808054566383362,-0.2912339687347412,-0.18744721412658694,0.6384457945823669,0.06529585272073746,-0.12006985396146774,0.14491615996110713,-0.0485824767884986,-0.1460141393343504,
-0.08991009593009949,-0.3373907804489136,-0.5817468166351318,0.34190279245376587,0.09112852066755295,-0.03291790559887886,0.216886681139524,-0.03490898756092388,-0.15448722205046705,
-0.08720994591712952,-0.31781408786773685,-0.6519054412841797,0.1526186168193817,0.13274040818214417,0.0011039767414331436,0.23973802669319602,-0.03016516871273482,-0.15429441840431857,
-0.08481088280677795,-0.29052324295043946,-0.542375135421753,0.10454855859279633,0.09106194227933884,0.014686099253594875,0.25188385317460477,-0.025482240957438586,-0.15086493540672907,
-0.0888233482837677,-0.27760915756225585,-0.47779326438903813,0.06926167011260986,0.037598978728055954,0.010092145763337612,0.2589992002818678,-0.02105551168546157,-0.1461823500543973,
-0.07222511172294617,-0.2279665470123291,-0.4890472888946533,-0.00024848341126926243,-0.0015492206439375877,0.005761421285569668,0.2678686680323426,-0.01722845674172166,-0.14060064024058963,
-0.0835308313369751,-0.20451910495758058,-0.5099196434020996,-0.09991728514432907,0.013098165392875671,0.01821170002222061,0.2692820589830389,-0.017271453158635708,-0.14042895393842372,
