-0.0835308313369751,-0.20451910495758058,-0.5099196434020996,-0.09991728514432907,0.013098165392875671,0.01821170002222061,0.2692820589830389,-0.017271453158635708,-0.14042895393842372,
-0.09381083846092225,-0.19125664234161377,-0.5114506244659424,-0.1868029236793518,0.01875738427042961,0.04018278047442436,0.26743933310988455,-0.017572427446901323,-0.14028805535798453,
-0.09720211029052735,-0.14049626588821412,-0.447675895690918,-0.2589746117591858,0.0011805195827037096,0.06182096526026726,0.2524125484244545,-0.01856594507113365,-0.1375040791040247,
-0.08215948939323425,-0.104583740234375,-0.40503735542297364,-0.28340911865234375,-0.02005819045007229,0.06461727619171143,0.2402896926171733,-0.020221170270226532,-0.1354413374191482,
-0.059956812858581544,-0.08026422262191774,-0.3443789005279541,-0.32728469371795654,-0.03570426255464554,0.039050936698913574,0.226217229870951,-0.02273754610245677,-0.1335022831554225,
-0.0168316125869751,-0.07727557420730591,-0.3518582344055176,-0.40018871426582336,-0.038034528493881226,0.02134091407060623,0.21138302682999127,-0.025646269133151454,-0.1322693011685891,
0.0005704564042389393,-0.1082429051399231,-0.30565116405487064,-0.47236037254333496,-0.035970576107501984,0.030994873493909836,0.17460345966080595,-0.030519938528522427,-0.1325767947077287,
-0.00232361014932394,-0.11228989362716675,-0.23315179347991943,-0.4937322437763214,-0.057275865226984024,0.042246729135513306,0.1517749005339381,-0.03269301788554022,-0.13273125623396614,
0.019518502056598663,-0.10650405883789063,-0.15365467071533204,-0.4912688434123993,-0.0992872342467308,0.013817483559250832,0.12718522878039426,-0.035307101467544115,-0.13233553472651785,
0.09841209053993226,-0.09584413766860962,-0.07661200761795045,-0.4780861735343933,-0.12831570208072662,-0.019605189561843872,0.10196974283315352,-0.039016036265343654,-0.13188977763089346,
0.11187149286270143,-0.004540606215596199,0.14476064443588257,-0.42129427194595337,-0.15694467723369598,-0.03378652036190033,0.05071257803023462,-0.053323774997370954,-0.13492918089112307,
0.13634390830993653,0.04410885870456696,0.22441725730895998,-0.41989612579345703,-0.09908749908208847,-0.08325473964214325,0.028606192120474796,-0.0606944562866584,-0.137725603197291,
0.18065413236618044,0.06796679496765137,0.2419822454452515,-0.39539504051208496,-0.07498589158058167,-0.09037870168685913,0.008200445488834857,-0.06793140546635006,-0.1411361387920228,
0.1370168685913086,0.08675798177719117,0.35876402854919437,-0.302517294883728,-0.09715670347213745,-0.08764895796775818,-0.012231942516019214,-0.07274702022640336,-0.1459767208155643,
0.13804177045822144,0.20149767398834229,0.5969359397888184,-0.2048458307981491,-0.10088513046503067,-0.1498337686061859,-0.04665991028098528,-0.08218949759431493,-0.15525729794510268,
0.15751749277114868,0.22943766117095948,0.6911358833312988,-0.05950381979346275,-0.10661092400550842,-0.18458802998065948,-0.0578143136650303,-0.08821811185228567,-0.16102864502588893,
0.11974195241928101,0.22639303207397463,0.815131950378418,0.0707913413643837,-0.04256189987063408,-0.2087562084197998,-0.06417972698215253,-0.09489835791866506,-0.16897162410745825,
0.03575657308101654,0.19635838270187378,0.7401130676269532,0.1977575421333313,0.060302697122097015,-0.20682542026042938,-0.057593195296109824,-0.10664162080511552,-0.18916700381738027,
-0.03320247828960419,0.16100336313247682,0.6699331760406495,0.29316529631614685,0.06775955110788345,-0.21860991418361664,-0.04627923347084504,-0.10682952969208424,-0.20138389263364237,
-0.020962220430374146,0.11486231088638306,0.5168108463287354,0.3721970021724701,0.038264643400907516,-0.26387912034988403,-0.03033611720119905,-0.10471134385474905,-0.2133087447929392,
-0.030696985125541688,0.06800097227096558,0.3837997674942017,0.4208662807941437,0.03233911097049713,-0.27839335799217224,-0.010685079403541912,-0.10232955725080424,-0.22613434536217136,
-0.12889034748077394,-0.028242778778076173,0.07336130738258362,0.4126770496368408,0.05291203036904335,-0.25808677077293396,0.03824570916595052,-0.09751121498542926,-0.2554204732884137,
-0.1711570978164673,-0.06717039942741394,-0.060132527351379396,0.3561514616012573,0.09725366532802582,-0.21514329314231873,0.06289188468336483,-0.09038130156439325,-0.26877937376547895,
-0.19373379945755007,-0.09870163798332215,-0.15475168228149416,0.30162322521209717,0.10597551614046097,-0.1650758683681488,0.0856888523785116,-0.08398019014399942,-0.2800687640169129,
-0.22700996398925782,-0.13271287679672242,-0.2183449983596802,0.2554839551448822,0.0863347053527832,-0.11487527191638947,0.10551414652279585,-0.07593572102131384,-0.28885030134934386,
-0.2525298595428467,-0.16599985361099245,-0.299994158744812,0.2140718251466751,0.06516256928443909,-0.055553361773490906,0.1364621126029108,-0.06131400372552224,-0.2989990995448016,
-0.25187482833862307,-0.15900399684906008,-0.32826802730560306,0.14649410545825958,0.06968994438648224,-0.00788277667015791,0.14855309987388846,-0.05630399313047566,-0.30104808816877127,
-0.24676918983459473,-0.1579619884490967,-0.3884378671646118,0.06300400197505951,0.06030230224132538,0.025473318994045258,0.15858089730789007,-0.05248659402804388,-0.3012275806741528,
-0.2468953609466553,-0.15010391473770143,-0.4244447231292725,8.682141196914017e-05,0.011166980490088463,0.05889599025249481,0.16881341357060767,-0.047037321656156095,-0.29710286532061003,
-0.23894844055175782,-0.14906892776489258,-0.4273684978485108,-0.06329641491174698,-0.008007779717445374,0.08699233829975128,0.16957528540904296,-0.046861617502739705,-0.294261592404937,
-0.2241215229034424,-0.14626772403717042,-0.4355913639068604,-0.14392361044883728,-0.013467260636389256,0.1279384344816208,0.16796959786585183,-0.04862404410541672,-0.2911169074029218,
-0.22722337245941163,-0.13989014625549318,-0.43840785026550294,-0.21163448691368103,-0.002681456971913576,0.14251923561096191,0.16352570079998952,-0.05141825398403299,-0.2872688593748505,
-0.2188961744308472,-0.12991657257080078,-0.4224710464477539,-0.29918593168258667,-0.023787008598446846,0.1719471663236618,0.14451750307516162,-0.058503692973265235,-0.275930807415175,
-0.23267145156860353,-0.12058626413345337,-0.37787551879882814,-0.34652361273765564,-0.04795519635081291,0.2051035314798355,0.12967183419980402,-0.06228293144977097,-0.2689166005535946,
-0.22908492088317872,-0.1159365177154541,-0.324694299697876,-0.4216247498989105,-0.043161507695913315,0.24664883315563202,0.11218559946101023,-0.06715147519444373,-0.2611044283577044,
-0.134895396232605,-0.07967681288719178,-0.22082757949829102,-0.5053145885467529,-0.005677513312548399,0.2392585724592209,0.06862731722938328,-0.07819181567151792,-0.24048628199999264,
-0.08326271176338196,-0.07392117381095886,-0.05287148952484131,-0.4866058826446533,-0.021390164270997047,0.2333330363035202,0.041004339652616774,-0.08132397057430066,-0.22811320576906918,
-0.08553410172462464,-0.06081501245498658,0.1528191089630127,-0.40258315205574036,-0.08430735021829605,0.2326672524213791,0.011485226676280024,-0.08181163897982477,-0.21596726260809887,
-0.044867497682571415,-0.038927361369132996,0.35688171386718753,-0.26409876346588135,-0.12039317935705185,0.22521039843559265,-0.016010456916875346,-0.08328124958805223,-0.20383636622325127,
0.031444013118743896,0.06321483254432679,0.7345890045166016,-0.14479045569896698,-0.0305112786591053,0.24990876019001007,-0.05811405532397907,-0.09045610709245112,-0.17929263335300888,
0.10960917472839356,0.13520365953445435,0.7918416500091553,0.0006847245385870337,0.040595125406980515,0.2302013784646988,-0.07135291504471848,-0.09191682896300246,-0.16640374073843386,
0.1945739984512329,0.19656982421875002,0.9055385589599609,0.18597416579723358,0.02408352494239807,0.1598273515701294,-0.08041431163008929,-0.08875870243827219,-0.15412767657914467,
0.294198489189148,0.2737207174301148,0.885039234161377,0.3462964594364166,0.01216587983071804,0.07840120047330856,-0.07692634611796416,-0.0803299093046886,-0.1357172169659683,
0.3072798013687134,0.25820600986480713,0.7482424259185791,0.45708394050598145,0.08966387063264847,-0.008817327208817005,-0.06267376857413547,-0.0784970352239841,-0.13105651353616132,
0.2595436811447144,0.20981945991516116,0.5589852809906006,0.4988290071487427,0.1603042185306549,-0.0363144651055336,-0.04202987395540757,-0.07649599591386273,-0.12992404005591346,
0.1828406095504761,0.1326732873916626,0.4200490474700928,0.5331172347068787,0.15511104464530945,-0.04177394509315491,-0.018183322838581678,-0.07132485635486834,-0.13134528325093484,
0.08032417297363281,-0.033863487839698794,0.17426372766494752,0.5642762184143066,0.07767964154481888,-0.04889789968729019,0.03463595980297492,-0.05507287734811082,-0.13484298657326232,
0.051871150732040405,-0.0829761803150177,0.08013904094696045,0.5913072824478149,0.05397751182317734,-0.06381160765886307,0.06289815003106841,-0.048986904368763046,-0.13632142937060604,
0.04322919547557831,-0.1133963704109192,-0.031113868951797487,0.5449017286300659,0.10870547592639923,-0.06594213098287582,0.08726405430557022,-0.04778127151439999,-0.1375456610989741,
0.03221024870872498,-0.15001095533370973,-0.18744699954986574,0.4582158029079437,0.14445839822292328,-0.047899216413497925,0.11753050381980755,-0.04379255398886907,-0.13976724202534208,
0.013763204216957092,-0.17668609619140627,-0.3162914276123047,0.37938621640205383,0.11895864456892014,-0.034050777554512024,0.14560167867072912,-0.03759074164995496,-0.1407706096639793,
-0.025372722744941713,-0.1834850311279297,-0.43261137008666994,0.2807161211967468,0.06050225719809532,-0.02140076458454132,0.18965167683215473,-0.02359446513275099,-0.13791964434873277,
-0.04043178856372834,-0.1892752528190613,-0.455293607711792,0.18877048790454865,0.04225960001349449,-0.000295211561024189,0.2062686660929474,-0.019079064605534785,-0.13646909601464646,
-0.052545863389968875,-0.19305790662765504,-0.5260358810424804,0.103615902364254,0.03966302052140236,0.009558483958244324,0.23028016724631092,-0.014410468548873685,-0.13458809192673601,
-0.041445136070251465,-0.17744276523590088,-0.5299111366271972,0.018993956968188286,0.017558779567480087,0.00869295746088028,0.23677384074049057,-0.01314202203500813,-0.133133243998701,
-0.03551828563213349,-0.16365143060684206,-0.49888014793395996,-0.04099374637007713,-0.010138094425201416,0.00995795801281929,0.23980781709923718,-0.012255961349519824,-0.13187546050599555,
-0.03820764720439911,-0.1625919818878174,-0.5027493476867676,-0.1147633045911789,-0.020058371126651764,0.01987823285162449,0.24038866118002697,-0.012069062700566723,-0.1313631279698597,
