0.36256070137023927,-0.4497200965881348,-0.2625008583068848,-0.1164461001753807,0.03047809936106205,-0.038013167679309845,0.5372582059821532,0.12735113680193474,0.042472921891189466,
0.2822977781295776,-0.38989734649658203,-0.3433878421783447,-0.22516964375972748,0.04366074874997139,-0.06104951351881027,0.532445812164892,0.12987620460087043,0.046373904597392684,
0.2511415243148804,-0.39068777561187745,-0.33775150775909424,-0.3587937653064728,-0.006406682077795267,-0.07176873832941055,0.5228502024518619,0.13255639652270373,0.04934027467714894,
0.20260961055755616,-0.41949000358581545,-0.33317787647247316,-0.44947439432144165,-0.06592833250761032,-0.05598950386047363,0.5084376306164005,0.13608332450599822,0.05148798678850268,
0.18964312076568604,-0.45694890022277834,-0.29664297103881837,-0.5729784965515137,-0.08217361569404602,-0.018438931554555893,0.48840291725723184,0.13950932110508757,0.05052844302622448,
0.24436960220336915,-0.5488854885101319,-0.33584935665130616,-0.760931134223938,-0.08556914329528809,0.012653473764657974,0.4324954237383728,0.14228110174879913,0.0425093765816111,
0.3390180349349976,-0.5489571571350098,-0.28485324382781985,-0.9358342289924622,-0.10694101452827454,0.0035987263545393944,0.3954256668742271,0.1406506589853964,0.03845055164771828,
0.36579692363739014,-0.5116941928863525,-0.17437525987625124,-1.142894983291626,-0.11233391612768173,-0.02709420584142208,0.3517219212734563,0.13829066397067602,0.034043590588365584,
0.4374070167541504,-0.5186900615692139,0.04904314875602722,-1.0939593315124512,-0.20254850387573242,-0.048532649874687195,0.3001957699666759,0.13554028361192044,0.029207699056571813,
0.5587269306182862,-0.626997995376587,1.8791973114013674,-0.24600888788700104,-0.352417916059494,-0.10299430042505264,0.17793307232019548,0.1245316158378373,0.013701397826010247,
0.6061070919036866,-0.524070405960083,2.53420352935791,0.0025306239258497953,0.007774651050567627,-0.038745537400245667,0.14206010826378784,0.11142240580453089,0.0011601509176603346,
0.4859142303466797,-0.2804459810256958,2.218888282775879,0.24561065435409546,0.3553171753883362,0.022840065881609917,0.13015484049463513,0.10030389877622699,-0.009532820740724665,
0.46996812820434575,-0.003554768115282059,1.5089612007141113,0.4932846426963806,0.27136102318763733,-0.07043715566396713,0.14685270686620383,0.11928554952948255,0.00027778753456265314,
0.44438624382019043,-0.04699850678443909,0.9825138092041016,0.6293048858642578,0.022688476368784904,-0.1725042164325714,0.17198318157140968,0.13392999365500827,0.0061137052306557554,
0.3455659866333008,-0.13935775756835939,0.47741560935974126,0.5717805624008179,0.0626358911395073,-0.1567249894142151,0.2008910474118209,0.14260074255085928,0.0036744835283849557,
0.24250428676605226,-0.2264631986618042,0.08522992134094239,0.44068643450737,0.1444615125656128,-0.11331546306610107,0.22403373457389103,0.1460569484562342,-0.005187570560625056,
0.1666180729866028,-0.30314671993255615,-0.2744244813919067,0.351137638092041,0.12002701312303543,-0.09141096472740173,0.27470161857289616,0.1628923380911698,-0.0068880935063016895,
0.159478759765625,-0.3222639560699463,-0.28569319248199465,0.2892191410064697,-0.010800774209201336,-0.0851525366306305,0.29459047031194074,0.17077749505961912,-0.003978887962809018,
0.16124850511550903,-0.32606976032257085,-0.29513509273529054,0.22317276895046234,-0.05713977664709091,-0.06557829678058624,0.31015804784601375,0.1757093018699707,-0.004465138099092296,
0.15427969694137575,-0.3258765935897827,-0.3225028991699219,0.13948293030261993,-0.04695318639278412,-0.03974563628435135,0.32224546194471404,0.17853607264928384,-0.008046003128500463,
0.170214319229126,-0.3257526159286499,-0.38174746036529544,0.006125133950263262,0.02188952825963497,0.000667833723127842,0.3367524196514969,0.18061584862437915,-0.015912599248438478,
0.18027149438858034,-0.3296282529830933,-0.3567062377929688,-0.08182576298713684,0.020291632041335106,0.022439176216721535,0.33934681897207863,0.18116126028696147,-0.01613563799951692,
0.19925771951675417,-0.32544405460357667,-0.324771785736084,-0.16291901469230652,-0.01512841135263443,0.021706806495785713,0.33912773454859824,0.1813292905588694,-0.013993715864583025,
0.2188436508178711,-0.31402525901794437,-0.3891969680786133,-0.2824949622154236,-0.02711263671517372,0.015315219759941101,0.32780422821060956,0.17943412095051336,-0.011703805521161096,
0.19616671800613406,-0.3170327425003052,-0.39878098964691167,-0.3913516700267792,-0.049949243664741516,0.023770755156874657,0.3150272495362295,0.17794062873015407,-0.012295160125875606,
0.15301918983459473,-0.33019537925720216,-0.41170878410339357,-0.5476791858673096,-0.1070074737071991,0.06984344124794006,0.29798765500844154,0.17628847210623208,-0.01285911678614961,
0.08093252778053284,-0.3590225458145142,-0.40428848266601564,-0.6862967610359192,-0.14355936646461487,0.18602386116981506,0.27556602103088346,0.17310047605430054,-0.014511509973051536,
-0.1364302396774292,-0.36333713531494144,-0.15057241916656494,-0.8932909369468689,-0.13630224764347076,0.3896890878677368,0.21276157218001238,0.15777444382939546,-0.014651814276022654,
0.07000809907913208,-0.4008154392242432,0.33933768272399906,-0.6847654581069946,-0.25720974802970886,0.3228437602519989,0.1611042192361628,0.1548475580967282,-0.01325186057624524,
0.5422286987304688,-0.5621453285217285,1.4226903915405273,0.2006690502166748,-0.34802353382110596,0.06311895698308945,0.12356657696394076,0.13867835962460917,0.0032927390332586036,
0.8989917755126954,-0.5909844398498535,2.8373062133789064,0.6046040654182434,-0.09342534840106964,0.11331954598426819,0.0973150712965513,0.12046401587354681,0.01318636173628644,
0.7682114601135255,-0.22229454517364503,2.2040460586547854,0.8699880242347717,0.350923091173172,0.06618159264326096,0.1323102497619948,0.0944806100205942,0.015161174624226547,
1.0332047462463378,-0.20439431667327881,1.7859472274780275,1.161934733390808,0.2105082869529724,-0.13808710873126984,0.17333441711275213,0.10179111879508626,0.02778119213740161,
0.9834177017211915,-0.331389594078064,1.179995918273926,1.1138646602630615,0.08340892195701599,-0.2137208729982376,0.22625817083722363,0.11563394026652218,0.038481099928519474,
0.4812863349914551,-0.5359994411468506,-0.4063416481018067,0.7991456985473633,0.2863417863845825,-0.19334769248962402,0.3428729423880888,0.13933082434776917,0.03897680209753855,
0.32864463329315186,-0.6044801712036133,-0.8179588317871094,0.49195003509521484,0.1358731985092163,-0.09314626455307007,0.3932175747618571,0.1528453771872993,0.04594209856763314,
0.09775378108024597,-0.7459611892700195,-0.8897057533264161,0.3497372269630432,-0.09688708931207657,0.023500196635723114,0.4332858725327409,0.1649848487619884,0.05899714074160908,
0.06774212718009949,-0.7444351196289063,-0.6668127059936524,0.22010785341262817,-0.10900447517633438,0.05878708139061928,0.4584007285471875,0.16873685064846683,0.06292261046347226,
0.2330028057098389,-0.63340163230896,-0.4310030937194824,0.06211582571268082,-0.016060147434473038,0.10872134566307068,0.4952514586934395,0.1681072132698184,0.0588651654949825,
0.3117108821868897,-0.5499929428100586,-0.369950532913208,-0.05206720903515816,0.04958677291870117,0.09134422242641449,0.5007738325573375,0.16354750423404144,0.05596310857802789,
0.37060866355896,-0.48838281631469727,-0.3564176559448242,-0.15393312275409698,0.02002568542957306,0.05945287272334099,0.5024551334967718,0.1580427988275108,0.05700784102558001,
