-0.06459279060363769,-0.07699914574623108,-0.44404425621032717,-0.044193949550390244,-0.00168183958157897,0.01800578646361828,0.15595026826257694,-0.007868825909504452,-0.18208982798203677,
-0.07565466165542603,-0.07877260446548462,-0.455130672454834,-0.10624559968709946,-0.007274477742612362,0.0437052920460701,0.15541667434335854,-0.008058623740600101,-0.1817840685493072,
-0.08120343089103699,-0.08440486788749696,-0.4577337741851807,-0.16889646649360657,-0.02198844403028488,0.05748714879155159,0.1524293100950709,-0.008735266568078954,-0.18075631834542602,
-0.0708048701286316,-0.0776182770729065,-0.45507450103759767,-0.2293502241373062,-0.06186927855014801,0.07193480432033539,0.13889331160394774,-0.012091570889642415,-0.1767746744650138,
-0.05984504818916321,-0.05942519307136536,-0.42052459716796875,-0.2906695008277893,-0.06886008381843567,0.07399874925613403,0.12839671748434267,-0.015670998456892238,-0.17463083146429645,
-0.04241490662097931,-0.06452403068542481,-0.4086170196533203,-0.3557845652103424,-0.0771823301911354,0.08564867079257965,0.11569464808832335,-0.020043792558992912,-0.17238110905698045,
-0.014974722266197206,-0.07239944338798524,-0.3720208883285523,-0.396198034286499,-0.06459889560937881,0.07426365464925766,0.10032505775984543,-0.024708467431643573,-0.16995177985231513,
0.09950814247131348,-0.05113309621810913,-0.21976768970489502,-0.4428699314594269,-0.06619679182767868,0.024262800812721252,0.06216218395758954,-0.03397479028128008,-0.16390390964918347,
0.10802838802337647,-0.06650245189666748,-0.14540847539901733,-0.4459325671195984,-0.0903649777173996,0.014542262069880962,0.040520416258284946,-0.037298330804220514,-0.16182824409608085,
0.09804617762565614,-0.057136917114257814,-0.0043499723076820375,-0.39752960205078125,-0.0916299819946289,0.009881730191409588,0.016689963570950667,-0.042632143845605396,-0.1608753287998078,
0.15076240301132204,-0.009838894009590149,0.21659758090972903,-0.3916706442832947,-0.07878022640943527,-0.012289086356759071,-0.02689826603145661,-0.051888199865380874,-0.15927117206376618,
0.17894839048385622,0.020173773169517517,0.3019983530044556,-0.3521227240562439,-0.04728835076093674,-0.022475678473711014,-0.046817910211410754,-0.056285298383998025,-0.15891760986732714,
0.20462663173675538,0.04635266363620758,0.4892729282379151,-0.22369177639484406,-0.02684859000146389,-0.03359437733888626,-0.06653840733500256,-0.05986244675141796,-0.1591278017635334,
0.239304780960083,0.09589349031448365,0.6807959079742432,-0.14439614117145538,0.008105400949716568,-0.08299601078033447,-0.0836390530113018,-0.062396396170100996,-0.15970370245312057,
0.2692798852920532,0.2120379686355591,0.7380622386932374,-0.006644132547080517,0.04026307165622711,-0.15223820507526398,-0.10294674532771209,-0.0653824259665484,-0.16438747676672785,
0.21566390991210938,0.22506928443908691,0.7518733501434327,0.07884334027767181,0.07621575146913528,-0.1770056039094925,-0.10565111333273985,-0.06634463341593633,-0.17082715078420596,
0.15853404998779297,0.21186468601226807,0.6549721717834474,0.16266633570194244,0.08440496772527695,-0.19664640724658966,-0.1032447996151271,-0.06669392899890357,-0.17934811323239425,
0.03501526415348053,0.14749181270599365,0.47029938697814944,0.229178786277771,0.06716100126504898,-0.21295827627182007,-0.08752400375129124,-0.06447748621612524,-0.20024337399115494,
-0.015191490948200227,0.10681225061416627,0.352406120300293,0.2651980519294739,0.08447154611349106,-0.2071658968925476,-0.07493048762803323,-0.06349602542668148,-0.21162997002129819,
-0.06882956624031067,0.07193040251731873,0.24873194694519044,0.27272146940231323,0.09951841086149216,-0.1722119152545929,-0.06036788996171214,-0.06231074623948311,-0.2232470029076064,
-0.11736119985580445,0.0437721312046051,0.13528426885604858,0.2705909311771393,0.10311367362737656,-0.15330345928668976,-0.04469368653574206,-0.05964064696967979,-0.23440975593600324,
-0.1368658185005188,0.0024404196068644524,-0.02933277189731598,0.24622301757335663,0.1106371060013771,-0.1234760582447052,-0.013206114137423737,-0.04373027489962431,-0.2531914057004853,
-0.13605016469955444,-0.012130998820066453,-0.10068378448486329,0.22598299384117126,0.10797394812107086,-0.09231707453727722,0.0010750886391945468,-0.03834918880280397,-0.26036423884818954,
-0.1476643443107605,-0.020905642211437227,-0.1422997832298279,0.2033461183309555,0.09632261842489243,-0.06355493515729904,0.014074710533838146,-0.03252253937886725,-0.2663065357183094,
-0.16983569860458375,-0.03603585958480835,-0.24901976585388186,0.15148065984249115,0.05637526512145996,-0.03086540848016739,0.03702913160904299,-0.021195960316629497,-0.2739640797806001,
-0.15676175355911257,-0.040120753645896914,-0.296913743019104,0.10926954448223114,0.022952592000365257,-0.026071717962622643,0.046166704377950646,-0.017013918315083976,-0.27567183933036465,
-0.13048818111419677,-0.04240133464336396,-0.3072506427764893,0.07105317711830139,-0.0054766531102359295,-0.015352494083344936,0.053319199405247146,-0.014408404035544773,-0.2767294549103603,
-0.1349473237991333,-0.043766364455223083,-0.337223482131958,0.03090602532029152,-0.009005341678857803,0.00016041938215494156,0.05897902189864302,-0.013003167540034213,-0.2778066782346479,
-0.14160888195037843,-0.04643572568893433,-0.4010800838470459,-0.046259067952632904,-0.022121408954262733,0.030786771327257156,0.06532178678060677,-0.013267541049479765,-0.2790590421992278,
-0.148547899723053,-0.05717728734016419,-0.416290283203125,-0.09812413156032562,-0.045424070209264755,0.05309074744582176,0.06496865725826205,-0.014030014364601807,-0.2785007980864909,
-0.14944409132003786,-0.05899335145950318,-0.4072039604187012,-0.14579470455646515,-0.07032462954521179,0.07892341166734695,0.062054066086210065,-0.01563678969856547,-0.2770204692268106,
-0.1405812978744507,-0.04195037186145783,-0.3772738933563233,-0.2038516253232956,-0.08630359172821045,0.10475607216358185,0.04988875229173874,-0.02227188048847376,-0.271654668460909,
-0.1374453067779541,-0.03653836250305176,-0.36518583297729496,-0.27036407589912415,-0.10061808675527573,0.12812530994415283,0.040678030324238064,-0.026926766903714726,-0.26757905945853144,
-0.11088999509811402,-0.024331192672252658,-0.3276165723800659,-0.3255580961704254,-0.08883359283208847,0.13285242021083832,0.028908625336906718,-0.032192364702302266,-0.2623546075700021,
-0.07344709634780884,-0.0024879066273570064,-0.2444539546966553,-0.3472628593444824,-0.07778147608041763,0.12472978234291077,0.014228141800324928,-0.037672131343676876,-0.2561458612441036,
-0.026630839705467226,0.01247280165553093,-0.0006355054210871458,-0.34193652868270874,-0.07525147497653961,0.11327818781137466,-0.02115058064474156,-0.046307724343821875,-0.24275847651151297,
-0.013391032814979553,0.013646595180034637,0.1473320960998535,-0.2951980531215668,-0.07165620476007462,0.11134739965200424,-0.03996527244640252,-0.04953203590012314,-0.23637592831156237,
0.012654763460159302,0.016782601177692414,0.2993149518966675,-0.2388056069612503,-0.05254802480340004,0.12206661701202393,-0.0580621023812858,-0.05240123497955845,-0.23001442222267976,
0.02643973231315613,0.016597265005111696,0.42630434036254883,-0.1654355227947235,-0.03770090267062187,0.1418405920267105,-0.07427193273206877,-0.054787511433292274,-0.22361843301327977,
0.04195678532123566,0.05100091099739075,0.6804589748382569,-0.01842903345823288,-0.027247995138168335,0.15668772161006927,-0.0992957955089182,-0.05608029600434633,-0.20968972315245557,
0.06696926355361939,0.09386363029479981,0.7299579620361328,0.0777110829949379,-0.00035006814869120717,0.14257295429706573,-0.10564009699718085,-0.05513921768510755,-0.20182527011261017,
0.12318327426910401,0.14345782995224,0.7030726432800294,0.17558225989341736,0.026747597381472588,0.10875081270933151,-0.10714590415388957,-0.053688920802715825,-0.19382949433396277,
0.1466093420982361,0.2006622076034546,0.6328163623809815,0.2743855118751526,0.03586892411112785,0.07253182679414749,-0.09773806233411998,-0.04841313674208971,-0.1814154230194769,
0.13004120588302612,0.1821647047996521,0.5289828300476075,0.325118750333786,0.05990395322442055,0.052025482058525085,-0.08652806784543952,-0.04574937594336491,-0.1774579598878971,
0.11291581392288208,0.13665100336074829,0.42622117996215825,0.37978219985961914,0.06463073194026947,0.035850636661052704,-0.07225233465860505,-0.042820496102898606,-0.17468551384033223,
0.08773645758628845,0.09029510021209718,0.3435457229614258,0.4001553952693939,0.06130177527666092,0.03445247933268547,-0.05581308363299423,-0.03930181512293709,-0.17269755825509936,
0.09088776111602784,0.005387922003865242,0.11828886270523072,0.39376381039619446,0.062300458550453186,0.013879559934139252,-0.017224451019036118,-0.032468839632976094,-0.16966797678700485,
0.1263015389442444,-0.017748796939849855,0.021126893162727357,0.39802485704421997,0.06549625843763351,-0.01887732371687889,0.002898165659471606,-0.029275783897942335,-0.16820029417152352,
0.10601967573165894,-0.024433374404907227,-0.051567870378494265,0.37685275077819824,0.05970387905836105,-0.025468647480010986,0.021948181162114656,-0.031727554837018127,-0.16728931619507978,
0.041047355532646185,-0.04450727999210358,-0.2365630865097046,0.31200477480888367,0.05704071745276451,-0.022805485874414444,0.06189645321434043,-0.0249467686402197,-0.16842627640938432,
0.037991937994956974,-0.04584261775016785,-0.312629246711731,0.24995309114456177,0.041660960763692856,-0.030528653413057327,0.0796729315255726,-0.02184139740899038,-0.16896367030948561,
0.0327044814825058,-0.04768324494361878,-0.3432604312896729,0.2025488317012787,0.03207357972860336,-0.039117347449064255,0.09479880356029585,-0.018839373164885397,-0.1694375603852464,
0.0239900678396225,-0.0579043984413147,-0.35523266792297364,0.16280114650726318,0.02315199188888073,-0.03532234579324722,0.10747146639340033,-0.0163161748345878,-0.17024075535972685,
-0.0293693482875824,-0.07642336487770081,-0.38525257110595706,0.10900528728961945,0.01070171408355236,-0.019809428602457047,0.1271013616741523,-0.01205005165467572,-0.172655557765325,
-0.0449922114610672,-0.0777087152004242,-0.39816620349884035,0.056474439799785614,0.0013806496281176805,-0.011620208621025085,0.13409710533796307,-0.01059240158907758,-0.17358651931850316,
-0.04568897783756257,-0.07340869307518005,-0.40694422721862794,0.0008143713930621743,0.0024459140840917826,0.006156391464173794,0.13906041979389322,-0.009876678749227097,-0.17422832516859174,
-0.0684288501739502,-0.08406144976615906,-0.43928136825561526,-0.05837438255548477,-0.017328057438135147,0.03005826473236084,0.14290903246560094,-0.00936418824940541,-0.1745891415768859,
