-0.010508574545383453,-0.10205531120300293,-0.4691774845123291,-0.06097440794110298,-0.039098840206861496,0.0006904788315296173,0.17428053142800665,0.031206794271375772,-0.18553031548955992,
-0.010879728198051454,-0.09903422594070435,-0.48006858825683596,-0.12801949679851532,-0.0475543737411499,0.012008913792669773,0.17193891826579882,0.029601343480712593,-0.18654274876541482,
-0.004113481938838959,-0.09219510555267335,-0.4692147254943848,-0.19213606417179108,-0.058739494532346725,0.018465276807546616,0.16679941581750757,0.027508128859370463,-0.18733381215023762,
-0.00010568012949079275,-0.07582053542137146,-0.4584714412689209,-0.23940718173980713,-0.07385293394327164,0.02072896435856819,0.15904386472297413,0.024864387084738447,-0.18793824949744614,
-0.01686207503080368,-0.0564725935459137,-0.4075326442718506,-0.2826169431209564,-0.1151319295167923,0.03324582427740097,0.13645252222947077,0.0177103517429037,-0.1891937442016936,
0.011476247012615204,-0.05022776126861572,-0.3990599870681763,-0.34726518392562866,-0.12425325810909271,0.04842584207653999,0.12255250201424461,0.012165632052821583,-0.18990515893856244,
0.07714952826499939,-0.045651173591613775,-0.3643374919891358,-0.4059213101863861,-0.10055112838745117,0.02998344972729683,0.10648115411421026,0.005393250455728776,-0.19008068820823276,
0.16274062395095826,-0.056098902225494386,-0.2247468709945679,-0.44054239988327026,-0.0687929317355156,-0.015956079587340355,0.0673236532528278,-0.006278714897619902,-0.1895123182221255,
0.16195335388183596,-0.07402579188346863,-0.09684103131294251,-0.44999662041664124,-0.024118399247527122,-0.02055003121495247,0.045150894755847965,-0.009968226050446267,-0.19055706186617052,
0.13269708156585694,-0.04135245978832245,0.035019111633300785,-0.44839873909950256,0.046388790011405945,-0.04638269543647766,0.020442126180128035,-0.01699601376798454,-0.19173856745809195,
0.1660572648048401,0.004897993057966232,0.30622606277465825,-0.43694713711738586,0.019424285739660263,-0.10230907797813416,-0.02499710888606499,-0.01461106771871173,-0.1955341083991567,
0.12960267066955566,0.040766444802284245,0.5483881950378419,-0.31038039922714233,-0.0009488975629210472,-0.10703618824481964,-0.047579786547200686,-0.013747566597233049,-0.20022670515907967,
0.08189301490783692,0.0976271390914917,0.726066255569458,-0.18008525669574738,-0.0008157395059242845,-0.10523855686187744,-0.06635715831744733,-0.01449446570301002,-0.20582447052308545,
0.09660728573799134,0.14131052494049073,0.804840087890625,-0.05964379385113716,-0.018192864954471588,-0.11808830499649048,-0.0795817827949431,-0.015909082015844043,-0.21095144328241783,
0.09066596031188966,0.24813375473022461,0.8602839469909669,0.07404689490795135,-0.07352004200220108,-0.13173700869083405,-0.08987033854154396,-0.02020897072427037,-0.221631608004061,
0.09724075198173524,0.2702372074127197,0.7830967903137207,0.21366311609745026,-0.05674212425947189,-0.17747680842876434,-0.08616684907817133,-0.025370444793159985,-0.22714375920449345,
0.0666828989982605,0.25012290477752686,0.6555586338043213,0.28583478927612305,-0.002679952187463641,-0.1909923553466797,-0.0769416467818794,-0.0309649659504676,-0.23469219635542943,
-0.027190113067626955,0.1439074993133545,0.37493376731872563,0.32924431562423706,0.03540325164794922,-0.18826261162757874,-0.04813214721204487,-0.03675342161739906,-0.253695428026139,
-0.07685701847076416,0.07731782793998719,0.23159618377685548,0.3601369857788086,0.01456401590257883,-0.17754338681697845,-0.03073904072114962,-0.036409041792827064,-0.26346867238441973,
-0.12894115447998047,0.02615106999874115,0.10500316619873047,0.346954345703125,0.013898225501179695,-0.15410757064819336,-0.011987386965157179,-0.03559329262662987,-0.27297932666750946,
-0.14511216878890992,-0.00860949382185936,-0.04434282183647156,0.3022798001766205,0.038399308919906616,-0.12574489414691925,0.007319403498571898,-0.027799915506604697,-0.28187092140849945,
-0.17288502454757693,-0.03523929417133331,-0.20839636325836183,0.2556723356246948,0.051116250455379486,-0.08952990174293518,0.0411424622294507,-0.023877380636189955,-0.2955563722859365,
-0.17599138021469118,-0.04769084751605988,-0.24316890239715577,0.21066492795944214,0.037334393709897995,-0.054642483592033386,0.054960771773622775,-0.020617992871709068,-0.300069052904945,
-0.17610933780670168,-0.05096489191055298,-0.28376088142395023,0.1707175076007843,0.03367254510521889,-0.03819746524095535,0.06713505903970193,-0.01760840806120624,-0.30333817610988645,
-0.16168944835662843,-0.05653139352798462,-0.3297788143157959,0.12830667197704315,0.01629542000591755,-0.025014815852046013,0.07770614673429105,-0.015186135141835883,-0.3054984882817397,
-0.15219337940216066,-0.045099467039108276,-0.3777577638626099,0.08989056944847107,-0.018991464748978615,-0.013762960210442543,0.09316134989942568,-0.011843559933908385,-0.3079575307491417,
-0.13411208391189575,-0.05008407235145569,-0.42606668472290044,-0.05751539766788483,-0.03943122550845146,0.005678115412592888,0.10042941798835378,-0.014181642166697069,-0.31008329182230643,
-0.14970870018005372,-0.06752198934555054,-0.4030826568603516,-0.10658414661884308,-0.06173520162701607,0.034839730709791183,0.09719837749471712,-0.018227758154891856,-0.3113002732264156,
-0.14511393308639528,-0.06805255413055421,-0.37624118328094486,-0.14912813901901245,-0.0655302032828331,0.0626697689294815,0.09228359124337793,-0.021295272149521323,-0.31080039807864923,
-0.14730116128921508,-0.06607655286788941,-0.37971315383911136,-0.2294224500656128,-0.06353283673524857,0.07864873111248016,0.08600196139133758,-0.0253682661238014,-0.3093567234792398,
-0.15486366748809816,-0.07947128415107728,-0.390199089050293,-0.28561514616012573,-0.08130943775177002,0.09888875484466553,0.07740360200782177,-0.029362353852048228,-0.3068653146340953,
-0.2102910280227661,-0.07496263384819031,-0.207934045791626,-0.30425727367401123,-0.11593052744865417,0.16413620114326477,0.05034231572705487,-0.03837842652172427,-0.29924463625221087,
-0.20799221992492678,-0.06247367262840271,-0.1397049903869629,-0.3715021014213562,-0.07884601503610611,0.21200652420520782,0.03441181024243828,-0.04472522211313252,-0.29271577030450674,
-0.16367372274398806,-0.029901483654975893,-0.07963827252388,-0.42596375942230225,-0.03057621605694294,0.24043577909469604,0.016483988974589723,-0.05101430598115924,-0.2835956211140006,
-0.07066978812217713,0.030239450931549075,0.3765713214874268,-0.31837204098701477,-0.05374571681022644,0.2526862919330597,-0.02907830217432767,-0.05193091731293172,-0.25990132938763444,
-0.0027629245072603227,0.07981897592544557,0.6459299087524415,-0.17795686423778534,-0.0643317848443985,0.24576209485530853,-0.04966133399129611,-0.05244623788780358,-0.24670244630701874,
0.09860304594039918,0.12520787715911866,0.7564012050628662,-0.06690304726362228,0.019025159999728203,0.2286512851715088,-0.06407130733771252,-0.05344674982300413,-0.23328832046485357,
0.20020949840545654,0.18955427408218384,0.8756815910339356,0.08862556517124176,0.10038473457098007,0.19935651123523712,-0.07374296595354556,-0.05306751399621845,-0.22058923405085204,
0.3418519973754883,0.28060684204101566,0.9108357429504395,0.2488812804222107,0.14772240817546844,0.12665221095085144,-0.07475914751793257,-0.04144093129252704,-0.20098511641658456,
0.3427219152450562,0.2754506587982178,0.7641218185424805,0.3546753525733948,0.14599135518074036,0.0674634575843811,-0.06505306488635636,-0.032807280991545236,-0.1949621863289508,
0.3158143997192383,0.22855277061462403,0.6227683067321778,0.4538116753101349,0.12228921055793762,0.008141797035932541,-0.05055927858674266,-0.02429551507145404,-0.19117777985447648,
0.2690956830978394,0.15677748918533327,0.46021552085876466,0.48730093240737915,0.11409998685121536,-0.018423235043883324,-0.031530589510415895,-0.01676047935295129,-0.18937496166870096,
0.1499338150024414,0.01552608758211136,0.05389906167984009,0.46499696373939514,0.08587048202753067,-0.019155604764819145,0.016238946913142146,-0.004639737786216751,-0.1900929572267488,
0.098651921749115,-0.031227833032608034,-0.07634977102279664,0.44828563928604126,0.0463225394487381,-0.01875613071024418,0.04024248212323371,-0.003486354146459016,-0.1905019204158028,
0.08084943890571594,-0.06313935518264771,-0.15951687097549438,0.4443574547767639,0.03327304869890213,-0.03646615147590637,0.063472709804164,-1.3008464876831264e-05,-0.19075743657054733,
0.07507537007331849,-0.10054432153701783,-0.23166143894195557,0.43004298210144043,0.008905124850571156,-0.040394313633441925,0.08633214103487848,0.0024173728740268597,-0.19133761335975333,
0.0235213041305542,-0.12677522897720336,-0.3969348430633545,0.33017441630363464,-0.014197798445820808,-0.021818766370415688,0.13076950435095744,0.005708066232226796,-0.1942805957669934,
0.01934882253408432,-0.12249468564987183,-0.489229154586792,0.21758927404880524,0.03726779296994209,-0.019621659070253372,0.14984320703565926,0.005640262390615547,-0.19591309650902058,
0.013746878504753113,-0.12459663152694703,-0.4955349445343018,0.16252842545509338,0.029145147651433945,-0.014761388301849365,0.16429157838611874,0.006333526514822765,-0.1967130702947971,
-0.017241063714027404,-0.1357320189476013,-0.4124520778656006,0.13589681684970856,-0.03576940298080444,-0.0059729572385549545,0.18298748365544823,0.0102588737319208,-0.1963920643639194,
-0.02331107407808304,-0.13631758689880372,-0.45659990310668946,0.05726698413491249,-0.05068310350179672,0.0066770585253834724,0.19051624149680246,0.009834720833541089,-0.19727702242064016,
-0.021738120913505556,-0.12971935272216797,-0.49560117721557617,-0.04233524203300476,-0.029843870550394058,0.018461545929312706,0.19567103986469367,0.00769409397478119,-0.1987731783439167,
-0.022511939704418185,-0.12806941270828248,-0.5019384384155273,-0.13128483295440674,-0.01020305696874857,0.028381820768117905,0.19714536100513488,0.005480896984769746,-0.19974381356294943,
