-0.04024793207645416,-0.116935133934021,-0.5500298500061035,-0.13480737805366516,-0.02438538894057274,0.054026201367378235,0.17393798946979755,0.02178658769890064,-0.160429998272027,
-0.01909030079841614,-0.11114287376403809,-0.5351935386657715,-0.1790158599615097,-0.06067096069455147,0.05602356791496277,0.17143640728736048,0.02019258309189611,-0.159577396072499,
0.030068716406822207,-0.06930368542671204,-0.4778357028961182,-0.2543167471885681,-0.08876730501651764,0.037048548460006714,0.15739989429709028,0.014717962577783624,-0.15647792619728307,
0.04412331581115723,-0.060036110877990725,-0.47506742477416997,-0.32196104526519775,-0.09688995033502579,0.02932538092136383,0.14686532614792586,0.010213757999017081,-0.15603742385614353,
0.034356731176376346,-0.06627779603004456,-0.4512048721313477,-0.3913363814353943,-0.11752945184707642,0.04104328900575638,0.13342032007254995,0.005321597561253779,-0.1563146324501015,
0.015948531031608582,-0.09714955687522889,-0.4188199043273926,-0.4581155776977539,-0.09915357083082199,0.050962790846824646,0.11722969263405497,0.00018940407861510754,-0.15682693702704964,
0.07582765817642212,-0.09312128424644471,-0.25600404739379884,-0.478688508272171,-0.091363824903965,0.020935650914907455,0.07627440857012116,-0.011907563863887196,-0.1561477856015557,
0.09798060059547425,-0.11243805885314942,-0.12270480394363403,-0.4804195463657379,-0.10474620759487152,0.01933775469660759,0.05214478294002278,-0.016809316105932785,-0.15494220985274565,
0.11629776954650879,-0.12512946128845215,-0.0028327137231826784,-0.4484616219997406,-0.06979221850633621,-0.0015680617652833462,0.024480209566976132,-0.02455644817867549,-0.15399737416214174,
0.139415180683136,-0.09151704907417298,0.14583631753921508,-0.4028549790382385,-0.07924643903970718,-0.022939929738640785,-9.175223406893375e-06,-0.02992757765046181,-0.15321714232545894,
0.14643985033035278,-0.06897473931312562,0.40530071258544925,-0.3069811761379242,-0.06959248334169388,-0.012686759233474731,-0.04537504487120258,-0.03791005525206865,-0.15296766247979482,
0.15737404823303225,-0.011893466114997864,0.5258474349975586,-0.2365405559539795,-0.01573004759848118,-0.039851002395153046,-0.06419285008162831,-0.042658711609256626,-0.15316241836570646,
0.1775602102279663,0.07002152800559998,0.5703131198883057,-0.15424887835979462,-0.008339776657521725,-0.07553736865520477,-0.07978885226047168,-0.046158476182849836,-0.1531462643830044,
0.1835596799850464,0.13991578817367553,0.6161212444305421,-0.09785643965005875,0.018691308796405792,-0.10283476859331131,-0.09229997184482866,-0.04772184034958935,-0.1545244568415555,
0.158300518989563,0.22116217613220215,0.6803085803985596,0.03650004416704178,0.03926423192024231,-0.1310642659664154,-0.10700468530364571,-0.0505759694448299,-0.16184625668733965,
0.12953810691833498,0.21866183280944826,0.7060156822204591,0.13743385672569275,0.029343953356146812,-0.15363456308841705,-0.1087816228291956,-0.0510919748548107,-0.16788826763470488,
0.09863113760948182,0.18365375995635988,0.6409010410308839,0.2098718285560608,0.04405792057514191,-0.1611579954624176,-0.10573568627490944,-0.05149926527464252,-0.17501013200139556,
0.0030181467533111576,0.1098793625831604,0.42556185722351075,0.2346392273902893,0.07668164372444153,-0.1455119103193283,-0.08743455537854244,-0.05306258929172024,-0.19167811541496543,
-0.03161527216434479,0.07667099833488465,0.3027176141738892,0.2714574337005615,0.07488401234149933,-0.12900032103061676,-0.0746237447876337,-0.05210320828799665,-0.20061504567162447,
-0.04394689798355103,0.05023369789123536,0.23142447471618655,0.29855507612228394,0.060170046985149384,-0.12600426375865936,-0.06104202134083984,-0.049585795984317,-0.2085423785727577,
-0.04594402313232422,0.033325427770614625,0.15281071662902834,0.2892340123653412,0.06489715725183487,-0.1190134733915329,-0.04631026258976333,-0.04690120108070192,-0.21580899597842285,
-0.07693313956260682,-0.0005812596995383501,-0.052422654628753666,0.2598060965538025,0.06855900585651398,-0.10363371670246124,-0.01431997648473573,-0.0407562747637705,-0.22922021930892134,
-0.09182677865028382,-0.017231230437755585,-0.10760935544967652,0.24635714292526245,0.05923793837428093,-0.08419264107942581,0.000533861377375493,-0.03740020322365306,-0.2351329570195312,
-0.11312332153320313,-0.0336980015039444,-0.1461781144142151,0.21619683504104614,0.03733344003558159,-0.0630205050110817,0.014390532861417499,-0.03384674726143169,-0.24031402632634669,
-0.11952519416809082,-0.047388005256652835,-0.2463918685913086,0.1852375864982605,0.0031118167098611593,-0.04890574887394905,0.03956659976095806,-0.027670108406231287,-0.2479191141765652,
-0.12038475275039673,-0.05279479026794434,-0.28633391857147217,0.12571635842323303,0.0018467477057129145,-0.03785286098718643,0.05023330134938536,-0.026133423299583295,-0.25062064305383336,
-0.11978769302368164,-0.059326511621475224,-0.3376632690429688,0.05021573603153229,-0.004278522916138172,-0.010888353921473026,0.05942787622298417,-0.025677859036900123,-0.2529302687999771,
-0.14117263555526735,-0.07470505237579346,-0.3862383842468262,0.005274890456348658,-0.015463799238204956,0.013346413150429726,0.07030138483769753,-0.02500089893493191,-0.255979275808996,
-0.14066599607467653,-0.0706873893737793,-0.3802722454071045,-0.0465901717543602,-0.029711712151765823,0.045171190053224564,0.07179468276964963,-0.025474335054141196,-0.2560619837876969,
-0.13979271650314332,-0.061692506074905396,-0.3883431434631348,-0.1339418590068817,-0.033040665090084076,0.07652991265058517,0.07139963971383353,-0.026666755086682415,-0.25516642045698,
-0.1423317074775696,-0.053944557905197144,-0.41732110977172854,-0.18580691516399384,-0.03896619752049446,0.0875154510140419,0.06882797743979607,-0.0286388810301089,-0.25324687014820707,
-0.1364910364151001,-0.03744283020496369,-0.34219615459442143,-0.22555460035800934,-0.07684966176748276,0.12213654071092606,0.05415085917468278,-0.03345170331997586,-0.24628878769625356,
-0.1482119083404541,-0.02733448445796967,-0.27188141345977784,-0.27868467569351196,-0.054212797433137894,0.14450711011886597,0.04330982572238794,-0.03686155104909245,-0.2417700281924594,
-0.1050258755683899,-0.0007257369812577963,-0.22276251316070558,-0.31776657700538635,-0.025317495688796043,0.1397799849510193,0.03086738702392723,-0.04143410150116084,-0.2358470839504872,
-0.05877496600151062,0.019667942821979523,-0.14870939254760743,-0.3011883795261383,-0.0343722440302372,0.13338840007781982,0.016080559214559174,-0.044953340764072064,-0.22873973084751625,
-0.006166286021471024,0.04925482571125031,0.1487017035484314,-0.22582091391086578,-0.03250803425908089,0.11048521846532822,-0.017648954031352516,-0.047798051274630056,-0.21434948928216074,
0.020314694941043855,0.0672301173210144,0.3011147260665894,-0.14372897148132324,-0.030843554064631462,0.09936651587486267,-0.032935152786159834,-0.049019440520989555,-0.20770175133763175,
0.04139030277729035,0.07876439690589905,0.36895151138305665,-0.06416703760623932,-0.018659593537449837,0.09790177643299103,-0.04500389758639846,-0.04992912016123603,-0.20190793031181883,
0.07643328309059144,0.12550690174102783,0.463564682006836,0.012931479141116142,0.015029395930469036,0.10083125531673431,-0.05980288140417123,-0.05128930783944002,-0.19134333620918811,
0.07807021737098695,0.1450019955635071,0.4456195831298828,0.07331865280866623,0.02235308848321438,0.08105728775262833,-0.06249292962033351,-0.0506494000467584,-0.1863010925946878,
0.1119614601135254,0.15949828624725343,0.3931797742843628,0.15241454541683197,0.025349145755171776,0.04224171116948128,-0.06237920879741765,-0.048816875836430206,-0.1813754957132804,
0.14778982400894167,0.18352917432785035,0.36762599945068364,0.20707593858242035,0.02494967170059681,0.019072208553552628,-0.05962268532117255,-0.04679564876750683,-0.17734034719492814,
0.12402153015136719,0.1751262903213501,0.22170772552490237,0.187435120344162,0.047187063843011856,0.004158507101237774,-0.04427936565862071,-0.04369557949435416,-0.17353589216749585,
0.11015213727951051,0.16947948932647705,0.11258666515350342,0.15780745446681976,0.059570763260126114,-0.007492823526263237,-0.03374284748472535,-0.042200033826021485,-0.17299944068727896,
0.10729024410247803,0.16628330945968628,0.08055803179740906,0.19349277019500732,0.0059748156927526,-0.007694491185247898,-0.024148364817151196,-0.039839786890999776,-0.1729853991556409,
0.03785674571990967,0.18525590896606448,0.1529999852180481,0.21280068159103394,-0.029245490208268166,-0.00516448775306344,-0.0157505905584957,-0.03651687895505559,-0.17356266809948914,
-0.02956479787826538,0.1755247712135315,0.15126211643218995,0.22791412472724915,-0.021788639947772026,0.027459237724542618,0.003910968254469583,-0.035761091913344895,-0.17428803804478388,
-0.0693608820438385,0.20923371315002443,0.16863031387329103,0.17125536501407623,0.05877198651432991,0.0351824052631855,0.015224906134167947,-0.037586766317420243,-0.1741649426553462,
0.015286368131637574,0.1878714919090271,0.13927391767501832,0.18057642877101898,0.10424546152353287,0.008883687667548656,0.02658100263960425,-0.03876604683327416,-0.17286403320897298,
0.10951124429702759,0.11975373029708863,0.23072009086608888,0.24881993234157562,0.09212807565927505,-0.04198268800973892,0.04424707470251043,-0.03293226241539694,-0.16903984254027227,
0.10029596090316772,0.06168447136878968,0.20037429332733156,0.26300129294395447,0.10357967019081116,-0.052302438765764236,0.05458334924344623,-0.027637389323941733,-0.1686611447444921,
0.05730940699577332,0.03147600293159485,0.10210652351379396,0.2608041763305664,0.11602994799613953,-0.057229287922382355,0.06734433562833372,-0.02256170017806328,-0.16988749591810595,
0.056893146038055425,-0.04568963944911957,-0.05971111655235291,0.26699602603912354,0.10797388851642609,-0.060291923582553864,0.09325816350006619,-0.012984443390264909,-0.1723867861618754,
0.056805723905563356,-0.08202607631683351,-0.12522444725036622,0.2524152100086212,0.07395200431346893,-0.06135718524456024,0.10663324918380257,-0.00654620238986598,-0.1734216376950223,
0.04710614383220673,-0.11171922683715821,-0.22412135601043703,0.20008409023284912,0.022619573399424553,-0.0604916587471962,0.120231388927762,-0.0005696961149254771,-0.1744783790834044,
0.024518993496894837,-0.11042735576629639,-0.3318733453750611,0.1524800807237625,0.01210008654743433,-0.04018505662679672,0.13324329192217368,0.004335701622208077,-0.17581636176577228,
0.0019478594884276392,-0.10820798873901367,-0.4012624263763428,0.0964871272444725,0.026947209611535072,-0.018879767507314682,0.14439458530332172,0.007361731923505429,-0.17787566469240912,
-0.003104091063141823,-0.10228025913238525,-0.48407483100891113,0.004075435921549797,0.022020360454916954,-0.0014360621571540833,0.159907776146357,0.010660819555267391,-0.1809400128905578,
0.010802539438009262,-0.11785391569137574,-0.49898643493652345,-0.04086541011929512,-0.04076366126537323,0.01347763929516077,0.1633404906185999,0.012423210666640754,-0.18060936313062448,
