-0.02984864413738251,-0.097455233335495,-0.4506575584411621,-0.059369903057813644,-0.02518489956855774,0.025536809116601944,0.15900324905608024,0.0020754084817466902,-0.16760803558191859,
-0.026651990413665772,-0.09328405261039735,-0.4752686977386475,-0.13540315628051758,-0.028513850644230843,0.04737472906708717,0.15718797311206373,0.0006128475654676302,-0.16735903013799253,
-0.012607793509960176,-0.07217780947685241,-0.45459828376770023,-0.18800057470798492,-0.02904648333787918,0.05030420795083046,0.15231330348735997,-0.0014345847757824975,-0.1664045216738436,
0.020429088175296786,-0.040888923406600955,-0.42288055419921877,-0.2523156404495239,-0.05328129231929779,0.03938576206564903,0.13506855233830747,-0.0063351118338125165,-0.16322936640365243,
0.0282843291759491,-0.0392297774553299,-0.3685346126556397,-0.28560516238212585,-0.08117791265249252,0.031995486468076706,0.1227989571870014,-0.009336967451684733,-0.1621640771428708,
0.049762082099914555,-0.03979904651641846,-0.3277066230773926,-0.33007997274398804,-0.0924297645688057,0.02720179781317711,0.10891727163711212,-0.013381150165642336,-0.16177942954644714,
0.07684465646743775,-0.04097502529621125,-0.29182164669036864,-0.3708929121494293,-0.07977975159883499,0.013286780565977097,0.09357187798394911,-0.018132571192933808,-0.1616752434614802,
0.086573725938797,-0.03216499090194702,-0.14176512956619264,-0.4020518958568573,-0.07265579700469971,0.00023729167878627777,0.05732606102321824,-0.026967167643642504,-0.16186171527254756,
0.09873170256614686,-0.035220667719841,-0.027553471922874453,-0.3850742280483246,-0.08657081425189972,-0.01214640773832798,0.036361819339924946,-0.032674159888376866,-0.1621458892178988,
0.12303903102874757,-0.03591052293777466,0.0912795901298523,-0.3648342192173004,-0.08304212242364883,-0.03465011715888977,0.015864880257531,-0.03760314368260581,-0.16262335195289257,
0.07856945395469667,-0.011947769671678543,0.2468376636505127,-0.3515850007534027,-0.08257606625556946,-0.02646089904010296,-0.0214743416373676,-0.04633026321516355,-0.16547753175876367,
0.08507146835327149,0.011322274059057237,0.38285810947418214,-0.27828148007392883,-0.07065842300653458,-0.014476673677563667,-0.03957622288214502,-0.050736832254338164,-0.1667061876099925,
0.13169472217559816,0.04896998405456543,0.48952498435974123,-0.20677560567855835,-0.036037325859069824,-0.022332999855279922,-0.0554807821676844,-0.054879944407284345,-0.16707094445926884,
0.1792250394821167,0.10720721483230591,0.5503485679626465,-0.13673445582389832,-0.0016825470374897122,-0.05329224839806557,-0.06821903349308084,-0.058007181282562076,-0.16726464075354938,
0.21369621753692628,0.21539065837860108,0.6106281280517578,-0.029741961508989334,0.019755899906158447,-0.10848626494407654,-0.0840677287784296,-0.06046164451944907,-0.17114305421059095,
0.17917405366897585,0.23737037181854248,0.565239953994751,0.042296551167964935,0.04372435063123703,-0.1359833925962448,-0.08602944390627715,-0.06106782844769866,-0.17594762941063272,
0.12062619924545288,0.22594707012176515,0.5339520454406739,0.112470842897892,0.0423261933028698,-0.14783446490764618,-0.08460464460120931,-0.06121557872696146,-0.18253532787110677,
0.03908219635486603,0.16228668689727785,0.43020205497741704,0.18211250007152557,0.03626750037074089,-0.1600184291601181,-0.0726883551625776,-0.06050726906537034,-0.19815810902381295,
0.005237589776515961,0.1314007043838501,0.3525615215301514,0.2243901938199997,0.04259250685572624,-0.16081736981868744,-0.06256983055734926,-0.06040340618853941,-0.2065878407646788,
-0.017347300052642824,0.10051087141036988,0.2555582523345947,0.24516284465789795,0.060369107872247696,-0.15948578715324402,-0.050369016741776684,-0.05994896531042644,-0.21514861449607345,
-0.03832423985004425,0.07307847142219544,0.16264613866806032,0.2587449550628662,0.06023595109581947,-0.15535789728164673,-0.03693474188103362,-0.05857568151620072,-0.22378835136747188,
-0.07680318951606752,0.0126385897397995,-0.01709273308515549,0.2564812898635864,0.03999592736363411,-0.14896631240844727,-0.006880434570319677,-0.049220547343691655,-0.24082401419400523,
-0.11191282272338868,-0.011043379455804825,-0.10998622179031373,0.231513112783432,0.03427029773592949,-0.1251329481601715,0.0075217742250577695,-0.046850255886886315,-0.24868116402137225,
-0.1468766450881958,-0.035700103640556334,-0.19996428489685059,0.1755201518535614,0.04485636204481125,-0.08924685418605804,0.021199618900966558,-0.04486112771078047,-0.25579205124718735,
-0.16865020990371704,-0.044427260756492615,-0.27105987071990967,0.13863536715507507,0.026613708585500717,-0.054226282984018326,0.03312238061991101,-0.04252992500283974,-0.2615984057449236,
-0.16755212545394899,-0.046189999580383306,-0.33495674133300785,0.08191003650426865,-0.009472125209867954,-0.02632967010140419,0.04982181869186347,-0.038207927497112486,-0.2683462926072649,
-0.1544028401374817,-0.046651345491409306,-0.36300334930419925,0.029712079092860222,-0.03563768416643143,-0.012081759050488472,0.05510899286160375,-0.03787599566036256,-0.2699763125079471,
-0.15339823961257937,-0.04519450962543488,-0.3810235738754273,-0.03320510312914848,-0.038700319826602936,0.005095629952847958,0.05843478441707539,-0.038727327872537395,-0.27122207120314734,
-0.1617825984954834,-0.0434258908033371,-0.4068004608154297,-0.11582967638969421,-0.029312675818800926,0.04138120263814926,0.05776640719899796,-0.04237484376055257,-0.27214506785828296,
-0.1554821014404297,-0.03828514218330384,-0.37698392868041997,-0.1681607961654663,-0.029312675818800926,0.06861202418804169,0.05265344843886132,-0.04429475403649934,-0.27078579895966126,
-0.14854410886764527,-0.029354378581047058,-0.32227041721343996,-0.2108379453420639,-0.04202926903963089,0.08279335498809814,0.04480060523241753,-0.04608786452423494,-0.2680862999560849,
-0.1322956919670105,-0.0125756174325943,-0.2817896604537964,-0.24612483382225037,-0.050484806299209595,0.08099572360515594,0.03505267742804593,-0.048285071325041756,-0.26447125859124204,
-0.12418315410614014,0.006970605254173279,-0.13841099739074708,-0.27129173278808594,-0.048087961971759796,0.09930495172739029,0.010173882604376553,-0.053672901944168315,-0.25639939563672287,
-0.11459813117980958,0.019667424261569977,-0.050674146413803106,-0.2921309471130371,-0.025317933410406113,0.10343284904956818,-0.004194338873733548,-0.05635147910224808,-0.251582863992755,
-0.08802280426025391,0.01744406670331955,0.05064442753791809,-0.26829567551612854,-0.03071083500981331,0.107760488986969,-0.019092923275930644,-0.05548012147913127,-0.24635554051236286,
-0.07036773562431335,0.011427666991949081,0.20965847969055176,-0.19552476704120636,-0.047954801470041275,0.12859971821308136,-0.03487951136100118,-0.056231672070169936,-0.24095315628004735,
-0.024151365458965304,0.030678239464759827,0.4344347476959229,-0.10937150567770004,-0.03936610743403435,0.15789449214935303,-0.06029105178290962,-0.058562976586442106,-0.22806075763781436,
0.02592626512050629,0.06492334008216859,0.48162393569946294,-0.0405287966132164,0.00897026527673006,0.17147661745548248,-0.06854121328905066,-0.059462408934161805,-0.2200199552682809,
0.08720580935478212,0.11176964044570924,0.5355170249938965,0.03250839561223984,0.0319400317966938,0.1620223969221115,-0.07448940255936326,-0.058621279458925014,-0.21140422755177168,
0.1470138430595398,0.15432658195495608,0.5651401519775391,0.10468006879091263,0.03440345451235771,0.1293986737728119,-0.07759220822230699,-0.05593067947180896,-0.20293658013794255,
0.22821552753448487,0.21713609695434571,0.5421521186828614,0.20821045339107513,0.07082218676805496,0.06261990964412689,-0.0727219127671349,-0.04916799591864041,-0.18930616437053943,
0.22149615287780763,0.21567218303680422,0.47637734413146976,0.26240578293800354,0.0951235294342041,0.03372461348772049,-0.06448556186081852,-0.0456023208059014,-0.1855206641021013,
0.1716461181640625,0.18706126213073732,0.39196081161499025,0.3016216456890106,0.09678786993026733,0.00949139054864645,-0.0532259930816767,-0.041059623856925166,-0.18366450994307257,
0.11123106479644776,0.10132354497909546,0.21446375846862795,0.32532379031181335,0.08287285268306732,-0.022533122450113297,-0.02432891462728031,-0.031091173344610267,-0.18282615708195604,
0.0663741648197174,0.05157999396324158,0.16257866621017458,0.36427250504493713,0.07088863104581833,-0.015409165993332863,-0.00792088580005241,-0.026738322741726495,-0.18386917634817415,
0.037308111786842346,0.01627246141433716,0.07086722254753113,0.348959356546402,0.08127495646476746,-0.004223889671266079,0.00993043864100881,-0.023030668483971513,-0.18478345874753616,
0.03415074050426483,-0.007957053929567337,-0.14048835039138793,0.29216742515563965,0.09845234453678131,-0.00042888522148132324,0.045916360221355104,-0.014994581622586085,-0.18450802587622378,
0.032906952500343326,-0.02051925212144852,-0.17129844427108765,0.26680082082748413,0.07361836731433868,0.003965331241488457,0.06148137434548051,-0.010072364606574147,-0.18370366456108025,
0.033975282311439516,-0.026277789473533632,-0.18921852111816406,0.24216657876968384,0.071288101375103,0.007161124609410763,0.07560056296598464,-0.005736935335751293,-0.18269764433665708,
0.04576476812362671,-0.030215537548065188,-0.22421538829803467,0.20867733657360077,0.0724865272641182,0.007360861636698246,0.0888812288986283,-0.002274278970690289,-0.1814507469812426,
0.041182425618171696,-0.038166004419326785,-0.2566459894180298,0.17538781464099884,0.05850492790341377,0.009757705964148045,0.10102016361875162,0.0011379381997048375,-0.17999259562140427,
0.05535579323768616,-0.05251761078834534,-0.2896814107894898,0.12625248730182648,0.03593463823199272,-0.00016256887465715408,0.12061579474414832,0.007125523095457842,-0.17690591146020818,
0.06126036643981934,-0.05178284049034119,-0.2867035150527954,0.10328273475170135,0.017492245882749557,-0.005688628181815147,0.12793121583648903,0.009115247700285474,-0.17577719516502713,
0.05269265174865723,-0.04965484440326691,-0.30611250400543216,0.0728561207652092,0.01136697642505169,-0.009949686005711555,0.13417969796092277,0.010636177578733946,-0.17515516772597645,
0.025931531190872194,-0.06031129956245423,-0.39975914955139163,0.008673932403326035,-0.011869104579091072,0.00010374747216701508,0.14314056139283382,0.012270533413999475,-0.1752091974742377,
0.013553988933563233,-0.07189847230911255,-0.4409860134124756,-0.11023621261119843,-0.03949940204620361,0.03938537463545799,0.1440299380532764,0.011026434447415932,-0.17562571104011115,
