-0.028542673587799074,-0.10059922933578491,-0.39173593521118166,-0.0619036927819252,-0.022121645510196686,0.039777643978595734,0.17890771063725855,0.010827722696185945,-0.027328612361093324,
-0.02921976149082184,-0.09399291276931764,-0.40591340065002446,-0.13800351321697235,-0.028446653857827187,0.051162656396627426,0.17742074233153138,0.009112148063935097,-0.026538562681731055,
-0.03528784513473511,-0.0932568609714508,-0.4015108108520508,-0.18920278549194336,-0.048952993005514145,0.07053715735673904,0.17348028148098207,0.006992377996059168,-0.025570564894632025,
-0.04939330816268921,-0.08231081366539002,-0.3790045499801636,-0.23893731832504272,-0.05534457787871361,0.08365322649478912,0.16696682726648682,0.004487279279606126,-0.024355324946928807,
0.005849635973572732,-0.0719067394733429,-0.3421827793121338,-0.2995242476463318,-0.06439933180809021,0.06900583952665329,0.14739188866901937,-0.003155235095471546,-0.020902044379480917,
0.07236738204956054,-0.07726640105247498,-0.32407770156860355,-0.34573009610176086,-0.06499854475259781,0.028392627835273743,0.13419877435264913,-0.007587470806557721,-0.018684529622634394,
0.12348681688308716,-0.07035242915153504,-0.28819344043731693,-0.384878545999527,-0.044625356793403625,-0.009490837343037128,0.11880637133089784,-0.011929472197312977,-0.017146548838799684,
0.14906450510025024,-0.05684386491775513,-0.22988777160644533,-0.41776859760284424,0.016760505735874176,-0.06202169135212898,0.10154759147081548,-0.01572441361350148,-0.016930528918999165,
0.18821460008621216,-0.08463883399963379,-0.0889020562171936,-0.3900051414966583,0.003444700501859188,-0.08352671563625336,0.06210449915857046,-0.01903694726791887,-0.019953040766877057,
0.12667473554611205,-0.11115503311157227,0.03379731476306915,-0.39253515005111694,-0.09842121601104736,-0.0687461718916893,0.03878828505125675,-0.02095216819010269,-0.023787796737085882,
0.07544175386428834,-0.09649221301078797,0.09883753657341005,-0.36830011010169983,-0.12272260338068008,-0.10130280256271362,0.019093749389394503,-0.020215842551041363,-0.028339325631835284,
0.14151846170425417,-0.040854918956756595,0.3124290466308594,-0.31903162598609924,-0.07871386408805847,-0.10995807498693466,-0.01972343363765112,-0.030236304966981934,-0.03686381340213095,
0.12728918790817262,-0.016421031951904298,0.41185593605041504,-0.22575441002845764,-0.06759516894817352,-0.09551042318344116,-0.03731720728748793,-0.03619159055377736,-0.042273690746024946,
0.11758570671081543,0.04531544148921967,0.553484869003296,-0.11143821477890015,-0.02791406586766243,-0.14537811279296875,-0.05278719507394718,-0.04101079439231851,-0.04746213666420466,
0.1681963324546814,0.13391793966293336,0.7313408851623535,0.015527992509305477,0.026680737733840942,-0.19038553535938263,-0.07190510942291502,-0.049130351828106454,-0.0575407151242023,
0.1147115707397461,0.14371753931045533,0.7602718353271485,0.11792653799057007,0.07042315602302551,-0.19697687029838562,-0.07448466293758324,-0.05172763858938954,-0.06580799441227612,
0.05723211169242859,0.13975845575332643,0.694462776184082,0.1992861032485962,0.08440475165843964,-0.19764265418052673,-0.07197915879333604,-0.052607049960420496,-0.07595629387188754,
0.01655961126089096,0.12099754810333252,0.5895924091339112,0.2644669711589813,0.07947790622711182,-0.2076960951089859,-0.06512935511648968,-0.05162800290528954,-0.08688458049044274,
-0.019692862033843996,0.07812137603759767,0.3732675075531006,0.2992212176322937,0.08853264898061752,-0.23139822483062744,-0.041372092284461745,-0.04683743923631971,-0.10921988237431622,
-0.03798937201499939,0.03822238147258759,0.24770767688751222,0.31273677945137024,0.10098293423652649,-0.2148866206407547,-0.02561404650393107,-0.043790122633393595,-0.12098821402822411,
-0.08089378476142883,-0.007986515015363694,0.14618431329727175,0.30567941069602966,0.11629610508680344,-0.1751389503479004,-0.008870696670895075,-0.03992294127959963,-0.13325989703914587,
-0.11845062971115113,-0.06694579720497132,-0.04854857027530671,0.2895672619342804,0.10857293754816055,-0.15276838839054108,0.02253889061787746,-0.023254217854125393,-0.1539905046850352,
-0.11180744171142579,-0.09376246333122254,-0.12312105894088746,0.25141748785972595,0.07228737324476242,-0.1306641548871994,0.0383601092026732,-0.016450812826782398,-0.1619478004323382,
-0.13133711814880372,-0.11273674964904785,-0.20251874923706056,0.20021821558475494,0.04965050145983696,-0.08159540593624115,0.0533425434553046,-0.009924444166842161,-0.16886164691090216,
-0.1549027442932129,-0.1234415888786316,-0.2694485902786255,0.1620684266090393,0.036800745874643326,-0.038918253034353256,0.06674865608680922,-0.004712799441065571,-0.17489389039765088,
-0.15944510698318481,-0.10897037982940674,-0.3301146984100342,0.08230675756931305,0.03287258371710777,-0.011554272845387459,0.08758684302934515,0.002478706161910104,-0.18203417939565678,
-0.13229117393493653,-0.09925953745841981,-0.3725936889648438,0.033238012343645096,-0.0008829811122268438,-0.004630054347217083,0.09487580821935815,0.004769855622789356,-0.18293072316275702,
-0.1270655393600464,-0.09448221921920777,-0.37373688220977785,-0.0008504485595040023,-0.040830399841070175,-0.0012345239520072937,0.09939750299728001,0.006613753890439662,-0.18304558821668687,
-0.12314972877502442,-0.09514594078063965,-0.3715117692947388,-0.05271551385521889,-0.06393332034349442,0.03398578241467476,0.10173829136110843,0.0072347083082347375,-0.183137193578951,
-0.18648351430892945,-0.10871102809906007,-0.41432828903198243,-0.16636605560779572,-0.06300119310617447,0.10562455654144287,0.10146175081741766,0.003429739671608206,-0.1839828352656855,
-0.2013930082321167,-0.11327202320098878,-0.4247713088989258,-0.21903005242347717,-0.0776485800743103,0.1424427628517151,0.09746006507743221,-0.0005081512655767115,-0.18262444458232227,
-0.18222697973251345,-0.10532444715499878,-0.3733222007751465,-0.24180008471012115,-0.09049833565950394,0.15163066983222961,0.08979761293702411,-0.005013240282107312,-0.1791291856456365,
-0.13065707683563232,-0.06991435289382934,-0.24959380626678468,-0.26843172311782837,-0.105278879404068,0.1642806977033615,0.06745047699148972,-0.01603631215910551,-0.1677078272689798,
-0.1446915626525879,-0.06804189682006836,-0.18940021991729739,-0.2835451662540436,-0.11386757344007492,0.20003363490104675,0.054334220468277586,-0.022109364227258305,-0.16123899702597871,
-0.16679581403732302,-0.059108918905258184,-0.10899275541305542,-0.3126401901245117,-0.07431963086128235,0.22906208038330078,0.040084999104363805,-0.028619954134246083,-0.15389125675824622,
-0.12388122081756592,-0.05603070855140686,-0.02845395803451538,-0.2661680281162262,-0.10115097463130951,0.2346547245979309,0.02435437145310789,-0.035000310505021476,-0.144370641502774,
-0.030816715955734254,-0.04115843176841736,0.31334652900695803,-0.14173181354999542,-0.10421361029148102,0.23685182631015778,-0.011103330481387268,-0.040090563774231036,-0.12139558595474959,
-0.0007296046242117882,-0.014401628077030182,0.468558406829834,-0.11083913594484329,-0.06606382876634598,0.26734501123428345,-0.0248409663357954,-0.04480367910461144,-0.10947198998278233,
-0.0003155840560793877,0.019862240552902224,0.5069228649139405,-0.06077171117067337,0.02148759551346302,0.22353602945804596,-0.03453410039838596,-0.04900054798586151,-0.09723922674893994,
0.13251928091049195,0.07220714688301087,0.5399674415588379,0.06173370033502579,0.017958907410502434,0.1503656804561615,-0.042529995913698174,-0.051744684564502735,-0.0836951518462149,
0.30844438076019287,0.16682255268096924,0.8296363830566407,0.2693271040916443,0.04339209198951721,0.06594345718622208,-0.0522890523494413,-0.04794165605372152,-0.06144559564019166,
0.3028411149978638,0.17381316423416138,0.8298609733581543,0.3411658704280853,0.14818748831748962,0.020270243287086487,-0.0471509528395202,-0.04642949110281113,-0.055326229838945,
0.30210993289947513,0.15279121398925782,0.6787971496582031,0.42312464118003845,0.19033201038837433,0.0038918042555451393,-0.035114577140353494,-0.0444994790869775,-0.051590931865231546,
0.25880744457244875,0.09962316751480103,0.5850282669067383,0.4831789433956146,0.16816119849681854,0.00036311522126197815,-0.019552030518097,-0.038993357444152214,-0.05015374571059807,
0.1712693214416504,-0.04727730453014374,0.32599279880523685,0.5520882606506348,0.1353377252817154,-0.012553215958178043,0.02218417746578029,-0.020769945853222792,-0.049394018048619634,
0.15159231424331665,-0.09653685092926026,0.19353244304656983,0.5568819642066956,0.11103639006614685,-0.007160314358770847,0.04768907370153967,-0.012631155410188406,-0.04870882105690374,
0.08530896306037904,-0.15915963649749756,-0.09927751421928406,0.5022205710411072,0.11083664745092392,0.0038252249360084534,0.09902200396768289,-0.0030820902414298414,-0.04682956671939122,
0.0674148976802826,-0.17873338460922242,-0.21911509037017823,0.43397703766822815,0.07594923675060272,0.018272873014211655,0.12687563858060066,0.002287438395182914,-0.04508393615832473,
0.045706674456596375,-0.19595026969909668,-0.2966119050979614,0.34183165431022644,0.051181841641664505,0.02246735244989395,0.15257547400869886,0.007258734123542125,-0.04254286703012543,
0.02073372006416321,-0.19313952922821045,-0.35338227748870854,0.270791620016098,0.04811924323439598,0.009350898675620556,0.17560041868198453,0.010724838262753271,-0.039739079468741306,
0.028679376840591433,-0.1917883634567261,-0.4337946891784668,0.16979125142097473,0.03280606493353844,0.004890103824436665,0.21180423874034676,0.014059938348134475,-0.0348518061650258,
0.009936400502920151,-0.18696218729019165,-0.45876960754394536,0.09775274991989136,0.014097356237471104,0.018605384975671768,0.22441768851391344,0.0156192024299906,-0.033172033481425625,
-0.0120614193379879,-0.17869800329208374,-0.46359167098999027,0.01213211752474308,0.008904192596673965,0.023465652018785477,0.23364316152314038,0.016792049696196496,-0.03191547428366993,
0.0013286220841109754,-0.16166716814041138,-0.510161304473877,-0.09166458994150162,0.0061744521372020245,0.023265916854143143,0.2431141759698205,0.01665815915104751,-0.029894719895217907,
