-0.21615631580352784,-0.24238204956054688,-0.39712417125701904,-0.03897282853722572,-0.004083244130015373,0.11932472139596939,0.1773225085090113,0.004371169376194417,-0.19384345455907767,
-0.18453439474105837,-0.22923679351806642,-0.4057491779327393,-0.11773581802845001,0.023214157670736313,0.20807456970214844,0.1738549973308615,-0.0014054936080827875,-0.18356416264116016,
-0.16515001058578493,-0.29766948223114015,-0.39873919486999515,-0.1941019594669342,0.029539164155721664,0.22485248744487762,0.16793198749433771,-0.0055358398328872365,-0.17455386437501225,
-0.16887587308883667,-0.2387549877166748,-0.4138164520263672,-0.3040905296802521,-0.00861061830073595,0.26706358790397644,0.1592867499276809,-0.009429785800692727,-0.16421512408404665,
-0.16579300165176392,-0.22846992015838624,-0.32206263542175295,-0.4335867464542389,-0.11846601963043213,0.3371047377586365,0.12857497372134608,-0.022108708945717453,-0.14031972504653437,
-0.07371671795845032,-0.1959151029586792,-0.2572817325592041,-0.557956337928772,-0.058544889092445374,0.392098993062973,0.10651532321345769,-0.0332588034004821,-0.1267671409606879,
-0.032038825750350955,-0.14498306512832643,-0.08285088539123536,-0.6227377653121948,0.02241520956158638,0.4285843074321747,0.0785403145219761,-0.04328657808288732,-0.11023375879169217,
0.2833777904510498,-0.06507604718208314,0.5998483180999756,-0.5419107675552368,0.008833087049424648,0.32425495982170105,0.010010495030425254,-0.04837948720435378,-0.06789099844242814,
0.4327720642089844,-0.045024690032005314,1.1638792037963868,-0.1351795196533203,-0.0851765051484108,0.14236105978488922,-0.021026147563903242,-0.047227564657269544,-0.050440855764727704,
0.4173912048339844,-0.014834758639335633,1.539730167388916,0.19545193016529083,-0.027385905385017395,0.08816574513912201,-0.037215449433374743,-0.04920090463328354,-0.04016842159651578,
0.2560910701751709,0.013052561879158021,1.077471923828125,0.3228175938129425,0.22920967638492584,0.1403636932373047,-0.024239093118408283,-0.05047863883007237,-0.029685166692655054,
0.30557258129119874,-0.002321760542690754,1.011984920501709,0.5554447770118713,0.18433541059494019,0.05008253455162048,-0.009454771174089176,-0.039606362814850346,-0.02311358958673206,
0.3255346298217774,-0.06174966096878052,0.7982049942016602,0.6647011041641235,0.08180367201566696,-0.023154009133577347,0.01363246243616459,-0.02814070290778591,-0.018201773520225038,
0.13505170345306397,-0.16963552236557009,0.11984306573867798,0.6427300572395325,0.09498631954193115,-0.030078228563070297,0.07889353032022252,-0.01726203559481845,-0.01764288667476303,
0.09666376113891602,-0.20016415119171144,-0.05676408410072327,0.6000528931617737,0.1284089833498001,-0.028746647760272026,0.11130223614890997,-0.012837675141296778,-0.017702311880287012,
0.06799750924110413,-0.23912246227264405,-0.15559036731719972,0.564765989780426,0.0688207596540451,-0.01895952969789505,0.14251606169538591,-0.006450720064793799,-0.0165829337052602,
0.04921169579029083,-0.29832823276519777,-0.39874768257141113,0.4194905459880829,0.02594386413693428,-0.008573201484978199,0.20010921194832423,0.0018372862833753714,-0.014250242146296365,
0.03425884246826172,-0.2991957664489746,-0.4457061290740967,0.32954227924346924,0.03659651055932045,-0.011369520798325539,0.2434981419395695,0.004634258027607064,-0.013168137384081765,
0.04553538262844086,-0.30983164310455324,-0.49692664146423343,0.23207060992717743,0.06309496611356735,-0.028014278039336205,0.2603931357866204,0.006337113896106399,-0.012267851916812116,
0.03159709274768829,-0.3169738292694092,-0.5209927082061768,0.14132338762283325,0.010430949740111828,-0.026882434263825417,0.27384053688272425,0.009335960520517536,-0.010773252850028807,
-0.02918069064617157,-0.30658946037292484,-0.5249132633209229,0.04265326261520386,0.016223326325416565,-0.007241621147841215,0.28956398688230106,0.01283810975006082,-0.010767132101086693,
-0.05666900277137757,-0.3167152881622315,-0.534099006652832,-0.04230157658457756,0.037462037056684494,0.015661563724279404,0.29237117231475573,0.013568182537769475,-0.01058300906966865,
-0.09788323640823365,-0.31882796287536624,-0.5291277408599854,-0.14529933035373688,-0.018996980041265488,0.03982975333929062,0.29172995892208975,0.014433660421214784,-0.008948601347777679,
-0.10094126462936402,-0.33711364269256594,-0.5811470031738282,-0.26926949620246887,-0.06819888204336166,0.06646136939525604,0.2784335471264476,0.010875749916713952,-0.007406905504026895,
-0.10076988935470582,-0.3601851463317871,-0.5525207042694092,-0.3757959306240082,-0.07851862907409668,0.1095379889011383,0.26494955738198783,0.006141931764325206,-0.007755449128848666,
-0.08371853828430176,-0.4078361511230469,-0.5738136768341064,-0.5242671966552734,-0.09463075548410416,0.11606274545192719,0.247683141605469,2.962317960305139e-06,-0.007120070085626651,
-0.06654437184333802,-0.45681271553039554,-0.5785244941711426,-0.599767804145813,-0.13810686767101288,0.142694354057312,0.22517920694670238,-0.007225655915307991,-0.005692911491828786,
-0.22978191375732424,-0.5310184001922608,-0.34127273559570315,-0.7500366568565369,-0.21453958749771118,0.30421507358551025,0.16527274521287572,-0.026887758241824253,-0.0014155994264180708,
-0.07929616570472718,-0.4872968673706055,-0.22530648708343506,-0.8967768549919128,-0.10055629163980484,0.3395019471645355,0.1282579455556299,-0.04298255913846066,0.006057509027195273,
0.14791653156280518,-0.393087911605835,0.15659230947494507,-0.8375880718231201,-0.05281912535429001,0.24322867393493652,0.08002600335424831,-0.05654053877976817,0.02036407731939636,
0.39949576854705815,-0.0811599910259247,1.5213701248168947,-0.38039347529411316,-0.0892372727394104,0.10387209057807922,-0.00932413279385473,-0.06632722396262057,0.04579831801477749,
0.39582710266113286,0.04682447016239166,1.6774883270263672,-0.08564810454845428,0.03519893065094948,0.07923784852027893,-0.0333636096958389,-0.07018868975363751,0.05203090178830752,
0.38763127326965335,0.11482073068618776,1.5769532203674317,0.1453811377286911,0.13599959015846252,0.0585983507335186,-0.04387729473173851,-0.07149986696887606,0.056703409664215026,
0.4215676784515381,0.13745605945587158,1.2377339363098145,0.32734161615371704,0.15370960533618927,0.008664075285196304,-0.03640692761996174,-0.059471616277148,0.06182519445340755,
0.38999009132385254,0.09489275813102722,0.8412382125854493,0.48619917035102844,0.12421509623527527,-0.0750257670879364,-0.018368294227223404,-0.05166907841547554,0.06119632779980854,
0.3224971294403076,0.02130071669816971,0.4347398281097412,0.48313653469085693,0.09245689958333969,-0.12149792909622192,0.0055246983938125405,-0.04478252822271681,0.05840053112959025,
0.15291999578475954,-0.11469069719314576,-0.06489446163177491,0.43027278780937195,0.04325499385595322,-0.1369442641735077,0.0556995330745164,-0.03424070142418785,0.04808339623670269,
0.08519324660301208,-0.16456922292709353,-0.1915993928909302,0.3777419328689575,0.0551726408302784,-0.13508005440235138,0.07880171500233583,-0.030234847205829935,0.04188498597091063,
-0.012302692979574203,-0.23865485191345215,-0.3789023160934448,0.2982465624809265,0.0341336689889431,-0.1147068589925766,0.11896061221823313,-0.021044264682598096,0.030364028488088085,
-0.034934002161026004,-0.2350313425064087,-0.4291123867034912,0.23033596575260162,0.0010438913013786077,-0.08441340923309326,0.13525833534800952,-0.016724345766393374,0.025561391950687885,
-0.01223718672990799,-0.2262601137161255,-0.4833578586578369,0.13792428374290466,-0.003350324695929885,-0.07329471409320831,0.14892349035053518,-0.013804786394435133,0.02152409705479149,
-0.00281353909522295,-0.2078582286834717,-0.5131026268005371,0.06368865817785263,0.0033075781539082527,-0.06637048721313477,0.16586065839878406,-0.010377709745758062,0.01466626931655818,
0.009305446594953538,-0.19928267002105715,-0.48554434776306155,-0.023196974769234657,-0.006546117831021547,-0.08740946650505066,0.16915952902133274,-0.008592628164510752,0.011760780577108755,
-0.03323847055435181,-0.19675862789154053,-0.500696325302124,-0.12299893796443939,-0.02398982271552086,-0.08288209140300751,0.16801644239691477,-0.004957504784888367,0.004144236004243456,
-0.04327376484870911,-0.19741387367248536,-0.5013790607452393,-0.1982998102903366,-0.03597404807806015,-0.080418661236763,0.16293715419911703,-0.0037268993783272737,-9.40904348359892e-05,
-0.06296188235282899,-0.20664143562316895,-0.48368635177612307,-0.2602183222770691,-0.05841118097305298,-0.05678310990333557,0.1546338558534662,-0.003025878015305795,-0.004537696776297335,
-0.046092826128005984,-0.23423357009887696,-0.5180263042449952,-0.4094219207763672,-0.051353804767131805,-0.04027150943875313,0.12909549732515438,-0.005136097983160733,-0.012550932100434488,
-0.01775241792201996,-0.23193607330322266,-0.46227846145629886,-0.5188778638839722,-0.08304542303085327,-0.025757281109690666,0.10961393764534796,-0.007078634535384322,-0.015549670274267888,
-0.03245066702365875,-0.23910386562347413,-0.3053675174713135,-0.581129252910614,-0.15341944992542267,-0.020164642482995987,0.08535097088041449,-0.009194804675833437,-0.018098672504489047,
0.10604788064956666,-0.14002666473388672,0.1158499002456665,-0.6125560402870178,-0.09629440307617188,-0.022564318031072617,0.02685702754215736,-0.0225951620503402,-0.022625722862984237,
0.155012047290802,-0.05261917114257813,0.559978199005127,-0.4758693277835846,-0.010873507708311081,-0.06737200170755386,-0.004612562383884186,-0.028739875993490833,-0.024233548804347214,
0.3050015211105347,0.02250838428735733,0.9704085350036622,-0.2562251091003418,0.04804893210530281,-0.16051606833934784,-0.03251878449382033,-0.03185685136145249,-0.02584268889147907,
0.3360498666763306,0.10061842203140259,1.4812366485595705,0.16169147193431854,0.09418819844722748,-0.28821462392807007,-0.06189038140035008,-0.030724091109254743,-0.04088398083930937,
0.2511590957641602,0.0642208218574524,1.385001850128174,0.3443177342414856,0.1628977507352829,-0.3027288615703583,-0.059270756173080724,-0.029126056327753388,-0.05455247595197758,
0.047785940766334536,-0.11866419315338135,0.673389482498169,0.4664236605167389,0.20823806524276733,-0.25872012972831726,-0.026019064457231483,-0.01857733819731994,-0.08698135723900625,
-0.026492008566856386,-0.171577787399292,0.3679675340652466,0.5076361298561096,0.11809007078409195,-0.2342856377363205,-0.0024231021473654136,-0.008336237390651187,-0.10108039905791526,
-0.08274616599082947,-0.20711908340454102,0.10501277446746826,0.5043071508407593,0.052110254764556885,-0.22782747447490692,0.022990512612757957,0.00029513160487670804,-0.11315298774999269,
-0.21946179866790771,-0.22980325222015383,-0.2028820037841797,0.4688870906829834,-0.004015868064016104,-0.16557607054710388,0.070430196449593,0.012455679469130633,-0.13520614750805598,
-0.26435337066650394,-0.22666378021240235,-0.3409429550170899,0.3448503613471985,0.05357499420642853,-0.07409648597240448,0.09440753909759857,0.014791406229891951,-0.14406451254247224,
-0.2547691583633423,-0.2090090274810791,-0.4468681812286377,0.2690834403038025,0.07654475420713425,-0.022963792085647583,0.11501324683649153,0.01770509912462262,-0.1492084110773385,
-0.17935087680816653,-0.18602904081344607,-0.38819940090179444,0.21089337766170502,0.02667706459760666,-0.001991399098187685,0.1443461535584566,0.025535053984946914,-0.14985908692116562,
-0.1690582036972046,-0.1851222038269043,-0.462100887298584,0.11841510981321335,0.011563625186681747,0.02031257376074791,0.1560754175152352,0.02753219812259466,-0.14919928076986533,
-0.17261847257614138,-0.18853036165237427,-0.4909255027770996,0.061756353825330734,0.02674364298582077,0.050073400139808655,0.1645804443197681,0.027862397552106084,-0.14861098788047172,
-0.15681872367858887,-0.20484905242919924,-0.43140616416931155,0.015883401036262512,0.07255001366138458,0.06452105194330215,0.17269211877730467,0.027825256432311204,-0.14365866116499898,
-0.15007606744766236,-0.2108374834060669,-0.433736515045166,-0.06933775544166565,0.006769934669137001,0.1123247966170311,0.17426593081875613,0.02883621068308893,-0.13923776965969467,
-0.19320873022079468,-0.23249583244323732,-0.5273070335388184,-0.19164343178272247,-0.050488028675317764,0.14088718593120575,0.17405176447923407,0.02932419081606399,-0.13392633559380782,
-0.15276645421981813,-0.24204926490783693,-0.5138472557067871,-0.31315016746520996,-0.030514322221279144,0.16984906792640686,0.1586252550866718,0.019388093605880518,-0.12389383971601176,
-0.1524793267250061,-0.28246142864227297,-0.535157585144043,-0.4411812722682953,-0.03790464624762535,0.18110156059265137,0.14460451867701452,0.014080630842705078,-0.11744753432071484,
-0.2416752576828003,-0.340682053565979,-0.394841480255127,-0.531329333782196,-0.2018887996673584,0.24468454718589783,0.10285112357272538,0.0030984410032682172,-0.10198253520512922,
-0.3334131479263306,-0.34617333412170415,-0.22935826778411866,-0.6594939231872559,-0.2560175657272339,0.4275771379470825,0.07559383105187102,-0.007188469728110521,-0.0932724330225269,
-0.20200054645538332,-0.30470607280731205,-0.08185531497001648,-0.7315990328788757,-0.16507059335708618,0.5376988649368286,0.037090403446280416,-0.015610835580675731,-0.07863505654530573,
0.6672101497650147,-0.1500633478164673,1.4974459648132326,-0.15948541462421417,-0.17172850668430328,0.2354966402053833,-0.03838783126787446,-0.0344814455951164,-0.02848971761793667,
0.8944322586059571,-0.03275648653507233,2.406483840942383,0.3889926075935364,-0.15095584094524384,0.08529435098171234,-0.059770807474446595,-0.03856533847263796,-0.01015702976186298,
0.684742307662964,0.08650144934654236,2.055403137207031,0.5491151809692383,0.18899667263031006,0.10859701037406921,-0.05276851856028805,-0.04768081170502161,-0.0017844217018301992,
0.6170053005218507,0.02555978000164032,1.2885899543762207,0.8744202852249146,0.17568086087703705,-0.02935473620891571,-0.0016691198692392686,-0.03799504417061916,0.00796210549506687,
0.5368224143981933,-0.13766855001449585,0.7811639785766602,0.9461259245872498,0.031204381957650185,-0.1400756537914276,0.03879330443866007,-0.02658978507200824,0.009568102317738674,
0.3245518922805786,-0.2809509038925171,0.25981874465942384,0.9075766205787659,0.04598492756485939,-0.1388106644153595,0.08617872728105383,-0.020498997306714707,0.005914939740398022,
0.016475242376327515,-0.4690166473388672,-0.3776115417480469,0.6987848281860352,0.11975449323654175,-0.07116636633872986,0.1793753130458648,-0.011136929215772659,-0.004800960203588368,
-0.030280867218971254,-0.466694974899292,-0.43875927925109864,0.5638291239738464,0.02401384711265564,-0.043402910232543945,0.21711105832627797,-0.003729401647344357,-0.004651076302152685,
-0.02424891144037247,-0.4657277584075928,-0.4319518089294434,0.4483145475387573,-0.012404881417751312,-0.038409486413002014,0.24874524415464183,0.0008445295508075029,-0.004238244842978548,
-0.02550352215766907,-0.43486924171447755,-0.5446310997009277,0.274143785238266,0.026810165494680405,-0.01370866410434246,0.2974566831278738,0.00384363833214615,-0.006866897815270316,
-0.00719960555434227,-0.421389102935791,-0.5562571048736572,0.14644521474838257,0.0436546616256237,-0.022097621113061905,0.3136903807981658,0.005030992337732774,-0.00693950311494373,
0.037372720241546635,-0.4011375427246094,-0.5430284023284913,0.06748249381780624,0.03473307192325592,-0.03860922157764435,0.3245414432565359,0.006628226571593108,-0.005649447306103087,
0.016034169495105745,-0.3675257682800293,-0.46203131675720216,-0.011480235494673252,0.025145690888166428,-0.04413527995347977,0.33377650495741695,0.011480009313768882,-0.004070980637107071,
0.005215885862708092,-0.35327174663543703,-0.5054460525512695,-0.1066882461309433,0.03300201892852783,-0.04113922268152237,0.3345508390832888,0.014058972811629386,-0.004007086371106539,
