-0.017837624251842498,-0.1891623854637146,-0.771822738647461,-0.129518523812294,-0.02012908272445202,0.025717955082654953,0.20718369564968125,0.014340051295014745,-0.21899002261989098,
-0.020523861050605774,-0.19210458993911744,-0.8360372543334962,-0.3261929452419281,-0.07199414819478989,0.012601888738572598,0.20515194391398142,0.012440561566488971,-0.2177073209337317,
-0.005969910696148873,-0.2155625343322754,-0.8352283477783203,-0.4440378248691559,-0.12033051997423172,0.014932154677808285,0.19669389057584244,0.010735321411917098,-0.21750423162281302,
-0.011498285084962846,-0.26119260787963866,-0.8038378715515138,-0.5495656132698059,-0.14636291563510895,0.030378486961126328,0.18115702274946502,0.0076062742281640585,-0.21863159439253674,
-0.07344948649406434,-0.3867611646652222,-0.6747537136077881,-0.7048279047012329,-0.22991959750652313,0.09189751744270325,0.13512114359116625,-0.0037446366136143164,-0.22284900127355683,
-0.14049263000488282,-0.41655797958374025,-0.5560959339141845,-0.9531010985374451,-0.20182324945926666,0.197491854429245,0.10462938019884006,-0.01287677256078433,-0.22394894408269872,
-0.18002686500549317,-0.4103713035583496,-0.3855477571487427,-1.0144869089126587,-0.14476501941680908,0.20994213223457336,0.06822307418315002,-0.02557204656280852,-0.22239283883850375,
0.05246365666389466,-0.3414156198501587,0.9221106529235841,-0.39816489815711975,-0.2627430558204651,0.13084624707698822,-0.03398338221705468,-0.04560886449201334,-0.20426012162815357,
0.22172477245330813,-0.08942428827285767,1.6840190887451172,-0.2479626089334488,-0.046228062361478806,0.14203152060508728,-0.07665728438806797,-0.05406443114118989,-0.19269748553266128,
0.2468730449676514,0.15650107860565188,1.527907657623291,-0.02072838693857193,0.14725059270858765,0.1488225758075714,-0.09922051198840838,-0.06449093916669006,-0.18248971891157287,
0.2879403352737427,0.5310012817382813,1.6249017715454102,0.29705333709716797,0.10836844146251678,0.04109771177172661,-0.12179851450879618,-0.05903607068811974,-0.16856167615640005,
0.3684609413146973,0.5404503345489502,1.3056655883789063,0.4048447906970978,0.13173767924308777,-0.057505831122398376,-0.11680514258644029,-0.05025145653898736,-0.1649467725730949,
0.3585527420043946,0.46572504043579105,0.8451597213745118,0.4201579689979553,0.15377533435821533,-0.11769326776266098,-0.10168740779245686,-0.044255816321317275,-0.1643284026255184,
0.17820242643356324,0.20449421405792237,0.18769814968109133,0.40764108300209045,0.16835615038871765,-0.11736037582159042,-0.059174851770062514,-0.032590170500981175,-0.17347942492045934,
0.059411156177520755,0.08413021564483643,-0.005239189043641091,0.37341946363449097,0.1505129635334015,-0.07142084091901779,-0.03195171095529923,-0.02883830240216699,-0.18127656494435004,
0.00047753979451954366,0.0205650269985199,-0.15686676502227784,0.30291229486465454,0.10237632691860199,-0.0534445084631443,-0.010655817405166326,-0.02071732626641316,-0.18737834298804812,
0.001255161128938198,-0.02852838933467865,-0.4213431358337403,0.22807744145393372,0.04471889138221741,-0.05457635223865509,0.026363485845004385,-0.006221167284775268,-0.19423391701850515,
0.008013501018285752,-0.020581401884555817,-0.4528225898742676,0.16615894436836243,0.039658885449171066,-0.058637674897909164,0.040252533968722186,-0.0019125013710711684,-0.19649926123755448,
0.012704353034496308,-0.011482074856758118,-0.4903592109680176,0.10038003325462341,0.03806079924106598,-0.055173374712467194,0.05183460862337691,0.0007540836896510755,-0.19891430044539324,
-0.01938133090734482,-0.032068082690238954,-0.5558477401733398,0.0071693966165184975,-0.013338211923837662,-0.05290968716144562,0.06775734725257604,0.005753409350035753,-0.20396208446961492,
-0.018018215894699097,-0.0473331093788147,-0.5768336296081543,-0.06313806027173996,-0.03617481887340546,-0.06389522552490234,0.07120817827516987,0.007537494582924905,-0.20635260689791682,
-0.01628200560808182,-0.053952223062515264,-0.577877426147461,-0.14929132163524628,-0.0526864193379879,-0.06975418329238892,0.07150489113984435,0.0074789891351414095,-0.20913937986048703,
-0.03725207448005676,-0.07276554703712464,-0.64219388961792,-0.2696661949157715,-0.11333991587162018,-0.04358862340450287,0.06315546251413394,0.004958173401812843,-0.2165265760970855,
-0.035004064440727234,-0.07016934156417846,-0.6378681182861329,-0.4058203101158142,-0.12891940772533417,-0.03373492881655693,0.05346724841027476,0.0021853722571302543,-0.22027891311993142,
0.006178645789623261,-0.0644550383090973,-0.6439701557159424,-0.5253962874412537,-0.13837362825870514,-0.02048570103943348,0.039649432474046585,-0.0031481042024680186,-0.22334909879071943,
0.051685786247253424,-0.024816356599330902,-0.5173330783843995,-0.6321890354156494,-0.17152999341487885,-0.03546598553657532,-0.002870464964778524,-0.016298019708910757,-0.22738193824407246,
0.0970162868499756,0.004294981062412262,-0.2242527723312378,-0.606289803981781,-0.1886408030986786,-0.1503148078918457,-0.0322227327933002,-0.02404680539534651,-0.22801233184755976,
0.19831851720809937,0.006208552420139313,0.14495041370391845,-0.39889609813690186,-0.18897369503974915,-0.17062141001224518,-0.06433486651701834,-0.03418286066654033,-0.2284277644863766,
0.06358814835548401,0.00496552437543869,1.1880343437194825,-0.1301831305027008,-0.02878454700112343,-0.10370948910713196,-0.12088196886767733,-0.05700109559323048,-0.23691120487006723,
-0.012267181277275087,0.07796838283538819,1.3209032058715822,0.08846239000558853,0.06868714839220047,-0.14339058101177216,-0.135371897124574,-0.06708996159489505,-0.24147758867448432,
0.022697363793849946,0.19891053438186646,1.3888174057006837,0.33280742168426514,0.07807479053735733,-0.19572170078754425,-0.14196006722974433,-0.07147503938661134,-0.2464961599493886,
0.00478757843375206,0.19410566091537476,1.1794365882873536,0.4654994308948517,0.14012645184993744,-0.20777250826358795,-0.12609267187450188,-0.07222725112162778,-0.2658962708607494,
-0.052818357944488525,0.12759932279586791,0.7444399833679199,0.5135028958320618,0.14005985856056213,-0.1810077279806137,-0.10330815328238985,-0.07150882093204274,-0.27913105576468533,
-0.1388643741607666,0.07236281037330627,0.4328295230865479,0.5188958048820496,0.13533274829387665,-0.16436298191547394,-0.07715349868006577,-0.06792723664790815,-0.2926339029227918,
-0.17758671045303345,-0.043842738866806036,-0.07484664916992188,0.4498533606529236,0.1031750813126564,-0.12208530306816101,-0.023145094140567004,-0.044575347817331225,-0.31338213951346405,
-0.2407094717025757,-0.09958315491676331,-0.3690417289733887,0.39013198018074036,0.07361399382352829,-0.0756797194480896,0.02657595861814077,-0.03284616271724293,-0.3272188382616041,
-0.24157998561859131,-0.10740845203399658,-0.4493585109710694,0.3144316077232361,0.06902004033327103,-0.03053913451731205,0.04685533046806337,-0.028642666160955996,-0.33070181965184475,
-0.23538062572479249,-0.11181451082229615,-0.632779884338379,0.20270967483520508,0.09791573137044907,0.005342586897313595,0.07775642233478326,-0.02060031676453846,-0.3319320503046224,
-0.2211077928543091,-0.11609041690826416,-0.6397497653961182,0.09718190133571625,0.02174931764602661,0.025848928838968277,0.08637252966789934,-0.016578750870235963,-0.3302732000904308,
-0.21850526332855225,-0.11494349241256714,-0.6346723079681397,0.03160155937075615,-0.0028183436952531338,0.046288687735795975,0.0916684732617505,-0.015398376547566359,-0.32865638103603273,
-0.2214657783508301,-0.12871185541152955,-0.6936209678649903,-0.0866427943110466,-0.0050154514610767365,0.07558345794677734,0.09450080342331194,-0.015982702258247244,-0.32679039175850866,
-0.20486052036285402,-0.14965585470199586,-0.7588783264160157,-0.2502274811267853,-0.02159363031387329,0.09981822967529297,0.08544151989699492,-0.018534417184574874,-0.31978885252971795,
-0.22035117149353028,-0.1618549466133118,-0.6893742084503174,-0.3732655346393585,-0.05668077990412712,0.13836748898029327,0.07203412665624118,-0.021039327644270366,-0.31504805980710754,
-0.21915757656097412,-0.17206794023513794,-0.6575199127197267,-0.4785935580730438,-0.08264659345149994,0.15021854639053345,0.05425469270850614,-0.024819574293182,-0.3091226274713682,
-0.3262929201126099,-0.16301554441452026,-0.41790418624877934,-0.6249342560768127,-0.18810777366161346,0.26746422052383423,0.004911995503208368,-0.03554300809910877,-0.2938642603074436,
-0.24006586074829103,-0.11872222423553468,-0.19231271743774414,-0.7464409470558167,-0.16473853588104248,0.3442298471927643,-0.027599313537898053,-0.04426487210257682,-0.28071819382453933,
-0.039546751976013185,-0.1256653904914856,0.4513583183288574,-0.5746670961380005,-0.24410073459148407,0.3237234950065613,-0.06716547431449091,-0.05017976666789803,-0.26290370885027375,
0.5059555530548095,0.00015844288282096386,1.976141166687012,-0.04349958524107933,-0.2449662685394287,0.19555887579917908,-0.1303136503955723,-0.0630657905907802,-0.22342896087607086,
0.572393798828125,0.13373225927352905,2.027658271789551,0.285134494304657,0.10550573468208313,0.1361037939786911,-0.13667588959178928,-0.07014462526625058,-0.208863983791102,
0.5065303325653077,0.23644814491271973,1.7781566619873048,0.5039797425270081,0.2697561979293823,0.10288086533546448,-0.12824177464669767,-0.0675721476956888,-0.20208462927348822,
0.5391514778137207,0.13320096731185913,0.8904424667358399,0.6999218463897705,0.20990166068077087,-0.06263460218906403,-0.07892855379155236,-0.041482142177711206,-0.20115667847274107,
0.34803209304809574,0.006086163595318795,0.4378698825836182,0.791334867477417,0.09119124710559845,-0.14998628199100494,-0.04243207033827112,-0.032070170215063636,-0.2062062581561235,
0.14696027040481568,-0.12923200130462648,0.06064342856407166,0.7707619071006775,0.11922101676464081,-0.14565865695476532,-0.00211988769142461,-0.02688757993022544,-0.2133700881491896,
-0.03996754884719849,-0.2831648111343384,-0.47002859115600587,0.6591088771820068,0.13879525661468506,-0.09492543339729309,0.07498456397704752,-0.014992087192174281,-0.22575041943342133,
-0.05328453183174134,-0.313989520072937,-0.5950466632843018,0.526017427444458,0.0686209574341774,-0.06403276324272156,0.10888493868949004,-0.006833719261574132,-0.22849134760770726,
-0.06441797018051147,-0.32514119148254395,-0.6875437736511231,0.38919752836227417,0.0878622978925705,-0.03260745853185654,0.13790266245906524,-0.001420386697801094,-0.23022403897592256,
-0.1037613868713379,-0.2951267957687378,-0.721432113647461,0.2592380940914154,0.07121707499027252,0.020794197916984558,0.17878565922893278,0.007502441372942383,-0.22907299383312874,
-0.03008542060852051,-0.2764997959136963,-0.7245817184448242,0.17155350744724274,0.042721252888441086,0.011672870256006718,0.19228702955001648,0.010122516886170104,-0.22628149259033603,
-0.0225213959813118,-0.2470101594924927,-0.7217504024505615,0.08233760297298431,0.04751494154334068,0.030048679560422897,0.20241557019937367,0.011726086126241656,-0.2242531285730936,
-0.005115767568349839,-0.23414363861083987,-0.8421329498291016,-0.11746606230735779,0.034598611295223236,0.04456290975213051,0.22655426693364256,0.017101980222053333,-0.21778734819381396,
