-0.03512900173664093,-0.12471879720687867,-0.40410709381103516,-0.08299127221107483,0.005905193276703358,0.0339522659778595,0.22330148835399588,0.015481541348034932,-0.10856638680384102,
-0.04278400540351868,-0.11081342697143555,-0.4000924110412598,-0.15283268690109253,-0.0064785061404109,0.05632282793521881,0.21965704889745044,0.014738457123440017,-0.10713246457797104,
-0.040013244748115545,-0.09635103940963746,-0.3892868041992188,-0.21488434076309204,-0.021658524870872498,0.05845335125923157,0.2133990942739437,0.01326864648794128,-0.10530478983258512,
-0.002805070392787457,-0.06715182065963746,-0.3360043048858643,-0.27334070205688477,-0.058343566954135895,0.03754753619432449,0.19297845360711152,0.008134327044863257,-0.10183538068881101,
-0.007835723459720612,-0.08117784261703492,-0.3002734422683716,-0.3114905059337616,-0.11520205438137054,0.02616252191364765,0.17943017629208002,0.00471570826831963,-0.10158384199156292,
-0.022905689477920533,-0.09721712470054628,-0.2622499227523804,-0.3453126549720764,-0.14729315042495728,0.05172886699438095,0.16438732638026182,5.864010276775156e-05,-0.1027456729191129,
0.02227865159511566,-0.11152684688568115,-0.19119482040405275,-0.4530375003814697,-0.04569355398416519,0.07736179977655411,0.12962803922059174,-0.014360376731309504,-0.10471881409581778,
0.03727184534072876,-0.12120698690414429,-0.12480152845382692,-0.5023725628852844,-0.03244432434439659,0.07709547877311707,0.10804173185925284,-0.019562312892182285,-0.10268570627721706,
0.05182132720947266,-0.11123343706130982,0.23471975326538086,-0.38938796520233154,-0.13018234074115753,0.04467149078845978,0.05696451835934947,-0.025586257848630924,-0.09615995897462813,
0.04053874313831329,-0.09028371572494508,0.36249005794525146,-0.27374017238616943,-0.18604214489459991,0.04753439128398895,0.03581418876952276,-0.03170294903216514,-0.0944881071142808,
0.017441406846046448,-0.0686794638633728,0.38151252269744873,-0.24085016548633575,-0.10634704679250717,0.10991894453763962,0.019922342870021446,-0.040726362642752256,-0.09320996476870455,
0.06473819613456726,0.01140207126736641,0.4595228672027588,-0.21734775602817535,0.11056742817163467,0.11484578996896744,-0.006708847304487923,-0.052636711671731416,-0.08374674685875144,
0.05551214218139649,0.06186162829399109,0.5628840446472169,-0.0990368202328682,0.10450873523950577,0.10765525698661804,-0.01902702174818023,-0.048203872347017326,-0.07786567921149987,
0.04658531844615937,0.10592559576034546,0.6343560695648194,0.026198331266641617,0.0270773246884346,0.08322075009346008,-0.02797423383301294,-0.04122376840755854,-0.07266610675229386,
0.10017101764678955,0.1815790057182312,0.49317045211791993,0.11161943525075912,0.005772001575678587,0.056389790028333664,-0.02909304499003855,-0.035797384767792144,-0.06411925239853981,
0.12447662353515626,0.1815340518951416,0.3950830936431885,0.16148711740970612,0.07301681488752365,0.03741476312279701,-0.02373478121988317,-0.035097062613789136,-0.06110943464629889,
0.13692619800567626,0.16730194091796877,0.32149260044097905,0.20269954204559326,0.10224501043558121,0.00046340469270944595,-0.01650158044107609,-0.03241208582020437,-0.05854848190806147,
0.12034614086151124,0.08842063546180726,0.16274743080139162,0.23199431598186493,0.0961863175034523,-0.03142794966697693,0.003242586639259121,-0.02261810078534719,-0.05702566537807259,
0.08889788389205933,0.052874982357025146,0.08448222279548645,0.23818616569042206,0.09658579528331757,-0.03196058049798012,0.014943057039665865,-0.017681105742200335,-0.057792307999074116,
0.07119157910346985,0.0283251166343689,0.013502337038516998,0.2305295765399933,0.09818369150161743,-0.02769952267408371,0.027228302313195722,-0.012875852621837335,-0.0587413216130372,
0.08226919770240784,-0.0006643655709922315,-0.11218034029006958,0.19730663299560547,0.09185868501663208,-0.036887429654598236,0.051692050721278054,-0.005938580671398301,-0.06009457480077419,
0.08532962203025818,-0.007169359177350999,-0.14602235555648804,0.17187345027923584,0.06842286884784698,-0.042480070143938065,0.0620408219538584,-0.000984455840119123,-0.06095835273856767,
0.09299290180206299,-0.015523841977119446,-0.17799618244171145,0.1517000049352646,0.050779424607753754,-0.0583258792757988,0.07122696231351389,0.0032280961232354502,-0.062115909085201,
0.08067204356193543,-0.01497938334941864,-0.2313851594924927,0.10655942559242249,0.020019913092255592,-0.07310641556978226,0.08682183183396848,0.009860874347663447,-0.06615159856514687,
0.08192445039749147,-0.021382372081279757,-0.26542718410491944,0.04617224633693695,0.009500428102910519,-0.07790011167526245,0.09263455420268678,0.01204291311177003,-0.06923014121597046,
0.07740129232406617,-0.022245223820209506,-0.26021485328674315,0.015612471848726273,-0.0026835347525775433,-0.08162853121757507,0.0960150665821604,0.013857039340870994,-0.07273203244003455,
0.08126626014709473,-0.02876463532447815,-0.24930303096771242,-0.028462843969464302,-0.02205803245306015,-0.0956101268529892,0.0977871437763405,0.01629454724487421,-0.08059504968215157,
0.07327698469161988,-0.02900567650794983,-0.26796457767486576,-0.06980841606855392,-0.02884909324347973,-0.1094585657119751,0.09672533449526824,0.016813949012276314,-0.08536236238608948,
0.06431906819343568,-0.03234836459159851,-0.269960880279541,-0.09870371967554092,-0.055347543209791183,-0.11098988354206085,0.09387276513913041,0.017112190613193492,-0.09076911387157638,
0.04560761749744416,-0.035799634456634526,-0.26447405815124514,-0.15116800367832184,-0.0885704830288887,-0.0992053970694542,0.0837869539405369,0.01539026418537026,-0.1029202165412021,
0.05470854043960571,-0.03390676379203796,-0.26331064701080326,-0.19517673552036285,-0.09409654140472412,-0.09221459925174713,0.07651466327778042,0.012424159475874693,-0.10898706525317019,
0.06057280898094178,-0.029181838035583496,-0.2512297868728638,-0.24690864980220795,-0.10108733922243118,-0.0962093397974968,0.06756349523504435,0.009021611296914277,-0.11477657386219302,
0.10341366529464723,-0.0019913125783205033,-0.15712897777557375,-0.29251524806022644,-0.10281839966773987,-0.13762149214744568,0.04348326054342444,0.0007673400517444988,-0.12624419634839434,
0.10861197710037232,-0.004746023565530777,-0.07828800678253174,-0.3062978982925415,-0.09689273685216904,-0.16858215630054474,0.02890655395688964,-0.0036907426667364654,-0.13336804136249533,
0.07423854470252991,-0.013552221655845643,0.03578923344612122,-0.2719431221485138,-0.09582746773958206,-0.16638505458831787,0.013173209797235096,-0.01045921779702161,-0.14169350811580034,
0.04768298268318177,0.009113134443759918,0.25685763359069824,-0.18539036810398102,-0.09782484173774719,-0.1954800933599472,-0.014473711867372332,-0.02036118157985205,-0.1587418886595837,
0.056263089179992676,0.009143765270709992,0.36451048851013185,-0.14584241807460785,-0.042897142469882965,-0.21838326752185822,-0.032724853626692904,-0.03169072274442532,-0.1787363378851841,
-0.0014975781552493573,0.02179059386253357,0.4240601062774658,-0.0745362937450409,0.009900025092065334,-0.20313668251037598,-0.03927604358596731,-0.03547663290496313,-0.19043133782726424,
-0.037378358840942386,0.03828368782997132,0.45813856124877933,0.008221441879868507,0.022616621106863022,-0.1978103518486023,-0.04343712876495733,-0.03729179446585435,-0.20098616649614184,
-0.09271060228347779,0.04210824370384217,0.4231922149658203,0.07207073271274567,0.05643876641988754,-0.17836928367614746,-0.04222262357578241,-0.03798139001258143,-0.2214690229104128,
-0.11230111122131348,0.019400446116924288,0.3893866539001465,0.12852975726127625,0.08133932203054428,-0.14980687201023102,-0.03806772475475637,-0.036677734120058765,-0.2310881521816299,
-0.13030048608779907,-0.01184128224849701,0.30501344203948977,0.16155295073986053,0.08613301068544388,-0.114187091588974,-0.03166083556461273,-0.03392709235791982,-0.23982850063415243,
-0.15062391757965088,-0.022946651279926303,0.1583444118499756,0.1939103603363037,0.07934195548295975,-0.06878019869327545,-0.01471732340154624,-0.026206684566774944,-0.25299397578359667,
-0.15113527774810792,-0.01849071979522705,0.08629454374313356,0.20263221859931946,0.058369558304548264,-0.0492059662938118,-0.004841346077966227,-0.022126297160560752,-0.2571525902011779,
-0.15329415798187257,-0.007789486646652222,0.03314964771270752,0.21321827173233032,0.027676627039909363,-0.036555949598550797,0.00545086383292753,-0.018502269697998914,-0.2600792380755738,
-0.15304156541824343,-0.006887286901473999,-0.029836344718933108,0.22240617871284485,-0.011538422666490078,-0.019045665860176086,0.027166293402928334,-0.0021270501989126022,-0.2639603827802972,
-0.15395735502243044,-0.01326448917388916,-0.0795417606830597,0.20795853435993195,-0.03184502571821213,0.00858463067561388,0.03851845800548379,-0.0009374604906237497,-0.26468617067365635,
-0.15774216651916506,-0.02733922004699707,-0.12048559188842774,0.18392351269721985,-0.030380286276340485,0.03395123779773712,0.04955731651985068,-0.002067895891222533,-0.2647195578037683,
-0.13342546224594118,-0.05023279190063477,-0.19213716983795168,0.14710530638694763,-0.02139211818575859,0.05279310420155525,0.068881481770357,-0.005649267107988573,-0.2619710752954936,
-0.13778269290924072,-0.05878323912620545,-0.21337807178497314,0.11521393805742264,-0.029181864112615585,0.07849261164665222,0.07658211027366275,-0.007277286045677938,-0.25959081182494104,
-0.14614298343658447,-0.06674481630325317,-0.2218479871749878,0.08085916191339493,-0.03137897327542305,0.1024610623717308,0.0829579475921078,-0.009360284162559202,-0.2565545260359642,
-0.1255597710609436,-0.07825669646263123,-0.2766799688339234,0.03212379291653633,-0.044361960142850876,0.11937302350997925,0.09170504188714387,-0.015104935307141328,-0.247953861550699,
-0.11434141397476197,-0.07618037462234498,-0.28256931304931643,-0.028063645586371422,-0.050021179020404816,0.1353520005941391,0.09315947267077665,-0.018974053172271275,-0.24279531156925097,
-0.10443326234817506,-0.07385022640228271,-0.2779938936233521,-0.07020816951990128,-0.04522748664021492,0.15193018317222595,0.09263573750646774,-0.02343490869236261,-0.23724383336307273,
-0.09805668592453004,-0.07939097285270691,-0.2556875467300415,-0.12400402128696442,-0.05667908117175102,0.170905202627182,0.08554197345519154,-0.0321755012744325,-0.22414762426774706,
-0.10796238183975221,-0.09016717672348024,-0.2348040819168091,-0.17074249684810638,-0.06473514437675476,0.18988022208213806,0.07912306428298643,-0.03677101419432714,-0.21668316016844122,
-0.08587760329246522,-0.08580600023269654,-0.19337900876998904,-0.20183490216732025,-0.028050100430846214,0.19900155067443848,0.07071295600570865,-0.04215165393327693,-0.20851690825184982,
-0.03143772482872009,-0.0660367727279663,-0.08878626823425294,-0.2558305263519287,0.03213734179735184,0.21038655936717987,0.04826006498267254,-0.04970969958833592,-0.18943078385692616,
0.016796143352985383,-0.05444135069847107,-0.018927761912345888,-0.2653513252735138,0.047650255262851715,0.19340890645980835,0.03433009052863611,-0.05022957458312537,-0.17859060787941197,
0.05824515223503113,-0.0327253669500351,0.11866345405578614,-0.2213425636291504,0.036997612565755844,0.1708386242389679,0.018983970380546382,-0.04894761273009205,-0.16783810646602781,
0.09536201357841492,0.0327598124742508,0.3373567342758179,-0.1420469433069229,0.03286971151828766,0.15905413031578064,-0.007500459413009766,-0.04509431043037726,-0.14979217201893075,
0.1234359622001648,0.062420505285263064,0.3877943515777588,-0.10030189156532288,0.08220476657152176,0.14607122540473938,-0.016681747817055354,-0.043280228874478445,-0.14209546978848475,
0.14716848134994506,0.08677339553833008,0.4332901954650879,-0.044575247913599014,0.10817059129476547,0.13102436065673828,-0.023771155668005223,-0.03995237001539274,-0.135200058213338,
0.19806673526763918,0.11108735799789429,0.5835108280181885,0.09404229372739792,0.09605320543050766,0.09513826668262482,-0.031334187861750594,-0.028568089616106802,-0.12413128803649316,
0.216532301902771,0.10877487659454346,0.6010621547698975,0.19903741776943207,0.07954160869121552,0.06824034452438354,-0.02909478908388144,-0.022801252138650387,-0.12002698061805481,
0.22949182987213135,0.10102380514144899,0.5544406414031983,0.26501721143722534,0.10670585185289383,0.04467136412858963,-0.022060635521359288,-0.018108012803378155,-0.1167074142249636,
0.22177128791809084,0.0679967761039734,0.3649710893630982,0.3172151744365692,0.15364407002925873,0.018772123381495476,0.002657703667526831,-0.007815039605061663,-0.11176027989830084,
0.19517718553543092,0.032170966267585754,0.2722645282745361,0.3522357642650604,0.13806457817554474,0.001994207501411438,0.018198296275765965,-0.0004400513640407785,-0.11017520108670036,
0.16949896812438967,-0.009032747149467469,0.19111346006393434,0.3774026334285736,0.09492136538028717,-0.022307138890028,0.035196463318693805,0.007159792352602719,-0.10897156010658936,
0.12127900123596191,-0.07232012748718263,0.02101104557514191,0.3856584131717682,0.04551972821354866,-0.03595583885908127,0.07242893798719367,0.017216765365445395,-0.10831415555001626,
0.09555090069770814,-0.08020481467247009,-0.055812901258468633,0.3632885813713074,0.052244096994400024,-0.044410087168216705,0.0890527100103432,0.01612647690813413,-0.10909659255772376,
0.08049378991127015,-0.0960412323474884,-0.11617672443389893,0.33732277154922485,0.07874254882335663,-0.04294534772634506,0.108160951612196,0.018847621972151323,-0.11001140476766386,
0.02479550987482071,-0.12963236570358277,-0.21208543777465821,0.29344719648361206,0.0587022639811039,-0.020574796944856644,0.14320465369449537,0.026972215857550448,-0.111045621787585,
0.012857525050640107,-0.12342889308929444,-0.23509874343872073,0.264019250869751,0.028342224657535553,-0.015514790080487728,0.15870329267860267,0.03072142263778779,-0.11061420538763622,
0.02729141414165497,-0.11895203590393066,-0.26152901649475097,0.2280665636062622,0.021750900894403458,-0.02916349098086357,0.17294584290603704,0.0328672053229076,-0.11027619001631593,
0.015810163319110872,-0.12662711143493652,-0.3367142677307129,0.14291198551654816,0.02501327358186245,-0.0335577055811882,0.19717403380363827,0.036374574963572805,-0.11105109540972238,
-0.04734731316566468,-0.14584758281707763,-0.3550325155258179,0.04177844151854515,0.0011114024091511965,0.009851820766925812,0.21161741634702097,0.04012789211751308,-0.11225830246276643,
-0.06756418943405151,-0.1448643445968628,-0.3577619791030884,-0.010419514961540699,-0.023323101922869682,0.04307475686073303,0.21738903017233585,0.040369324219981816,-0.11168206487019863,
-0.06844223737716675,-0.13442462682724,-0.37070066928863527,-0.08205854892730713,-0.0411662794649601,0.07350137084722519,0.21765733654718417,0.038546804621722094,-0.11085412196604026,
