-0.021953384578228,-0.2322164058685303,-0.6387640476226807,-0.06021925061941147,0.03113832138478756,-0.013980899006128311,0.21808939713554035,0.00826924849850144,-0.06800330657067788,
-0.05140224099159241,-0.21654205322265627,-0.6160063266754151,-0.12559986114501953,0.003374864812940359,0.006592020392417908,0.21641305443189884,0.010660063423700909,-0.0673312070990187,
-0.05643165111541748,-0.17996950149536134,-0.6484272480010986,-0.23399052023887634,-0.004947513807564974,0.027897309511899948,0.20402231731716952,0.010941998503966354,-0.0669918481486043,
-0.03329390585422516,-0.20027313232421876,-0.6443867206573487,-0.36022433638572693,-0.023589640855789185,0.010919657535851002,0.19206001196166947,0.009900416248636437,-0.06629720150735613,
-0.024216991662979127,-0.25427536964416503,-0.6517741680145264,-0.4726763367652893,-0.04256466403603554,-0.002329569309949875,0.17557311037490828,0.008606217356659642,-0.06632039197860667,
-0.19462811946868896,-0.3298836708068848,-0.46004433631896974,-0.5031695365905762,-0.11506922543048859,0.06404972821474075,0.12919579772334455,0.004065192884742302,-0.06847943689423512,
-0.14703649282455444,-0.34871644973754884,-0.5217271327972413,-0.6780726313591003,-0.1650700718164444,0.16138826310634613,0.10275155226719833,-0.0037278940582040152,-0.0671095045394486,
0.0008556206710636616,-0.347284483909607,-0.4677739143371582,-0.879673957824707,-0.13664083182811737,0.17643511295318604,0.07014850161235694,-0.01380131852234767,-0.062327430295900085,
0.09680593013763428,-0.3090951204299927,-0.13836615085601808,-0.8893945217132568,-0.1229921355843544,0.12676715850830078,0.028196634876420323,-0.02281891322962507,-0.05506256488098376,
0.09769659042358399,-0.15553114414215088,1.2101993560791016,-0.5491756796836853,-0.18124878406524658,0.1462082415819168,-0.0612760444521438,-0.035432552493100115,-0.04108271301396766,
0.14406176805496215,-0.0691949486732483,1.628168296813965,-0.22313813865184784,-0.09502893686294556,0.17044299840927124,-0.09307940307360699,-0.042340953376109824,-0.03247053973847519,
0.21543633937835693,0.05686074495315552,1.9305320739746095,0.07926381379365921,0.018887778744101524,0.18309302628040314,-0.11310689890414292,-0.04656643954165089,-0.022095149511369212,
0.4204122543334961,0.2996276617050171,1.4056956291198732,0.3745418190956116,0.12341685593128204,0.09507555514574051,-0.11144776788959981,-0.03952721625413568,-0.0052244758648218375,
0.4805393695831299,0.31850709915161135,0.9262504577636719,0.48819220066070557,0.09918208420276642,-0.045605938881635666,-0.09474955443173055,-0.032020722458194505,-0.0011653325680712435,
0.26750941276550294,0.1521698236465454,0.12202779054641724,0.49285274744033813,0.12022105604410172,-0.11118628084659576,-0.04609951660331531,-0.021942157915295687,-0.005599446575006242,
0.15479494333267213,0.05056273341178894,-0.13517773151397705,0.42607396841049194,0.07867574691772461,-0.10765758901834488,-0.02021212910160694,-0.017111755369712895,-0.011336888652728305,
0.07976682782173157,-0.020460115373134614,-0.31509640216827395,0.35090625286102295,0.033402007073163986,-0.10446179658174515,0.0033724489715077975,-0.012139532523134813,-0.017114744310002077,
-0.0074929863214492805,-0.08293825387954712,-0.4495813846588135,0.2638208866119385,0.017556197941303253,-0.07516702264547348,0.040468268620865444,-0.007255417007244793,-0.027329932236775614,
-0.016327506303787234,-0.07769660949707032,-0.48218393325805664,0.18479156494140625,0.013494877144694328,-0.05039962753653526,0.05441027908560749,-0.005794023131620061,-0.03112294557885933,
0.013813085854053497,-0.06892647743225098,-0.4925533771514893,0.13465756177902222,-0.009474887512624264,-0.07004044204950333,0.06532954051271087,-0.004455737248928007,-0.03381912423807852,
0.045420441031455996,-0.0461086392402649,-0.4903601169586182,0.053963784128427505,-0.011405679397284985,-0.09294362366199493,0.07971689238464952,-0.003179858166117452,-0.040836970281416994,
0.015502633154392244,-0.04865301847457886,-0.5319555282592774,-0.049899499863386154,-0.012870417907834053,-0.08162518590688705,0.08330107712608616,-0.0025286668041392384,-0.04577685882202189,
0.010677646845579147,-0.06112163066864014,-0.5375893592834473,-0.12040669471025467,-0.027318065986037254,-0.07636544853448868,0.08300121667472612,-0.001907661466954305,-0.050393845694370755,
0.018130312860012054,-0.09481250047683716,-0.5060202121734619,-0.1922454684972763,-0.07651997357606888,-0.0722375437617302,0.07187887635793475,-0.0026679593131338974,-0.05920803330949475,
0.03492764532566071,-0.08975436091423035,-0.5404410362243652,-0.2793973982334137,-0.12112791836261749,-0.06198437884449959,0.06252451505723403,-0.005389692932586475,-0.06396578798845122,
0.11962941884994507,-0.08270314335823059,-0.6043698310852051,-0.413154661655426,-0.1362413614988327,-0.07936150580644608,0.050061721732908036,-0.010220786433250964,-0.06839839889308487,
0.18738864660263063,-0.08252002596855164,-0.5721969604492188,-0.5749417543411255,-0.13484320044517517,-0.10013415664434433,0.010297997151161737,-0.023151786835643857,-0.07833244053321009,
0.112714421749115,-0.07743467688560486,-0.43339214324951175,-0.7499780058860779,-0.18883879482746124,-0.06484727561473846,-0.017728878941792345,-0.030132111380092516,-0.08368871570155803,
0.12337594032287598,-0.03445515334606171,-0.10382715463638306,-0.7457835078239441,-0.1909027397632599,-0.12177234143018723,-0.052206079198266045,-0.03871680631311583,-0.08695797868286985,
0.30298876762390137,-0.1530070424079895,1.3624539375305176,-0.35563039779663086,-0.1476929485797882,-0.26518356800079346,-0.12494181095139474,-0.06090903175155519,-0.09368121796751684,
0.1404331684112549,-0.13610168695449829,1.7310596466064454,-0.014745775610208511,0.026344630867242813,-0.24394486844539642,-0.14375819237058596,-0.07329761163248395,-0.10265313714722113,
-0.15080738067626953,-0.015423457324504853,1.7855470657348633,0.2085602730512619,0.2423269897699356,-0.14793790876865387,-0.14831077871189266,-0.08229919379590189,-0.11524438502552552,
-0.10425958633422852,0.03869861662387848,1.030732536315918,0.442384272813797,0.27328649163246155,-0.11292029917240143,-0.12466354394454052,-0.07124412335215279,-0.1407359882169744,
-0.038399708271026615,0.008638768643140794,0.5518082618713379,0.5015064477920532,0.15897031128406525,-0.12204162776470184,-0.10183438640946536,-0.05936338908372691,-0.15146832578498415,
-0.05527433753013611,0.00968211367726326,0.11232444047927857,0.44131898880004883,0.1479181945323944,-0.1049308180809021,-0.07539553013135837,-0.050989313547362386,-0.16100971688893703,
-0.1233299732208252,0.01684011071920395,-0.31842653751373295,0.33785519003868103,0.1400618553161621,-0.07849893718957901,-0.02715272291707232,-0.03610631065976289,-0.17465795702163397,
-0.10331958532333374,-0.005694961547851563,-0.31108729839324956,0.3236738443374634,0.03519989922642708,-0.09041658788919449,-0.00896501540543448,-0.028827194135822052,-0.1792068788249879,
-0.12881042957305908,-0.022202329337596895,-0.31736810207366944,0.2869888246059418,0.006570916622877121,-0.07716736197471619,0.007978335703264793,-0.024958671975137403,-0.18367345259738332,
-0.2172705173492432,-0.03700494468212128,-0.46211032867431645,0.1703423410654068,0.03466726839542389,-0.004862532019615173,0.03799985868892533,-0.02281792171102763,-0.19133436149094404,
-0.18023617267608644,-0.03393720090389252,-0.41486072540283203,0.11128673702478409,0.02028619684278965,0.01198196318000555,0.04749016370660637,-0.021091444406295446,-0.1918719642573888,
-0.11840776205062867,-0.03356446027755738,-0.3600749254226685,0.08891618251800537,-0.017064638435840607,0.005590375512838364,0.05405126462349844,-0.019620472749165882,-0.19102000229887742,
-0.13464559316635133,-0.04993630647659302,-0.39216897487640384,0.01634504646062851,-0.026518860831856728,0.025031451135873795,0.06325179288743621,-0.020532090417572448,-0.19037822010467847,
-0.14954857826232912,-0.05726140737533569,-0.42918081283569337,-0.05303030088543892,-0.0013519879430532455,0.044405948370695114,0.0648845582790532,-0.022131914579211757,-0.1896584816243808,
-0.15529351234436037,-0.06560841202735901,-0.4498410224914551,-0.10582747310400009,-0.00661173090338707,0.05852070078253746,0.06363428848017101,-0.023193955004404077,-0.18795824019234234,
-0.2055539608001709,-0.0981354832649231,-0.546837329864502,-0.21168813109397888,-0.061539426445961,0.08754915744066238,0.05314951654693609,-0.025078585272356246,-0.18247226653525098,
-0.2368569850921631,-0.10292083024978638,-0.6138850212097169,-0.3548996150493622,-0.04549388214945793,0.1284952610731125,0.04289764274816678,-0.02854081666256681,-0.17877664581745253,
-0.27028756141662597,-0.12987935543060303,-0.6306499481201172,-0.46595340967178345,-0.10761211812496185,0.20339667797088623,0.027647420274874587,-0.0318493399138086,-0.1734741573794975,
-0.30570852756500244,-0.0932364583015442,-0.24746882915496826,-0.6105630993843079,-0.1837119460105896,0.3632529079914093,-0.019946117364780608,-0.04162118999331525,-0.15432313927166072,
-0.05397469997406006,-0.029935368895530702,0.23707499504089358,-0.59771329164505,-0.17991694808006287,0.3362883925437927,-0.05252766618848693,-0.04807803599876933,-0.13623736584894736,
0.38951704502105716,-0.06001076102256775,1.2710482597351076,-0.06461505591869354,-0.215004101395607,0.1334221214056015,-0.08833323374285665,-0.05275095579328489,-0.11597998228375252,
0.3831597089767456,0.1028335690498352,1.9554100036621094,0.34271547198295593,0.09758444875478745,0.16478084027767181,-0.11021048346524916,-0.06523798406975274,-0.09228948273444242,
0.3492357969284058,0.2011715888977051,1.3658724784851075,0.493318110704422,0.25837263464927673,0.1502016931772232,-0.09523197607843452,-0.06116015549301818,-0.08588264172833675,
0.5039129734039307,0.1950653433799744,1.138686752319336,0.7013109922409058,0.10091324895620346,-0.0015319078229367733,-0.07554504921940461,-0.046635358914608384,-0.07986238756739626,
0.3093383550643921,-0.023648506402969362,0.25848119258880614,0.7431892156600952,0.05224398151040077,-0.08082752674818039,-0.009372506574618819,-0.031852670645767536,-0.07901003980842995,
0.1464873194694519,-0.10500254631042481,-0.121018123626709,0.650111734867096,0.11249800026416779,-0.06897646188735962,0.02592487574546801,-0.0351169488926796,-0.08260641549994298,
0.10349713563919068,-0.16420617103576662,-0.2797675848007202,0.5912558436393738,0.0921248197555542,-0.08642017096281052,0.061098350124581875,-0.029733610209277245,-0.0855485866050645,
-0.01469811499118805,-0.26795594692230223,-0.4747994422912598,0.4847294092178345,0.005638664122670889,-0.06930936127901077,0.12269042609486748,-0.018277464348367824,-0.0909086481515316,
-0.04726386666297913,-0.2731529474258423,-0.6155330657958985,0.329200804233551,0.047450292855501175,-0.029827993363142014,0.1486612088257636,-0.0160588139598613,-0.09403904179238817,
-0.05038111209869385,-0.2654882907867432,-0.5997292041778565,0.25722888112068176,0.06036662310361862,-0.00998744461685419,0.16867869214560077,-0.013739137733019267,-0.09546786651630908,
-0.004007056355476379,-0.2603339672088623,-0.5606048583984375,0.18425825238227844,0.02974027208983898,-0.03022746741771698,0.19632012931484807,-0.008046003703722165,-0.09376890734628947,
-0.030719956755638125,-0.2397366762161255,-0.5723349571228028,0.0931115597486496,0.009233932010829449,-0.0189090333878994,0.2062524785068729,-0.0058227286583368626,-0.09383148138588863,
-0.07987256050109864,-0.23849985599517823,-0.626576566696167,-0.009952773340046406,0.008634720928966999,0.009986263699829578,0.21335107255636543,-0.004297438546452822,-0.09469757820927065,
-0.08513716459274293,-0.23050270080566407,-0.6361409664154053,-0.12739817798137665,0.018088942393660545,0.02037259191274643,0.21460513205231596,-0.0037661118277465587,-0.09432725610900217,
