-0.032616817951202394,-0.13721379041671752,-0.38539876937866213,-0.057294659316539764,0.007037508301436901,0.06210979446768761,0.26509888323418707,0.019567002186474284,-0.1097543621721646,
-0.01968035101890564,-0.0957676112651825,-0.4105207920074463,-0.15529899299144745,0.004707242362201214,0.07069848477840424,0.2621774002955228,0.015566506474676637,-0.10517460356842519,
-0.011520593613386155,-0.07285077571868896,-0.389490008354187,-0.2103598564863205,-0.01240356732159853,0.051323991268873215,0.2558499579532089,0.013206636276286491,-0.10252825955301172,
0.008836867660284043,-0.06679993271827699,-0.37105693817138674,-0.24977464973926544,-0.05488098785281181,0.039472926408052444,0.24695288221217612,0.010870738488039948,-0.10018480208068263,
-0.015587861835956575,-0.07877174019813538,-0.3095014572143555,-0.28040099143981934,-0.14303161203861237,0.04906030371785164,0.22304848026994792,0.004762992948738862,-0.0994444995929238,
0.0010784098878502846,-0.0766656517982483,-0.29119176864624025,-0.3637579083442688,-0.1395695060491562,0.043334510177373886,0.20914183823585958,-0.0015179140109170077,-0.1014376820127702,
0.02630273699760437,-0.0852779746055603,-0.3156960964202881,-0.47128304839134216,-0.09928920120000839,0.062043216079473495,0.19362012994641006,-0.009358492818463706,-0.1041335334960363,
-0.018443678319454194,-0.09451588392257691,-0.19543341398239136,-0.5765445232391357,-0.10042104125022888,0.11164459586143494,0.1497771738126248,-0.02215514285101809,-0.10539659213796056,
0.024324774742126465,-0.10341511964797974,-0.08439891338348389,-0.5832690000534058,-0.11373685300350189,0.09499983489513397,0.12145101555839517,-0.028809538494945663,-0.10267376878316081,
0.04551024436950684,-0.10632889270782471,0.11274187564849854,-0.46049726009368896,-0.16054190695285797,0.0795534998178482,0.08999626724021093,-0.035944725308670926,-0.09907719780222349,
0.03813548088073731,-0.0650270402431488,0.4215240001678467,-0.3257412910461426,-0.09476182609796524,0.08481323719024658,0.037769471413500434,-0.05199132906226619,-0.09342335181261845,
0.010365767031908037,-0.05194355845451355,0.43818335533142094,-0.2819322943687439,0.0003130268305540085,0.14653199911117554,0.018898812478027636,-0.05928344815729848,-0.09016332746005482,
-0.024103264510631564,-0.03702724575996399,0.46773843765258794,-0.2109590619802475,0.02041989378631115,0.19187231361865997,0.0021327308026682567,-0.062387602569136946,-0.08489768920590635,
0.07491466403007507,-0.000245664082467556,0.6414738655090333,-0.012686712667346,-0.036172281950712204,0.1468648910522461,-0.02549206675156396,-0.06037919307824228,-0.06694222840726406,
0.14294027090072634,0.03612424433231354,0.6421541213989258,0.10802106559276581,-0.04549334570765495,0.093934565782547,-0.030975393281853513,-0.060587083267470115,-0.05808458232479923,
0.13589361906051636,0.07253760099411011,0.5163901805877685,0.14916689693927765,0.012496989220380783,0.084946408867836,-0.0295132527536065,-0.06245153782665998,-0.0517156673962997,
0.1466371297836304,0.09762174487113953,0.3502708435058594,0.20096608996391296,0.09758487343788147,0.06430818885564804,-0.017559694924384493,-0.06252504066614874,-0.04248591945774333,
0.1441602110862732,0.07253441214561462,0.27950682640075686,0.2542293071746826,0.11116699874401093,0.03301604837179184,-0.008841724625647139,-0.05839854076022812,-0.03879242954742921,
0.11619738340377808,0.05041768550872803,0.20950069427490237,0.2782643437385559,0.10430935770273209,0.016903921961784363,0.002229945480550056,-0.05287157213485981,-0.036303461340197726,
0.08027098774909974,0.026831769943237306,0.04728520214557648,0.2687435448169708,0.09685250371694565,0.020299451425671577,0.029309305629111528,-0.042084071567090174,-0.03298082650628255,
0.07688277363777161,0.015750962495803832,-0.018941372632980347,0.23645269870758057,0.10364356637001038,0.0041873278096318245,0.0444579124180427,-0.042377095310229304,-0.0315682253252317,
0.0860482394695282,0.010588180273771286,-0.04758396446704865,0.24117982387542725,0.08373643457889557,-0.02264402061700821,0.05808218516088506,-0.04123290562320099,-0.03006690279273493,
0.08736649751663209,0.005948854982852936,-0.05931022167205811,0.2614864110946655,0.05271060764789581,-0.04388272762298584,0.08291782022143122,-0.03501486687007347,-0.029320493329600735,
0.09350462555885315,-0.0026155354455113414,-0.1166657567024231,0.24304403364658356,0.036398746073246,-0.065920390188694,0.09628666014816799,-0.031714622239046315,-0.030627658529974473,
0.08795296549797059,0.0009736187756061555,-0.16869219541549685,0.198835551738739,0.049248501658439636,-0.08389672636985779,0.10952853062375818,-0.028819547759635317,-0.03288239665217445,
0.08879307508468628,0.0008623464033007622,-0.20654637813568116,0.15689076483249664,0.054108768701553345,-0.09787832200527191,0.12145891849244485,-0.025637028216017602,-0.035606598016201634,
0.07232682704925537,-0.010546162724494934,-0.2358262300491333,0.1265307366847992,0.027876632288098335,-0.11192650347948074,0.13965329735046145,-0.017056270726386425,-0.042091823188060415,
0.06876447796821594,-0.022803550958633425,-0.2490602731704712,0.08964593708515167,0.011897665448486805,-0.13050204515457153,0.14663617413560306,-0.01291909923613995,-0.04614397379081494,
0.06211466193199158,-0.032896903157234196,-0.2906169652938843,0.022201385349035263,0.011964244768023491,-0.13942363858222961,0.15273140895939744,-0.009280388012890788,-0.051120347343868076,
0.011860727518796922,-0.06853761076927185,-0.3596951961517334,-0.07433820515871048,-0.01999368891119957,-0.13050204515457153,0.15807665526953935,-0.0016714216984627507,-0.06277372341904781,
-0.019462980329990387,-0.08004618883132936,-0.33946344852447513,-0.11654931306838989,-0.06366953253746033,-0.11099439114332199,0.1557918463602479,0.001519411712706138,-0.06901349026061294,
-0.012439005076885223,-0.08513793349266052,-0.32056918144226076,-0.1479080319404602,-0.0857737734913826,-0.10586781054735184,0.15119536643020384,0.002885420943989868,-0.0754327382296847,
0.028047919273376465,-0.10098942518234254,-0.3604514360427857,-0.2603600025177002,-0.09003482758998871,-0.10759886354207993,0.13744553713505617,0.0009271749683534288,-0.08872189708810431,
0.03936109840869904,-0.110101056098938,-0.3766685247421265,-0.36848434805870056,-0.09702562540769577,-0.07703909277915955,0.12663503405812787,-0.001113364211529905,-0.09563137481280921,
0.03412394523620606,-0.09734289050102235,-0.3553091049194336,-0.4252762496471405,-0.09449562430381775,-0.06778459995985031,0.11166683950142729,-0.003541450161754734,-0.10204394521050786,
0.09929863214492798,-0.05017000436782837,-0.18249548673629762,-0.4505116939544678,-0.08297712355852127,-0.13430078327655792,0.07104217878636714,-0.010661255931448989,-0.11179964732504132,
0.11896681785583496,-0.053435456752777104,-0.06817190051078796,-0.4163566529750824,-0.11679927259683609,-0.18696479499340057,0.048524389633128294,-0.01380455486686558,-0.11790065560479614,
0.08572660684585572,-0.07166892290115356,0.21492676734924318,-0.3037049472332001,-0.20621490478515625,-0.22345010936260223,0.004774571069992393,-0.025357912760779793,-0.13572955598070155,
0.060050398111343384,-0.060687828063964847,0.36645441055297856,-0.21395641565322876,-0.15488247573375702,-0.23676590621471405,-0.01234992919423441,-0.03468451167889524,-0.14713196423922897,
0.049226367473602296,-0.05880440473556519,0.4173252105712891,-0.226806178689003,-0.029980218037962914,-0.21972167491912842,-0.0246877692077165,-0.045762009696041245,-0.1588815698820118,
-0.09965482950210572,-0.062754625082016,0.4918726444244385,-0.14065290987491608,0.006505090277642012,-0.13649789988994598,-0.04328279615137915,-0.056766157814789,-0.18361963796303987,
-0.13514121770858764,-0.013999402523040771,0.6483380317687989,0.025861235335469246,-0.002216762863099575,-0.12251629680395126,-0.05155724132519528,-0.057566420135422666,-0.19200753883245467,
-0.1099218487739563,0.04635359942913056,0.6245566844940186,0.10009685158729553,-0.009274140000343323,-0.1256455034017563,-0.05404351145190278,-0.05851302684041304,-0.19830535962309423,
-0.08313225507736206,0.09270028471946717,0.41088004112243653,0.14370612800121307,0.05117962136864662,-0.13749657571315765,-0.04478292614780231,-0.06114539768460787,-0.21104187633092472,
-0.07789588570594788,0.06019879579544068,0.318039083480835,0.17186905443668365,0.09538809210062027,-0.11778918653726578,-0.03665578265021672,-0.06077809885386385,-0.21812939016624047,
-0.10521981716156006,0.016258110105991364,0.24529898166656494,0.2040267288684845,0.072684645652771,-0.0926888957619667,-0.027530681788667483,-0.057646138058197585,-0.22545126560724515,
-0.10368852615356446,-0.019741545617580417,0.12892074584960939,0.2515641450881958,0.02341616339981556,-0.09195652604103088,-0.006344160621742487,-0.049802918324497764,-0.23671356220195558,
-0.09433671236038209,-0.021080392599105838,0.06110488772392273,0.2552259862422943,0.008302723057568073,-0.09408705681562424,0.0064619712666616905,-0.04799750671032574,-0.241339006379146,
-0.10416607856750489,-0.018712881207466125,-0.017322637140750885,0.23451991379261017,0.0027766642160713673,-0.0739801898598671,0.01950509884594536,-0.04205981694779727,-0.2463048634172779,
-0.13899818658828736,-0.015955887734889984,-0.09385137557983399,0.2202054262161255,-0.0035483434330672026,-0.04881330952048302,0.045415518782383237,-0.04060717103244107,-0.2547667617583001,
-0.1381722092628479,-0.024430711567401887,-0.11198863983154297,0.20236223936080933,-0.013868093490600586,-0.027374863624572754,0.05706448267553552,-0.04019628871813843,-0.2576286578119588,
-0.1429613471031189,-0.029805681109428408,-0.15306395292282104,0.16061720252037048,-0.03404153510928154,-0.016256166622042656,0.06829374368074623,-0.04013078407214105,-0.259704479640159,
-0.13249361515045166,-0.04283784329891205,-0.19986029863357546,0.10868554562330246,-0.0458260253071785,-0.009065630845725536,0.08673180377402875,-0.04212805865565892,-0.2624240138482064,
-0.14931172132492065,-0.050006437301635745,-0.1980368733406067,0.08591628074645996,-0.05674511194229126,0.014837655238807201,0.09328642772955317,-0.044057907160303174,-0.2636076987508389,
-0.17197374105453492,-0.06154289245605469,-0.17955721616744996,0.06873888522386551,-0.06107274815440178,0.047394800931215286,0.09848134344764735,-0.04645155971689822,-0.26446965526638944,
-0.17900210618972778,-0.06925883293151856,-0.2044618606567383,0.007486181333661079,-0.03537324443459511,0.09579775482416153,0.106087779825223,-0.05321606697805488,-0.26327639091632243,
-0.16123197078704835,-0.06845120191574097,-0.22715373039245607,-0.05489836633205414,-0.006411365233361721,0.12828831374645233,0.10747295965918158,-0.057016111203722956,-0.2603863419552485,
-0.14341858625411988,-0.0773092269897461,-0.22104918956756592,-0.08039813488721848,-0.0032155716326087713,0.14160412549972534,0.10600520592645249,-0.05996712561307401,-0.25562021618979275,
-0.09507543444633484,-0.0760318398475647,-0.16728729009628296,-0.11208975315093994,-0.02112532965838909,0.13667728006839752,0.09649717951504622,-0.06476520855152967,-0.24245547395149397,
-0.1039920449256897,-0.07245483398437501,-0.1604457974433899,-0.12960004806518555,-0.04309641197323799,0.15199045836925507,0.09015160229309888,-0.06742819661628245,-0.23573647719104307,
-0.1328343152999878,-0.07754617333412171,-0.13167890310287475,-0.13399426639080048,-0.05002063140273094,0.18974076211452484,0.08271282967837905,-0.07054680832669552,-0.22923005135746688,
-0.10389964580535889,-0.053979706764221196,-0.0888174593448639,-0.21342304348945618,0.046119485050439835,0.21444158256053925,0.06543192150897431,-0.07900515454097097,-0.2130167903080759,
-0.09316731095314026,-0.04399551153182984,-0.0904768466949463,-0.2778715491294861,0.06542740762233734,0.24646608531475067,0.05427487263952004,-0.08110039510035508,-0.2023267256124009,
-0.0917469620704651,-0.046803542971611024,-0.013000640273094178,-0.26135993003845215,0.05850318446755409,0.26510822772979736,0.03967919416680448,-0.07999620640619103,-0.19048846014279472,
0.02176421731710434,-0.014429491758346558,0.30847289562225344,-0.17593905329704285,0.06409582495689392,0.2579842805862427,0.004660852757406853,-0.0729437694677695,-0.16359961708602228,
0.08931560516357423,-0.004190461337566376,0.4307929039001465,-0.09764210134744644,0.055640287697315216,0.23195186257362366,-0.009032108819861006,-0.06969262734917578,-0.15040280470376186,
0.15874060392379763,0.02789207696914673,0.5891562938690186,0.056088872253894806,0.04758422449231148,0.1888752281665802,-0.019996175785372494,-0.06589369722365379,-0.13813760216098955,
0.2258466720581055,0.07861146330833435,0.7572345733642578,0.18678349256515503,0.07341688871383667,0.14033912122249603,-0.026674185430275804,-0.06227151698984748,-0.12718242499209112,
0.31788353919982915,0.14946668148040773,0.677274227142334,0.3262665569782257,0.12042168527841568,0.05638297274708748,-0.01816950193999622,-0.05470914857244276,-0.11107237596596437,
0.313704514503479,0.12728502750396728,0.5656213760375977,0.42939746379852295,0.09924954921007156,-0.022912653163075447,-0.005082292213575769,-0.04895995401031278,-0.10659091224613207,
0.2561653137207031,0.01686169058084488,0.3109379053115845,0.523540198802948,0.04219132289290428,-0.0866953656077385,0.03436228476441141,-0.03772715438007239,-0.105106385073636,
0.17468512058258057,-0.03328729271888733,0.19505771398544314,0.5497058033943176,0.02281682938337326,-0.09681537747383118,0.05949197176810785,-0.03386011152885726,-0.10808904629965686,
0.12183194160461426,-0.07862226963043213,0.053467547893524175,0.5372561812400818,0.030406737700104713,-0.09188736975193024,0.08710326370626635,-0.031095646388044327,-0.1117632465433622,
0.0678471028804779,-0.10414280891418458,-0.056218796968460084,0.5012369155883789,0.06922231614589691,-0.08369814604520798,0.1132765543499166,-0.030937475948531277,-0.11538226731811503,
0.032677444815635684,-0.14046446084976197,-0.22318706512451172,0.4161488711833954,0.14605450630187988,-0.07151418179273605,0.16683044488394216,-0.02258100520377751,-0.12044993642690006,
0.022225464880466464,-0.1628561854362488,-0.2588910818099976,0.34497588872909546,0.13307160139083862,-0.0477454736828804,0.1896473978641781,-0.01532739146059186,-0.12038095314991316,
-0.02046778053045273,-0.18644261360168457,-0.2941701889038086,0.28305739164352417,0.050447024405002594,-0.025241762399673462,0.22739644193268388,-0.0002795947380910571,-0.11607626351243283,
-0.024725341796875,-0.18790416717529299,-0.3263211488723755,0.21095231175422668,-0.0022835663985460997,-0.024842288345098495,0.24322794677301246,0.004143678033875454,-0.11423580168948139,
-0.014999304711818696,-0.1659457325935364,-0.37345800399780277,0.11168298125267029,0.012496978044509888,-0.028370976448059082,0.267418867708107,0.007100587890371843,-0.11476589130184695,
-0.02476753890514374,-0.1615115284919739,-0.36996653079986574,0.032054461538791656,0.027410680428147316,-0.011726219207048416,0.27464016469712116,0.008370975377044931,-0.11557657225670666,
-0.03789176344871521,-0.1565951704978943,-0.3515636920928955,9.652892185840756e-05,0.010899080894887447,-0.0033372612670063972,0.27852879520446133,0.009946962159024238,-0.1154584615472514,
-0.045464062690734865,-0.15742563009262087,-0.32888469696044925,-0.041914839297533035,-0.03304307907819748,0.0013898499310016632,0.2800617117729688,0.01173894118149292,-0.11445138137233381,
