-0.04185249507427216,-0.10941276550292969,-0.25652801990509033,-0.02258729748427868,0.03572985902428627,0.017338905483484268,0.2695787169495976,0.006418997475249692,-0.006209871804058686,
-0.05654903054237366,-0.10882059335708619,-0.26909940242767333,-0.09129616618156433,0.0023736522998660803,0.05136207491159439,0.2691580600577962,0.008919484240789059,-0.0034338687161234167,
-0.02974761426448822,-0.08639898896217346,-0.27486817836761473,-0.14961940050125122,0.019351305440068245,0.04323943331837654,0.266433708495785,0.007908069733903825,-0.001426200480242083,
-0.006725961714982987,-0.06397923231124879,-0.23103597164154055,-0.1903657615184784,0.02474420703947544,0.035383109003305435,0.2541634080885063,0.00511739704910698,0.002748093250807434,
-0.01207699254155159,-0.07158415913581849,-0.19512659311294556,-0.20581209659576416,-0.01260662917047739,0.03365205600857735,0.2451420540757119,0.004691690580993702,0.005073000635502862,
-0.01771726757287979,-0.08090898990631104,-0.17256832122802734,-0.2138015776872635,-0.044431403279304504,0.028924942016601562,0.23523554834707597,0.004206046293880704,0.006984536302741794,
0.024187199771404266,-0.10071724653244019,-0.17387431859970093,-0.2606731951236725,-0.028052963316440582,0.00315885990858078,0.21395499369060786,-7.726288953440856e-05,0.00753378503481225,
-0.0010200606659054757,-0.12131093740463257,-0.20425791740417482,-0.3298488259315491,-0.01074241567403078,0.02120177634060383,0.20198651998652853,-0.002011300043481463,0.006712213633664514,
-0.05765069127082825,-0.1294621467590332,-0.18058631420135499,-0.3570796251296997,-0.02918480709195137,0.06833972781896591,0.18760730074694437,-0.002923682254060399,0.006274365359235014,
-0.02557955086231232,-0.09784574508666993,-0.07581590414047241,-0.3944304585456848,-0.026521645486354828,0.07080315053462982,0.15268522120571365,-0.006755917921981055,0.009162847847378922,
0.02412211745977402,-0.0926461398601532,-0.03871670365333557,-0.4130725860595703,-0.023725327104330063,0.05076286569237709,0.1335604577132518,-0.00999613420254342,0.012023778572324536,
0.010052576661109924,-0.08611747026443482,0.05571900010108948,-0.3674659729003906,-0.07672223448753357,0.05821971595287323,0.10989387315805486,-0.01273370814000047,0.014737738579922343,
-0.004280198737978936,-0.06745546460151673,0.2553020715713501,-0.2831103205680847,-0.09829384088516235,0.058419451117515564,0.06978718295283937,-0.019065513212855375,0.01866618719336586,
-0.0010133622214198114,-0.0583669126033783,0.30720071792602544,-0.23091238737106323,-0.07053038477897644,0.08205500990152359,0.05336208886584961,-0.02446191098935854,0.02078878073771296,
-0.0133033886551857,-0.046289587020874025,0.32644884586334233,-0.20234999060630798,-0.025190064683556557,0.10715530067682266,0.0396545251993864,-0.029605366990739814,0.023183900306410186,
0.02144611477851868,-0.010122720152139664,0.4020235538482666,-0.1193925142288208,0.008432344533503056,0.11334715038537979,0.01643052054442847,-0.03548851515520145,0.03221137638478248,
0.04651376008987427,0.0060693673789501195,0.42825136184692386,-0.042693477123975754,-0.012473470531404018,0.10842030495405197,0.007701372775235198,-0.035605551011924835,0.03803244175654817,
0.073115873336792,0.023979346454143527,0.4219264030456543,0.021155811846256256,-0.003152407007291913,0.09157580882310867,0.0021250929244927565,-0.03551755467134531,0.04379958719274255,
0.1338575839996338,0.05193535685539246,0.34360945224761963,0.07781456410884857,0.02587604895234108,0.0652770921587944,-0.0002102638479311048,-0.03643862507761842,0.054102737811378886,
0.13255069255828858,0.04950976073741913,0.30215063095092776,0.11836118996143341,0.044917650520801544,0.0484325997531414,0.002131210257009011,-0.03567228693444917,0.057965934058301846,
0.13557878732681275,0.047916445136070254,0.2526521444320679,0.14545796811580658,0.07021783292293549,0.02313089370727539,0.006394359784082962,-0.03418213930996769,0.06111254401194207,
0.14441741704940797,0.03728054761886597,0.19931832551956177,0.15977245569229126,0.08153626322746277,0.005420873872935772,0.01230921850958959,-0.03186326719217146,0.06360601179657598,
0.11581963300704956,0.022277006506919862,0.09622758030891419,0.1631014049053192,0.0865296944975853,-0.004432822577655315,0.02740835927244205,-0.024510606342532822,0.06605875723163829,
0.11046102046966554,0.017414160072803497,0.04592956006526947,0.15184955298900604,0.09218890964984894,-0.01688310131430626,0.03584357921678956,-0.020247502456742467,0.0664444734890273,
0.11887917518615723,0.013181252777576447,0.013430874049663545,0.15631034970283508,0.08406627178192139,-0.03259575366973877,0.044036250365789634,-0.015942154721363157,0.06673178296338228,
0.10652883052825929,0.005015375092625618,-0.009152346849441528,0.16942641139030457,0.05603649467229843,-0.0490407720208168,0.06016132109586945,-0.011936587879457639,0.06573995576882566,
0.09406946301460267,-0.0025766054168343544,-0.045007711648941046,0.15837429463863373,0.04225463420152664,-0.0658186823129654,0.0690681423961995,-0.014539690106398023,0.06423330449079265,
0.10035079717636108,-0.005277571454644203,-0.08361130952835083,0.13860031962394714,0.03586304932832718,-0.07766975462436676,0.07772681695313312,-0.011361662896522785,0.06228801377880886,
0.08600338697433473,-0.015569597482681274,-0.1318644642829895,0.10311370342969894,0.018019869923591614,-0.07920107245445251,0.09321274842286746,-0.005559520875404569,0.05644466138928676,
0.08820725083351136,-0.02449576109647751,-0.1402431845664978,0.08100946247577667,0.007234067656099796,-0.0899868756532669,0.09937082070669838,-0.003104514938820702,0.053090732641976106,
0.09111040830612183,-0.029840397834777835,-0.14534054994583132,0.05204758793115616,-0.002952523995190859,-0.10330267250537872,0.10443161147724117,-0.0010403891325856506,0.0494896032318079,
0.08856076002120972,-0.04955112338066101,-0.17526398897171022,0.016161490231752396,-0.012606482952833176,-0.12327638268470764,0.11150079691779063,0.0025483807237684157,0.04051339915249762,
0.07296867370605468,-0.05830259919166565,-0.16769340038299563,-0.0011490576434880495,-0.013871484436094761,-0.1200140118598938,0.11300570253399922,0.004144601406148169,0.03479475478701859,
0.05409735441207886,-0.062232774496078495,-0.15901912450790406,-0.02232118882238865,-0.0166678037494421,-0.12081296741962433,0.11348567724630187,0.005723149149639094,0.02869344984071292,
0.060959094762802125,-0.05750052332878113,-0.16436574459075928,-0.048287007957696915,-0.025056762620806694,-0.13526061177253723,0.11209690309478916,0.008509954783104874,0.016654916793871797,
0.05893756151199341,-0.0553952157497406,-0.16615921258926392,-0.07897993922233582,-0.03777335584163666,-0.14484798908233643,0.11005084827153236,0.009758100275258873,0.010188882867373966,
0.04089436531066895,-0.0574440598487854,-0.16428215503692628,-0.09369390457868576,-0.05501732602715492,-0.14145246148109436,0.10702087239013264,0.01082156011351961,0.0030655023646566017,
0.009267627447843553,-0.05697419047355652,-0.12593753337860109,-0.12052525579929352,-0.07752103358507156,-0.1272045522928238,0.09790290899870263,0.011108084360154235,-0.012224371439553513,
0.013363189995288849,-0.05433095693588257,-0.12266255617141725,-0.14189547300338745,-0.08184894174337387,-0.12207487970590591,0.09240727316592459,0.009756524876139379,-0.01986555576908226,
0.026830703020095825,-0.044198453426361084,-0.07257585525512696,-0.15640969574451447,-0.09143632650375366,-0.12606962025165558,0.07867420983328596,0.005316503375321968,-0.034247844307106826,
0.034445300698280334,-0.050119382143020634,-0.053828471899032594,-0.1691928654909134,-0.09077053517103195,-0.13312700390815735,0.07099930110701203,0.002401284786563173,-0.04138997286068968,
0.0402308464050293,-0.053568804264068605,-0.027023932337760927,-0.1825086772441864,-0.08211526274681091,-0.14278095960617065,0.06282537735927725,-0.0008256254456543699,-0.0486934714612687,
0.045960822701454164,-0.04467814564704895,0.03542259931564331,-0.17445261776447296,-0.07525762170553207,-0.15722860395908356,0.040837779961475036,-0.011979081119973074,-0.0635108285511483,
0.03335499465465546,-0.037435638904571536,0.07826380133628846,-0.16280128061771393,-0.06706839799880981,-0.1731409877538681,0.03199733092870792,-0.015048787009266389,-0.0720351036302316,
0.03698431551456451,-0.032524630427360535,0.0980872392654419,-0.1373680979013443,-0.08431237190961838,-0.18312785029411316,0.023785533821196945,-0.01803368156416669,-0.08102360028660674,
0.029414406418800356,-0.03505245447158813,0.13647295236587526,-0.1120680645108223,-0.08730842173099518,-0.19284838438034058,0.016123477308320557,-0.020951882429832744,-0.090702766253783,
0.022468979656696322,-0.023763374984264375,0.13582361936569215,-0.11486438661813736,-0.026255453005433083,-0.19857418537139893,0.0045081732984854775,-0.02898025428114144,-0.11148135432728476,
-0.011342058330774308,-0.021244810521602632,0.136989164352417,-0.1096712201833725,0.0049701109528541565,-0.18026494979858398,-0.000254096208163916,-0.031783782591463174,-0.12179651396624844,
-0.03716077208518982,-0.023713606595993045,0.16154220104217532,-0.0663948506116867,-0.005216480232775211,-0.16974546015262604,-0.005170099379627402,-0.032748537461978686,-0.1317579969675916,
-0.05961247682571411,0.0030775781720876697,0.20923826694488526,-0.028111910447478294,-0.04602942243218422,-0.1742728352546692,-0.012723692600112317,-0.03315193309173149,-0.14984461079511163,
-0.04623990654945374,0.033000010251998904,0.18645673990249634,-0.031440865248441696,-0.007014114409685135,-0.1935807466506958,-0.013857880915076217,-0.03532113650412897,-0.15832498003116413,
-0.05062545537948609,0.04178388118743897,0.17986725568771364,-0.013864000327885151,0.03200119733810425,-0.1881878525018692,-0.014294641678435934,-0.03771750269355965,-0.16747623514868726,
-0.09614841341972352,0.010639189928770066,0.24747860431671143,0.043793436139822006,0.04731437563896179,-0.18592417240142822,-0.014490102110557953,-0.037278984123330985,-0.18726565504871226,
-0.08760387301445008,-0.03205009996891022,0.2374041557312012,0.07528532296419144,0.03905857354402542,-0.17520494759082794,-0.012642707130283438,-0.03551951928050134,-0.19678518995182206,
-0.1162387490272522,-0.05901299118995667,0.20632762908935548,0.10358140617609024,0.038126468658447266,-0.13931883871555328,-0.00894366225523618,-0.03344360432075541,-0.20626990153924815,
-0.1552831530570984,-0.06240956783294678,0.12561378479003907,0.11809563636779785,0.04631568863987923,-0.0870543047785759,0.0019522011732343763,-0.029961272241228763,-0.22222638352826,
-0.15711629390716553,-0.053674131631851196,0.09767750501632691,0.1232222244143486,0.05137569457292557,-0.05902453884482384,0.008186711857264134,-0.027661945538136307,-0.2275959497999713,
-0.13259506225585938,-0.04390162825584412,0.07585654258728028,0.14312948286533356,0.03479749336838722,-0.05063532292842865,0.014575201560249185,-0.02507986905700504,-0.2313610444758858,
-0.12285522222518921,-0.024829238653182983,0.0763002336025238,0.1819450557231903,-0.005948872305452824,-0.04996953159570694,0.02826218152794926,-0.02010799467508001,-0.2365926559419313,
-0.12259443998336793,-0.030928820371627808,0.06101564168930054,0.19319692254066467,-0.01799967512488365,-0.04304531216621399,0.036711534127724876,-0.019226846629573316,-0.23882649985310067,
-0.13007448911666872,-0.04622639417648316,0.018397484719753266,0.17854952812194824,-0.014937041327357292,-0.020807918161153793,0.04618638063807024,-0.018815058687850484,-0.24107146600575735,
-0.12953075170516967,-0.04464714229106903,-0.037959322333335876,0.16050660610198975,-0.010875720530748367,0.012082122266292572,0.061769860876946275,-0.008751976100491016,-0.24440886312265214,
-0.12133296728134156,-0.04210689961910248,-0.052300411462783816,0.14918817579746246,-0.0036186061333864927,0.027861353009939194,0.07033143547596107,-0.009175541264241976,-0.24430239675870896,
-0.11947467327117921,-0.0492664247751236,-0.06609702110290527,0.1463252753019333,-0.02345915511250496,0.04696953296661377,0.07836097299817507,-0.009733807572239841,-0.2434384494013989,
-0.132107412815094,-0.058904224634170534,-0.08563539981842042,0.12974710762500763,-0.03431153669953346,0.07053850591182709,0.09338732776876112,-0.011816044371870619,-0.2402921984592615,
-0.12026941776275635,-0.05878673791885376,-0.11150615215301514,0.10517943650484085,-0.019997045397758484,0.08711668848991394,0.10044452323116941,-0.01434189679762335,-0.23781196254129586,
-0.12343568801879884,-0.0634732484817505,-0.13127832412719728,0.07761572301387787,-0.006481504533439875,0.10955381393432617,0.10680053199765283,-0.017083039014909422,-0.23480187526072369,
-0.1365513801574707,-0.07790866494178772,-0.15118048191070557,0.037868041545152664,0.016088787466287613,0.1447075456380844,0.11601507711190313,-0.02185768224933613,-0.22620864701180218,
-0.11954225301742555,-0.07800790071487428,-0.15087800025939943,0.010104588232934475,0.03632881119847298,0.1590220332145691,0.1184560255348898,-0.02402276796473147,-0.21997089978638507,
-0.0972636342048645,-0.07591789960861206,-0.14660558700561524,-0.015062284655869007,0.04578303545713425,0.15416176617145538,0.11952048071564364,-0.025794475654794858,-0.21250903093069862,
-0.09049041271209718,-0.07667676806449891,-0.15400280952453616,-0.03117440827190876,0.006634564138948917,0.16434836387634277,0.11828797168743156,-0.027899543639970492,-0.19605472853876202,
-0.12269092798233033,-0.07597420811653138,-0.13513742685317995,-0.04668732360005379,-0.03164837509393692,0.19743813574314117,0.1161620334219926,-0.028945834812097948,-0.18804568345439138,
-0.10571057796478273,-0.08558871746063233,-0.15818799734115602,-0.08736710995435715,-0.018199412152171135,0.21235182881355286,0.11070063219598457,-0.03623031857617518,-0.17134007990228173,
-0.07739859223365785,-0.08825129270553589,-0.154085111618042,-0.13537059724330902,-0.004550712648779154,0.22979554533958435,0.10613721553584876,-0.041192210356137605,-0.16179841084976065,
-0.06610809564590454,-0.08898929953575135,-0.11892467737197876,-0.14589007198810577,-0.009011507034301758,0.23765186965465546,0.09955877863398063,-0.045227967445559826,-0.1514801622478082,
0.008775266259908676,-0.04867208003997803,0.001404925063252449,-0.1394984871149063,0.010296410880982876,0.21102026104927063,0.0816968595934121,-0.052550324961075055,-0.12847294636804327,
0.019824214279651642,-0.0366430014371872,0.02194839119911194,-0.14988647401332855,0.0034390403889119625,0.21108375489711761,0.07245748926138572,-0.05526438868498654,-0.11708267828944506,
0.032073819637298585,-0.03226669728755951,0.053715205192565924,-0.1387012004852295,0.014358000829815865,0.1953711062669754,0.0633447400637973,-0.05706660856779541,-0.10624879426110836,
0.09106386303901673,-0.00014496766962110997,0.1575233578681946,-0.11093774437904358,0.04551698639988899,0.1634131669998169,0.04464941948635486,-0.05991554402524548,-0.08551673788845243,
0.07673918008804322,-0.00038974562194198374,0.2033467769622803,-0.07358690351247787,0.031202495098114014,0.17020422220230103,0.03630414662984435,-0.059319463814681596,-0.07661902545106827,
0.057943814992904664,-0.006530146300792694,0.24174978733062746,-0.037900540977716446,0.04811356961727142,0.1694718599319458,0.029247041432284456,-0.05798045555583398,-0.06854241563710434,
0.11555869579315187,0.016379225254058837,0.23609671592712403,-0.0174607802182436,0.10170968621969223,0.16554369032382965,0.019954493766653984,-0.05547715140384305,-0.052212135583635765,
0.12631067037582397,0.02713916301727295,0.23473358154296875,0.006840563379228115,0.11182970553636551,0.148965522646904,0.017090010920158865,-0.05216008921488034,-0.0442363758054009,
0.1527773141860962,0.03707331717014313,0.2539198637008667,0.052913252264261246,0.08399967104196548,0.12200100719928741,0.014931809759703252,-0.047335466653568414,-0.03623981033836701,
0.20854148864746094,0.047383183240890504,0.31399035453796387,0.13527150452136993,0.05723489448428154,0.07193358242511749,0.015183708110168014,-0.037609793083303575,-0.022231593556327155,
0.21906836032867433,0.04882479012012482,0.3004666805267334,0.1627686470746994,0.0864630937576294,0.043837230652570724,0.019209877618637017,-0.03462327224590551,-0.01692274234000032,
0.2053548574447632,0.039400440454483036,0.24868671894073488,0.1687607616186142,0.12268208712339401,0.03158668801188469,0.025848216135714367,-0.03183233516051533,-0.013111392853783047,
0.14915423393249513,0.002456975728273392,0.1832418441772461,0.19053210318088531,0.13246920704841614,0.023730363696813583,0.04206819394895175,-0.022428544690365006,-0.007838576174563943,
0.1249241590499878,-0.01309303641319275,0.18092501163482666,0.2403997927904129,0.09378678351640701,0.011546402238309383,0.05104744183233051,-0.01603648428735805,-0.005522806786433342,
0.10927742719650269,-0.02432989329099655,0.1536249876022339,0.2619713842868805,0.06229490041732788,-0.0028346674516797066,0.0616633512292251,-0.010033764701591853,-0.003415935710286612,
0.08205785155296326,-0.04394331276416779,0.0718671977519989,0.26949483156204224,0.05916568636894226,2.8230249881744385e-05,0.08692952788503537,-0.0020656505026758324,-0.0009607039650813615,
0.06744500994682312,-0.04761565327644349,0.041411012411117554,0.2727572023868561,0.06555727869272232,-0.00037124380469322205,0.10041181791224793,0.0006977532371270129,-0.00021586450696039114,
0.054473388195037845,-0.05194358825683594,0.010634937137365342,0.2814790606498718,0.05270751938223839,0.00016138888895511627,0.10967329255591714,-0.0010311100662695756,0.0008456552763510515,
0.04679766595363617,-0.06367460489273072,-0.010263893008232118,0.29479485750198364,0.026142489165067673,-0.006762830540537834,0.1217206772892031,0.0003999505544744261,0.0020388805206701635,
0.04626107215881348,-0.07269281744956971,-0.06193121671676636,0.2971251308917999,-0.02971731685101986,-0.02660338208079338,0.15065592337949274,0.004713173159130755,0.003745065512240902,
0.03814513683319092,-0.07079271674156189,-0.1052724838256836,0.2641030251979828,-0.018465640023350716,-0.033791858702898026,0.16595646313256218,0.005164154037339428,0.0030477816864031442,
0.01790904998779297,-0.08133475184440614,-0.18697803020477297,0.21763086318969727,0.015489665791392326,-0.027600008994340897,0.1949616509815348,0.004528625335313812,-0.0009102826408424549,
0.0007792620453983545,-0.08056954741477967,-0.1930055022239685,0.1872042566537857,0.013359136879444122,-0.017280258238315582,0.2072980924872818,0.005474925592751359,-0.002316466882164608,
-0.008261503279209137,-0.0902049481868744,-0.2101444482803345,0.16536633670330048,-0.01433773897588253,-0.011754199862480164,0.21828840818775438,0.006904720475864022,-0.002953083676478801,
-0.013428768515586853,-0.09293972849845887,-0.24008686542510987,0.1312112957239151,-0.03351249918341637,-0.016880784183740616,0.23675178472928535,0.008283164745167442,-0.003896053093757325,
-0.007613039761781693,-0.0989121675491333,-0.26626014709472656,0.06156962364912033,0.006035442929714918,-0.015549203380942345,0.24441838049339096,0.007666157886655758,-0.005396372860142802,
-0.011099952459335328,-0.11281740665435791,-0.3148909330368042,-0.00907072238624096,0.03146863356232643,-0.011288145557045937,0.25063811522162593,0.00721850998178,-0.006984171756647347,
-0.044183155894279486,-0.13401144742965698,-0.32360894680023194,-0.05554288625717163,0.0016412269324064255,0.009551090188324451,0.25482945193191153,0.009223633212136999,-0.006972257298483382,
