-0.008217376470565797,-0.1202173948287964,-0.4033360481262207,-0.1291961669921875,0.003974244464188814,0.03761591762304306,0.25423158330491497,0.018972942908577407,-0.08371052435621312,
-0.011007823050022125,-0.10662682056427003,-0.42010059356689455,-0.20130124688148499,0.005971615202724934,0.03621775656938553,0.2531112642337159,0.017131182411083613,-0.0841769436014836,
-0.00787608250975609,-0.08884944319725037,-0.39561712741851807,-0.26242080330848694,-0.046958714723587036,0.03208985924720764,0.23980065807827386,0.014644838911299078,-0.08159184436747972,
-0.020548905432224276,-0.09466981887817383,-0.3637734889984131,-0.28871950507164,-0.10181982815265656,0.04254276677966118,0.2284584355619261,0.013402460617838808,-0.08051664527986234,
-0.02079342603683472,-0.09014241695404053,-0.3198838233947754,-0.35103747248649597,-0.09442956000566483,0.03581828251481056,0.21516595343478678,0.010586524774622318,-0.08069248051363292,
0.007169727981090546,-0.10056083202362061,-0.3409813165664673,-0.4793352782726288,-0.05894294008612633,0.051064882427453995,0.18457489578281822,8.361330529111387e-05,-0.08323376894958506,
-0.017727895081043245,-0.1008801817893982,-0.3291731595993042,-0.5487106442451477,-0.07645321637392044,0.05998646840453148,0.1647141391137125,-0.0045069058285252235,-0.08370989477511381,
-0.009111206978559494,-0.11498465538024903,-0.23030145168304444,-0.5373256206512451,-0.14210015535354614,0.051664091646671295,0.14006621282259762,-0.008431292150782761,-0.08280367839505903,
0.01784060299396515,-0.14103426933288574,-0.08093146681785585,-0.4829971194267273,-0.196561798453331,0.04753619432449341,0.11240690219690314,-0.012914784731917154,-0.08141953681012619,
0.02426722198724747,-0.138893985748291,0.24909541606903077,-0.39977332949638367,-0.1635385900735855,0.06830884516239166,0.057123690307423994,-0.028758970609430126,-0.07995545400343541,
0.014096733927726746,-0.1309765100479126,0.38842728137969973,-0.3035666346549988,-0.05641293525695801,0.11531364917755127,0.033660569022908524,-0.03921664843338912,-0.0788083512525823,
0.010912621766328812,-0.11428557634353638,0.5346136093139648,-0.2098899483680725,0.03286954015493393,0.14147920906543732,0.01273512158975318,-0.04790528148456617,-0.07596818570960938,
0.03087807893753052,-0.014121732115745545,0.722843360900879,-0.017143653705716133,0.01669083908200264,0.15905606746673584,-0.01960952477916183,-0.05289828613480625,-0.0642025461837065,
0.04404032230377197,0.04664978086948395,0.7627305030822754,0.11022202670574188,-0.013868935406208038,0.13788393139839172,-0.029217806633559117,-0.050059361153673446,-0.05687741515530489,
0.10038620233535767,0.11226671934127808,0.7205045700073243,0.16881157457828522,0.030739014968276024,0.07969386875629425,-0.03265765949716228,-0.047972201396353276,-0.04897523086450646,
0.24489879608154297,0.1824960470199585,0.4588181495666504,0.21894557774066925,0.08932856470346451,0.012382466346025467,-0.02389624918819145,-0.04712152220027058,-0.03557686059373171,
0.22532267570495607,0.1684713125228882,0.35531239509582524,0.24863982200622559,0.12042097002267838,-0.023503631353378296,-0.014987942522409564,-0.04443323073879459,-0.03268827835074749,
0.1883635997772217,0.12838174104690553,0.2544263362884522,0.26641643047332764,0.12328386306762695,-0.04394339397549629,-0.004080430751072629,-0.03999258112561699,-0.03159435949405389,
0.12128363847732544,0.045121517777442936,0.0868569016456604,0.26848095655441284,0.10271085798740387,-0.04740447551012039,0.021424953918942866,-0.027895290177071402,-0.03317725414726493,
0.09235989451408387,0.009201547503471375,0.0012855399399995804,0.2339264154434204,0.10097980499267578,-0.043076835572719574,0.03552195435621629,-0.02232838220858986,-0.03501109105431431,
0.08149068355560303,-0.012547262012958527,-0.0751530408859253,0.20090322196483612,0.09611953049898148,-0.04860289394855499,0.049573919967069516,-0.019380399274543235,-0.0368458683115108,
0.08350178003311158,-0.01558058261871338,-0.15859347581863403,0.1772010773420334,0.06589265167713165,-0.057524487376213074,0.07343379072926125,-0.00850596353463046,-0.039342459885854136,
0.07753930091857911,-0.019900268316268923,-0.16702343225479127,0.16841265559196472,0.024014443159103394,-0.07010792195796967,0.08325899202475802,-0.0033557135286239486,-0.040692197951157756,
0.07473852634429932,-0.02598753273487091,-0.1812174677848816,0.1447770893573761,-0.005812962539494038,-0.07676582038402557,0.09236137091771981,0.0009269619674459667,-0.04246046557652734,
0.06950613260269166,-0.030477508902549744,-0.24403138160705568,0.08312491327524185,0.0011112564243376255,-0.08522135764360428,0.10920803718525264,0.005499574816575016,-0.04846476175736309,
0.07104998230934144,-0.030413591861724855,-0.2741398334503174,0.02040746994316578,0.006104683503508568,-0.08668609708547592,0.11580618052160997,0.006594079420905855,-0.052378428826293726,
0.06272946000099182,-0.037899553775787354,-0.28965442180633544,-0.009553092531859875,-0.000752956373617053,-0.08808425813913345,0.12018834197977797,0.00818633900411023,-0.05640111268388234,
0.04179599583148957,-0.03442468047142029,-0.2545892000198364,-0.048768140375614166,-0.026052987203001976,-0.09054768085479736,0.12222218661154217,0.011853099610467722,-0.06438899910243308,
0.02409881353378296,-0.031194251775741578,-0.24908986091613772,-0.08079265803098679,-0.03650589659810066,-0.09054768085479736,0.12113647185157331,0.013284625485379047,-0.06870050498265765,
0.010870114713907243,-0.029618880152702334,-0.24639739990234377,-0.1054934710264206,-0.04882301762700081,-0.07896292954683304,0.11876229887541748,0.013943697738220497,-0.0734191870797711,
-0.019258537888526918,-0.02656225860118866,-0.22452569007873535,-0.1403808891773224,-0.06347040086984634,-0.058123692870140076,0.11011604558506295,0.013570620103848087,-0.08323358890366532,
-0.014054057002067567,-0.028623682260513306,-0.21527173519134524,-0.17280487716197968,-0.0698619857430458,-0.051199473440647125,0.10412492907021116,0.012259474603852768,-0.08760505458463012,
0.004655176028609276,-0.02934532165527344,-0.209659481048584,-0.21395070850849152,-0.06133987382054329,-0.05892264097929001,0.09700286304352432,0.010190387865136818,-0.09147810337649903,
0.04125265181064606,-0.005708573013544083,-0.19638987779617312,-0.2564281225204468,-0.07132672518491745,-0.08109346032142639,0.07893197482245687,0.005010469946210082,-0.09850675930548576,
0.035643795132637025,0.00875086709856987,-0.15626795291900636,-0.2585586607456207,-0.09116727113723755,-0.1057942807674408,0.06723942940107398,0.002719163720742246,-0.10241209554411183,
0.038671967387199406,0.007766828685998917,-0.09298994541168214,-0.24357837438583374,-0.10381729155778885,-0.10679296404123306,0.05419386924858297,-8.158445279274646e-05,-0.1071937244520927,
0.025315296649932862,-0.0015645796433091165,0.006671887636184693,-0.2552962601184845,-0.08291147649288177,-0.10932296514511108,0.028212682860398523,-0.007963986941270982,-0.11883259373172167,
0.03839997947216034,-0.0003011826192960143,0.029766404628753663,-0.26401811838150024,-0.049755122512578964,-0.1214403510093689,0.015918219157955302,-0.012795667690888506,-0.12465242574604629,
0.04579947888851166,0.006492114067077637,0.08735548257827759,-0.23032915592193604,-0.022990351542830467,-0.15439696609973907,0.0032462707496779906,-0.01701269975360794,-0.13036366835346597,
0.08386886715888978,0.017674210667610168,0.28404276371002196,-0.15642642974853516,-0.020460348576307297,-0.1545967012643814,-0.02223238059298734,-0.02246018875884078,-0.14356270378621586,
0.053360581398010254,0.03505792915821076,0.37241797447204594,-0.10362926125526428,0.03446734696626663,-0.1605222374200821,-0.03250299262218396,-0.02428038028535841,-0.15217672018023654,
0.04555687010288239,0.06647196412086487,0.410739803314209,-0.03778260201215744,0.06828949600458145,-0.16917751729488373,-0.04019329214640646,-0.026274824974708837,-0.1608460160512212,
0.00804787576198578,0.0838086485862732,0.4499839305877686,0.05183276906609535,0.05177789553999901,-0.16977672278881073,-0.04861723686032596,-0.0250090157170541,-0.17988119941760267,
-0.024591369926929476,0.07669779062271119,0.45176005363464355,0.12247312068939209,0.05104552581906319,-0.14813853800296783,-0.048760862765914605,-0.023104600740353098,-0.18899955632109092,
-0.07912994027137757,0.04760801196098328,0.3809267282485962,0.16807974874973297,0.0710192397236824,-0.12916351854801178,-0.04018461056911181,-0.02029636140988048,-0.20623941503095264,
-0.09015566110610962,0.02083040922880173,0.23606464862823487,0.2116224318742752,0.06995397061109543,-0.11677981913089752,-0.02288208847485997,-0.014851096007721823,-0.22025487167599161,
-0.10783649682998658,0.012205181270837785,0.17377809286117554,0.24910643696784973,0.04312262311577797,-0.10093400627374649,-0.012095763260523213,-0.011536086279981997,-0.2264515035200336,
-0.12135208845138551,0.0006829161662608385,0.09164025783538819,0.25529828667640686,0.019686805084347725,-0.08522135764360428,0.0002184458749845662,-0.00879296264824863,-0.23197666067587178,
-0.13567715883255005,-0.016248904168605804,-0.02214130461215973,0.2531011998653412,0.00910073984414339,-0.057524487376213074,0.02559327753369843,0.004267554036503606,-0.24070622686601853,
-0.13786895275115968,-0.023116891086101533,-0.07525823116302491,0.23219536244869232,0.011164689436554909,-0.0245678648352623,0.03822137305690702,0.006794685306052115,-0.24360446100186015,
-0.13319681882858278,-0.0285358339548111,-0.10599086284637452,0.21029086410999298,0.017223382368683815,0.0015311138704419136,0.05027948168580587,0.007565484971092088,-0.24509172648521182,
-0.10010147094726562,-0.03969626724720002,-0.17756251096725464,0.16934475302696228,0.008168633095920086,0.01165112666785717,0.07168726138793334,0.009092417226917544,-0.24484335145905067,
-0.09085946679115296,-0.03846751749515534,-0.1934318780899048,0.14684104919433594,-0.008675861172378063,0.014514025300741196,0.08052025451751703,0.009406645647651542,-0.2441226018490072,
-0.09432275891304016,-0.04420929849147797,-0.2029254198074341,0.13186076283454895,-0.03064693883061409,0.028362462297081947,0.08834383644549548,0.009094127912572046,-0.24352400723965878,
-0.08991702198982239,-0.04647713005542756,-0.2506449222564697,0.08552175760269165,-0.029781412333250046,0.050799593329429626,0.10186324311787301,0.005700544794723164,-0.2417504442048751,
-0.07521429657936096,-0.047963696718215945,-0.2857841968536377,0.012615865096449852,-0.005146868992596865,0.06018376722931862,0.10659620685081012,0.003355871016830211,-0.23994114634627725,
-0.09221895933151246,-0.04865468740463257,-0.25702853202819825,-0.027930762618780136,-0.018262937664985657,0.0811561644077301,0.10893297511959701,0.00044563981001775703,-0.23448222831510748,
-0.07772786617279054,-0.05238962173461914,-0.23806610107421877,-0.05456237494945526,-0.030114004388451576,0.08708168566226959,0.1076758970456835,-0.0016532761512585213,-0.23094708537055136,
-0.07010293006896973,-0.0606766939163208,-0.2334003210067749,-0.08146029710769653,-0.05308376997709274,0.09280748665332794,0.10533797014341,-0.004325831578349334,-0.22724459232002628,
-0.11025347709655763,-0.08869736790657044,-0.2211181163787842,-0.11568192392587662,-0.08271144330501556,0.12017147243022919,0.09725689234806931,-0.012115591503695572,-0.21989037807359987,
-0.1149331569671631,-0.08283131122589112,-0.20904035568237306,-0.1529661864042282,-0.0720587968826294,0.16038520634174347,0.09137587178608127,-0.01771509770230043,-0.21545073356763805,
-0.08093879818916322,-0.07059853672981263,-0.19175108671188357,-0.20310018956661224,-0.03783717006444931,0.17183679342269897,0.08387620312473114,-0.023687878225872424,-0.209238644046533,
-0.05784330368041993,-0.058690023422241215,-0.07625109553337098,-0.21828021109104156,-0.06233825534582138,0.19513945281505585,0.06269313382491093,-0.03226365932652495,-0.19326388434673716,
-0.03172399401664734,-0.038698211312294006,0.012550088763237,-0.1901838630437851,-0.08683934062719345,0.19580525159835815,0.05019308938317912,-0.03657184861522569,-0.18408198657336405,
-0.0061021547764539726,-0.02626585066318512,0.06424749493598939,-0.18858596682548523,-0.0829111784696579,0.20772290229797363,0.03879537860935308,-0.04200182699918037,-0.17462095075117315,
0.055618917942047125,0.026536279916763307,0.14483916759490967,-0.2130204737186432,-0.013935300521552563,0.20978684723377228,0.016364814298407335,-0.051918644883342566,-0.1543553232381574,
0.09943613409996033,0.054185605049133306,0.2426994800567627,-0.19031701982021332,0.03153817728161812,0.19520603120326996,0.0038190091096724156,-0.0531921235447356,-0.1435649235567024,
0.13755269050598146,0.06899398565292358,0.3682401180267334,-0.113151915371418,0.023615272715687752,0.17356784641742706,-0.00810002177901678,-0.051815199185770086,-0.13378067860915077,
0.19116317033767702,0.10808128118515015,0.47031989097595217,-0.02573365531861782,0.007303409278392792,0.12489858269691467,-0.01736955073649072,-0.0499117526101218,-0.12484942374684802,
0.2813340902328491,0.15145274400711062,0.6332365512847901,0.108889140188694,0.007969199679791927,0.05565639212727547,-0.023416755347119,-0.047924502717337114,-0.11246001907766083,
0.2719315052032471,0.15820339918136597,0.6492095470428467,0.2413148283958435,0.04778346046805382,-0.0006028888747096062,-0.01868568102729187,-0.04735507547927712,-0.10997549887737369,
0.26166362762451173,0.14367461204528809,0.6078662395477296,0.32460519671440125,0.08766429126262665,-0.04507768154144287,-0.00864920640536885,-0.04561300422515829,-0.10920018272870667,
0.13953492641448975,-0.0015132154338061811,0.23435010910034182,0.3933813273906708,0.12727881968021393,-0.052135057747364044,0.042843289785612734,-0.03114301174834246,-0.11511569769457297,
0.12488982677459717,-0.04623560905456543,0.13317178487777712,0.4011707305908203,0.138131245970726,-0.05206912383437157,0.06285470802426989,-0.02440231127059849,-0.11672696596902066,
0.11891772747039796,-0.06643642783164978,0.06269126534461976,0.40802839398384094,0.13606730103492737,-0.06418650597333908,0.08317920976075978,-0.01720699233957536,-0.1176641976494015,
0.06667227745056152,-0.1233138680458069,-0.04922895431518555,0.39524519443511963,0.1374654620885849,-0.06871388107538223,0.11944471817948553,-0.00711146549815391,-0.11899592838309106,
0.03782042860984802,-0.14486552476882936,-0.09863916635513306,0.38093072175979614,0.1339367777109146,-0.04481200873851776,0.13983046042838712,0.0007428274193930471,-0.11946943882594828,
0.011535729467868806,-0.16670902967453005,-0.13390586376190186,0.36941254138946533,0.1266130805015564,-0.011788809671998024,0.1595605318374783,0.008255596043088747,-0.11892485539473165,
0.0037054318934679033,-0.17689893245697022,-0.2192413091659546,0.3278006613254547,0.12295123934745789,0.013910696841776371,0.19765168792082824,0.0203445473760297,-0.11369122271169438,
0.02696632742881775,-0.1745457172393799,-0.2848040580749512,0.26714715361595154,0.09585357457399368,0.013977275229990482,0.21528790318495603,0.025013999237889196,-0.1094236585316117,
0.01552158147096634,-0.16353926658630372,-0.31477625370025636,0.22393734753131866,0.039061661809682846,0.025894921272993088,0.2307368097755739,0.028893113078052042,-0.10526072395882473,
0.006226304545998574,-0.14874026775360108,-0.3337955713272095,0.17133991420269012,-0.0036820743698626757,0.03767940774559975,0.25496271759244055,0.031125458692926482,-0.10000518208611911,
0.009229820221662521,-0.13865877389907838,-0.3662769317626953,0.10369563847780228,0.005439253058284521,0.04227336123585701,0.26441278621399966,0.029787494489670736,-0.09877642050117336,
0.010257740318775178,-0.1314715623855591,-0.39161219596862795,0.035851601511240005,0.013495314866304398,0.04167414829134941,0.27159274226433705,0.028253542722929417,-0.09739512280569164,
0.009334668517112732,-0.10364079475402832,-0.3928593397140503,-0.0514335036277771,0.005772147793322802,0.0506623201072216,0.27701204432616716,0.025744421812535966,-0.09367594228656573,
