-0.0241929829120636,-0.40564932823181155,-0.4090605735778809,-0.16799886524677277,-0.02319210022687912,0.05548315495252609,0.34788541754893687,0.07888495988054402,-0.0876411259258615,
-0.034655576944351195,-0.41941533088684085,-0.41132721900939945,-0.3377753794193268,-0.01220655906945467,0.07186160236597061,0.3371210132777096,0.07401904046783302,-0.08560407580352758,
-0.04244678616523743,-0.445808219909668,-0.4627532482147217,-0.5482316613197327,-0.03817237913608551,0.12845376133918762,0.3245814134167856,0.070906385680714,-0.08323123267312324,
-0.12363364696502686,-0.567463731765747,-0.4294920444488526,-0.7427756190299988,-0.09456481784582138,0.23338231444358826,0.2802320306390328,0.06097704087274521,-0.07778329834581289,
-0.1201661229133606,-0.5725325107574463,-0.1333164930343628,-0.7609516978263855,-0.12219511717557907,0.3086831867694855,0.24637193738500412,0.05180826582604614,-0.07332901488506202,
0.09593300223350526,-0.47886147499084475,0.6977500915527344,-0.49170610308647156,-0.19869442284107208,0.2847147583961487,0.17014842266537888,0.026294735052344732,-0.05643765093476406,
0.29915585517883303,-0.395773720741272,1.2858593940734864,-0.16506938636302948,-0.2168039232492447,0.1668032854795456,0.1375446393695759,0.011760210895964398,-0.044985625848508765,
0.4435964107513428,-0.3223465919494629,1.5269270896911622,0.06875616312026978,-0.08790691196918488,0.10242137312889099,0.11756625275975263,-0.0034724207931048218,-0.03641897254925684,
0.3851866006851197,-0.3087722539901734,1.9573740005493165,0.5061138272285461,0.10024542361497879,0.08784056454896927,0.11001581391998436,-0.024132832330343367,-0.0269659731979636,
0.4061525344848633,-0.37488713264465334,1.7338678359985353,0.7295530438423157,0.14798258244991302,0.005482307635247707,0.12540625524467494,-0.025161444635616963,-0.02085046781179448,
0.3579903602600098,-0.5150594234466553,0.763788652420044,0.8424710631370544,0.11143069714307785,-0.09864728897809982,0.18836309024965114,-0.015870940923384227,-0.008409475094875458,
0.2594089269638062,-0.5867331027984619,0.3032353162765503,0.8570518493652344,0.0660237967967987,-0.13087154924869537,0.2295598195161631,-0.008529558178334078,-0.005501695107322509,
0.17761945724487305,-0.635911512374878,0.0143658384680748,0.7750265002250671,0.08320119231939316,-0.10610414296388626,0.27013200347421995,-0.0024742967778246983,-0.005067287976969068,
0.04766373932361603,-0.6560895919799805,-0.4829447746276856,0.5546498894691467,0.12035229057073593,-0.05963198095560074,0.3540260159585689,0.011527690003460024,-0.003950564359900473,
0.009196393191814423,-0.6112171649932862,-0.5733158588409424,0.3681620657444,0.12221650034189224,-0.02727457508444786,0.3874210275230938,0.017276648927042178,0.000388641721942583,
0.004488859698176384,-0.5626053810119629,-0.5273154735565185,0.2938598692417145,0.010696626268327236,-0.006768234074115753,0.41697759838136655,0.02247790793548652,0.00724757098666989,
-0.004725715145468712,-0.502401876449585,-0.39516391754150393,0.17574866116046906,-0.036574482917785645,-0.011761661618947983,0.4514665838882424,0.02571230358866518,0.015816694229811253,
0.017535680532455446,-0.47332372665405276,-0.451643705368042,0.043789032846689224,0.028539804741740227,0.00028914306312799454,0.46403518915058145,0.02563520997528826,0.014994615421233072,
-0.003852308914065361,-0.44141449928283694,-0.4478628158569336,-0.07984822243452072,0.052375100553035736,0.019463904201984406,0.4718434504577667,0.025955666975443305,0.01442469877701795,
-0.011314775049686433,-0.4312153339385987,-0.3971873283386231,-0.20434866845607758,-0.01806589588522911,0.029721446335315704,0.47176876664432754,0.025275667315877114,0.020100615904380705,
0.006643757969141007,-0.44318947792053226,-0.3881750345230103,-0.35827937722206116,-0.06726779788732529,0.008682474493980408,0.464334415335973,0.023822749556846178,0.022199485958557832,
0.030666524171829225,-0.4744463920593262,-0.45408086776733403,-0.47565820813179016,-0.05634883791208267,0.008083263412117958,0.4521946233838844,0.022143651505670752,0.021483429823867875,
-0.03671362698078156,-0.5994451522827149,-0.484589433670044,-0.7082187533378601,-0.1287868171930313,0.037511195987463,0.41074888271453075,0.019808824642380873,0.017207946214509207,
-0.002265505865216255,-0.6961830139160157,-0.5596829414367676,-0.877595841884613,-0.1889742612838745,0.07226544618606567,0.3870293709220815,0.018510761275198014,0.014795551768001285,
-0.005541105940937996,-0.7861048698425294,-0.371027684211731,-1.0824594497680664,-0.16147711873054504,0.14809896051883698,0.34965412993424977,0.013882997889065404,0.010000063801063103,
0.07225327491760254,-0.9113925933837891,0.2891812324523926,-1.0775326490402222,-0.14849421381950378,0.1728663593530655,0.2353338623141313,-0.0049889221333312035,0.0025467137718698674,
0.12963012456893921,-0.923125171661377,1.4833221435546875,-0.39130255579948425,-0.18684372305870056,0.11500918120145798,0.17583512753457997,-0.015266910350284373,0.0062597655414581115,
0.2525615930557251,-0.7167162895202637,2.3941850662231445,-0.008806059136986732,-0.003951142076402903,0.17453083395957947,0.13028618171453085,-0.027220096887066426,0.010071289017227593,
0.1811241388320923,-0.11872636079788208,1.979631805419922,0.34938913583755493,0.1764114499092102,0.1656758189201355,0.10710372715933299,-0.042613166750409555,0.020496459623812455,
0.4014441967010498,0.0036844596266746524,1.6370042800903322,0.5131069421768188,0.13573166728019714,-0.012090181931853294,0.11334985209654479,-0.04058771669574524,0.033634500884446715,
0.4831821441650391,-0.014849232137203218,1.0395325660705568,0.5434004068374634,0.11163005232810974,-0.08952159434556961,0.13131623726370192,-0.035208418957107676,0.04433631575296609,
0.16967052221298218,-0.24594945907592775,0.17703697681427003,0.48860588669776917,0.13919377326965332,-0.07627236843109131,0.1842543028748765,-0.021817898623052032,0.04851973185841156,
0.07451411485671998,-0.34156811237335205,-0.027378863096237185,0.43434396386146545,0.1017763614654541,-0.049707334488630295,0.21011274282532397,-0.014163754788651247,0.04957975490215603,
0.040013670921325684,-0.3847022771835327,-0.14432438611984252,0.3390693664550781,0.04312023147940636,-0.05829602852463722,0.2344652174657334,-0.006709737238162687,0.052134844775715,
0.02851206958293915,-0.39694378376007083,-0.3684459686279297,0.21889421343803406,0.029871003702282906,-0.04504680261015892,0.2750613681697081,0.0028174543898259667,0.05578302158460547,
-0.003950084373354912,-0.38611831665039065,-0.3732231140136719,0.13360647857189178,0.017154408618807793,-0.01615150272846222,0.28897639218618165,0.005925531567947903,0.056094633557370426,
-0.001956150494515896,-0.3783228635787964,-0.38088903427124027,0.06383165717124939,-0.009077726863324642,-0.01615150272846222,0.29918955813859954,0.008319209840948291,0.056981449196056466,
0.06680142283439637,-0.3626302719116211,-0.36854851245880127,-0.034174323081970215,-0.025256162509322166,-0.05536963790655136,0.30980965768692775,0.009870846041975639,0.05820406410850825,
0.06837769150733948,-0.36081688404083256,-0.3821064710617066,-0.12572048604488373,-0.027453269809484482,-0.05530305951833725,0.3108691905397982,0.010702918437705022,0.057031478955522234,
0.05294471383094788,-0.38360393047332764,-0.44909744262695317,-0.24962405860424042,-0.08497754484415054,-0.05337226763367653,0.3032368009290154,0.01382162385979096,0.05330279537046615,
0.08186227679252625,-0.39633941650390625,-0.4904943466186524,-0.38471290469169617,-0.11081021279096603,-0.0808694064617157,0.29362058966013727,0.014227581545979976,0.05029276798603988,
0.12600427865982056,-0.42291359901428227,-0.5285854816436768,-0.5161398649215698,-0.13677603006362915,-0.05090884491801262,0.27934195487577074,0.013600568692545625,0.04551948996978936,
0.07467212677001954,-0.443529224395752,-0.34123330116271977,-0.6639453172683716,-0.11593679338693619,-0.01901748776435852,0.23413266905089367,0.010168158324010343,0.033194864658951044,
0.1196912169456482,-0.4139914035797119,0.03128359317779541,-0.659284770488739,-0.058212779462337494,-0.07514360547065735,0.20294579607632154,0.0053752167218033406,0.028739030830572828,
0.0836542308330536,-0.4158059120178223,0.6218401908874512,-0.3000909686088562,-0.22579219937324524,-0.08859257400035858,0.16854351337944284,0.0022726515478424967,0.02540763527634261,
0.06213814616203309,-0.37530696392059326,2.0051034927368163,0.11329822987318039,-0.041967496275901794,-0.0297367125749588,0.11653223518300361,-0.00617781637102769,0.013129410475212449,
0.20398283004760742,-0.18171101808547974,1.944447708129883,0.3671640455722809,0.19538673758506775,-0.07754045724868774,0.1140989094464694,-0.014287612243274473,0.008656284473644308,
0.2897585153579712,-0.10169064998626709,1.6516265869140625,0.6064491271972656,0.16729038953781128,-0.18466611206531525,0.12397708648051776,-0.011012362767789424,0.00873751650608791,
0.10138113498687745,-0.35410566329956056,0.2201707124710083,0.5794845819473267,0.1433219462633133,-0.18772874772548676,0.20575428971612572,0.022929565048452772,0.0020712423184287036,
-0.02469877302646637,-0.41773967742919926,-0.09254651665687562,0.4647689163684845,0.1078353151679039,-0.0850638896226883,0.22963576381500964,0.03303288756831796,-0.003741495026262322,
-0.10810129642486573,-0.4580100059509278,-0.2685707569122315,0.3641014099121094,0.031935226172208786,-0.041121724992990494,0.2585206110681902,0.0445208871821112,-0.004276693134995608,
-0.0379510760307312,-0.4237530708312989,-0.36633675098419194,0.28507211804389954,-0.00115455302875489,-0.0489780530333519,0.3028158245616981,0.055421169306628625,-0.0011784763672336694,
-0.02491944432258606,-0.40439934730529786,-0.3467008113861084,0.18393857777118683,-0.018132206052541733,-0.012359585613012314,0.3187989000464468,0.05763784870572784,-0.0012941277679961636,
-0.024327421188354494,-0.387002444267273,-0.38972547054290774,0.07854397594928741,0.029871273785829544,0.018799399957060814,0.3422599556334233,0.05965725266123055,-0.003015424073541024,
0.012011273205280304,-0.382175087928772,-0.3804584741592407,-0.006544024217873812,0.029338641092181206,0.014604920521378517,0.3488281014158092,0.059472590991772614,-0.0016660971671354238,
0.029060474038124087,-0.3807027101516724,-0.36658940315246585,-0.09749166667461395,-0.021461045369505882,-0.008299551904201508,0.352047353106319,0.05933980734144233,0.001190111796293694,
