0.022626550495624544,-0.2279296875,-0.7240775108337403,-0.05501548573374748,0.0030402401462197304,-0.03573242574930191,0.21447106413687078,-0.005725791968385792,-0.1983829554605283,
0.00364488922059536,-0.20062427520751955,-0.7030708312988282,-0.15275350213050842,-0.0129387266933918,-0.04625191539525986,0.21235773596110788,-0.004383581959433561,-0.19951892027252405,
0.016333158314228057,-0.19295377731323243,-0.707835865020752,-0.23091727495193481,-0.0047495062462985516,-0.04625191539525986,0.20680849679867713,-0.003509397411550275,-0.20141829271147388,
-0.02981679439544678,-0.22480492591857912,-0.6356542110443115,-0.33298295736312866,-0.052020616829395294,-0.030539263039827347,0.18486928384548879,-0.0014930190728100104,-0.20557643445104212,
-0.06347348093986512,-0.2566657543182373,-0.6616332530975342,-0.4445694088935852,-0.11633595824241638,0.0052802544087171555,0.16921183903067963,-0.0019884070193887495,-0.20792583468716394,
-0.09052903652191163,-0.2704249143600464,-0.6558373451232911,-0.5527603030204773,-0.10068988800048828,0.040167663246393204,0.14939262444040333,-0.0057936737406828216,-0.21080971869850132,
-0.04779536128044129,-0.3414483070373535,-0.5205956935882569,-0.7226700186729431,-0.09323303401470184,0.0431637205183506,0.09505141233403787,-0.01656058476127684,-0.21173864258695696,
-0.10277332067489625,-0.35392036437988283,-0.2345052242279053,-0.7263984084129333,-0.18584446609020233,0.10641379654407501,0.060044157123579696,-0.020969976284388278,-0.21064334353769465,
-0.07408868074417115,-0.2837549209594727,0.4289906978607178,-0.7538955807685852,-0.17312787473201752,0.167067289352417,-0.016041825213944892,-0.03775352163465472,-0.20224628635593256,
-0.08599393963813783,-0.24222543239593508,1.1677579879760742,-0.42805778980255127,-0.21194344758987427,0.21327313780784607,-0.056830730533961475,-0.04585411855883474,-0.193756142117376,
0.26798126697540287,0.08786523938179017,2.161342239379883,0.11322972178459167,0.004704715684056282,0.19096916913986206,-0.11029625661087601,-0.05910313108485424,-0.16805744364511613,
0.3906970262527466,0.310086727142334,1.8235235214233398,0.3214223384857178,0.1453196257352829,0.08657325059175491,-0.11247321987221327,-0.05904229963002266,-0.15649894678691925,
0.5097957134246827,0.4173745155334473,1.3640432357788086,0.4516509175300598,0.16023333370685577,-0.04718402028083801,-0.10300746796631624,-0.05259855311408796,-0.1493915809945565,
0.3458665609359741,0.24376621246337893,0.41946320533752446,0.5180968046188354,0.12421407550573349,-0.1397954523563385,-0.05983713661654215,-0.03763897808874448,-0.1531031940001039,
0.1707014322280884,0.1223314642906189,0.04242767095565796,0.4521162807941437,0.12348181754350662,-0.1266806721687317,-0.032690778748077735,-0.032282324172421155,-0.1602133521351297,
0.05585916042327881,0.01273464858531952,-0.19476398229599,0.3877343535423279,0.069752536714077,-0.10797195881605148,-0.003456776334679141,-0.03201120689858421,-0.16695720852668952,
-0.010025261342525483,-0.07950931787490845,-0.41498670578002933,0.3012481927871704,0.045318033546209335,-0.09152694046497345,0.038364125593591175,-0.022882085437033517,-0.17695575285673149,
-0.059402579069137575,-0.09513650536537172,-0.5250310420989991,0.20823730528354645,0.015157735906541348,-0.056706108152866364,0.055131681857688325,-0.019682783145715442,-0.1814482116252452,
-0.07651181221008302,-0.09521932601928712,-0.5931056499481201,0.1453867107629776,0.007634305395185947,-0.036000028252601624,0.06829519657280782,-0.01748894499482897,-0.1848159560293039,
-0.0557584285736084,-0.09670687317848206,-0.6502606391906739,0.041656576097011566,-0.010208874009549618,-0.0226176455616951,0.08323812268481096,-0.01583953710324166,-0.18839386051464885,
-0.03247893452644348,-0.10632061958312988,-0.6679487228393555,-0.06806565821170807,-0.056747615337371826,-0.027411336079239845,0.08533976994361124,-0.016109797907274674,-0.18963865454490184,
-0.016987578570842744,-0.1081392526626587,-0.665474033355713,-0.1495583951473236,-0.06733368337154388,-0.031006604433059692,0.0837307163285019,-0.017812906962737594,-0.19148565330613404,
0.00821404904127121,-0.1178175449371338,-0.6761288642883301,-0.2848469913005829,-0.06453736126422882,-0.021752119064331055,0.07028519215836038,-0.0234662819328805,-0.1960123479727578,
0.022046765685081484,-0.1433371901512146,-0.6748921871185303,-0.40502214431762695,-0.07678790390491486,-0.011232632212340832,0.05768954696022947,-0.026183144671673774,-0.19792391022092212,
0.044261619448661804,-0.15367037057876587,-0.5838807582855224,-0.48558276891708374,-0.06793288886547089,-0.019088957458734512,0.04001942925928229,-0.02972032920857967,-0.19933054893414956,
-0.00618763342499733,-0.1192938804626465,-0.2955100774765015,-0.6565576791763306,-0.002951760310679674,-0.03453529253602028,-0.007623317130211617,-0.03639244385902941,-0.2015057210899933,
-0.043601942062377934,-0.10820527076721193,0.07172755002975464,-0.6460381746292114,-0.02685363218188286,-0.031738974153995514,-0.03889732295919599,-0.03706160608507374,-0.2030467321951931,
-0.03366140425205231,-0.079513418674469,0.6944473743438722,-0.35502129793167114,-0.11766742914915085,-0.05643979460000992,-0.07323659419955161,-0.03797912003329528,-0.2045560826072477,
0.03455970585346222,0.12637144327163696,1.593760681152344,-0.013803754933178425,-0.08058290928602219,-0.07814455777406693,-0.11637192806113474,-0.04845395876253997,-0.20627560607202747,
0.0627191960811615,0.268968391418457,1.5557291984558106,0.23540155589580536,0.1341344714164734,-0.10118090361356735,-0.11897122371885847,-0.05510267856463679,-0.20821832774526358,
0.14451667070388793,0.28364057540893556,1.4434063911437989,0.426283597946167,0.1744813621044159,-0.17495045065879822,-0.11235998981787793,-0.05425014685211279,-0.21381652698020945,
0.09301531910896302,0.09980099797248841,0.6540146350860596,0.5565122365951538,0.10610468685626984,-0.23174236714839935,-0.07081570898994996,-0.04299026537519228,-0.23557705290019576,
-0.01389082968235016,0.01019045263528824,0.2540426015853882,0.5394701957702637,0.11196328699588776,-0.20743690431118011,-0.04164404321932094,-0.03875009706475391,-0.24819945963148524,
-0.16234962940216066,-0.10503451824188233,-0.24591534137725832,0.44239795207977295,0.10490591078996658,-0.12867392599582672,0.01567339646452208,-0.02781238965992212,-0.27023681213169454,
-0.1969624996185303,-0.12678309679031372,-0.39682903289794924,0.3654991686344147,0.03839346021413803,-0.0786064937710762,0.04032058171262521,-0.02120310602793729,-0.27693287066840994,
-0.1836039185523987,-0.11767382621765138,-0.507591724395752,0.269425630569458,0.022547647356987,-0.05323988199234009,0.0789601706468498,-0.014465582338950005,-0.2840383596642641,
-0.17930467128753663,-0.1252607822418213,-0.5596296787261963,0.18846553564071655,-0.017200032249093056,-0.038059864193201065,0.0938017323934414,-0.012418122442444902,-0.28644434280765024,
-0.18500263690948487,-0.12828898429870605,-0.5315029621124268,0.13959653675556183,-0.027386624366044998,-0.028672218322753906,0.10512055636404845,-0.011595035068418238,-0.28859567645275264,
-0.18087021112442017,-0.14404335021972656,-0.5380542278289795,0.04232456907629967,0.0071678925305604935,0.010942301712930202,0.12066510407997119,-0.012785143348287181,-0.29233248398958894,
-0.19888378381729127,-0.15054806470870974,-0.6096112728118896,-0.10621324181556702,0.024012386798858643,0.052221301943063736,0.12443036630341173,-0.012772344762664797,-0.292437034374927,
-0.19031341075897218,-0.16050671339035036,-0.6478853702545166,-0.19482992589473724,0.01449158601462841,0.05634920299053192,0.12302139744686509,-0.012601305426656436,-0.2906156695217082,
-0.18802706003189087,-0.15180183649063111,-0.5751034736633301,-0.28704190254211426,-0.009876337833702564,0.0640057921409607,0.10530491209061993,-0.012904634761870155,-0.2846347201286599,
-0.22599515914916993,-0.1624815821647644,-0.6988356590270997,-0.46261078119277954,-0.047094013541936874,0.07852001488208771,0.0922559831498071,-0.013766003916467397,-0.2818335935742622,
-0.32285895347595217,-0.2433945178985596,-0.6241220951080323,-0.6730005145072937,-0.047826383262872696,0.17752303183078766,0.047247179431415404,-0.01936417928511872,-0.2746084588710143,
-0.37579064369201665,-0.260601806640625,-0.3984463453292847,-0.8379833102226257,-0.05168796703219414,0.32852426171302795,0.013527321037920944,-0.022541387972109122,-0.2666376739780542,
-0.22289154529571534,-0.2793803930282593,0.16529177427291872,-0.7267963290214539,-0.17652365565299988,0.29124000668525696,-0.02940070957587002,-0.02259702261573012,-0.2521706706456534,
0.19861305952072145,-0.237314248085022,1.0327007293701171,-0.32379353046417236,-0.390242338180542,0.1645401269197464,-0.07259162349298617,-0.024578926579096196,-0.2341311306418546,
0.29441998004913333,0.026482829451560976,2.3659120559692384,0.22282032668590546,-0.10108960419893265,0.185512512922287,-0.119210649808469,-0.04861943631104919,-0.2037297698079708,
0.32440307140350344,0.13651891946792602,2.1104082107543944,0.5007212162017822,0.1903933733701706,0.1646067053079605,-0.11386735261785606,-0.055304824120311076,-0.19128945082259108,
0.4359880924224854,0.08471726179122925,1.9690477371215822,0.8153071403503418,0.14012621343135834,0.04429839551448822,-0.097465275906204,-0.04647202362570321,-0.18385450079477414,
0.3576044321060181,-0.1700451374053955,0.7279752731323242,0.9372133016586304,0.11662381887435913,-0.05523725226521492,-0.024493459170742915,-0.02883472679426677,-0.178527031507482,
0.1933987855911255,-0.2997470855712891,0.13397934436798095,0.8957328200340271,0.10104461014270782,-0.07101970165967941,0.023225174621145754,-0.022863808153991298,-0.18053919229977464,
0.08422155380249025,-0.41219186782836914,-0.23918955326080324,0.7980614304542542,0.06615719944238663,-0.04192466288805008,0.06922892063528426,-0.017297991073346956,-0.1827689988697029,
0.037247902154922484,-0.47989735603332523,-0.716067123413086,0.5669655799865723,0.05117691308259964,-0.026012275367975235,0.1531487815813626,-0.00828616677750819,-0.1843415347346573,
0.013543449342250824,-0.45115308761596684,-0.7742373943328857,0.4860055148601532,0.03885979205369949,-0.019287794828414917,0.18527216628490575,-0.00546749616612145,-0.18438513386682026,
-0.02168291211128235,-0.4208271026611328,-0.7339098930358887,0.33094295859336853,-0.004216840490698814,-0.012030679732561111,0.23565883685695152,-0.0010760112853511793,-0.18350327443688166,
0.018660916388034823,-0.41495804786682133,-0.7998337745666504,0.19871698319911957,0.007900542579591274,-0.01322910189628601,0.2748365489354824,-0.00035263958197385563,-0.18334559936131925,
-0.011364644020795824,-0.3820746183395386,-0.7161630153656007,0.07028603553771973,0.06522508710622787,0.013069613836705685,0.3036887627406809,0.0010173783410536497,-0.18262615879717534,
-0.023793888092041016,-0.3615828275680542,-0.7291050910949708,-0.09962364286184311,0.03107004426419735,0.005213288590312004,0.3098867153662067,0.0023794481492599544,-0.1797805866955927,
0.011408136785030366,-0.3472996950149536,-0.7751146316528321,-0.2247256338596344,-0.03530924767255783,-0.020486216992139816,0.32703924041736354,0.005493322811189706,-0.17586791220026368,
0.011541856825351715,-0.33022325038909917,-0.622173023223877,-0.3287886381149292,-0.03437713906168938,-0.026012275367975235,0.3337520766313465,0.006511508060764115,-0.1751113016232854,
