-0.010216907411813737,-0.10643396377563477,-0.33552300930023193,-0.008690387941896915,0.009833569638431072,0.0004605744034051895,0.2142200635632602,0.00836196389778419,-0.1014580877847212,
-0.038516297936439514,-0.11135081052780152,-0.3709272861480713,-0.07952868193387985,0.0007119507063180208,0.012980776838958263,0.21404247730480527,0.009122611552102084,-0.10101993872031735,
-0.05581441521644592,-0.10216737985610963,-0.3456425666809082,-0.12586767971515656,-0.021125970408320427,0.032688166946172714,0.20984925898992807,0.008676424477843317,-0.10043685551179478,
-0.05905248522758484,-0.09640540480613709,-0.32935447692871095,-0.16428378224372864,-0.045360736548900604,0.04746871069073677,0.20397811946881347,0.007274999588502476,-0.09971973416494677,
-0.04020788371562958,-0.11127637624740601,-0.35106730461120605,-0.24544362723827362,-0.0712599828839302,0.05938636139035225,0.18766781232196753,0.0011878355172812035,-0.09835123134420533,
-0.02672632932662964,-0.11553363800048828,-0.337490439414978,-0.2994392216205597,-0.08271157741546631,0.05619056150317192,0.17621685222357156,-0.0031981288705496703,-0.09768747119229342,
-0.07506009340286256,-0.11462606191635133,-0.2447058439254761,-0.34065163135528564,-0.13417714834213257,0.07663033157587051,0.14652176442130674,-0.01354992265628253,-0.0967550519356625,
-0.07892457842826844,-0.10689034461975098,-0.1779774308204651,-0.37267613410949707,-0.14775927364826202,0.11391458660364151,0.129298796279641,-0.020984178848549414,-0.09616435144985158,
-0.029071015119552613,-0.1083567500114441,-0.12840088605880737,-0.42627227306365967,-0.11526872217655182,0.10998642444610596,0.11077745626213671,-0.03002774197449181,-0.09408614465695225,
-0.007104141265153885,-0.08176939487457276,0.12006094455718995,-0.41968095302581787,-0.14170058071613312,0.1258988082408905,0.06666291170481478,-0.045371022460759115,-0.08642939990223085,
0.020619501173496247,-0.06975399255752564,0.293931245803833,-0.3429153263568878,-0.15142112970352173,0.1475369930267334,0.0442207976415743,-0.05328125696839028,-0.08143356746721343,
0.05870150923728943,-0.038102450966835025,0.4333966255187989,-0.25389915704727173,-0.10594765841960907,0.15565963089466095,0.024075344523283988,-0.06176046163321435,-0.07502954854326226,
0.1429842233657837,0.052688777446746826,0.5575516700744629,-0.17140774428844452,-0.015599912032485008,0.14953435957431793,-0.006588801332537419,-0.07345694655454449,-0.05942660738618181,
0.17908161878585815,0.10011223554611207,0.5910178661346436,-0.08032763004302979,0.03859541937708855,0.1300266981124878,-0.017631101478430028,-0.07449031321277282,-0.051559572854746626,
0.21892879009246827,0.1464411735534668,0.6120889186859131,0.01934117265045643,0.04944780096411705,0.0880153477191925,-0.025457015478304094,-0.07297949681145058,-0.04426178376646388,
0.25350499153137207,0.18790738582611086,0.5112378597259521,0.13239236176013947,0.04625200852751732,0.028493687510490417,-0.02734037750153319,-0.06733838712997842,-0.03401763952498271,
0.24104049205780032,0.1776334047317505,0.39327459335327153,0.18805243074893951,0.07075309008359909,-0.01817820966243744,-0.02156194580187502,-0.0648337782987933,-0.03179167790072326,
0.22231147289276124,0.16127625703811646,0.28095803260803226,0.20549613237380981,0.09445521980524063,-0.048671405762434006,-0.012964622119652328,-0.06195252269526829,-0.031242316222539538,
0.15060336589813234,0.08994512557983399,0.09695898294448853,0.20889167487621307,0.1008468046784401,-0.0679127424955368,0.00836546338511835,-0.052943753812543876,-0.03436919535370393,
0.12800568342208862,0.053574055433273315,0.038100364804267886,0.20915798842906952,0.0960531160235405,-0.07683432847261429,0.01951576002848208,-0.04768664470956146,-0.0370620109107513,
0.10728974342346193,0.029272571206092834,-0.009795166552066803,0.20729294419288635,0.07308349013328552,-0.08415956795215607,0.030857762987391794,-0.0431619351915161,-0.040074667007369336,
0.08749083280563355,0.008784878998994827,-0.057231247425079346,0.19444318115711212,0.06409531831741333,-0.09228220582008362,0.04341502635825537,-0.04505843331491925,-0.04341388903819529,
0.06266055703163147,-0.004874962940812111,-0.13964225053787233,0.17040815949440002,0.04791661724448204,-0.10087090730667114,0.06448877200969497,-0.03692427559857538,-0.05111650015991624,
0.05078273415565491,-0.012260790169239045,-0.16507755517959596,0.14843708276748657,0.024880273267626762,-0.10446617007255554,0.07384384906979172,-0.03312463112773846,-0.05547381307277893,
0.04130179584026337,-0.019833178818225862,-0.19686191082000734,0.11641257256269455,0.020219741389155388,-0.10706275701522827,0.08243021761061141,-0.030045714942754896,-0.06016612398566395,
0.022102789580821992,-0.03406043350696564,-0.2532998085021973,0.05382828041911125,0.027610013261437416,-0.10040485858917236,0.09553153762982314,-0.024896341974503078,-0.069928499493912,
0.014999525249004365,-0.03620988130569458,-0.24118688106536867,0.020405611023306847,0.010033149272203445,-0.10206933319568634,0.09900128629406872,-0.022043590781032452,-0.07442491368681235,
0.019667482376098635,-0.04091265797615051,-0.23165128231048585,-0.004228629171848297,-0.009208190254867077,-0.10446617007255554,0.10097047804348554,-0.019584046546336206,-0.0790166983202352,
0.004235919192433358,-0.04266710281372071,-0.23408896923065187,-0.03884972631931305,-0.021192414686083794,-0.10260196030139923,0.10161383901049834,-0.016798948892615677,-0.08930944538760496,
0.00032874839380383494,-0.039944654703140264,-0.23769307136535645,-0.06714580953121185,-0.03337637707591057,-0.10426643490791321,0.10017943123229134,-0.016156544417287796,-0.09465045203349998,
-0.008640798181295395,-0.04374845921993256,-0.24311819076538088,-0.09484268724918365,-0.05841008946299553,-0.09960590302944183,0.09756631765304455,-0.015849015221646414,-0.10008535805991707,
-0.026210266351699832,-0.07559726834297181,-0.26106712818145755,-0.14164775609970093,-0.0835103914141655,-0.08269482851028442,0.08893760227000132,-0.018121781334765375,-0.11145330104405113,
-0.008261508494615556,-0.0884306013584137,-0.2613973140716553,-0.20316676795482635,-0.0871056541800499,-0.06585033237934113,0.0824486329769149,-0.02091901363445782,-0.11680090344348568,
0.013694100081920624,-0.07263124585151673,-0.2504812240600586,-0.2655513286590576,-0.08703907579183578,-0.0651179701089859,0.07390342866889427,-0.02437075311567441,-0.12148229119975132,
0.040469187498092654,-0.062465357780456546,-0.22353286743164064,-0.30123767256736755,-0.0919659286737442,-0.08089719712734222,0.06275078440468501,-0.028010566316353232,-0.1256572548802518,
0.07909075021743775,-0.02492765486240387,-0.08151230812072754,-0.32960033416748047,-0.07012800127267838,-0.10772854089736938,0.03401040947386493,-0.035817625504523005,-0.13476283091705124,
0.07789151072502137,-0.0009532197378575802,-0.022595109045505525,-0.3483756184577942,-0.06872984766960144,-0.13455988466739655,0.018284488062143996,-0.042483282006779324,-0.14018589209953455,
0.09339162707328796,0.018297527730464936,0.2660086154937744,-0.2757379114627838,-0.06386957317590714,-0.2076636701822281,-0.014443812426237617,-0.05015138235449882,-0.15469170926974588,
0.06546885371208191,0.021383748948574068,0.4040557861328125,-0.17313963174819946,-0.057477984577417374,-0.23456159234046936,-0.028025017714573153,-0.05397084146440513,-0.16507356517406765,
0.02097448855638504,0.03397169411182404,0.49409332275390627,-0.10769298672676086,-0.004747305065393448,-0.22118023037910461,-0.0374778824190211,-0.05850893133302853,-0.17734573989977762,
-0.09850896000862122,0.05407670736312867,0.5135077953338624,-0.018477093428373337,0.053109873086214066,-0.17097964882850647,-0.04550504632290215,-0.06327462366823101,-0.2014370782924666,
-0.123272705078125,0.06526676416397095,0.5471456050872803,0.08005987107753754,0.0689556747674942,-0.1518714725971222,-0.04616340675659781,-0.06244843906986879,-0.21129595585872762,
-0.10483143329620362,0.06841824054718018,0.5272962093353272,0.1429770439863205,0.0815391093492508,-0.16046015918254852,-0.04338936637294385,-0.06059017691538592,-0.21997053677919023,
-0.08282278776168824,0.026709049940109253,0.34844996929168703,0.20329764485359192,0.10217861086130142,-0.1567317396402359,-0.027352353514281794,-0.05445120877082525,-0.23719039940501907,
-0.11688799858093263,0.011963948607444763,0.24001777172088623,0.23738610744476318,0.10837046056985855,-0.12151143699884415,-0.01582126884718549,-0.04992239480002001,-0.2456918534764962,
-0.1359580159187317,0.0036620400846004487,0.14575088024139404,0.25170060992240906,0.07268410176038742,-0.09934061765670776,-0.0032896599760390156,-0.04453146111267503,-0.25294069744990993,
-0.12560216188430787,-0.026365703344345095,-0.002960379421710968,0.2536314129829407,0.053043290972709656,-0.0856919214129448,0.02199372244213775,-0.027537313558447223,-0.2635775110507154,
-0.12541338205337524,-0.039970189332962036,-0.05788025856018067,0.23465636372566223,0.05024697259068489,-0.05846109241247177,0.03491558341168786,-0.022303247326046997,-0.2678403891229192,
-0.13809391260147094,-0.0515803873538971,-0.09921302795410157,0.21142028272151947,0.06030040606856346,-0.02956579625606537,0.04761202031822687,-0.019295926705153472,-0.2711176187095515,
-0.1606076955795288,-0.0541687548160553,-0.1660304069519043,0.16914260387420654,0.057970140129327774,0.021833213046193123,0.06951556137194813,-0.012983536718584508,-0.27319863176171044,
-0.14643145799636842,-0.054559755325317386,-0.18332875967025758,0.12533360719680786,0.054374873638153076,0.057120099663734436,0.0781027501173574,-0.010317139774011847,-0.2714518889143528,
-0.12004309892654419,-0.05372944474220276,-0.19370338916778565,0.10256358236074448,0.027343787252902985,0.05485641211271286,0.08520447044461996,-0.008084475125118347,-0.26834392260878953,
-0.115083646774292,-0.054181492328643804,-0.1750599265098572,0.09364199638366699,-0.02545338310301304,0.06690721213817596,0.09601872508539414,-0.00650191519949282,-0.2619575264558083,
-0.11900171041488648,-0.0628471612930298,-0.19216285943984987,0.07992671430110931,-0.0604073740541935,0.08561591804027557,0.1008852462049077,-0.008312938170398528,-0.2591338928085953,
-0.1096794605255127,-0.06350103616714478,-0.20809967517852784,0.04823509603738785,-0.0640692189335823,0.09507014602422714,0.10518765117955894,-0.011929686628075394,-0.2561842738243499,
-0.08877633810043335,-0.06768049597740174,-0.25508077144622804,-0.018410513177514076,-0.04855630546808243,0.11384543031454086,0.11044474453616854,-0.021190683871313294,-0.24941536040294385,
-0.08659066557884217,-0.06982954144477845,-0.2615744829177857,-0.06421688199043274,-0.04063339903950691,0.12962466478347778,0.11006802011115163,-0.0256101646145819,-0.24512157255676595,
-0.09226805567741395,-0.0627271831035614,-0.24446840286254884,-0.09597507864236832,-0.04482787847518921,0.13954494893550873,0.10747396548820141,-0.029771840292248546,-0.24006748253098414,
-0.11041780710220338,-0.06870630979537964,-0.21095111370086672,-0.1306612342596054,-0.07678606361150742,0.16298359632492065,0.09726213464946458,-0.03851007744121689,-0.22813877187744885,
-0.1046603560447693,-0.053340256214141846,-0.16677180528640748,-0.15882417559623718,-0.06147288158535957,0.18648599088191986,0.09005099643018015,-0.044230188381758385,-0.2215340780968112,
-0.06532440781593322,-0.02776671051979065,-0.1393151879310608,-0.2028994858264923,-0.024055469781160355,0.1867523044347763,0.081514819945182,-0.05033902148815739,-0.2137029580401582,
-0.052825731039047245,-0.006871358305215836,-0.03806373775005341,-0.23785348236560822,-0.004348078276962042,0.19687232375144958,0.05890232868098563,-0.057744795238848144,-0.19562071759700597,
-0.026497831940650942,0.0025125674903392794,0.0489206999540329,-0.24158190190792084,0.01216352079063654,0.20426258444786072,0.045253136479313325,-0.05963681588108933,-0.18582292984060478,
0.021975241601467133,0.02043285369873047,0.1594889760017395,-0.22040976583957672,0.040992241352796555,0.16597965359687805,0.03087370062298345,-0.06074265270847825,-0.17528668349045345,
0.09725889563560486,0.007515369355678559,0.39725584983825685,-0.16461654007434845,0.07002069801092148,0.15386226773262024,0.004477164732640144,-0.05838519425097046,-0.15676141347937037,
0.1299810528755188,0.03628635108470917,0.5491514205932617,-0.04524034634232521,0.13679945468902588,0.12583249807357788,-0.006200892675224052,-0.05520430304700594,-0.14882624135448674,
0.14595633745193481,0.06935863494873047,0.6365948677062989,0.07486821711063385,0.10936889797449112,0.09533929079771042,-0.012820990166842289,-0.04961385301026465,-0.14203019429570454,
0.05052894353866577,0.11405155658721924,0.6472723007202149,0.23006393015384674,0.07401543855667114,0.11577904969453812,-0.009842551303275531,-0.03721711542620878,-0.1317588841439411,
0.08956025838851929,0.10495525598526001,0.545598030090332,0.29224875569343567,0.09884941577911377,0.12037300318479538,-0.00036886864198243076,-0.03334771858609503,-0.12623344797598712,
0.16119704246520997,0.05185219645500183,0.382224178314209,0.3520367443561554,0.11143285036087036,0.0868171751499176,0.026961667053738914,-0.024273532043411025,-0.11359948953836466,
0.16763254404067995,0.01886674463748932,0.29580829143524173,0.408628910779953,0.0852007120847702,0.05865424871444702,0.04363651170728475,-0.019122052319679707,-0.10800729899899959,
0.15439652204513551,-0.017659269273281097,0.18870712518692018,0.42334288358688354,0.06882227212190628,0.03342079371213913,0.06267011819523416,-0.014655199616832508,-0.10347381135186669,
0.14844694137573242,-0.07436124682426452,-0.09494227766990662,0.37394124269485474,0.07920859754085541,0.006589447148144245,0.10408751077095797,-0.010863305214114948,-0.09730216461208036,
0.13029659986495973,-0.08519722819328308,-0.172273325920105,0.3467104136943817,0.08313676714897156,0.003460233099758625,0.12386810479360075,-0.0075664096656445886,-0.09539426689867933,
0.10793863534927368,-0.09836773276329042,-0.2088840961456299,0.31255537271499634,0.07042016834020615,-0.002398721408098936,0.1421392155280974,-0.003827446627781589,-0.093483631368242,
0.08161840438842774,-0.11239334344863892,-0.31369924545288086,0.23545683920383453,0.056638315320014954,-0.022106114774942398,0.17493663689254205,0.00281663280274795,-0.08997797797407023,
0.062338089942932134,-0.1231865406036377,-0.34477124214172367,0.18805132806301117,0.040060337632894516,-0.024238958954811096,0.18814403098808055,0.005794469781174476,-0.08898602426045257,
0.02222430408000946,-0.12182284593582154,-0.332714056968689,0.15802419185638428,0.026012161746621132,-0.012054996564984322,0.198942323772694,0.008614819757384769,-0.08858479807531221,
-0.004640773683786392,-0.13190313577651977,-0.35376269817352296,0.0979699045419693,0.0007787094218656421,0.0007947562262415886,0.21590750064525072,0.011970111492921017,-0.08808549612486997,
0.0007384583819657564,-0.13493109941482545,-0.35613412857055665,0.06348197162151337,-0.016531838104128838,-0.0004036668688058853,0.22176592880655702,0.01235692886702458,-0.08782673818770953,
-0.000755503959953785,-0.1294148802757263,-0.35032081604003906,0.026796922087669373,-0.021991318091750145,-0.0018684053793549538,0.22591657609939908,0.011990363264490836,-0.08805288760364924,
-0.037774094939231874,-0.11578855514526368,-0.37634642124176027,-0.04630684852600098,-0.012603675946593285,0.02176715061068535,0.22966873129108645,0.010489083097308668,-0.08944209057219092,
