-0.04211678504943848,-0.15566512346267702,-0.3788057804107666,-0.06061886250972748,-0.027318043634295464,0.018109934404492378,0.23031683172848272,0.01833256953513539,-0.1333713777335811,
-0.0474465698003769,-0.14750202894210815,-0.39843428134918213,-0.1510331928730011,-0.03031410090625286,0.04221154376864433,0.22876281058014647,0.01726201873098771,-0.13370885550076994,
-0.05149016380310059,-0.14083290100097656,-0.4078524112701416,-0.22540196776390076,-0.05042096972465515,0.05792419612407684,0.22461147271648627,0.015415797652160904,-0.13372777363896834,
-0.035562637448310855,-0.12794098854064942,-0.3400164365768433,-0.26142120361328125,-0.11533552408218384,0.05745813995599747,0.2060810772908089,0.009202010983176164,-0.13229102004573443,
-0.020920969545841217,-0.12026691436767578,-0.29181005954742434,-0.32234102487564087,-0.11613447219133377,0.05253129079937935,0.19337138977462695,0.0038585288626325,-0.13230260348149955,
-0.008575602620840074,-0.11683567762374879,-0.30261824131011966,-0.40356743335723877,-0.0820460096001625,0.06930920481681824,0.17968094090874162,-0.0026728229154800278,-0.13323631456395105,
-0.020505888760089876,-0.10707184076309205,-0.2083155393600464,-0.46794936060905457,-0.08364390581846237,0.09414318203926086,0.14336992058048437,-0.014676128934270049,-0.13296893787048963,
-0.018349577486515046,-0.09403116106987,-0.07028881907463073,-0.4674833118915558,-0.11167367547750473,0.0811602771282196,0.12030362637191724,-0.01984452891757952,-0.13052729503260707,
0.004564047977328301,-0.07076542973518372,0.05150591731071472,-0.4182814061641693,-0.18091586232185364,0.06098683178424835,0.09261220587626266,-0.025823146041197117,-0.1271409145670167,
-0.001671871915459633,-0.03880324363708496,0.35227172374725346,-0.31068968772888184,-0.128251850605011,0.07303763180971146,0.04693932815614198,-0.04176870842277257,-0.12321406677569727,
0.004975410178303719,-0.001326266210526228,0.5169943809509278,-0.1839907020330429,-0.011605247855186462,0.10712441802024841,0.027578932725392316,-0.05135105072453193,-0.12122369843540576,
0.0001240168232470751,0.04396180808544159,0.6240483283996583,-0.11042087525129318,0.028275590389966965,0.11085285246372223,0.012239620099643748,-0.05699515500682152,-0.11776643938697388,
0.07766605615615846,0.1344122290611267,0.5869746685028077,-0.005825217813253403,0.023748215287923813,0.08135834336280823,-0.005535667347275749,-0.05663531605054343,-0.10711476446552907,
0.1054723858833313,0.16075958013534547,0.5925347328186036,0.0959075316786766,0.0387284941971302,0.04993303865194321,-0.009305693601636798,-0.055142438535770076,-0.10263480535026841,
0.1232236385345459,0.17094599008560182,0.5419506072998047,0.16135472059249878,0.0766119658946991,0.03075827658176422,-0.008939701042490065,-0.05381028157651088,-0.09908928518410162,
0.12134109735488892,0.13981986045837402,0.39109129905700685,0.24011771380901337,0.12148623168468475,-0.002264920622110367,0.00273383069718858,-0.04823221808836753,-0.09478041725053414,
0.10765875577926637,0.11091231107711792,0.2815246105194092,0.25616326928138733,0.1350017637014389,-0.013649934902787209,0.01300895403776064,-0.04318481279280647,-0.0938877840430328,
0.05831652283668518,0.04436888098716736,0.09473863244056702,0.2505040466785431,0.12548096477985382,-0.003995975479483604,0.03825518150294518,-0.03013053254835754,-0.09365350177136046,
0.05091354250907898,0.01724710315465927,0.02046494781970978,0.2259363830089569,0.1252812296152115,-0.001998604740947485,0.05133292852588801,-0.02349752367451716,-0.09321871554586021,
0.06362576484680176,-0.0010814503766596317,-0.0750641405582428,0.2162158340215683,0.09858304262161255,-0.01737836003303528,0.07567911199292009,-0.011345629297371157,-0.09094529017384562,
0.07867444753646852,-0.00522245392203331,-0.10736143589019775,0.20043660700321198,0.07514722645282745,-0.03888338804244995,0.08682314477198963,-0.005546066190493517,-0.08977345305301394,
0.09361205101013184,-0.01633758395910263,-0.19763928651809692,0.1482386589050293,0.05970089137554169,-0.05566130205988884,0.10818549182857526,0.003885546359140179,-0.089720448067087,
0.08865783214569092,-0.020539003610610965,-0.22413718700408936,0.106094129383564,0.04671797901391983,-0.06078788638114929,0.11708391699188603,0.007914258627379852,-0.09090260738815764,
0.07993264198303224,-0.026208743453025818,-0.2431621551513672,0.06315065175294876,0.01802241988480091,-0.07809843122959137,0.12988112834729196,0.015280529446719815,-0.09435262143226264,
0.08054803609848023,-0.022999809682369234,-0.26776771545410155,0.009221642278134823,-0.0038820807822048664,-0.0981387197971344,0.13428429773520387,0.018281987591147325,-0.09672481759347373,
0.07180930376052856,-0.044065850973129275,-0.31580414772033694,-0.0642150267958641,-0.010007351636886597,-0.11065557599067688,0.13784740448844987,0.022727048747442944,-0.10444887856483176,
0.04979948997497559,-0.05375906229019165,-0.31109395027160647,-0.11880983412265778,-0.006345504894852638,-0.09707345068454742,0.13594678707945596,0.024423799458670167,-0.10961196128416334,
0.0123471699655056,-0.06428150534629821,-0.30237052440643314,-0.1658812016248703,-0.019794467836618423,-0.08169370889663696,0.12586097151839704,0.028045532732440884,-0.11970606987889873,
0.025681743025779726,-0.070225989818573,-0.27582664489746095,-0.20562812685966492,-0.05361673980951309,-0.08601991832256317,0.11768821514382977,0.028977919941737446,-0.12401850858820372,
0.05392106175422669,-0.06977527141571045,-0.25341196060180665,-0.2338576316833496,-0.0867730975151062,-0.09560729563236237,0.10782243021264436,0.028729111986483678,-0.12848715806083802,
0.06426822543144227,-0.05406354069709778,-0.22628557682037354,-0.2668808400630951,-0.11413707584142685,-0.10026784241199493,0.09678274679334042,0.027379599328328914,-0.13361684832684534,
0.07995912432670593,-0.02530713379383087,-0.15734034776687622,-0.3023674786090851,-0.14902448654174805,-0.11777812242507935,0.07099990264837812,0.02066316917468095,-0.14564440955988386,
0.10519425868988037,-0.01837223321199417,-0.09514536261558533,-0.29544323682785034,-0.15987686812877655,-0.14600762724876404,0.05592862494302551,0.015055413316858753,-0.15237608477966014,
0.11930298805236816,-0.000398279819637537,-0.009786846488714218,-0.2785321772098541,-0.20608271658420563,-0.1812945157289505,0.040060983713154294,0.0029778707817569527,-0.15973406691372438,
0.11555058956146241,0.012174251675605775,0.05934832692146302,-0.2758024334907532,-0.26280805468559265,-0.21298612654209137,0.025048382606482882,-0.004856821034668516,-0.1679854645276071,
0.13414521217346193,0.0190013125538826,0.2213977575302124,-0.236853688955307,-0.18437795341014862,-0.26824674010276794,-0.0023391235546708737,-0.02693233255846432,-0.18852855649287129,
0.08312274813652039,0.00035338888410478835,0.34043920040130615,-0.16654624044895172,-0.08584099262952805,-0.22257350385189056,-0.014289125917607868,-0.039912823702630384,-0.20145512633969642,
-0.02056274265050888,-0.001809011958539486,0.444947099685669,-0.09464088082313538,-0.041965410113334656,-0.1902160942554474,-0.024123444338342764,-0.04942670781714741,-0.2150845862398231,
-0.08721818327903748,0.06534202098846435,0.5224670886993409,0.02340373396873474,-0.03331013768911362,-0.19767294824123383,-0.034848283462940347,-0.05868890669155447,-0.23620450540852952,
-0.0908361554145813,0.08610439896583558,0.5247976779937744,0.07393721491098404,0.0486486479640007,-0.1932787299156189,-0.03503631734846508,-0.061735459883768704,-0.245758307437184,
-0.15875738859176636,0.027214109897613525,0.38690006732940674,0.11714700609445572,0.13453559577465057,-0.13475577533245087,-0.025997997252351617,-0.06346332323359294,-0.2661911584130978,
-0.1900611758232117,-0.003478429839015007,0.33617255687713626,0.16807995736598969,0.1340695470571518,-0.09048071503639221,-0.01952717896400106,-0.058768488472413734,-0.27498590280102825,
-0.18529939651489258,-0.02317204773426056,0.25207817554473877,0.20529763400554657,0.07714447379112244,-0.06950832903385162,-0.01160329324862458,-0.051941206861804194,-0.2814821792311054,
-0.17847377061843872,-0.023081891238689423,0.16129873991012575,0.2230076640844345,0.040193110704422,-0.07370279729366302,-0.0020870320024794185,-0.04551625860456084,-0.28606078900856063,
-0.1567895293235779,-0.008002229034900665,0.037422779202461245,0.23758846521377563,0.05603891983628273,-0.06651227176189423,0.020330469462501714,-0.03872097174231978,-0.29267360266834164,
-0.15210475921630862,-0.015454009175300598,-0.00531061552464962,0.228333979845047,0.07834289222955704,-0.035020388662815094,0.03206857330341756,-0.027708413510084587,-0.29582061526407083,
-0.14558169841766358,-0.03001721203327179,-0.05211042165756226,0.1909831464290619,0.051311809569597244,0.008056243881583214,0.04391479759826438,-0.018809513969384493,-0.2981536857955416,
-0.15367118120193482,-0.06280191540718079,-0.14974581003189089,0.15330052375793457,0.0337347649037838,0.0386846587061882,0.06594907147010547,-0.011578726857548152,-0.2979717394401612,
-0.14232966899871827,-0.06629577279090881,-0.1445644497871399,0.1522352546453476,0.017223168164491653,0.05772625654935837,0.07434041768691024,-0.009912021594327212,-0.2958113629583887,
-0.15268310308456423,-0.08082409501075745,-0.1501471996307373,0.13505786657333374,0.0067702606320381165,0.08455760776996613,0.08211429848252394,-0.008905989667936093,-0.29306242873899685,
-0.1538628101348877,-0.09012324213981629,-0.21549990177154543,0.08532333374023438,-0.0009529068483971059,0.12856633961200714,0.09677876586610727,-0.00957557261092468,-0.28596485266772936,
-0.1513003706932068,-0.09876802563667297,-0.2500215768814087,0.03199353069067001,-0.003283172845840454,0.16831402480602264,0.10258161545455773,-0.011016034960124288,-0.2809343135533052,
-0.14257580041885376,-0.10080326795578004,-0.27405283451080326,-0.019804954528808594,0.001177622121758759,0.18569114804267883,0.10642327604478034,-0.013277468562742131,-0.2745677435115604,
-0.09519501328468323,-0.10619410276412965,-0.2940699338912964,-0.08272213488817215,-0.0010194858768954873,0.1825619339942932,0.10712327603459482,-0.019338962447975307,-0.25786999957062784,
-0.08998349905014039,-0.10385860204696656,-0.27434041500091555,-0.10682374238967896,-0.05175270512700081,0.19680984318256378,0.10377243197767393,-0.02226963443971379,-0.24899949751504585,
-0.10595728158950807,-0.09142303466796875,-0.23112969398498537,-0.11987323313951492,-0.07831773906946182,0.2143867164850235,0.09859071197022747,-0.025583639464472636,-0.2402796936516435,
-0.08202426433563233,-0.06686020493507386,-0.18720602989196777,-0.2004338651895523,-0.021658984944224358,0.2323630452156067,0.08552081140505645,-0.03737419867466202,-0.22214910808706792,
-0.05602818727493286,-0.0471483051776886,-0.1774025321006775,-0.2667465806007385,0.017356324940919876,0.24554570019245148,0.07668653302731514,-0.04325400898024445,-0.21185235720658305,
-0.045677137374877934,-0.03804939389228821,-0.11296226978302003,-0.26641368865966797,-0.0004868536489084363,0.2506057024002075,0.06454709820883596,-0.046771488036112155,-0.20034205104179978,
-0.008242569118738175,-0.020980979502201083,0.14894838333129884,-0.20369623601436615,-0.043496906757354736,0.25073885917663574,0.03386938099820175,-0.04962649720683483,-0.17510924373915646,
0.04194123446941376,-0.002784816920757294,0.2546142339706421,-0.15542642772197723,-0.033909525722265244,0.23349489271640778,0.019736300117858995,-0.05187407806678694,-0.16234169149754807,
0.10429514646530152,0.027804502844810487,0.3272925853729248,-0.11514612287282944,0.023681333288550377,0.20732933282852173,0.007749291045751885,-0.054665599577019566,-0.15004080850417048,
0.2423107385635376,0.0965661644935608,0.5006072521209717,-0.010417312383651733,0.09532036632299423,0.15679585933685303,-0.010680189948273517,-0.055792665999738034,-0.127978016290404,
0.2681571960449219,0.12707126140594482,0.5879030704498291,0.13638944923877716,0.08220429718494415,0.0976070985198021,-0.015906488491496625,-0.05210419039626181,-0.11920536026835901,
0.27814123630523685,0.13359103202819825,0.6361361503601075,0.23073193430900574,0.08000718802213669,0.05293256789445877,-0.01649060922480006,-0.046723110840810544,-0.1122504505401472,
0.24263598918914797,0.1228572964668274,0.4732712268829346,0.2875220477581024,0.11709199845790863,0.022569186985492706,-0.0009072015656456991,-0.038036818411043144,-0.10389154516075673,
0.21466710567474367,0.08107503056526184,0.38545701503753665,0.36781635880470276,0.11822384595870972,-0.009055851958692074,0.012406525372001749,-0.03285166543309384,-0.1020279895210466,
0.18612359762191774,0.028772386908531192,0.3236428499221802,0.41049349308013916,0.09172539412975311,-0.02470192313194275,0.028031380980138992,-0.02661965793120789,-0.10096203307402785,
0.15008277893066407,-0.01861652433872223,0.2405104398727417,0.42680537700653076,0.06888878345489502,-0.0322253555059433,0.04626422709999028,-0.020518329950018257,-0.10054847718591589,
0.09482185244560243,-0.07603935599327089,0.03858530223369599,0.41235771775245667,0.0645611509680748,-0.030227981507778168,0.08821656907513735,-0.011315326436178922,-0.10065459576975802,
0.0864180862903595,-0.08939735293388368,-0.0501487672328949,0.369147926568985,0.09398908168077469,-0.030294563621282578,0.10690481297864815,-0.011133201293405523,-0.10071078642687895,
0.08827185034751893,-0.09850278496742249,-0.12885161638259887,0.3264707624912262,0.10923567414283752,-0.029429033398628235,0.12774905586007956,-0.007403967121283065,-0.10084204869095209,
0.07141116261482239,-0.11070733070373535,-0.21972026824951174,0.29484573006629944,0.0844016969203949,-0.040747467428445816,0.16403706188989017,0.0028589925284103665,-0.09913553471257291,
0.03485391438007355,-0.09767319560050965,-0.3140769958496094,0.1646837443113327,0.05504034459590912,-0.05053458735346794,0.20812198591620998,0.016856107738175787,-0.0976207401357517,
0.0118151992559433,-0.10120595693588258,-0.3197077751159668,0.12207316607236862,0.05763692781329155,-0.03855036199092865,0.21893880510691185,0.020534894465558295,-0.09825636653029296,
-0.0021894393488764764,-0.11630349159240723,-0.31705756187438966,0.09624050557613373,0.04818270727992058,-0.02363665960729122,0.2274857635554148,0.02429572637138502,-0.0984541998699113,
-0.004338008537888527,-0.13610808849334718,-0.31934933662414555,0.053430184721946716,0.010898452252149582,-0.012118487618863583,0.23962654892087382,0.03079055955037498,-0.09724598556114014,
0.0002713833702728152,-0.14214226007461547,-0.35846900939941406,-0.021071746945381165,-0.04043398052453995,-0.006392691284418106,0.2436814999177191,0.032500948932278596,-0.09667596222573786,
-0.036172470450401305,-0.14828556776046753,-0.395122504234314,-0.11568054556846619,-0.05268452316522598,0.02023892104625702,0.24494358507172204,0.031949305046605654,-0.09862935778447796,
