-0.008882974833250045,-0.10008853673934937,-0.26855800151824955,-0.06999184191226959,0.012227506376802921,0.0529581680893898,0.19768575678426673,0.01657640699893268,-0.05078848733801596,
0.01676504760980606,-0.077146977186203,-0.25586996078491214,-0.0989537164568901,0.017820144072175026,0.04556789994239807,0.19568880831858365,0.014746543951483206,-0.04870425804547717,
0.020339693129062655,-0.06390236616134644,-0.22849025726318362,-0.1127355769276619,-0.008744888007640839,0.039442628622055054,0.1918482519888159,0.013866683539951782,-0.04614948207751045,
-0.02100539356470108,-0.05062438845634461,-0.21971485614776612,-0.13004612922668457,-0.03011675737798214,0.04583421349525452,0.18133475417908027,0.012065418197310216,-0.0422072129970329,
-0.022378076612949372,-0.04160574972629547,-0.20568716526031494,-0.139766663312912,-0.018465427681803703,0.04783158749341965,0.17514341211102394,0.009886284729086958,-0.041101665031891506,
-0.005399591848254204,-0.04022844433784485,-0.16779823303222657,-0.1518840491771698,-0.0026861962396651506,0.0403081551194191,0.16835355831699844,0.007413858749376655,-0.03984893749151834,
0.04434381723403931,-0.05105299353599549,-0.12619820833206177,-0.22438861429691315,-0.00981015246361494,0.03498183190822601,0.1537793908915614,0.003994249464307105,-0.03650990688713868,
0.05523965954780579,-0.04743642508983612,-0.062344062328338626,-0.21879597008228302,-0.03331255167722702,0.019468920305371284,0.1440464665153542,0.002945874181620387,-0.03483531989564028,
0.04545531868934632,-0.0426565945148468,0.0320778489112854,-0.2066120207309723,-0.03830597549676895,0.007751012220978737,0.12961794937164686,-0.0010643075722342732,-0.033654326117807505,
0.03321232795715332,-0.029162493348121644,0.07868718504905702,-0.21287044882774353,-0.0033519866410642862,0.0068854838609695435,0.10774556494243394,-0.004955545231027473,-0.033511359478632055,
0.032156151533126835,-0.008716005086898805,0.0749732792377472,-0.22611966729164124,0.02241409756243229,-0.00896032527089119,0.09721225273200013,-0.006228043183558623,-0.03350425404537963,
0.023324339091777804,-0.00521724596619606,0.0860651195049286,-0.20734438300132751,-0.009144362062215805,-0.015551649034023285,0.08619858838365062,-0.006120719154006906,-0.03327597022430248,
-0.037033236026763915,-0.01381741762161255,0.15375757217407227,-0.169261172413826,-0.05381889268755913,0.007551273331046104,0.06389746207225198,-0.004828882138884982,-0.03429440637126741,
-0.039448571205139164,-0.011472642421722412,0.16350327730178835,-0.158608540892601,-0.02705412171781063,0.008882854133844376,0.05415248265794843,-0.00680440933773892,-0.03503951303887571,
-0.052254980802536016,0.006611124426126481,0.12851587533950806,-0.1325761377811432,-0.04835940897464752,0.03751184046268463,0.03751689380794304,-0.011047312153016926,-0.0347746751746974,
-0.08513656258583069,0.013635823130607606,0.13320586681365967,-0.12385427206754684,-0.07645575702190399,0.07659372687339783,0.030047969947864506,-0.01250153638095331,-0.033973300693225246,
-0.058518129587173465,0.02384326606988907,0.13599326610565185,-0.12325505912303925,-0.03005017712712288,0.06421002745628357,0.023328349954933603,-0.01562312928378583,-0.03180134889429004,
0.014979401230812074,0.04386781752109528,0.15735913515090943,-0.10547845810651779,-0.008012518286705017,0.0511605367064476,0.016831185138318137,-0.019607666271540414,-0.028237617066512323,
0.040602588653564455,0.05270903706550598,0.2742887020111084,-0.036568619310855865,0.0010421392507851124,0.04317208379507065,0.004488873003167648,-0.022529241917656265,-0.0220714809453708,
0.0646418035030365,0.057126170396804815,0.30893237590789796,0.010968808084726334,0.028539277613162994,0.03211996704339981,0.000450229338177077,-0.02285775938334517,-0.019644234851504825,
0.0825208067893982,0.06238919496536255,0.2991551160812378,0.03247383236885071,0.05190851539373398,0.019070476293563843,-0.001306557511180903,-0.022676695294768918,-0.01748637103579019,
0.08813562989234924,0.057449024915695195,0.23133621215820313,0.05903886631131172,0.07261459529399872,0.006553619168698788,0.0002636377635686478,-0.01903849353795466,-0.01467465732004843,
0.09655985236167908,0.045182433724403386,0.22641141414642335,0.09652286022901535,0.07521117478609085,-0.00023744162172079086,0.002382872896159559,-0.01584722218450103,-0.013928888837587769,
0.09198254942893982,0.043304407596588136,0.22464647293090823,0.13180974125862122,0.06835353374481201,-0.008559820242226124,0.005522708420481137,-0.012133940789563164,-0.013593833697252145,
0.10758384466171265,0.035826104879379275,0.18200900554656985,0.14605765044689178,0.08320066332817078,-0.025071419775485992,0.016128460598407123,-0.004673114324868396,-0.013569011914811016,
0.1169082522392273,0.036648699641227724,0.1271843671798706,0.16203661262989044,0.09431935846805573,-0.050304871052503586,0.023374620082095402,-0.0009401685561768381,-0.014116821939422803,
0.09088393449783326,0.014532163739204407,0.06775966286659241,0.17581847310066223,0.058699578046798706,-0.0636206716299057,0.038916928719063826,0.008883816433253587,-0.017139159980809324,
0.08074786663055421,-0.003164495900273323,0.020805622637271884,0.175086110830307,0.05656904727220535,-0.0696127861738205,0.04755916650282886,0.0127405530959395,-0.019652142830089994,
0.06986157298088073,-0.03416009545326233,-0.05758985877037048,0.16097135841846466,0.056236155331134796,-0.07314148545265198,0.06432036589321644,0.013096021137080813,-0.025393671845726752,
0.05814805030822754,-0.05136065483093262,-0.10853476524353028,0.13979922235012054,0.03726113215088844,-0.0708112120628357,0.07290435891721006,0.016973184952376135,-0.028362773578099465,
0.053434818983078,-0.06465423703193665,-0.14332646131515503,0.11649657040834427,0.015622945502400398,-0.06987910717725754,0.08071762616349656,0.02050299756514242,-0.03125719213867863,
0.05174105763435364,-0.0748878300189972,-0.17152280807495118,0.09232838451862335,-0.0062149749137461185,-0.0636206716299057,0.0876529133168813,0.02330811702009066,-0.034211735693526577,
0.024705517292022708,-0.09217522144317628,-0.223915433883667,0.049784380942583084,-0.030116846784949303,-0.04511170834302902,0.09847966045217683,0.026356507945936657,-0.04054604094173063,
0.015546827018260956,-0.09642220735549928,-0.2378479242324829,0.006707749329507351,-0.03604238107800484,-0.03252827003598213,0.10199647765814783,0.026297560322819206,-0.04356246814789652,
0.022253312170505524,-0.0893743634223938,-0.24628403186798098,-0.02425149828195572,-0.046029232442379,-0.039585649967193604,0.10404529272413955,0.025523415574674073,-0.0461173148890064,
0.03632151484489441,-0.08042150139808656,-0.22030317783355713,-0.04355941712856293,-0.07412558048963547,-0.05323434993624687,0.10343044331904035,0.022896486949788245,-0.05078574262510935,
0.021251198649406434,-0.0744012176990509,-0.18677246570587158,-0.04768848791718483,-0.09343330562114716,-0.0516386404633522,0.10131938457240636,0.020873169713714248,-0.054052136393543455,
0.009401831030845643,-0.07276228070259094,-0.17238081693649293,-0.07911378145217896,-0.10202199965715408,-0.0564323291182518,0.09888698522591235,0.018072260813658283,-0.05781699071995503,
0.031774818897247314,-0.05410317182540894,-0.17479169368743896,-0.12405462563037872,-0.08810698986053467,-0.06721813231706619,0.0926276232765881,0.010306870298951096,-0.06590752754792123,
0.023076769709587098,-0.03843137919902802,-0.12811167240142823,-0.1456262320280075,-0.07785381376743317,-0.05816338211297989,0.08727701627119112,0.006565564292427883,-0.07044640867633874,
0.02394535541534424,-0.03683431148529053,-0.07973154783248902,-0.1552136093378067,-0.07299354672431946,-0.06868287175893784,0.0807496615367646,0.003197380717497936,-0.07488324966198405,
0.062449514865875244,-0.005160767957568169,0.005349815636873246,-0.15441466867923737,-0.07718802243471146,-0.09504816681146622,0.06552385667363483,-0.004064229583400378,-0.08286288921675293,
0.061332547664642335,0.0011520305648446084,0.046084952354431157,-0.15022018551826477,-0.0780535563826561,-0.09824395924806595,0.057619435709879804,-0.007091206438497641,-0.08773859428023761,
0.05309782028198243,0.000344719341956079,0.06994265913963318,-0.15181808173656464,-0.06387221813201904,-0.10563422739505768,0.049946950911547036,-0.010214286995758663,-0.09330497129841125,
0.07597560286521912,0.022666795551776888,0.10122125148773194,-0.13457411527633667,-0.05062299594283104,-0.14025533199310303,0.034968637108384604,-0.01637510729259335,-0.10460925160815475,
0.07292059659957886,0.03201782405376435,0.14379444122314453,-0.11300250887870789,-0.04935799539089203,-0.15729956328868866,0.027707739674532363,-0.018530508265571306,-0.11158253650766801,
0.058534228801727296,0.02799176871776581,0.15669982433319093,-0.08890090882778168,-0.0383724570274353,-0.15350456535816193,0.021372394998753246,-0.020551935344820454,-0.11975240598252065,
0.012644949555397035,0.03029696047306061,0.2051051139831543,-0.044292956590652466,-0.037307191640138626,-0.1521729826927185,0.011702923370887196,-0.02429383054526494,-0.1379695838515121,
0.0225274994969368,0.049735674262046815,0.15760024785995486,-0.04143005982041359,0.012627081014215946,-0.1634914129972458,0.007498509195074553,-0.027640362783973183,-0.15374628952068964,
-0.03731984794139862,0.05738215446472168,0.16622567176818848,0.004376313183456659,-0.014137688092887402,-0.15443666279315948,0.0051890225337563635,-0.02782707234378769,-0.17076125208805695,
-0.051211303472518926,0.050915592908859254,0.20393922328948977,0.029077133163809776,-0.018931377679109573,-0.1599627286195755,0.0044165856020521345,-0.02748131173249657,-0.17884017074903583,
-0.04936392903327942,0.0456600308418274,0.18348319530487062,0.022818705067038536,0.00969760399311781,-0.16488957405090332,0.005395476316851382,-0.028106526104974935,-0.1867680605824111,
-0.08035002350807191,-0.0022065175697207453,0.15573562383651735,0.03979635611176491,0.034065525978803635,-0.1340634822845459,0.009567967511669955,-0.02867163675962828,-0.20336476659412384,
-0.11178442239761353,-0.020534344017505646,0.18195121288299562,0.08293956518173218,0.025543414056301117,-0.11029475927352905,0.011571735925505713,-0.02714203435781863,-0.21122223209332158,
-0.12171276807785035,-0.02258175909519196,0.18791588544845583,0.10677561908960342,0.008033005520701408,-0.09198411554098129,0.01440343557264302,-0.025162019470728252,-0.21785820651563997,
-0.1271957516670227,-0.02731311917304993,0.1359155774116516,0.12155616283416748,-0.003019114024937153,-0.07500646263360977,0.024291087660792895,-0.022471385255143812,-0.22832145246602453,
-0.1235464096069336,-0.0213640496134758,0.11112871170043946,0.14286145567893982,0.006301949732005596,-0.056364335119724274,0.030470911584812375,-0.02228096290617964,-0.23226821557643287,
-0.12841261625289918,-0.02206424176692963,0.06726478338241577,0.14738883078098297,0.01003037579357624,-0.043248265981674194,0.04423575347343536,-0.02141504370156258,-0.23826611530713718,
-0.13450660705566406,-0.03454520702362061,0.023240764439105988,0.14479224383831024,-0.012739651836454868,-0.019945606589317322,0.05181590882021236,-0.020206748445534585,-0.2402862583917873,
-0.1335339665412903,-0.04502018690109253,-0.0027010908350348474,0.14492540061473846,-0.031648095697164536,0.004022844135761261,0.05711308705347797,-0.011574374742489135,-0.24164790169542422,
-0.11128181219100952,-0.05732405185699463,-0.05330530405044556,0.12268800288438797,-0.021528083831071854,0.028191033750772476,0.06770026905168498,-0.0005411264801109493,-0.24228105154944055,
-0.10246900320053101,-0.06549317240715027,-0.09141966104507447,0.10138271749019623,-0.0047501688823103905,0.04789842292666435,0.07473182746143171,-0.0022757659429898302,-0.2414228317387187,
-0.09639263153076172,-0.07053247690200806,-0.10526376962661743,0.0933932289481163,-0.01440412737429142,0.06920371204614639,0.0807981239399429,-0.0035945370101556815,-0.23967911442355572,
-0.08375293016433716,-0.06899468898773194,-0.13283731937408447,0.07694821059703827,-0.026122037321329117,0.08618136495351791,0.0908702306813013,-0.0059090956603623295,-0.23363504735642168,
-0.0742115616798401,-0.05996026992797852,-0.15146814584732057,0.04818607121706009,-0.023525455966591835,0.0927061140537262,0.09524806523058393,-0.008041987030931206,-0.22975933002466423,
-0.061654037237167364,-0.056287056207656866,-0.17302911281585695,0.014963136054575443,-0.019863609224557877,0.09823217242956161,0.09894547094638065,-0.010615562372258908,-0.225523369375617,
-0.046417546272277836,-0.054855579137802125,-0.18681186437606812,-0.01925848424434662,-0.014004653319716454,0.11068245023488998,0.10262396025541064,-0.01582996797395709,-0.21671325723690235,
-0.036483922600746156,-0.0498960554599762,-0.17301405668258668,-0.031109550967812538,-0.028385724872350693,0.11061587184667587,0.10232746092756835,-0.018274105252687436,-0.21167284251678503,
-0.022997801005840302,-0.04527271986007691,-0.15281364917755128,-0.04582351818680763,-0.0320475697517395,0.10315901786088943,0.10096329696728547,-0.020777012294796542,-0.2065035225288408,
-0.003947942331433296,-0.03819252252578736,-0.15350993871688845,-0.08117698132991791,-0.016201762482523918,0.10935086756944656,0.09663226744883513,-0.027051601734206513,-0.19692080241885,
-0.018762877583503725,-0.035937759280204776,-0.15256713628768923,-0.100418321788311,-0.02705414406955242,0.12299957126379013,0.09318706050961297,-0.02970828056597094,-0.19231755522055566,
-0.019072367250919344,-0.0341926246881485,-0.13204405307769776,-0.11746255308389664,-0.030249936506152153,0.12539640069007874,0.0885332295237898,-0.03207945031342926,-0.1871658076184238,
0.027394896745681765,-0.019936734437942506,-0.09217623472213746,-0.14862152934074402,-0.012872809544205666,0.10395796597003937,0.0766586921615712,-0.03799546192131955,-0.17570719969629675,
0.054682040214538576,-0.013280956447124482,-0.05986708402633667,-0.16646423935890198,0.009630822576582432,0.07925804704427719,0.06934390493911789,-0.04059848578096751,-0.17005481314006082,
0.05889598727226258,-0.012407704442739488,-0.009520702809095383,-0.1388339400291443,0.008432400412857533,0.0799238383769989,0.06077322663048953,-0.043350853229636624,-0.16505675736605044,
0.009175249189138413,-0.012840783596038819,0.12842329740524291,-0.08084360510110855,-0.006481302436441183,0.08931148052215576,0.04348324782232187,-0.04394764704861678,-0.15678907364923614,
0.0011350701563060284,-0.019977596402168275,0.11781395673751832,-0.08144281059503555,-0.005349458660930395,0.10928519070148468,0.03730146927132673,-0.044435874833970275,-0.15252597295449744,
-0.0016086036339402199,-0.019086581468582154,0.09607229232788086,-0.06892595440149307,0.016621621325612068,0.11274729669094086,0.03254024347026447,-0.0452757092212456,-0.1478760842715473,
0.014358313381671907,0.003553855046629906,0.13656543493270876,-0.03303986042737961,-0.003951299004256725,0.12539730966091156,0.022972471938794085,-0.04591672162370567,-0.13661166270476385,
0.01131996437907219,0.008530873060226441,0.1332353949546814,-0.019590897485613823,-0.006414723116904497,0.1279938966035843,0.01934980890515719,-0.045773895684100424,-0.13051021550404507,
0.031875562667846684,0.012304305285215379,0.12121517658233644,-0.014597469940781593,0.008632137440145016,0.12539730966091156,0.016779122230075424,-0.04636730516189192,-0.12420005096318576,
0.06368735432624817,0.031614452600479126,0.11844652891159058,-0.002147192135453224,0.030070584267377853,0.11321335285902023,0.012926574557807767,-0.04730003147443352,-0.11187884392875379,
0.061413866281509404,0.033068642020225525,0.1251367211341858,0.02308625914156437,0.019018465653061867,0.10975124686956406,0.011443907349472818,-0.046496185447055687,-0.10611019739847408,
0.05773786902427674,0.028519415855407716,0.13787153959274293,0.038399435579776764,0.034597959369421005,0.11081650853157043,0.010580951916111053,-0.04529464540885836,-0.10075947327873938,
0.08394925594329834,0.03496828377246857,0.09913916587829591,0.020156782120466232,0.07527774572372437,0.11214809119701385,0.011650135495370728,-0.04323687850315154,-0.0899861425114124,
0.11483479738235475,0.047037526965141296,0.08585658073425294,0.020889151841402054,0.08779460936784744,0.08405173569917679,0.012647877663713662,-0.04093641110867876,-0.08409603321852654,
0.1875906825065613,0.06429467797279358,0.1734427809715271,0.06290052086114883,0.07161590456962585,0.039976418018341064,0.013349795838796731,-0.0332296924748911,-0.07312903221708156,
0.17326275110244752,0.05666112303733826,0.2133373260498047,0.11676295101642609,0.04604955017566681,0.017938761040568352,0.014791700561272849,-0.029183566122258652,-0.06962535063880206,
0.13540219068527223,0.04064366817474366,0.21745221614837648,0.14106430113315582,0.04105612263083458,0.015541916713118553,0.018305589195267178,-0.025858484536414695,-0.06765849732581973,
0.093712055683136,0.01126285195350647,0.14657667875289918,0.14053167402744293,0.0658235251903534,0.0185379721224308,0.03075099166580498,-0.021522229517651325,-0.06559681341592578,
0.09214454889297485,0.00912740007042885,0.12993688583374025,0.16043879091739655,0.06009772792458534,0.008551118895411491,0.03785793263147805,-0.019083480679692157,-0.0643909013873283,
0.09063505530357362,0.005131315812468529,0.14164820909500123,0.19153188169002533,0.04385233297944069,0.0022273967042565346,0.044980824970322686,-0.015921223944242186,-0.06306594118918096,
0.07709693908691406,-0.010413772612810136,0.12160077095031739,0.20411533117294312,0.0559697151184082,-0.005562349688261747,0.06195431167805381,-0.010386766976357546,-0.061236044815802165,
0.08039003014564515,-0.02009449601173401,0.06632850766181946,0.20717796683311462,0.06142919510602951,-0.013285516761243343,0.07214330179464604,-0.00821712882414561,-0.060669195687051,
0.06768357753753662,-0.03247349858283997,0.04045745432376862,0.21197165548801422,0.04265391081571579,-0.006094981916248798,0.0824812047897277,-0.005357878283193417,-0.06004969872370004,
0.03808098733425141,-0.05326049327850342,-0.006232596188783646,0.20844295620918274,0.044784437865018845,-0.003964453004300594,0.1018664702765708,-0.0009708864326293348,-0.05929657265427106,
0.04004776179790497,-0.055837941169738774,-0.04368982911109925,0.18687134981155396,0.039724431931972504,-0.0028326092287898064,0.11265481000168778,0.0010149390220022326,-0.058814764485222465,
0.03981133401393891,-0.06346051096916198,-0.07916153073310853,0.17016002535820007,0.034065213054418564,-0.005828665569424629,0.1232047949948728,0.0031889725869997778,-0.0581104831601742,
0.04759869277477265,-0.05948410630226136,-0.10359016656875611,0.16529975831508636,0.029005208984017372,-0.011021830141544342,0.1420100955791245,0.00699509716404949,-0.056735577104820814,
0.041150572896003726,-0.056894683837890626,-0.10598210096359253,0.15597869455814362,0.02567625604569912,-0.016348153352737427,0.15049764793316506,0.00870227934280851,-0.05628873570444747,
0.03823408484458923,-0.07087172865867615,-0.12986485958099367,0.1288144439458847,0.028073102235794067,-0.018744997680187225,0.15891455768336593,0.010231199890057665,-0.056110243015427844,
0.007871458679437638,-0.08503689169883728,-0.1951843023300171,0.08587097376585007,0.014024926349520683,-0.003032346721738577,0.17417287863017616,0.013405372173977094,-0.056202209741234084,
-0.015613961219787599,-0.09295181035995484,-0.20397021770477297,0.05704225227236748,0.009763868525624275,0.020270314067602158,0.17997888991482597,0.014808976526276019,-0.05623877760059833,
-0.02277681976556778,-0.10190491676330567,-0.20139572620391846,0.033140379935503006,0.009763868525624275,0.03272059187293053,0.1843084449668191,0.015411619832070731,-0.05599366144320336,
0.0009242512285709382,-0.10062150955200196,-0.22337746620178223,-0.00394413759931922,-0.003418779233470559,0.033919014036655426,0.18979837310882322,0.015022438482731068,-0.05353072776250869,
0.009904831647872925,-0.0813756823539734,-0.21997361183166506,-0.02092178910970688,-0.018931692466139793,0.03604954481124878,0.19081801208179772,0.014341763313951756,-0.051914625284176376,
