-0.044183155894279486,-0.13401144742965698,-0.32360894680023194,-0.05554288625717163,0.0016412269324064255,0.009551090188324451,0.25482945193191153,0.009223633212136999,-0.006972257298483382,
-0.05980404019355774,-0.13070529699325562,-0.29082913398742677,-0.09309345483779907,-0.01993037760257721,0.02539689838886261,0.2529733307368285,0.010115483780922571,-0.006231737930053151,
-0.05584113597869873,-0.11481641530990601,-0.3000697135925293,-0.15561117231845856,0.004637283273041248,0.024398215115070343,0.24977212702402107,0.00936677900703085,-0.006011759714021518,
-0.04623154103755951,-0.09615457653999329,-0.3336352825164795,-0.23623837530612946,-2.3248678189702332e-05,0.02925848215818405,0.2381211788903876,0.006859553506494667,-0.004983448565785962,
-0.04864170551300049,-0.10322359800338746,-0.2990405559539795,-0.28084632754325867,-0.033379342406988144,0.03584980592131615,0.22816698481136932,0.006282852869687531,-0.0037214061898022837,
-0.04864007234573364,-0.10771256685256958,-0.26253437995910645,-0.32825058698654175,-0.03803987428545952,0.04403902590274811,0.21586271467023788,0.005088587804907379,-0.0027566239034236164,
-0.017136634886264802,-0.09958244562149049,-0.2272566556930542,-0.4054822623729706,0.002639912534505129,0.03292033076286316,0.1859468497966542,-4.73984964866355e-05,-0.0016898406501717825,
-0.006667387485504151,-0.09341856837272644,-0.1795889973640442,-0.42578884959220886,-0.01680116355419159,0.026528742164373398,0.1674255172980747,-0.002069775137211242,-0.0003803174151184881,
-0.011912231147289277,-0.09543927311897278,-0.09687924981117249,-0.3826456665992737,-0.06633596122264862,0.01780688762664795,0.14670961454249212,-0.002796261328519098,0.0010874535496769669,
-0.013277482986450196,-0.09377488493919373,0.1333452820777893,-0.3226579427719116,-0.09842705726623535,0.029657956212759018,0.10039656747358906,-0.006289418020027473,0.0020024213268854396,
-0.029653409123420717,-0.08985667228698731,0.1583645820617676,-0.3279176950454712,-0.06726807355880737,0.04723482206463814,0.08277216226512425,-0.01084368376568884,0.001197496926390645,
-0.016520975530147555,-0.0884311854839325,0.1838826298713684,-0.30940935015678406,-0.03178134560585022,0.06121525913476944,0.06624398651487277,-0.01602432134741096,0.0011659680511850784,
-0.023918358981609347,-0.08195587992668152,0.31570320129394536,-0.23790346086025238,-0.03437792509794235,0.09090950340032578,0.03321010188668714,-0.022602794249389078,0.0049069748811611195,
-0.03688405752182007,-0.054411739110946655,0.38484783172607423,-0.15268230438232422,-0.05042347311973572,0.0971013531088829,0.018239675723270184,-0.024207366967992805,0.008493650511793998,
-0.0184164434671402,-0.030236613750457764,0.4174803256988526,-0.09788776934146881,-0.04409846290946007,0.09909872710704803,0.005923683934380752,-0.026195994519815205,0.013012258136124269,
0.018081076443195343,0.02452416867017746,0.38583211898803715,-0.02951110526919365,-0.020862383767962456,0.10362610220909119,-0.009247170463716797,-0.031030012987894207,0.022982799719642108,
0.03727928400039673,0.048347565531730655,0.3771942377090454,0.02122211456298828,-0.0038181522395461798,0.10475794225931168,-0.01339550835757706,-0.032675042967360624,0.028239123444558187,
0.0574527382850647,0.06528528332710266,0.3586118221282959,0.06170216575264931,0.019684243947267532,0.09117582440376282,-0.015386418481515472,-0.0334767310799804,0.03357501550361172,
0.13437310457229615,0.09303175210952759,0.31332283020019536,0.11090406775474548,0.06375955790281296,0.051494721323251724,-0.013358528562057723,-0.03280157399370222,0.04381921536067258,
0.1606924057006836,0.08578307032585145,0.2738953590393067,0.15651071071624756,0.0862632766366005,0.004489925689995289,-0.009432229206968368,-0.03062975571055846,0.04760526187941281,
0.17342551946640017,0.07685761451721192,0.2329654932022095,0.1820104718208313,0.09538459777832031,-0.02653590217232704,-0.0037698867407120937,-0.02718549640070881,0.049935376867187464,
0.13696861267089844,0.04775059521198273,0.0959755301475525,0.18240995705127716,0.10177619010210037,-0.037987492978572845,0.012700763000565076,-0.01820382327304041,0.04979999614242298,
0.117001211643219,0.03445342779159546,0.034995973110198975,0.1766175776720047,0.09079064428806305,-0.04810750484466553,0.022141048997615032,-0.013093187980871328,0.04833170182456057,
0.1107286810874939,0.02241439670324326,-0.008678802847862243,0.1724230945110321,0.06735482811927795,-0.056829359382390976,0.0319408186444125,-0.009967033739258791,0.04663315243112207,
0.09469302296638489,-0.004423645138740539,-0.07689300775527955,0.15537886321544647,0.04098953306674957,-0.06987884640693665,0.05120597356148416,-0.007357350657603672,0.042127898006480695,
0.08991841077804566,-0.009602171927690507,-0.11038056612014771,0.12728251516819,0.015622923150658607,-0.07653675228357315,0.05970453946302268,-0.00400543904150816,0.039432524849937776,
0.08273780941963196,-0.014644619822502137,-0.1443140149116516,0.09605694562196732,0.00703422911465168,-0.08519202470779419,0.06753887725031144,-0.0013705445815653582,0.036254286870878144,
0.09195497632026672,-0.00930195078253746,-0.19124757051467897,0.04379240423440933,0.0176868736743927,-0.10769573599100113,0.07975799137885403,0.0018508079657783753,0.028722548909299424,
0.08876942992210389,-0.015514445304870606,-0.19692424535751343,0.019025007262825966,0.0011752749560400844,-0.1153523251414299,0.08350712349377236,0.0037091370365763187,0.024181626584423636,
0.06697856187820435,-0.024722906947135928,-0.17309654951095582,0.0047770957462489605,-0.012872899882495403,-0.11568521708250046,0.08552183574812766,0.005959042148366438,0.019029966171518788,
0.05032926201820374,-0.034488949179649356,-0.15565850734710696,-0.017660312354564667,-0.017000755295157433,-0.11668442189693451,0.08687416619600102,0.00887582400335529,0.0075962182137326,
0.04587793052196503,-0.04024161398410797,-0.15485581159591677,-0.03876586630940437,-0.0219276025891304,-0.12227705866098404,0.08648213375894774,0.009695223709359513,0.001644812266895141,
0.050882560014724736,-0.04505479633808136,-0.15546010732650759,-0.04861956089735031,-0.04243394359946251,-0.13739049434661865,0.0852921291913758,0.010473116900637347,-0.004360102060733892,
0.05899191498756409,-0.03538181483745575,-0.14729593992233278,-0.043825872242450714,-0.08531083911657333,-0.1581631600856781,0.08320981535097911,0.01106971225541742,-0.01067308112753717,
0.05268679261207581,-0.01820347011089325,-0.1325196385383606,-0.07245485484600067,-0.10881323367357254,-0.1666186898946762,0.0779660173021912,0.00950188767204391,-0.02610309753789729,
0.03894729018211365,-0.022966547310352328,-0.16386653184890748,-0.14322836697101593,-0.056548699736595154,-0.15024025738239288,0.07532629038521273,0.006237844175633974,-0.03552593226330198,
0.019777950644493104,-0.04978609681129456,-0.17988967895507812,-0.1556786447763443,-0.05814659595489502,-0.1358591765165329,0.07114374098388468,0.0030158596465955983,-0.04494932538851168,
0.0033032197505235674,-0.07167981266975403,-0.05718075037002564,-0.14642415940761566,-0.1241929903626442,-0.13432785868644714,0.05645668121115626,0.00010632953883157547,-0.06082679736889011,
0.01845730096101761,-0.06467710733413697,-0.03860571384429932,-0.16273601353168488,-0.13611063361167908,-0.1574973613023758,0.04886611069918233,-0.0030281376534692732,-0.06845938298659897,
0.04293160736560822,-0.053956377506256106,-0.029160088300704958,-0.19762343168258667,-0.08937215805053711,-0.16568657755851746,0.0413809832092353,-0.008391410569162084,-0.07655601960183671,
0.0043907128274440765,-0.046176597476005554,0.019384750723838808,-0.19755685329437256,-0.035842619836330414,-0.1413852423429489,0.02399521273928282,-0.01984135622630957,-0.0949750611752282,
-0.020101828873157503,-0.03948720991611481,0.10279207229614258,-0.15161731839179993,-0.06174186244606972,-0.13905496895313263,0.014049564879337586,-0.022267581129992522,-0.1038924724499018,
-0.00908433347940445,-0.02217759042978287,0.15338287353515626,-0.1484215259552002,-0.07512424886226654,-0.18386265635490417,0.004744233709487534,-0.023973758810262247,-0.111819658492322,
0.04149521887302399,-0.009898628294467927,0.1793982028961182,-0.09182935208082199,-0.06820002943277359,-0.21462216973304749,-0.009584822304859006,-0.030596781703817518,-0.12798625520980506,
-0.006688065081834793,-0.003273812308907509,0.2481642246246338,-0.05527746304869652,-0.02112865447998047,-0.20736505091190338,-0.015461976094968612,-0.034750338518681805,-0.138314740550507,
-0.06535636186599732,0.027366146445274353,0.2259234666824341,-0.0473545603454113,0.023612452670931816,-0.195980042219162,-0.020702932226989837,-0.04146348354689452,-0.15974421237421307,
-0.08490560650825502,0.03316539227962494,0.24892272949218752,-0.012733464129269123,0.03253404051065445,-0.1996418833732605,-0.0221620905935221,-0.04208476472087203,-0.17020996077577158,
-0.07793936133384705,0.027567514777183534,0.28141539096832274,0.046921342611312866,0.02194797620177269,-0.2135569006204605,-0.023247144682536577,-0.041692149677350465,-0.1803829920723878,
-0.09147961735725403,-0.02735351026058197,0.2847508430480957,0.09971851110458374,0.013625597581267357,-0.2044355720281601,-0.02046630278425266,-0.040174749023266135,-0.20139484579668263,
-0.11457614898681641,-0.050298386812210084,0.21363506317138672,0.10864010453224182,0.036661941558122635,-0.16215789318084717,-0.015255455771107361,-0.04002116362561477,-0.2123241511104664,
-0.16953134536743164,-0.06797504425048828,0.11390153169631959,0.14592435956001282,0.03439825400710106,-0.07966648042201996,0.004179412811157572,-0.03567511351285159,-0.23797071993870283,
-0.16064126491546632,-0.050965654850006106,0.11661518812179567,0.17981308698654175,-0.014204435981810093,-0.07034541666507721,0.011000282857344487,-0.032790443631336014,-0.2426996211718725,
-0.14540929794311525,-0.04179933369159699,0.09733033180236816,0.18960019946098328,-0.03644183278083801,-0.07047857344150543,0.018937642838255,-0.031036972421661837,-0.24651784578164251,
-0.15046632289886475,-0.03374292254447937,0.027471581101417543,0.18993309140205383,-0.03311287984251976,-0.04837433621287346,0.038018721147454984,-0.031911811768150396,-0.2536473050340289,
-0.1635248899459839,-0.04446615874767304,0.008642587065696717,0.186071515083313,-0.027919715270400047,-0.018680091947317123,0.04735907103085409,-0.030396157258872375,-0.2570681754167998,
-0.14914821386337282,-0.04900900721549988,-0.013389892876148224,0.17754939198493958,-0.02991708740592003,0.007951521314680576,0.05303246823234836,-0.01673038314313945,-0.2595547182278912,
-0.1555997133255005,-0.059411543607711795,-0.05654381513595581,0.1698928028345108,-0.0375736765563488,0.046301040798425674,0.07084366267870368,-0.015696654841572042,-0.2606547222413248,
-0.15231701135635378,-0.05469980239868164,-0.06850889921188355,0.15977279841899872,-0.04110236465930939,0.07419765740633011,0.07968550158730019,-0.017569374874319286,-0.2595745624720513,
-0.13640369176864625,-0.055682373046875004,-0.12263802289962769,0.11609695851802826,-0.028851822018623352,0.10975085943937302,0.09641069837930755,-0.02295944704588564,-0.2545886590865795,
-0.12552627325057983,-0.04776965379714966,-0.14226464033126832,0.08833350241184235,-0.004483897238969803,0.13318666815757751,0.10343128260093108,-0.026297593729896863,-0.2504840391760268,
-0.11478602886199951,-0.04816538989543915,-0.13839471340179443,0.058838989585638046,0.024011926725506783,0.1463027447462082,0.10886782897636486,-0.02947479531616199,-0.24549466536251296,
-0.06905614137649536,-0.049280169606208804,-0.14853600263595582,0.03214079886674881,0.020816132426261902,0.14716826379299164,0.11578831483401975,-0.03394251383038851,-0.23225839595154404,
-0.06073674559593201,-0.045978021621704106,-0.14070979356765748,0.020089995115995407,-0.007013900671154261,0.14057694375514984,0.11732938664209604,-0.03529500386363583,-0.22470625402783775,
-0.05447066426277161,-0.04695958197116852,-0.13828716278076172,-0.00021660694619640708,-0.02938445471227169,0.13325324654579163,0.11808181613987288,-0.037092873823695506,-0.2173338363433041,
-0.05237922668457032,-0.057961344718933105,-0.14743242263793946,-0.023053213953971863,-0.034044984728097916,0.1408432573080063,0.11837299325323776,-0.03982433961777776,-0.21052814972994496,
-0.08345393538475038,-0.06975915431976319,-0.14460108280181885,-0.05121614411473274,-0.01946417987346649,0.1667425036430359,0.11648636151162031,-0.04747070745917075,-0.1985365443937366,
-0.07849184870719911,-0.07171701192855835,-0.12858747243881227,-0.07185564190149307,-0.008145743981003761,0.17866015434265137,0.11370353626264698,-0.0516498981293498,-0.19184635822638835,
-0.06871141195297241,-0.07407862544059754,-0.1170315146446228,-0.08670276403427124,-0.013338908553123474,0.19850070774555206,0.10974331137229974,-0.05546569949784932,-0.1840546845303983,
-0.050448006391525274,-0.06645458340644837,-0.08718345165252686,-0.1093396320939064,0.009297961369156837,0.20855413377285004,0.0988115730273791,-0.06240934685411519,-0.16635915201448698,
-0.02220960706472397,-0.05387298464775086,-0.07894719243049622,-0.14329494535923004,0.045317213982343674,0.21334782242774963,0.09199808156128812,-0.0659432939247376,-0.15637510599103302,
-0.011630388349294663,-0.05273159742355347,-0.06929760575294495,-0.17445392906665802,0.07301408797502518,0.20675650238990784,0.08413246683896035,-0.06832289293843924,-0.14572248124346673,
0.049387314915657045,-0.0408005177974701,-0.007158948481082917,-0.17538602650165558,0.07447882741689682,0.17952567338943481,0.06272975706509484,-0.07027798844847659,-0.12276179480585157,
0.059375226497650146,-0.0372402161359787,0.06701977849006653,-0.1339738816022873,0.03433167561888695,0.15429222583770752,0.05103305519625909,-0.06817543003120852,-0.1118054506381864,
0.05371538400650025,-0.03338921964168549,0.1302387595176697,-0.10341410338878632,0.013026386499404907,0.15495800971984863,0.04015549097891968,-0.06581447015996064,-0.10215379569895855,
0.059070736169815063,-0.02208089977502823,0.1503800988197327,-0.11153674125671387,0.08419936895370483,0.15495800971984863,0.023933086637490802,-0.06449141857455219,-0.08677103663722174,
0.08477671146392823,-0.01245161294937134,0.16764883995056154,-0.0960904061794281,0.14025892317295074,0.15495800971984863,0.016876971984945626,-0.06346573887676664,-0.07920173470920133,
0.07257313132286072,0.0009078089147806168,0.20432353019714355,-0.06113641709089279,0.12441310286521912,0.16913935542106628,0.009628730042378382,-0.05942678525844569,-0.07182051086836559,
0.06436994671821594,0.020648013055324557,0.2751271963119507,0.0045105041936039925,0.08706226944923401,0.14324010908603668,-0.0020640292299307105,-0.04589779108798784,-0.057265476338470324,
0.11196619272232056,0.02948606312274933,0.3002958297729492,0.05025029554963112,0.06848672032356262,0.12732772529125214,-0.005212365330517268,-0.040054390554837394,-0.04982437106518987,
0.12238568067550659,0.028905874490737917,0.31968805789947513,0.09246139973402023,0.07760804146528244,0.11541007459163666,-0.0060898961354759265,-0.03532177914867457,-0.043324308711217285,
0.19196970462799073,0.03358141183853149,0.3703528642654419,0.18653756380081177,0.10184281319379807,0.06927080452442169,-0.0017898620142895293,-0.02787114256986788,-0.03161131204424403,
0.20772924423217776,0.025073501467704776,0.3942524194717407,0.2481231689453125,0.09585069864988327,0.03431681543588638,0.003797702455433025,-0.02325213188756427,-0.026386958637964617,
0.2034017086029053,0.0056455060839653015,0.3525589466094971,0.2924647927284241,0.10150991380214691,0.01254547294229269,0.012657217619558339,-0.018189899716113615,-0.02253815390389333,
0.1629356384277344,-0.022052182257175448,0.23457736968994142,0.3294161558151245,0.11389361321926117,0.008350995369255543,0.03819272072412189,-0.008483607698311803,-0.018461621595249274,
0.13483115434646606,-0.032889237999916075,0.15837446451187134,0.3300819396972656,0.11895362287759781,0.0023588817566633224,0.05391087829421826,-0.0032065451061567695,-0.017212982059270684,
0.12962993383407592,-0.04314128160476685,0.0839932680130005,0.3269514739513397,0.11316144466400146,-0.011758187785744667,0.07066064677763406,0.0024011971111445925,-0.01564036955453424,
0.1019052267074585,-0.06034941673278809,-0.007931719720363618,0.32834964990615845,0.07720877230167389,-0.013356084004044533,0.10102613089858643,0.0075817721667133815,-0.012479261205017009,
0.07247929573059082,-0.07358483076095582,-0.039150068163871767,0.3200938403606415,0.05210847780108452,-0.00643186504021287,0.1175911869288024,0.012848251381623096,-0.011345641191391802,
0.0554619312286377,-0.08633657693862916,-0.0792112171649933,0.2939282953739166,0.05084347724914551,-0.0016381749883294106,0.13433992469516326,0.01699621757789853,-0.0104139611231798,
0.047431683540344244,-0.09199720025062562,-0.16445168256759646,0.24592483043670654,0.02660871110856533,-0.01036002766340971,0.16661176402331293,0.022176668113046107,-0.008462170111608143,
0.04703846871852875,-0.09050791859626771,-0.18384392261505128,0.22528532147407532,-0.008012384176254272,-0.01229081954807043,0.18087220717780264,0.024316791688126154,-0.0073550960324224,
0.03640396595001221,-0.0944629728794098,-0.19011052846908572,0.20644345879554749,-0.021328188478946686,-0.00976081658154726,0.1936408220329584,0.0258268567061365,-0.006921309904260179,
0.005319755151867867,-0.10003361701965333,-0.2268622636795044,0.1414623260498047,-0.0005555327516049147,0.009413943625986576,0.21636563591691188,0.026109748801161643,-0.008370405670143003,
0.003397240862250328,-0.10770667791366578,-0.26056973934173583,0.08000988513231277,0.021415546536445618,0.01573895290493965,0.22594256321616166,0.025526094331228367,-0.009095175056917131,
0.005885765701532365,-0.1020261287689209,-0.26681365966796877,0.04951668903231621,0.00963105820119381,0.012077105231583118,0.23319049918058585,0.025217130287915345,-0.008767841211032846,
0.007500631362199784,-0.09684098362922669,-0.22055609226226808,0.027545608580112457,-0.027053985744714737,0.003222093917429447,0.2410831289680569,0.02551858862886589,-0.006284077255930498,
0.0016421917825937271,-0.10277704000473023,-0.22039263248443605,-0.0005507413297891617,-0.03337899595499039,0.005352622829377651,0.24325276333172707,0.025180772110668985,-0.005996559534079814,
-0.009973311424255372,-0.10536566972732545,-0.2289602518081665,-0.043361056596040726,-0.016867393627762794,0.011677631177008152,0.24461497525120265,0.024117630593429244,-0.00684170074895347,
