0.09216350913047791,-0.3920694589614868,-0.21824240684509277,-0.09848890453577042,0.010563232935965061,0.00941317155957222,0.5686227178187164,0.048659748894450405,0.2984103732403021,
0.0968788504600525,-0.4008622169494629,-0.3212474584579468,-0.2897704541683197,0.02201482467353344,-0.010760273784399033,0.5669962298531961,0.04683418172181209,0.29958679431772983,
0.08202873468399048,-0.4474087238311768,-0.31989793777465825,-0.43684351444244385,-0.014004428870975971,-0.02554081752896309,0.555533905994999,0.046776846072863795,0.30114499210516416,
0.0841964900493622,-0.5981764793395996,-0.34524357318878174,-0.6528258919715881,-0.08717478066682816,-0.002837369218468666,0.5617039975068554,0.04830109103143722,0.31004547798088217,
0.06066693663597107,-0.7105541706085206,-0.2658357858657837,-0.845305860042572,-0.18391411006450653,0.05149111896753311,0.5631245398492668,0.050690786825796225,0.31281520879265057,
0.17750048637390137,-0.8556191444396973,-0.06802688241004944,-1.2232084274291992,-0.06001054123044014,-0.005034477449953556,0.4819136732598194,0.04830890101175039,0.2979825290278904,
0.2204002618789673,-0.9827978134155274,0.2935750961303711,-0.943709671497345,-0.22299599647521973,0.05808244273066521,0.4259194520009818,0.04570045803011426,0.2922593961750103,
0.09480335712432862,-0.8474214553833008,2.3301820755004883,-0.3107428252696991,-0.21853519976139069,0.128989115357399,0.31644146919101795,0.03577001358812768,0.28020512727338065,
0.169663143157959,-0.5565030574798584,2.0349477767944335,-0.11799731850624084,0.07547791302204132,0.2554212510585785,0.2935704919399611,0.022644338861179246,0.2706325337093532,
0.3488588571548462,-0.2122201919555664,1.9822336196899415,0.31030556559562683,0.13413403928279877,0.13844192028045654,0.2754404688292535,0.005194866415953627,0.2834714361942292,
0.48781442642211914,-0.15599358081817627,1.4750213623046875,0.4166988432407379,0.1571703851222992,-0.014490114524960518,0.2842765334868267,0.0008845019507787596,0.2953003382437544,
0.3489679336547852,-0.2875323057174683,0.6399080276489258,0.467831552028656,0.1866648942232132,-0.06449096649885178,0.32326521846520384,0.006491596610477356,0.31019399224038635,
0.21962149143218995,-0.3690030574798584,0.3377849102020264,0.4046480357646942,0.14844852685928345,-0.053172532469034195,0.34743920636002174,0.01378333013980619,0.3164268553978149,
0.1457681894302368,-0.45763750076293946,0.05437446832656861,0.3269503116607666,0.0687534287571907,-0.0429859384894371,0.38435409582375063,0.02343362878078855,0.32996789598448883,
0.1220129132270813,-0.4691055297851563,0.0156311497092247,0.2795460522174835,0.026342585682868958,-0.032466452568769455,0.40246833599804893,0.027201907900894596,0.3338826979652474,
0.11092970371246338,-0.45606718063354496,-0.02832719385623932,0.22548387944698334,-0.01666746661067009,-0.034397244453430176,0.4186380760073945,0.029924968047349922,0.33637095533691,
0.1474897265434265,-0.40591530799865727,-0.14763821363449098,0.09885057806968689,-0.021327998489141464,-0.06056280434131622,0.44392108173716904,0.033370481256030184,0.3367142745683511,
0.14366158246994018,-0.39449553489685063,-0.15491266250610353,0.011165997013449669,-0.025921951979398727,-0.06449096649885178,0.45102330589858175,0.03575810963850289,0.3354579120205895,
0.1267035722732544,-0.39989154338836674,-0.15653985738754272,-0.05308276787400246,-0.050090137869119644,-0.06835255026817322,0.4542902178305301,0.03874151132933645,0.3342424025875996,
0.13482213020324707,-0.4374120235443115,-0.16862025260925295,-0.1508207768201828,-0.10594994574785233,-0.07953782379627228,0.4508393585513798,0.04470868740460957,0.3298086974521078,
0.1607809901237488,-0.46261434555053715,-0.26914727687835693,-0.3162696659564972,-0.14876025915145874,-0.09019047021865845,0.4443197338428179,0.047699342438895655,0.3250328686051325,
0.17533830404281617,-0.5037527084350586,-0.33366258144378663,-0.45388853549957275,-0.16893370449543,-0.05576911196112633,0.4323367656399436,0.050843338514687406,0.3182993746367102,
0.2299051284790039,-0.5534333229064942,-0.24784095287323,-0.6395773887634277,-0.1291860193014145,-0.04931094869971275,0.3888444027175471,0.053303341674052096,0.30114721158109625,
0.2409747838973999,-0.5377499103546143,-0.06889476776123048,-0.7287267446517944,-0.13338050246238708,-0.10949838161468506,0.35793054683232217,0.052412412004392145,0.29344235903855737,
0.2380255699157715,-0.5742766380310059,0.3756861448287964,-0.5453680753707886,-0.22159771621227264,-0.18420004844665527,0.31018784809473615,0.05001574386365025,0.2851164901465245,
0.20118377208709717,-0.6518975734710694,1.5289710998535158,-0.17039501667022705,-0.09769414365291595,-0.1073678582906723,0.2430054105152494,0.04940309622527077,0.26073382352626395,
0.15197463035583497,-0.5171013355255127,1.5479254722595215,0.008570516481995583,0.1531088799238205,-0.08139997720718384,0.22719249631470176,0.04735546219051361,0.24868666648128346,
0.1830173134803772,-0.37476646900177,1.5471511840820313,0.2609716057777405,0.15230992436408997,-0.09418315440416336,0.22067868558281384,0.05039478149543773,0.24569257260765381,
0.1802684783935547,-0.3166622400283814,1.1484254837036134,0.44366446137428284,0.15464019775390625,-0.12667372822761536,0.23698322522845286,0.06805287750860364,0.25032077762018656,
0.18157445192337038,-0.346164083480835,0.7644415378570557,0.490536093711853,0.11649041622877121,-0.14358478784561157,0.25807571271814195,0.07771662853291278,0.25202267145474727,
0.15370631217956543,-0.38528447151184086,0.48595118522644043,0.49979057908058167,0.11056488007307053,-0.1353289932012558,0.28237610333836016,0.0875818777043332,0.253477733794287,
0.10623217821121217,-0.432720422744751,0.13068984746932985,0.4674331843852997,0.11915357410907745,-0.10869737714529037,0.3199537897739104,0.10587844002423503,0.25096943120668375,
0.09682120084762574,-0.44888916015625,0.0019651908427476884,0.37575384974479675,0.07887326180934906,-0.06235837936401367,0.3453168034941338,0.11403897543552145,0.2535534613968739,
0.07084342241287232,-0.4576735973358155,-0.12851781845092775,0.2772168815135956,0.05011111870408058,-0.0210128016769886,0.3687214498219569,0.1206751951725548,0.25708357074938537,
0.0847235918045044,-0.42235541343688965,-0.173997700214386,0.1895323097705841,0.05517112463712692,-0.002703568898141384,0.4025838556079665,0.1262839901438061,0.26226699963011946,
0.09742280244827271,-0.40915346145629883,-0.22651698589324953,0.09705404937267303,0.035263992846012115,-0.014887530356645584,0.41499575065052224,0.1273431815883868,0.26531440306075454,
0.12638390064239502,-0.4043111324310303,-0.28656692504882814,0.025681326165795326,0.0033726412802934647,-0.019414905458688736,0.42428744973285504,0.12820482580668568,0.2682271940777917,
0.09477542638778687,-0.4293401718139649,-0.3724551200866699,-0.1251867562532425,-0.03497688099741936,0.017603034153580666,0.430590264125376,0.13033834447663908,0.27015074382799686,
0.04591989815235138,-0.462497091293335,-0.49135565757751465,-0.3709299564361572,-0.03184766694903374,0.08285048604011536,0.42748576716831327,0.13032785649538003,0.26928371158992054,
0.03840114772319794,-0.5182303428649903,-0.5050102710723877,-0.5436359643936157,0.02068318985402584,0.12872344255447388,0.43581804421423886,0.13657774761660305,0.2756381565148587,
-0.0698509454727173,-0.6364489078521729,-0.24743478298187258,-0.6756621599197388,-0.10168906301259995,0.2293243408203125,0.40726411420559133,0.13600459277527802,0.285338895762468,
-0.1432904362678528,-0.6393582344055176,0.03385790586471558,-0.741242527961731,-0.2439684420824051,0.37526556849479675,0.3719990188254258,0.13058658711017093,0.28531824135272515,
-0.034465628862380984,-0.6540674209594727,0.35768985748291016,-0.7291251420974731,-0.1989610195159912,0.39923402667045593,0.3352040811669074,0.11421551253964347,0.2832583882191826,
0.6730648517608643,-0.7322022914886475,1.9320541381835938,-0.10887488722801208,-0.2809198200702667,0.15069451928138733,0.26214972157250155,0.06936054138570763,0.2892007020911661,
0.7328179836273194,-0.5815681457519531,2.319966506958008,0.2093728631734848,-0.10894617438316345,0.13711239397525787,0.2445404651351965,0.051693474487794155,0.28900162234693083,
0.5366705417633056,-0.3623563051223755,1.9248245239257813,0.3406658172607422,0.18260353803634644,0.13178439438343048,0.24673332526581346,0.03829161490965348,0.2845791496820823,
0.7484621047973633,-0.3140099287033081,1.3793840408325195,0.5753569006919861,0.10117737948894501,-0.0859290286898613,0.2774651897642118,0.03252446469725094,0.3000843938149044,
0.5553106784820557,-0.4511849880218506,1.071289348602295,0.6605114936828613,0.040390729904174805,-0.13612960278987885,0.3034197716389961,0.03786148879721066,0.30567670621098797,
0.29769809246063234,-0.5822772502899171,0.6916041374206543,0.6374085545539856,0.0590328574180603,-0.09698114544153214,0.3352471122773658,0.04496493619442884,0.30569212027126,
0.06492978930473328,-0.6931971073150636,0.2827674627304077,0.6204308867454529,0.06316075474023819,-0.03339817374944687,0.3871542833297152,0.06097871194087799,0.3022584421083113,
0.09293757677078247,-0.705844259262085,0.23456995487213136,0.6809512376785278,0.04811389744281769,-0.03579501807689667,0.41895862669771455,0.06448822420393072,0.30505748584824605,
0.12979902029037477,-0.7146441459655762,0.24253406524658205,0.6620427966117859,0.05896627902984619,-0.03386422619223595,0.45187456162494205,0.06667262691769325,0.3079423474024338,
0.1576502561569214,-0.6453913688659668,-0.1274331331253052,0.4665667414665222,0.13460005819797516,0.007414771243929863,0.521332017504835,0.07028674570456388,0.3139803410718408,
0.13724200725555422,-0.5682669162750245,-0.2413343667984009,0.304446816444397,0.18979407846927643,0.02152952551841736,0.5506848966515567,0.07028332216018404,0.31925557454156733,
0.16898779869079592,-0.5007308959960938,-0.27572402954101566,0.14911794662475586,0.10816817730665207,-0.028671061620116234,0.57381733617772,0.06781265563105238,0.32738342727241826,
0.13453028202056885,-0.4255409717559815,-0.21018018722534182,0.08986261487007141,0.024212023243308067,-0.02221289649605751,0.6178661107396796,0.059298645875964125,0.3477523847590316,
0.08276665210723877,-0.38513259887695317,-0.2124096155166626,0.001711981720291078,0.06136312335729599,0.016802413389086723,0.6238824315528001,0.06011143872576747,0.3507138754631514,
0.07537739276885987,-0.3445141792297364,-0.34922859668731693,-0.22958356142044067,0.05736837908625603,0.031915850937366486,0.6366814103018121,0.05752329291394264,0.3574646485074208,
