0.02245452105998993,-0.1218755841255188,-0.35597374439239504,-0.08171416074037552,-0.03331183269619942,0.04049965739250183,0.22534010071903068,0.042709565814826975,-0.06008677648884565,
0.011460385471582414,-0.10320801734924318,-0.33949382305145265,-0.14123579859733582,-0.030116038396954536,0.054547831416130066,0.2235778522842186,0.04112461178982516,-0.0593041556579651,
0.036220607161521916,-0.055767899751663214,-0.32242124080657963,-0.2229948490858078,-0.039503682404756546,0.012802784331142902,0.21399125527322443,0.03575814463492853,-0.057838490806854916,
0.07055709958076477,-0.0433305948972702,-0.2880450248718262,-0.2470964640378952,-0.058745019137859344,-0.013629090040922165,0.20548676953994469,0.033140080091079896,-0.05674077787498635,
0.08481286168098451,-0.07554298639297485,-0.21812217235565187,-0.29183757305145264,-0.06666792184114456,-0.02261725813150406,0.18239604866301978,0.028917221651132793,-0.05848495296658267,
0.049093115329742434,-0.10483357906341553,-0.20615108013153077,-0.32619115710258484,-0.09796025604009628,-0.002108731772750616,0.16890937631848804,0.02692215532915044,-0.061068356466381764,
0.008897924423217773,-0.09704098701477051,-0.13770400285720827,-0.34976014494895935,-0.11939870566129684,0.006479962728917599,0.13776907912599132,0.020823119056072023,-0.06620107357443648,
0.04589948654174805,-0.07420004606246948,-0.08699209690093995,-0.37253016233444214,-0.11753449589014053,-0.02434612810611725,0.1204641028041869,0.015758882651690745,-0.06802620010415868,
0.11153358221054077,-0.05062518119812012,-0.0013049067929387093,-0.4030899405479431,-0.07132864743471146,-0.027741659432649612,0.08148325935428707,-0.0014659756540354744,-0.07213568340032239,
0.07003197669982911,-0.04205417335033417,0.08100966811180116,-0.37985387444496155,-0.0739918053150177,-0.009565583430230618,0.06163010359836579,-0.0068478280736482275,-0.07486585751650832,
0.07761713862419128,-0.027596169710159303,0.31769680976867676,-0.2605442404747009,-0.10122262686491013,-0.04318799450993538,0.021420984984221316,-0.013911525865706343,-0.07810773520740584,
0.10411342382431031,-0.0052108984440565114,0.4611714363098145,-0.15674754977226257,-0.06267337501049042,-0.020151648670434952,0.0035062585630093457,-0.01808748222472881,-0.07920129273784898,
0.07219314575195312,0.02165018916130066,0.5204614162445068,-0.10581459850072861,-0.002286194358021021,-0.019552437588572502,-0.01014077983629123,-0.023093526958318785,-0.0811641290907744,
0.12444517612457276,0.08606778979301453,0.5134478092193604,0.02614503912627697,0.0210830457508564,-0.05144379287958145,-0.026143964038707685,-0.02910524137126768,-0.08325226388690755,
0.1064373254776001,0.10459507703781129,0.5189939498901367,0.09418880194425583,0.003839076030999422,-0.0703522339463234,-0.029854316233162953,-0.028236983153290193,-0.0851697329236159,
0.06848276257514954,0.0929166316986084,0.38321924209594727,0.16482914984226227,0.0032398649491369724,-0.0884617269039154,-0.026027510222128594,-0.026886522035429256,-0.09182480622524412,
0.04869171082973481,0.07579685449600221,0.3009838581085205,0.18407049775123596,0.036396220326423645,-0.08233645558357239,-0.019530621035321466,-0.027241755796466684,-0.09627386198515685,
0.019022658467292786,0.059403723478317266,0.21618199348449707,0.1872662901878357,0.05856703966856003,-0.0691538155078888,-0.010950510605475285,-0.02733957229249719,-0.10119627366995351,
-0.03341216444969177,0.020270521938800815,0.09493998289108277,0.21289920806884766,0.02234804630279541,-0.05064484477043152,0.008354716174015007,-0.023411148774954673,-0.1097236225701567,
-0.05333678722381592,0.0055298138409852985,0.05647799968719483,0.21722684800624847,-0.005814882926642895,-0.04252220317721367,0.018426329323661957,-0.020465827670420877,-0.11285923975581424,
-0.07033255100250245,-0.006927048414945603,-0.036353906989097594,0.18287207186222076,0.006635395344346762,-0.02188270352780819,0.040456996099715405,-0.0144865371173452,-0.11779988435988263,
-0.07328199744224549,-0.021574294567108156,-0.08651511073112489,0.15024834871292114,0.03220174461603165,-0.004505577031522989,0.05142097594428515,-0.014695881117716568,-0.11983712868495415,
-0.07405543923377991,-0.04732069373130798,-0.13223263025283813,0.1270783692598343,0.031069977208971977,0.018862761557102203,0.06964863277667391,-0.013278196051096286,-0.12153271866057615,
-0.07827810645103456,-0.05459779500961304,-0.14193522930145264,0.10836966335773468,0.00903231929987669,0.032711200416088104,0.07678935789833394,-0.011539113644299914,-0.12098077918408331,
-0.08565818667411805,-0.05946073532104493,-0.16240315437316896,0.08093909919261932,-0.004749539773911238,0.04562753438949585,0.08330687331012873,-0.010101706907153087,-0.11977335184205526,
-0.08851463198661805,-0.08232577443122864,-0.23273959159851076,0.014759543351829052,-0.0030184851493686438,0.06466913223266602,0.09411366848607171,-0.0100673310925227,-0.11629243912255913,
-0.0746379017829895,-0.09260929822921754,-0.24393239021301272,-0.03623999282717705,0.007101527415215969,0.08124731481075287,0.09711797790374556,-0.011205639132738619,-0.11384591602463362,
-0.06867313981056214,-0.1103835940361023,-0.24110281467437744,-0.07905030250549316,-0.004616381600499153,0.09036864340305328,0.09701866086583825,-0.013256703208881398,-0.10713208949964965,
-0.0663300395011902,-0.10513983964920044,-0.22606918811798096,-0.09343137592077255,-0.03504299744963646,0.09855785965919495,0.0941822109492665,-0.014251804361703526,-0.10285797865427221,
-0.08022440671920777,-0.10617970228195191,-0.2085962533950806,-0.126188263297081,-0.07106225937604904,0.14083553850650787,0.08999209557167646,-0.01581988187764313,-0.09853380997411981,
-0.07273563742637634,-0.08025028109550476,-0.19644767045974731,-0.24889340996742249,0.008499686606228352,0.20768088102340698,0.07100801779342121,-0.028147614511211592,-0.0818851594084497,
-0.04517847001552582,-0.06744293570518493,-0.13995395898818971,-0.2701987028121948,-0.003617696464061737,0.20994457602500916,0.05990325904150289,-0.03150688726892178,-0.07271275433113016,
0.007920370250940324,-0.03514657914638519,0.017972432076931,-0.2393726110458374,-0.05068906769156456,0.20521746575832367,0.03203005447809771,-0.03408459391613362,-0.05170027494031892,
0.03327510952949524,-0.021684089303016664,0.11078178882598877,-0.19935861229896545,-0.03364483639597893,0.1801837533712387,0.017364261409072764,-0.03592187649121861,-0.04107058235368702,
0.08922778367996216,-0.005973851308226585,0.17247798442840578,-0.16267356276512146,0.00037704530404880643,0.16060951352119446,0.003925239088337956,-0.03872805676740511,-0.03064676687161886,
0.11430515050888063,0.023371060192584992,0.27973098754882814,-0.08391057699918747,0.016755485907197,0.14909134805202484,-0.01838181349241028,-0.0412414568795431,-0.012244952995206167,
0.11404900550842285,0.02698047757148743,0.31334559917449956,-0.030514195561408997,0.037261828780174255,0.1361750066280365,-0.026666824357267006,-0.04032777202517121,-0.004286973976472631,
0.14213136434555054,0.055102175474166876,0.3468068838119507,0.03366798534989357,0.06063106656074524,0.12259289622306824,-0.03653356600105136,-0.036714181244712096,0.010565860122111007,
0.1637882471084595,0.0637192189693451,0.32751231193542485,0.10051333159208298,0.08220266550779343,0.08930337429046631,-0.03782240358019808,-0.033661349437335966,0.01750519637997496,
0.20080592632293703,0.0710086464881897,0.335735297203064,0.14558637142181396,0.09498600661754608,0.06300285458564758,-0.03702073193190861,-0.02997195248701683,0.023920330700615486,
0.18951699733734131,0.061696916818618774,0.23499772548675538,0.16216453909873962,0.09904732555150986,0.036171507090330124,-0.027264210998610185,-0.02069766240224214,0.032963191086721445,
0.17239748239517214,0.047723925113677984,0.17082242965698244,0.17734456062316895,0.08939336985349655,0.01719648391008377,-0.01958476404568582,-0.015541497898858234,0.03590994338876215,
0.15137416124343872,0.021379564702510834,0.10151000022888185,0.19252458214759827,0.07847440242767334,-0.005440385080873966,-0.002808749943670658,-0.005552695863390927,0.039916500939579436,
0.1520532250404358,0.007832871377468109,0.05179252624511719,0.1861329972743988,0.07254887372255325,-0.026878831908106804,0.006565721399592823,-0.0011595264634381198,0.04098841695618955,
0.13418878316879274,-0.00015160493785515428,-0.022009974718093874,0.18207167088985443,0.06209596246480942,-0.04978201910853386,0.025881631667750624,-0.004873679000297409,0.041252920558813445,
0.12430491447448731,-0.0009542095474898816,-0.05288646817207337,0.17241771519184113,0.0433206744492054,-0.05976887419819832,0.035372820931302104,-0.005179229779916179,0.04026465533358142,
0.11292227506637574,-0.004444291815161705,-0.08607843518257141,0.15310980379581451,0.034865137189626694,-0.07667994499206543,0.04467500622107155,-0.001730254174601433,0.03862300198836653,
0.12955528497695923,-0.011006224900484085,-0.1461048126220703,0.11542607098817825,0.035730667412281036,-0.10304524004459381,0.0618222359448014,0.003691907499563148,0.03373128381586234,
0.13031342029571533,-0.01745523065328598,-0.17135627269744874,0.07947339117527008,0.02028433233499527,-0.11123446375131607,0.06903872273834381,0.006347657446749021,0.0301092485171171,
0.10256366729736328,-0.024927961826324466,-0.18333649635314941,0.05197625979781151,-0.00022200871899258345,-0.11782578378915787,0.07485452538264453,0.009274925393162568,0.025587605013924986,
0.10179431438446046,-0.03615401387214661,-0.2071232318878174,0.009898310527205467,-0.02991625666618347,-0.14958398044109344,0.08243860376712729,0.01382116421839961,0.01503848288554579,
0.08224843740463257,-0.048522868752479555,-0.2195584535598755,-0.0395699068903923,-0.05914444848895073,-0.1589716225862503,0.0848849033419102,0.01597076876456931,0.0014726405893055825,
0.059507185220718385,-0.05984853506088257,-0.22777132987976076,-0.08404470235109329,-0.07259341329336166,-0.1505826711654663,0.08414419944173533,0.016012177101427622,-0.006751307267186491,
0.0332890123128891,-0.07404701113700866,-0.22426559925079348,-0.1309829205274582,-0.08451105654239655,-0.142127126455307,0.08182419577396881,0.015248991825303305,-0.015356180451235149,
0.016433481872081757,-0.08792497515678406,-0.20302698612213135,-0.17239506542682648,-0.10441818833351135,-0.11942368000745773,0.07217149969257983,0.011686663104440954,-0.03196368968483796,
0.007198601216077805,-0.08313453793525696,-0.16325048208236695,-0.19942615926265717,-0.1058829203248024,-0.112033411860466,0.06462564285620556,0.00874052879664438,-0.039737755024216406,
0.02352016568183899,-0.0514337420463562,-0.09164621829986573,-0.21633723378181458,-0.11114266514778137,-0.10870445519685745,0.04642594326372425,0.0004468735950288637,-0.05341868648730639,
0.011430849134922028,-0.03209493458271027,-0.030309355258941652,-0.20941203832626343,-0.11626941710710526,-0.10164527595043182,0.0359230499326648,-0.004187903030615101,-0.05980819713737944,
-0.004002274572849274,-0.023368971049785615,0.032187205553054814,-0.19070333242416382,-0.12772099673748016,-0.0930565819144249,0.025060595380759713,-0.009292281827465243,-0.06592583393032672,
-0.03284023106098175,-0.018435050547122956,0.15207237005233765,-0.12485668063163757,-0.14796102046966553,-0.08386867493391037,0.004383155173173416,-0.02083445986381812,-0.07679738106316876,
-0.024782004952430728,-0.006160606443881989,0.20432813167572023,-0.10648086667060852,-0.11327335983514786,-0.09159184247255325,-0.004214204118411523,-0.027638540805364622,-0.08140305241154049,
0.01969910264015198,0.05073981881141663,0.22998406887054446,-0.07725267112255096,-0.054550651460886,-0.12321688234806061,-0.016032978133573413,-0.04220572294339118,-0.09024018292302351,
0.03526497483253479,0.06398248672485352,0.26148157119750975,-0.030913669615983963,-0.02692035585641861,-0.14771796762943268,-0.020570620630943733,-0.04748434523787372,-0.09549684910648885,
0.036250627040863036,0.0693966269493103,0.30310323238372805,0.006969797424972057,-0.008078491315245628,-0.15550771355628967,-0.02408487533334858,-0.051174684520834075,-0.10184762791483885,
-0.02744087874889374,0.04612835347652436,0.2799745559692383,0.047116950154304504,0.02687549963593483,-0.15550771355628967,-0.0247034288397997,-0.05514359403815893,-0.1167476262210658,
-0.052939665317535405,0.03588875532150269,0.26118638515472414,0.08120541274547577,0.03639629855751991,-0.1436566412448883,-0.02241540255896413,-0.05571129680602502,-0.12480986226509422,
-0.11016243696212769,0.0076571524143219,0.21881084442138674,0.13047389686107635,0.04691578820347786,-0.13739821314811707,-0.014170026375396511,-0.05370870006144234,-0.14077208497608773,
-0.10708578824996949,0.0005438074003905058,0.2053391456604004,0.17062105238437653,0.04332051798701286,-0.1286097913980484,-0.008377722975112587,-0.052022931823727005,-0.1480510003483623,
-0.11524641513824463,-0.012024232745170595,0.184686279296875,0.18100738525390625,0.05517158657312393,-0.10650555044412613,-0.0012181754467596746,-0.04981041629722838,-0.15510294050952614,
-0.14478012323379516,-0.02461022585630417,0.06847835779190063,0.18446949124336243,0.07694292813539505,-0.06609208136796951,0.017491412711911507,-0.044847053134880764,-0.16773477307246773,
-0.14852588176727297,-0.02500143349170685,0.02477996647357941,0.1920595020055771,0.056636326014995575,-0.04958047717809677,0.027279819148374657,-0.04075470975076272,-0.17234666016102781,
-0.13327008485794067,-0.02935679852962494,-0.007339994609355927,0.19245897233486176,0.03925919905304909,-0.03686388581991196,0.03560988833117167,-0.027953794364398467,-0.17551165617345194,
-0.13201305866241456,-0.03926759362220764,-0.09967116713523866,0.15377655625343323,0.019485225901007652,0.008143538609147072,0.05491182726608556,-0.018554289966917884,-0.17919683444483772,
-0.1481719493865967,-0.051377522945404056,-0.15065521001815796,0.11050018668174744,0.01935206912457943,0.05954255163669586,0.06450345302863571,-0.016620162980837242,-0.1800666091596645,
-0.17019104957580566,-0.06610710620880127,-0.20220174789428713,0.04798247665166855,0.033533401787281036,0.07791835814714432,0.07953148795132273,-0.01500490807188416,-0.17789611990174933,
-0.11254814863204957,-0.0837403416633606,-0.23996570110321047,0.013761340640485287,-0.007412779610604048,0.07425741851329803,0.08437960084437764,-0.014925909602059426,-0.17403204245399442,
-0.09621543288230897,-0.08677253127098083,-0.23961539268493653,-0.001352099352516234,-0.043032560497522354,0.09103532880544662,0.08715305628472718,-0.014464865128885234,-0.16970693328441758,
-0.10831583738327027,-0.09854192137718201,-0.2277469873428345,-0.02951502986252308,-0.05268651992082596,0.11819957941770554,0.08826026934972481,-0.014657346094027456,-0.16592878128486027,
-0.1035818099975586,-0.1073743224143982,-0.24653613567352295,-0.11819829791784286,-0.020329110324382782,0.16720172762870789,0.08776233011418434,-0.02070349717536677,-0.15807353577329045,
-0.08546313643455505,-0.10182740688323975,-0.24547243118286133,-0.15654781460762024,-0.019929636269807816,0.172794371843338,0.08494391787442551,-0.024759499809760853,-0.15232379466779322,
-0.013798293471336365,-0.08034396171569824,-0.15038645267486572,-0.18031653761863708,-0.04842546209692955,0.18031780421733856,0.07129983222003837,-0.030956570279394195,-0.13643758003284437,
-0.0012712817639112474,-0.062350958585739136,-0.09066779613494874,-0.19436471164226532,-0.022259902209043503,0.17599016427993774,0.062088118833277736,-0.034127029506877196,-0.1280572601710657,
0.05045788884162903,-0.016005979478359224,-0.009685497730970383,-0.21933184564113617,0.011695400811731815,0.15661567449569702,0.04151593976681154,-0.04167648778186599,-0.11077824769742373,
0.0981290102005005,-0.0009861568920314313,0.14475784301757813,-0.14223332703113556,0.005503552034497261,0.12239404767751694,0.017633629434675994,-0.043694736171287225,-0.09342057102243394,
0.10283467769622803,0.015396149456501008,0.22405400276184084,-0.09722590446472168,0.02354646846652031,0.1077466681599617,0.006267782181329561,-0.04336767173686599,-0.08597373611905958,
0.13095743656158448,0.0349039763212204,0.2556407690048218,-0.07472219318151474,0.09392049908638,0.09722717851400375,-0.009066704000275216,-0.0423794961328297,-0.07389048240865077,
0.149763023853302,0.04635296165943146,0.2690056562423706,-0.03630608692765236,0.10969973355531693,0.08630821853876114,-0.014431468230521988,-0.040347726866724026,-0.06893030187669788,
0.1456836223602295,0.06318389177322388,0.30369296073913576,0.02368161454796791,0.08047153800725937,0.05921055004000664,-0.018974072547339953,-0.03597816099043366,-0.0644830500676777,
0.16094495058059693,0.07167509198188782,0.4036853313446045,0.15524177253246307,0.05503834784030914,0.0319131501019001,-0.023182372180451497,-0.024769835871719482,-0.057010977509088595,
0.13794703483581544,0.06092986464500427,0.43190569877624513,0.19019576907157898,0.09065812826156616,0.028584200888872147,-0.020882441746126693,-0.02095048255408609,-0.05478523386245387,
0.12622891664505007,0.03626580834388733,0.3169806241989136,0.24425792694091797,0.11888764053583145,0.018930241465568542,-0.00607884215643914,-0.014585347208552773,-0.05180360203263032,
0.11787512302398682,0.023568646609783174,0.27881822586059574,0.269091933965683,0.10623762011528015,0.002551799640059471,0.004057628176844084,-0.009364846810539142,-0.05044008115133762,
0.10375900268554689,-0.008130187541246415,0.16145833730697634,0.30078208446502686,0.0782080888748169,-0.0018451176583766937,0.028949290627883612,0.0024444051675918442,-0.04814791838833033,
0.07879222631454469,-0.0274077981710434,0.11391370296478272,0.30131471157073975,0.08553178608417511,-0.01729145273566246,0.043062049722171404,0.007519873371021262,-0.047355539721143855,
0.07328975200653076,-0.04803511798381806,0.0013001102022826673,0.3154960572719574,0.05856727436184883,-0.03520121052861214,0.07057857898774934,0.011432113114654772,-0.045825802409503784,
0.044060114026069644,-0.06741349101066589,-0.025399631261825564,0.313099205493927,0.017021959647536278,-0.039395689964294434,0.08487020880290334,0.014644127786307018,-0.04591224542399609,
0.019355474412441256,-0.08075218796730042,-0.11810191869735719,0.285868376493454,0.0015756250359117985,-0.042524904012680054,0.1167125809229543,0.021052796737118497,-0.04755741965629802,
0.009716007113456727,-0.0851881206035614,-0.16700972318649293,0.23526832461357117,0.015024589374661446,-0.036266475915908813,0.1324537138491363,0.02237734112854827,-0.04913007866677899,
-0.019289955496788025,-0.09207671284675599,-0.26109297275543214,0.1650940179824829,0.01589011587202549,-0.009301968850195408,0.1607558868111745,0.024630876405023133,-0.052818315557163154,
-0.0325533390045166,-0.10038316249847412,-0.283046555519104,0.12794291973114014,-0.010874653235077858,0.00561173353344202,0.17192757923557542,0.02630237666605702,-0.05371527263829563,
-0.020500513911247256,-0.1159488320350647,-0.3039566040039063,0.051709942519664764,-0.0022859585005789995,0.006344103254377842,0.18864279597821582,0.02788383016062559,-0.05387321198701361,
0.004595280811190605,-0.11759821176528931,-0.3323875188827515,-0.01633382774889469,0.0005103605799376965,0.006943314336240292,0.1945201102679916,0.02713550152727778,-0.053976201983313946,
-0.0036991626024246217,-0.11416571140289307,-0.35601253509521485,-0.10075603425502777,-0.0094764931127429,0.02152412198483944,0.19929953131944175,0.02643964530021431,-0.05371645919200327,
