0.015747404098510744,-0.1097996711730957,-0.5999906063079834,-0.12104033678770065,0.004701200406998396,0.004921049810945988,0.11920324797718063,0.029295593404987694,-0.17364949765582813,
0.007377899438142777,-0.12646517753601075,-0.5905844688415528,-0.19274595379829407,-0.0313180536031723,0.003922363743185997,0.11669792279373092,0.030833574239513124,-0.17306515722590096,
0.02726053297519684,-0.13513739109039308,-0.6226991176605225,-0.3541334867477417,-0.0529562383890152,0.03102003037929535,0.1018680803509418,0.02988749544792856,-0.17285540954436573,
0.0026557816192507746,-0.1438997983932495,-0.658280611038208,-0.47297707200050354,-0.0758594274520874,0.06124690920114517,0.08940041447403684,0.027707393451644594,-0.17325254926819977,
0.0038567766547203067,-0.1289165735244751,-0.5508939743041993,-0.6735796928405762,-0.14104029536247253,0.12070197612047195,0.049388922851950234,0.020909467873535155,-0.1704680923754525,
0.09398228526115418,-0.10611656904220582,-0.2845227003097534,-0.7960184812545776,-0.11560710519552231,0.13641461730003357,-0.010324987004745875,0.007255077316038107,-0.16093531051416854,
0.05652748942375183,-0.0810426950454712,0.10274399518966676,-0.6800378561019897,-0.14430266618728638,0.14893148839473724,-0.04960661288080398,0.0009341878704932378,-0.1541002924729202,
0.08864406347274781,-0.07069587707519531,0.6097822666168213,-0.34654349088668823,-0.21174722909927368,0.16357886791229248,-0.08998158769878348,-0.0033699866306944326,-0.1459549825377795,
0.18275235891342165,0.06270591020584107,1.333889102935791,-0.07643238455057144,-0.009746448136866093,0.18455126881599426,-0.14780754480741648,-0.013270637683802666,-0.12485460879092235,
0.2241753101348877,0.20137338638305666,1.2559016227722168,0.11138705164194107,0.07980234175920486,0.1997978538274765,-0.1584964191652832,-0.016888876384590086,-0.11325651139740388,
0.39659202098846436,0.4043612957000733,0.995573902130127,0.3047325611114502,0.05323731154203415,0.05971559137105942,-0.15938126560736643,-0.004788053418294465,-0.09731021369619318,
0.49471435546875003,0.4236895084381104,0.73588285446167,0.41472113132476807,0.009028838016092777,-0.09288354218006134,-0.14855042253976916,0.0020628705160104987,-0.09255702910231381,
0.47872786521911626,0.3801451683044434,0.47155394554138186,0.45540091395378113,0.02760438621044159,-0.15813100337982178,-0.13184705553891768,0.004741701017906815,-0.09187203396192259,
0.2524424076080322,0.21699562072753908,0.01859216094017029,0.37543949484825134,0.1065005362033844,-0.15786467492580414,-0.08841064692454359,0.0025173981107793016,-0.10219870019288967,
0.145082426071167,0.13015360832214357,-0.17379655838012698,0.2904846668243408,0.11935028433799744,-0.15912967920303345,-0.0598796370813,-0.0037714502147364955,-0.11051529531671933,
0.03532713353633881,0.03043475151062012,-0.3108102798461914,0.2300974577665329,0.07594075798988342,-0.1317656934261322,-0.025162877886999592,0.005430033434482847,-0.12769456542145102,
-0.026773011684417727,-0.0019984878599643707,-0.3512642860412598,0.14540894329547882,0.05996179208159447,-0.06385508924722672,-0.012012394988807584,0.010214141231288944,-0.1358970124117385,
-0.08003973364830018,-0.030210456252098086,-0.42619872093200684,0.026697292923927307,0.07261200994253159,-0.03076762706041336,-0.0005813721190898282,0.013991935183868494,-0.14263445721143125,
-0.07908900380134583,-0.054712420701980596,-0.5368329524993897,-0.12470341473817825,0.09365098178386688,0.014372956939041615,0.010784097316417364,0.020742936069087392,-0.14853096954525,
-0.10979183912277223,-0.06298232078552246,-0.47500104904174806,-0.13608843088150024,0.011226148344576359,0.07462697476148605,0.007985082571602426,0.025736623544486522,-0.1493177352302859,
-0.13987542390823365,-0.07256147861480713,-0.3931971788406372,-0.24008487164974213,-0.06307604908943176,0.1958008110523224,-0.00458224447428334,0.03250691698016894,-0.14575815152139962,
-0.09869815707206726,-0.05247148871421814,-0.4326506137847901,-0.35946106910705566,-0.026923635974526405,0.26104825735092163,-0.011920635844753091,0.030620189293454517,-0.1395151964710408,
-0.012044686824083328,0.02243437170982361,-0.3201796531677246,-0.47497567534446716,-0.04956050589680672,0.2982659339904785,-0.038183343671687235,0.02724226787699665,-0.11715653765148347,
0.059518665075302124,0.04964751601219178,-0.13303781747817994,-0.4265727400779724,-0.10615268349647522,0.3154433071613312,-0.058605997209545076,0.028630573843804102,-0.10270315092324202,
0.22516133785247805,0.18934381008148193,0.3916233777999878,-0.2376214563846588,-0.15981537103652954,0.26231324672698975,-0.10198011377050663,0.029512770488607853,-0.0709027436156817,
0.3935447454452515,0.2616553783416748,0.6289865016937256,-0.08941653370857239,-0.11167874187231064,0.12376229465007782,-0.11824886269111023,0.028135112218903705,-0.05361618647680694,
0.600604009628296,0.29144394397735596,0.8238447189331055,0.07190445065498352,-0.03651101514697075,0.06011274456977844,-0.12869145863419257,0.025680870017596766,-0.03866110030386278,
0.602820110321045,0.320896053314209,0.9404402732849122,0.26038968563079834,0.12940393388271332,-0.056600287556648254,-0.1317621682128935,0.021724706235687966,-0.024773351940064636,
0.5955326080322266,0.2870255708694458,0.7876980781555176,0.3631211221218109,0.14112183451652527,-0.11752010136842728,-0.12387055200842585,0.024031875639589848,-0.024550771882080845,
0.4409099102020264,0.1772295594215393,0.3923674583435059,0.42297565937042236,0.11768601089715958,-0.17391254007816315,-0.09463828489529294,0.03421340461046873,-0.036735526223536395,
0.40783791542053227,0.12160288095474243,0.18924201726913453,0.4237746298313141,0.10503599792718887,-0.21299442648887634,-0.07541189839568885,0.03860410663991959,-0.04534669684282338,
0.3174448966979981,0.020650221407413485,-0.11138226985931397,0.40613117814064026,0.055035147815942764,-0.25440657138824463,-0.03418800829253367,0.03158700387804854,-0.06574613155062031,
0.2385638236999512,-0.031759658455848695,-0.24077832698822021,0.3547321557998657,-0.01587151736021042,-0.2373623549938202,-0.014023661906320737,0.03518303344019253,-0.0781863938844836,
0.13970820903778078,-0.07593494653701782,-0.3600029468536377,0.2756362855434418,-0.04716365784406662,-0.19361993670463562,0.005197623362210643,0.03788745358987696,-0.09120881667137123,
-0.018327002227306367,-0.12179148197174072,-0.5362492084503174,0.08462104946374893,-0.08458107709884644,-0.07704005390405655,0.03671745615531081,0.03744757423255028,-0.11461074327443568,
-0.052092051506042486,-0.12208245992660523,-0.5653819084167481,-0.02789723314344883,-0.11800379306077957,-0.049542397260665894,0.04611174624854413,0.03566606855723265,-0.1226001573584259,
0.06675749421119691,-0.11654669046401978,-0.5503606796264648,-0.11238601803779602,-0.14330381155014038,-0.0952821895480156,0.049936075145511585,0.026987554119836575,-0.13075612103192166,
0.055701625347137455,-0.09527044296264649,-0.5275723934173584,-0.21172194182872772,-0.1722656935453415,-0.04601370915770531,0.046038615856325564,0.0211643510715998,-0.13543391225308107,
-0.003961246460676193,-0.08399429321289063,-0.5470888614654541,-0.32510602474212646,-0.15994857251644135,-0.0026707611978054047,0.039825914104614356,0.014501703207263855,-0.1410948540595028,
0.026633843779563904,-0.05249417424201966,-0.5516202926635743,-0.5239109992980957,-0.13637959957122803,-0.01618630439043045,0.015789190631171745,-0.001966116232730007,-0.14656722711158873,
0.1284439206123352,-0.028203874826431274,-0.4915041446685791,-0.610863208770752,-0.13997486233711243,-0.06472241133451462,-0.004950628256547827,-0.009459636898490621,-0.14624397571174513,
0.16415741443634035,0.02411583811044693,-0.30646867752075196,-0.6323682069778442,-0.14084039628505707,-0.06991557776927948,-0.03173516781529123,-0.01646563597839378,-0.1468542240155535,
0.24865772724151614,0.130953049659729,0.2746717691421509,-0.48016858100891113,-0.14010801911354065,-0.2764437198638916,-0.09368144209773917,-0.032482204675820005,-0.15031358675850584,
0.3972729921340943,0.20459296703338625,0.8681825637817383,-0.1146497055888176,-0.08304980397224426,-0.3457525074481964,-0.12471891056656427,-0.04120324954820959,-0.15467172923330472,
0.31849420070648193,0.1986662745475769,1.3379859924316406,0.015712030231952667,0.08952303975820541,-0.33203721046447754,-0.1467087318929449,-0.053558094952255934,-0.164686323374799,
0.11888129711151124,0.2985814332962036,1.1102311134338378,0.2530662715435028,0.14271968603134155,-0.3721177875995636,-0.14988048314100985,-0.07231061434805362,-0.1950133230247199,
0.04503645896911621,0.24419374465942384,1.1070985794067383,0.47277703881263733,0.1177525445818901,-0.36472752690315247,-0.14126944879902542,-0.07368227444925604,-0.21505255223524689,
-0.08598265647888184,0.05994789600372315,0.5128946781158448,0.5415531992912292,0.12354492396116257,-0.3318374752998352,-0.09656450354539732,-0.07531077101521894,-0.25614836847777966,
-0.15141205787658693,-0.014481812715530396,0.21030609607696535,0.5000744462013245,0.13499651849269867,-0.27564477920532227,-0.06569307224924777,-0.0741698360622162,-0.27563192868732755,
-0.223998498916626,-0.06655586361885071,-0.039229503273963934,0.4341612160205841,0.12121465802192688,-0.19208809733390808,-0.034856945406326445,-0.06750752849892645,-0.2938793878448045,
-0.3433184385299683,-0.12158924341201782,-0.3297621726989746,0.26505047082901,0.06781827658414841,-0.031432900577783585,0.020010366248820244,-0.05494435197393058,-0.32028728851757554,
-0.3490525245666504,-0.11840814352035522,-0.40043439865112307,0.1976059228181839,0.07334433495998383,0.03441375866532326,0.04010889358249616,-0.04947970141711128,-0.32643338458238136,
-0.29393510818481444,-0.11207163333892822,-0.46734018325805665,0.09913555532693863,0.04784457013010979,0.06277642399072647,0.0657280980288541,-0.04219770784845673,-0.3268538364144309,
-0.24970037937164308,-0.11393678188323975,-0.4980210304260254,0.03968268260359764,-0.00022584956604987383,0.09946558624505997,0.07352782776462584,-0.039196011977744076,-0.32352861093786456,
-0.25786466598510743,-0.13369680643081666,-0.5493446350097656,-0.08342193812131882,-0.04004010930657387,0.1651790887117386,0.08121518694199267,-0.03759854631543856,-0.31542856578034545,
