-0.062492495775222784,-0.12930471897125245,-0.32489838600158694,-0.060577142983675,-0.028723008930683136,0.030704760923981667,0.2273720545263508,-0.019714568765392283,-0.05260904957150151,
-0.07482929229736328,-0.11731815338134766,-0.3384185552597046,-0.11344089359045029,-0.013476412743330002,0.03137055039405823,0.22735578926938887,-0.020819424625255663,-0.05348336479864718,
0.005821038782596589,-0.08804456591606141,-0.2958714962005615,-0.13301512598991394,-0.044435661286115646,-0.07102799415588379,0.21974092104629991,-0.02458821313602473,-0.05269252145583813,
0.09125792980194092,-0.08589386343955994,-0.21021332740783694,-0.08108348399400711,-0.14623498916625977,-0.10704724490642548,0.21311126091938198,-0.02533685477657055,-0.053331870348965776,
0.04052920639514923,-0.06865585446357728,-0.08468446731567383,-0.08061742782592773,-0.11860469728708267,-0.022491883486509323,0.2070859896065228,-0.025055953579992327,-0.0584009009214395,
-0.08196953535079957,-0.03209175169467926,-0.2001590967178345,-0.26790425181388855,0.017549414187669754,0.04388740658760071,0.2003197286180733,-0.031801549478409616,-0.07313417629716588,
-0.07364781498908997,-0.050308710336685186,-0.25706892013549804,-0.2845489978790283,-0.05162619799375534,0.08696404099464417,0.19334906128997223,-0.033692607585325156,-0.0742209652967871,
-0.02868991792201996,-0.027803120017051697,-0.028260818123817446,-0.2572515904903412,-0.03484828397631645,0.06166400760412216,0.16564776465473965,-0.03731214304141278,-0.06992343516166244,
0.0555950939655304,-0.03299583792686463,-0.03315132558345795,-0.29200583696365356,-0.0245951097458601,0.011663157492876053,0.15163044529799058,-0.04271160226512923,-0.06765711933087121,
0.004105889424681664,-0.026416316628456116,-0.044275137782096866,-0.2826181948184967,-0.08598097413778305,0.030038969591259956,0.12375605056848483,-0.04753813208497472,-0.06546259376329858,
-0.016825895011425018,-0.017583368718624117,0.03772471845149994,-0.2815529406070709,-0.0441693477332592,0.009466050192713737,0.10842041126881016,-0.050208330607315485,-0.0659531501723314,
0.08675877451896669,-0.004927225410938263,0.01998095065355301,-0.30758532881736755,-0.028123797848820686,-0.026486625894904137,0.07960184709510529,-0.05805029146843525,-0.06635791578195638,
0.046075126528739935,-0.014178229868412018,0.0673166573047638,-0.27316397428512573,-0.06906989961862564,-0.011905817314982414,0.06443024467832069,-0.0590094513033745,-0.0674888626622817,
-0.015494073927402497,0.0029394740238785745,0.1940394401550293,-0.21364253759384155,-0.06713907420635223,-0.009642517194151878,0.03480057650112117,-0.06295589056954845,-0.07110387382474528,
0.04534291625022888,0.04425475895404816,0.2287384271621704,-0.20778357982635498,-0.03551403805613518,-0.029416490346193314,0.022188605920581726,-0.06700942265783624,-0.07177152743284426,
0.06427701115608216,0.10572000741958619,0.29699761867523194,-0.1314840167760849,-0.03771114721894264,-0.03560834005475044,0.0007844863402695441,-0.07293208643326814,-0.07428937676945688,
0.0467073142528534,0.12747433185577392,0.38348305225372314,-0.04373285546898842,-0.04743168503046036,-0.049456775188446045,-0.008612861599504308,-0.074464118006916,-0.07650566985076905,
0.04161380827426911,0.1424342155456543,0.42815933227539066,0.03935777395963669,-0.020200859755277634,-0.06390442699193954,-0.018224232323052078,-0.07884332377172419,-0.08178998083533426,
0.024647200107574464,0.13796107769012453,0.41044073104858403,0.09375283867120743,0.013421548530459404,-0.06297232210636139,-0.01796411777639896,-0.08101278918125114,-0.08534090169548113,
0.004809736087918282,0.12090903520584106,0.3783102035522461,0.13183604180812836,0.026138143613934517,-0.05777915567159653,-0.015104068026322914,-0.08214784260090158,-0.08934075305610342,
-0.050100797414779664,0.08324532508850098,0.2759405612945557,0.1898263692855835,0.011024704203009605,-0.047059930860996246,-0.0031053362509608287,-0.0807361416688127,-0.09725345349279782,
-0.06825554966926575,0.06157307028770447,0.21281723976135256,0.19734980165958405,0.01934708282351494,-0.04599466547369957,0.005564169189037296,-0.07974551119783191,-0.1006329743625154,
-0.09645300507545472,0.011438486725091936,0.0880607545375824,0.20800244808197021,0.014353655278682709,-0.03221280872821808,0.026177504427694065,-0.07805926865981037,-0.10608958869588914,
-0.1210787296295166,-0.01801557242870331,0.044731909036636354,0.19501954317092896,0.027136828750371933,-0.014169891364872456,0.036964173601115,-0.07659576128544078,-0.10821041534593745,
-0.15349935293197634,-0.06355556249618531,-0.0687879741191864,0.16772213578224182,0.01322181150317192,0.029439374804496765,0.056680027762428274,-0.06773698714057129,-0.11009721176837862,
-0.17150930166244507,-0.08650978207588196,-0.09679139256477357,0.1422889530658722,0.010824966244399548,0.05726940929889679,0.06606371269209206,-0.0662854231823822,-0.10992589922870409,
-0.15366721153259277,-0.10717986822128296,-0.15005964040756226,0.09981152415275574,0.019746556878089905,0.09109155088663101,0.08158450006887692,-0.06595890767690299,-0.10585240331597971,
-0.15631238222122193,-0.11057692766189575,-0.15703893899917604,0.07364597171545029,0.02061208337545395,0.1151265799999237,0.08725416578262647,-0.06604584184900478,-0.10223816987429331,
-0.13072490692138672,-0.10802253484725953,-0.1722479820251465,0.03010328859090805,0.026071563363075256,0.14195792376995087,0.0945580155204479,-0.06692644912287381,-0.09188384983638037,
-0.11476563215255738,-0.09659863114356995,-0.17538082599639893,0.001873780507594347,0.03013288415968418,0.15826979279518127,0.09610629632487869,-0.06778011081103628,-0.08532923829263679,
-0.060370749235153204,-0.07164803743362427,-0.15401676893234253,-0.03081686794757843,0.04404795914888382,0.16792310774326324,0.09475259333372073,-0.06955122268359631,-0.06969861841931828,
-0.030035874247550966,-0.05252349972724915,-0.15080778598785402,-0.059778742492198944,0.05283639207482338,0.153874933719635,0.09228336088443174,-0.07027444611969981,-0.06092563168921967,
-0.01027539223432541,-0.03862937092781067,-0.14220458269119263,-0.06563770025968552,0.03153110295534134,0.14255648851394653,0.08862467447679329,-0.0704277690044919,-0.05189775073951787,
-0.024464654922485354,-0.039113458991050724,-0.1041441559791565,-0.07629034668207169,-0.012211320921778679,0.16838915646076202,0.07888867505574904,-0.06975543699173263,-0.035350797403947434,
-0.030929294228553773,-0.03285186886787415,-0.09708226323127747,-0.11011248826980591,0.017283188179135323,0.17331600189208984,0.07393436644054037,-0.07101600574973242,-0.027806358143125938,
0.033182847499847415,-0.022205410897731783,-0.09188913106918335,-0.11830171197652817,-0.021266069263219833,0.15846888720989227,0.06145309884529199,-0.07496032617583485,-0.010701383497413985,
0.0365881621837616,-0.018213073909282684,-0.03632916808128357,-0.09712958335876465,-0.04836373031139374,0.147749662399292,0.053163970422915104,-0.07569872314537353,-0.001799308599398428,
0.018682493269443514,-0.0166165366768837,-0.0003243673359975219,-0.10811512172222137,-0.052025578916072845,0.17797653377056122,0.03774469253810074,-0.08060409417834981,0.014042930147328214,
0.0007988289929926396,-0.016139879822731018,-0.01103535369038582,-0.13727673888206482,-0.005553418304771185,0.20181183516979218,0.030923592147675833,-0.08428794902036497,0.021677157251817174,
0.011053442209959031,-0.002421528846025467,0.0017638541758060455,-0.13001962006092072,0.0010379054583609104,0.18969444930553436,0.022986174863581527,-0.08766210376805557,0.03063257620472126,
0.06131042242050171,0.006163411587476731,0.11863158941268921,-0.07449271529912949,-0.03291739895939827,0.1791083812713623,0.003650834212746963,-0.08940702931803331,0.05074668286242575,
0.07663313150405884,0.013068389892578126,0.15734148025512695,-0.05005820468068123,0.0068968599662184715,0.17271679639816284,-0.004738152595992957,-0.09019877070767289,0.06011688401666646,
0.09682993292808534,0.03150153160095215,0.16765034198760986,-0.02835344336926937,0.048708491027355194,0.1675902158021927,-0.011344526296088819,-0.09154403462487502,0.0691906924429117,
0.16442426443099978,0.05577400922775269,0.24852461814880372,0.049610599875450134,0.09344960004091263,0.11852147430181503,-0.02138977119714276,-0.08955213419236226,0.08623579081454985,
0.2083439350128174,0.06442856192588807,0.2720046997070313,0.08436485379934311,0.08625906705856323,0.07750879228115082,-0.023731780688182626,-0.08529452563047087,0.09347680273900455,
0.2409235954284668,0.07479966282844544,0.22720725536346437,0.13343359529972076,0.09677854925394058,0.01865292713046074,-0.02055088053811746,-0.07522407486856797,0.1026185805031258,
0.2563838005065918,0.07270944118499756,0.20993192195892335,0.17437969148159027,0.10576672106981277,-0.011840268038213253,-0.01618543654982601,-0.07070520811661585,0.10466095768919333,
0.248801589012146,0.05937933325767517,0.13738584518432617,0.18583013117313385,0.09964163601398468,-0.061244092881679535,-0.0017197188574556287,-0.06056199873202396,0.10437602386925096,
0.2213364124298096,0.014011113345623017,-0.018865197896957397,0.1632598340511322,0.06515369564294815,-0.1212318018078804,0.02759543146771354,-0.04490010764187695,0.09643124877084096,
0.1951281189918518,-0.0056360322982072835,-0.046646061539649966,0.1506098210811615,0.035526033490896225,-0.13294970989227295,0.03706797512150592,-0.0416887516276805,0.09163258229472575,
0.14563995599746704,-0.026160556077957156,-0.06509790420532227,0.14015690982341766,0.012156793847680092,-0.14333602786064148,0.04560733209873157,-0.05165495717923495,0.08570207469688569,
0.12056841850280763,-0.052334469556808476,-0.09836830496788025,0.12983717024326324,-0.02725799009203911,-0.16657212376594543,0.06279518103338132,-0.04637055812143847,0.07268844150335273,
0.09869324564933778,-0.06276617050170899,-0.10970262289047242,0.09301895648241043,-0.03131931275129318,-0.17043370008468628,0.0708098898179951,-0.044713358617233696,0.0650850825994838,
0.059919905662536625,-0.07898356914520265,-0.17033987045288088,0.047012846916913986,-0.02925536036491394,-0.17136579751968384,0.08544056431401696,-0.04334631417041234,0.047691441197150575,
0.04012784063816071,-0.08774825334548951,-0.16580743789672853,0.028237560763955116,-0.05974855646491051,-0.17129921913146973,0.09045120711825431,-0.042173937604717424,0.03883118498384369,
-0.0059531711041927345,-0.10668430328369141,-0.17206493616104127,-0.025758029893040657,-0.08151990175247192,-0.17163211107254028,0.09718254770970036,-0.04067064529934292,0.020821689275113107,
-0.020707364380359652,-0.11586903333663941,-0.19946298599243165,-0.06397439539432526,-0.09483570605516434,-0.15445473790168762,0.0993463640059112,-0.041489724420535064,0.011305976499968375,
-0.06139774918556214,-0.1288673758506775,-0.19319189786911012,-0.11856919527053833,-0.09949623793363571,-0.12642496824264526,0.09870903272018931,-0.04434770230035498,-0.007754039097972213,
-0.058672267198562625,-0.10950036048889161,-0.18935670852661135,-0.1448013335466385,-0.12060178816318512,-0.11151126027107239,0.09579874726884759,-0.047050701614505516,-0.016275840715154054,
-0.06621187329292298,-0.09040491580963135,-0.14941961765289308,-0.2043895572423935,-0.12133415788412094,-0.09400098025798798,0.08556617774634472,-0.05379419986674052,-0.03147298121702096,
-0.051990932226181036,-0.07314430475234986,-0.1439189314842224,-0.24027565121650696,-0.08571437746286392,-0.10179072618484497,0.07860576806392885,-0.058790757263910705,-0.03839657682670589,
-0.024965673685073853,-0.05230827331542969,-0.10543456077575684,-0.2465340793132782,-0.06853698939085007,-0.11184415966272354,0.06960689335881923,-0.06374277252213374,-0.044677996711168316,
-0.017131695151329042,-0.03234184086322785,0.00527753047645092,-0.21477589011192322,-0.12466311454772949,-0.1218310073018074,0.047753122945627606,-0.07015486573527444,-0.05688207361879631,
-0.015373145043849946,-0.006383997946977616,0.05892586708068848,-0.21683983504772186,-0.12053520977497101,-0.1518581509590149,0.03702003198857734,-0.07343685291573071,-0.06333061571429295,
0.04201419353485108,0.03194744884967804,0.0888949990272522,-0.20152604579925537,-0.07306446135044098,-0.18414781987667084,0.018658760122858633,-0.08471503240483885,-0.0779698494231284,
0.021226088702678683,0.03850008249282837,0.1539243459701538,-0.17083311080932617,-0.05329049006104469,-0.18527966737747192,0.009899858152566289,-0.0896725852169319,-0.0870040017421258,
-0.016531699895858766,0.03300052583217621,0.1779648303985596,-0.15332283079624176,-0.05295759439468384,-0.17822229862213135,0.002280365300866125,-0.09344290877993615,-0.09689745331247476,
-0.05911844372749329,0.019614590704441073,0.19434472322463991,-0.11277620494365692,0.0005719420732930303,-0.17835545539855957,-0.009295395560055264,-0.09928527661699738,-0.11736429246481438,
-0.05244026184082032,0.018507735431194307,0.1962071657180786,-0.08381433039903641,0.0025027338415384293,-0.17928755283355713,-0.013598438085608964,-0.10181599481265305,-0.1272878666036672,
-0.05193227529525757,0.018828855454921724,0.21796190738677979,-0.037075843662023544,-0.001625165925361216,-0.19260336458683014,-0.018615523888906187,-0.10312503622505095,-0.14737144957544462,
-0.06414949297904969,0.02295220494270325,0.23817830085754396,0.017452377825975418,0.0020366807002574205,-0.18647809326648712,-0.01906852076324186,-0.10376307089197467,-0.1577314954627252,
-0.10056613683700562,0.01907765716314316,0.3264847755432129,0.09215404838323593,0.020811965689063072,-0.17109833657741547,-0.015328734587488629,-0.10495423117635265,-0.17894733580747427,
-0.09955524802207948,0.007924181967973709,0.3194841146469116,0.14481805264949799,0.031131716445088387,-0.16617149114608765,-0.009883832698539544,-0.1049305521873163,-0.18877793419040328,
-0.08657632470130922,-0.02451271712779999,0.27339718341827396,0.2062705010175705,0.04564594477415085,-0.15671727061271667,0.00683955554587499,-0.10270157045031761,-0.2070742672344546,
-0.09688275456428529,-0.03738227784633637,0.23190336227416994,0.2123291939496994,0.07081282138824463,-0.1369432955980301,0.017983529516529845,-0.10065125223529364,-0.21578887881861294,
-0.10971394777297974,-0.050519090890884404,0.14611440896987915,0.2098657637834549,0.08059993386268616,-0.1165701150894165,0.030787139323462723,-0.09781282486142706,-0.22400703802770702,
-0.11759501695632935,-0.05708518624305725,0.020009636878967285,0.20194286108016968,0.06721755117177963,-0.09053771197795868,0.052797348446420096,-0.08180606805706096,-0.2362562187460515,
-0.12247682809829713,-0.06711279153823853,-0.022631999850273133,0.2002118080854416,0.04491357505321503,-0.07222847640514374,0.06376115392252701,-0.07517838468161632,-0.24066902834943674,
-0.14179692268371583,-0.07136866450309753,-0.08242445588111878,0.1689862459897995,0.016684066504240036,-0.03367922082543373,0.08593452194259313,-0.06689595469856967,-0.24761685664581753,
-0.15774025917053225,-0.07983314990997314,-0.12704092264175415,0.13176856935024261,0.03252987563610077,-0.008379188366234303,0.09640324520058699,-0.0641510450877398,-0.2500582580335395,
-0.18195841312408448,-0.10290958881378175,-0.20925753116607668,0.06372480094432831,0.03339540585875511,0.047613777220249176,0.11351416408391578,-0.0610256817438856,-0.25229419600677405,
-0.21009058952331544,-0.12516751289367675,-0.24042034149169922,0.009663044475018978,-2.7336602215655148e-05,0.1056048795580864,0.1191407534219065,-0.059242258863978506,-0.2514083076530159,
-0.22124521732330324,-0.14435174465179443,-0.2655888319015503,-0.06057782843708992,0.01055872905999422,0.16292943060398102,0.12340638592340189,-0.05922341395470591,-0.24492553637435402,
-0.19900183677673342,-0.14215922355651855,-0.259894061088562,-0.1121765747666359,0.02214347943663597,0.18583260476589203,0.12170305684232378,-0.061721701302770646,-0.23892007868625867,
-0.1830915451049805,-0.1437597393989563,-0.2589873313903809,-0.1536553055047989,-0.009148663841187954,0.22138580679893494,0.11740062302714828,-0.06429225414502383,-0.2310472229562464,
-0.17568727731704714,-0.13170677423477173,-0.20125088691711426,-0.2060530036687851,0.01954689808189869,0.2574050724506378,0.10166235280415974,-0.06947209827889954,-0.21186482247443336,
-0.12507176399230957,-0.10397328138351442,-0.15910804271697998,-0.2392093688249588,0.05023983120918274,0.25101348757743835,0.09053421624229933,-0.0736898950667639,-0.20026171314479863,
-0.0796224594116211,-0.08373622298240663,-0.1209799885749817,-0.24300436675548553,0.03332875669002533,0.25407612323760986,0.0773743098916854,-0.07664682000971342,-0.187183295251411,
-0.03307881355285645,-0.03528072237968445,0.03660450577735901,-0.21763776242733002,0.01888110674917698,0.23689872026443481,0.044553939099151084,-0.07508716258810115,-0.15966620563661882,
0.02862483859062195,-0.003135952726006508,0.11026430130004883,-0.1807529777288437,0.032463230192661285,0.1947541981935501,0.029366424077375466,-0.07532209873865425,-0.14633574289817683,
0.13728108406066894,0.056523156166076664,0.2862051010131836,-0.08707628399133682,0.03399454802274704,0.14282256364822388,0.0022551622376521968,-0.07420341321741687,-0.12238622491553615,
0.1607742786407471,0.07476703524589538,0.3621217727661133,-0.022760942578315735,0.060093529522418976,0.1116635724902153,-0.007902555944672858,-0.07239372311383414,-0.11321489691568887,
0.1843591094017029,0.09146204590797424,0.40325884819030766,0.02251279726624489,0.07680486142635345,0.09368723630905151,-0.014892631632020314,-0.07042184572634438,-0.10577850462291431,
0.1899541735649109,0.09244116544723512,0.4167492866516114,0.11871949583292007,0.07008038461208344,0.06758825480937958,-0.019900380492908324,-0.06388246258835407,-0.09505331873807808,
0.1796702027320862,0.08745582103729249,0.40674724578857424,0.17950615286827087,0.05023983120918274,0.04648270457983017,-0.01844765162063073,-0.05956061932676726,-0.09110128747240888,
0.17054094076156617,0.06231280565261841,0.34433033466339114,0.24055911600589752,0.056231945753097534,0.02784057706594467,-0.0069667468454628215,-0.05239669594057506,-0.0847077823656113,
0.14641462564468385,0.049370020627975464,0.2771510124206543,0.2607991397380829,0.06775011867284775,0.021648725494742393,0.0028637776911365877,-0.049892728634958826,-0.08270752163274579,
0.1249590277671814,0.030638214945793153,0.2179053544998169,0.2705196738243103,0.06814958900213242,0.004138440825045109,0.014469205136596826,-0.047146702840331366,-0.08111447890814026,
0.10536546707153321,-0.005600541085004807,0.12444090843200684,0.2974841892719269,0.036724288016557693,-0.0005220910534262657,0.040530240862515,-0.04063357472656752,-0.07849449253104664,
0.06461297273635865,-0.025810784101486208,0.09495463967323303,0.30021435022354126,0.024873152375221252,-0.00558132492005825,0.054682309044183405,-0.03759715674966226,-0.0780588972739052,
0.05284410119056702,-0.042072275280952455,-0.01616281270980835,0.28030720353126526,0.03772290423512459,-0.016566865146160126,0.08371095403083412,-0.03664576492962482,-0.07751275662488451,
0.031414711475372316,-0.05046598315238953,-0.04876604676246643,0.25913509726524353,0.028002366423606873,-0.015501599758863449,0.09851440131363999,-0.03492660313663554,-0.07754133897981683,
0.01763335019350052,-0.060823446512222296,-0.07369402050971985,0.2456861138343811,0.028934473171830177,-0.026686877012252808,0.11285484555997027,-0.032840676119172796,-0.07770798270634806,
0.01511732041835785,-0.07486850023269653,-0.1168927550315857,0.23802952468395233,-0.007550834212452173,-0.03361109644174576,0.1392611674710748,-0.02936928190262012,-0.07818484573951281,
-0.0032916355878114703,-0.08462090492248536,-0.13534018993377686,0.20101159811019897,-0.018270058557391167,-0.035208992660045624,0.15177864188470366,-0.027716259380291142,-0.07909673935014767,
-0.020239487290382385,-0.09171448945999146,-0.23032374382019044,0.1332341432571411,-0.011079522781074047,-0.021427134051918983,0.17551201330083477,-0.026765333269149708,-0.08249948202323529,
-0.043879687786102295,-0.10246678590774537,-0.24735629558563232,0.08123590797185898,-0.003090039361268282,-0.006380273494869471,0.18502618429070547,-0.02656619456414023,-0.08446842003780988,
-0.058153426647186285,-0.11226606369018555,-0.25894052982330323,0.05280666798353195,-0.003489513648673892,-0.00032158195972442627,0.1923629088565637,-0.0263952534806085,-0.08584915794053206,
-0.05896608233451844,-0.12088570594787598,-0.24457492828369143,0.012193460948765278,-0.034448765218257904,0.014325804077088833,0.20079396317325218,-0.026380952907524194,-0.08671646258282949,
-0.0654503345489502,-0.1266919493675232,-0.2557039260864258,-0.03161554038524628,-0.03917587548494339,0.026642922312021255,0.20305898994589133,-0.026860775310226216,-0.08683297558921348,
-0.06512625217437744,-0.11644749641418457,-0.28510797023773193,-0.1099790558218956,-0.013875842094421387,0.05274190381169319,0.20368353024281038,-0.030645754572009305,-0.08756911562801493,
