0.016783544421195985,-0.10073782205581666,-0.3523944139480591,-0.022195054218173027,0.014359169639647007,-0.01862727850675583,0.19055714979912525,0.020424829873375325,-0.04264958122083521,
-0.008060140162706375,-0.12080891132354737,-0.3442626714706421,-0.08504565805196762,-0.03510904684662819,-0.007641739211976528,0.19045079017897462,0.023170024867799614,-0.04255283596254434,
-0.028454092144966126,-0.11248581409454346,-0.3429044008255005,-0.1294538676738739,-0.05228643864393234,0.009668809361755848,0.1876840871486318,0.02318983213369506,-0.043576174375296026,
-0.03354998528957367,-0.0973138451576233,-0.3401003122329712,-0.1745278686285019,-0.04749274626374245,0.01699250191450119,0.18310634324724767,0.021792437477200756,-0.04489123658471578,
0.013238303363323212,-0.10562962293624878,-0.3325469493865967,-0.25968244671821594,-0.05641433596611023,0.006073541007936001,0.16779204920305985,0.016833677359199023,-0.04646012079623113,
0.0039847448468208315,-0.11786211729049684,-0.30565843582153324,-0.2840503752231598,-0.10847914218902588,0.016792763024568558,0.1564925686846638,0.01472597268807708,-0.04687623058294829,
0.002026117779314518,-0.09019118547439575,-0.19812961816787722,-0.342573344707489,-0.07325883209705353,0.02378356084227562,0.12868934628091813,0.0066542045376660475,-0.04942685857524754,
0.02254532426595688,-0.09813202023506165,-0.20013506412506105,-0.40955182909965515,-0.05408407002687454,0.03503541648387909,0.11322828363403505,0.0011328624524437516,-0.05024178915211779,
0.07661755084991456,-0.10287097692489625,-0.04279771745204926,-0.42506515979766846,-0.053218476474285126,-0.0027822419069707394,0.07492042342388354,-0.00595716467332168,-0.049313691622905824,
0.10149617195129396,-0.08233966827392579,0.14180338382720947,-0.34011033177375793,-0.11666829138994217,-0.03793596848845482,0.048721770255306024,-0.011779760293292406,-0.0482189882755401,
0.06434478759765626,-0.03147644102573395,0.35564160346984863,-0.2807884216308594,-0.08863852173089981,-0.026883849874138832,0.010290035351316978,-0.020502899727281643,-0.05126871635251181,
0.06549186706542968,-0.0048086997121572495,0.4292961597442627,-0.2237967699766159,-0.024389758706092834,-0.002049872651696205,-0.004878390502432279,-0.02652547334858008,-0.05312584046538278,
0.07552046179771424,0.03284739851951599,0.5322669506072998,-0.13191770017147064,0.005903699900954962,-0.006910141557455063,-0.018559474461820036,-0.03021077029769482,-0.05398168699018824,
0.1234357237815857,0.11128852367401124,0.619942855834961,0.00403667101636529,0.0002444824785925448,-0.05451414734125137,-0.036706495555738156,-0.031229056948406154,-0.05443031289743014,
0.12265315055847169,0.14012181758880615,0.5891865253448486,0.09844573587179184,-0.010275003500282764,-0.08846944570541382,-0.03928751767949144,-0.031192304941051203,-0.056067636298092874,
0.09808658957481385,0.14200539588928224,0.5386683464050294,0.1614294946193695,0.006369753275066614,-0.11330342292785645,-0.037606504962579126,-0.03176409791585154,-0.05931223828791493,
0.03037165701389313,0.07951223254203797,0.35252220630645753,0.22048509120941162,0.037528738379478455,-0.11416895687580109,-0.02341436768208624,-0.03301316664435243,-0.06958874887937906,
-0.006972499191761017,0.043420493602752686,0.27489814758300785,0.26036593317985535,0.041922956705093384,-0.11024078726768494,-0.012720213402340383,-0.03192793721618576,-0.07563928788395076,
-0.02869926691055298,0.01600393056869507,0.18188756704330444,0.27301594614982605,0.018620293587446213,-0.10078656673431396,-0.00015069687713228336,-0.02997497354552601,-0.08144757877394981,
-0.06715770959854127,-0.010671362280845642,0.0204410120844841,0.26163092255592346,-0.0008873610058799386,-0.08760392665863037,0.02794322981188659,-0.026096932710666307,-0.09208713565625297,
-0.07030962705612183,-0.022861962020397187,-0.030523827672004702,0.2491806596517563,-0.004216312430799007,-0.06816284358501434,0.04108312852450043,-0.02159000715107757,-0.09662025890534326,
-0.09891810417175294,-0.04281173646450043,-0.09758348464965821,0.22467957437038422,-0.0020857835188508034,-0.03500649333000183,0.06762236950358153,-0.020468272816046285,-0.1045073707580456,
-0.10457168817520142,-0.055745929479599,-0.13800251483917236,0.19005848467350006,-0.00048788683488965034,-0.009373566135764122,0.07991764075525427,-0.020152857072226093,-0.10700537538151222,
-0.10919166803359986,-0.08135037422180176,-0.22441675662994387,0.10090915858745575,0.016090290620923042,0.024714898318052292,0.10112580074595048,-0.01965454814147776,-0.10911778699315096,
-0.10958635807037354,-0.09024375081062318,-0.24682502746582033,0.06156095117330551,0.01602371223270893,0.04315728694200516,0.10865460817649947,-0.019441467823407575,-0.10864544661136119,
-0.12069172859191896,-0.1082768440246582,-0.2407869815826416,0.02966959774494171,-0.007545263972133398,0.0614665187895298,0.11683975023659617,-0.019088495521558103,-0.10490866318084965,
-0.11636425256729127,-0.1247455358505249,-0.25711486339569095,-0.013339078053832054,-0.03251262754201889,0.08690228313207626,0.1188601108827028,-0.019992223125386125,-0.10222306013924462,
-0.11644481420516968,-0.13978114128112792,-0.2707070827484131,-0.06853309273719788,-0.03810526430606842,0.1275154948234558,0.11866525930900323,-0.025100744354990465,-0.09573593606919437,
-0.10658957958221436,-0.1325840711593628,-0.25918447971343994,-0.12212920933961868,-0.023457875475287437,0.14902052283287048,0.11577086763571615,-0.029088572347976092,-0.09111746469777897,
-0.12213459014892579,-0.1306149482727051,-0.2806616544723511,-0.19596536457538605,-0.006147328764200211,0.19256320595741272,0.11121961200065167,-0.03315801021260085,-0.08536080655813905,
-0.15580624341964722,-0.11284643411636353,-0.24421963691711426,-0.29277127981185913,0.05190958082675934,0.26253774762153625,0.0934672131038344,-0.04006314145167724,-0.06941053456385736,
-0.12627912759780885,-0.10502119064331056,-0.15700929164886476,-0.31500867009162903,0.05790169537067413,0.28351014852523804,0.07884829788275075,-0.04219667423652388,-0.05755152597744129,
-0.08298242688179017,-0.08656728267669678,-0.07271018624305725,-0.3118128776550293,0.02454560436308384,0.2658667266368866,0.061756494071337695,-0.04242299921513973,-0.04342409288873894,
0.009243781864643098,-0.03968547582626343,0.13323619365692138,-0.23744408786296844,-0.0711284652352333,0.22904850542545319,0.02259075834250696,-0.04072453203938795,-0.014349655866456918,
0.04976480305194855,-0.018814463913440705,0.2388197422027588,-0.17905429005622864,-0.062140293419361115,0.20980717241764069,0.0067941151323871775,-0.04284535562251492,-0.0018296342531453687,
0.07986252903938294,-0.01135285571217537,0.29691855907440184,-0.12745553255081177,-0.029449988156557083,0.22591929137706757,-0.006253844293031893,-0.04659324259515069,0.009634270520069935,
0.13539921045303346,0.011340903490781784,0.38896577358245854,-0.06120940297842026,0.04352062568068504,0.21792981028556824,-0.025538359430732654,-0.0502733093886717,0.03225700187685297,
0.18166080713272095,0.022057877480983736,0.4129018306732178,0.03552992641925812,0.03413298353552818,0.19136478006839752,-0.032132290488081756,-0.0484826487831861,0.043927919555317316,
0.20280976295471193,0.027448835968971255,0.4355335235595703,0.09824737161397934,0.02075059898197651,0.17165738344192505,-0.036075510707778945,-0.045026267145694514,0.05458009035727787,
0.28469810485839847,0.049759551882743835,0.32335906028747563,0.14685006439685822,0.055571429431438446,0.12658338248729706,-0.032674495384504273,-0.039922807061687576,0.07308675813612887,
0.3073291778564453,0.06687023043632508,0.25370929241180423,0.16522586345672607,0.09991306066513062,0.07471831887960434,-0.026964309653933167,-0.03766263151372499,0.08062478184315557,
0.3110257625579834,0.0763590693473816,0.20242345333099365,0.19079221785068512,0.11149781197309494,0.022387202829122543,-0.020001010223547385,-0.03393488962087678,0.08637705080916318,
0.2656584739685059,0.055605947971343994,0.10432783365249634,0.2256130427122116,0.10111148655414581,-0.04086287319660187,-0.002479485227465572,-0.023039264308747948,0.09130988382615415,
0.2136728048324585,0.03443262279033661,0.047154667973518374,0.22175146639347076,0.0937877893447876,-0.057507630437612534,0.008307953715778579,-0.017605252066380143,0.09128339845246869,
0.16090655326843262,0.007013753056526184,-0.06947593092918396,0.18999160826206207,0.07954014837741852,-0.09173233807086945,0.03235788041720896,-0.016806624372264864,0.08781114835396875,
0.16021003723144533,0.0035497602075338364,-0.09693020582199097,0.18439897894859314,0.05051169544458389,-0.1155010461807251,0.04300068181262486,-0.011952844919110563,0.08546313063219953,
0.1366702437400818,-0.014510451257228852,-0.1144376277923584,0.18393293023109436,0.0015095289563760161,-0.13454264402389526,0.062300032576640234,-0.0034284047828041634,0.07656478489484028,
0.12130520343780518,-0.020522709190845492,-0.1454633951187134,0.1570349931716919,-0.012338909320533276,-0.14353081583976746,0.07183936959655982,-0.0008826133330153504,0.07043883185161694,
0.11380521059036255,-0.02676806449890137,-0.18478372097015383,0.10803283751010895,-0.0059473225846886635,-0.1533845216035843,0.08099766175307871,0.0006721749170814878,0.06368584934206839,
0.09355564117431642,-0.037795379757881165,-0.24367384910583498,0.019615888595581055,-0.005081795156002045,-0.16050846874713898,0.09473197474560058,0.003997853852260384,0.04899224162998795,
0.067847740650177,-0.041226926445961,-0.21675376892089845,-0.019133105874061584,-0.0035504770930856466,-0.15245240926742554,0.09757385519369897,0.006158606241352779,0.04116498610188065,
0.05093104243278504,-0.049685969948768616,-0.19604299068450928,-0.03378049284219742,-0.014735754579305649,-0.14819134771823883,0.0980016732278008,0.00839641534916938,0.033424648755392326,
0.03960961997509003,-0.052803874015808105,-0.161587655544281,-0.046164192259311676,-0.053884223103523254,-0.14579451084136963,0.09497456064266958,0.012162338266583052,0.01852655375898959,
0.023114351928234102,-0.056778961420059205,-0.17010375261306765,-0.08571213483810425,-0.0715942457318306,-0.14912346005439758,0.09277178257353413,0.012898641250925734,0.010778606600307071,
0.03965626358985901,-0.06463386416435242,-0.19944015741348267,-0.11487375199794769,-0.07572215050458908,-0.15385057032108307,0.08995397394103447,0.012299726924302559,0.0028370615775019795,
0.02288714945316315,-0.06491531133651733,-0.16558989286422732,-0.14463458955287933,-0.13451142609119415,-0.13880370557308197,0.07970269196803884,0.009168625002169471,-0.013975042789468026,
0.021262510120868685,-0.04017224907875061,-0.13650319576263428,-0.18384963274002075,-0.14543038606643677,-0.13167975842952728,0.06568470143398611,0.0015634208449303464,-0.030961436001908125,
0.04315529763698578,-0.030457457900047304,-0.127549409866333,-0.2353152185678482,-0.09556269645690918,-0.14219923317432404,0.05754253247260256,-0.004781246415012197,-0.03912597011372196,
0.05390045642852784,-0.02675020694732666,-0.1082316517829895,-0.2646765410900116,-0.070995032787323,-0.137139230966568,0.04791172932093361,-0.01053463225986762,-0.04696274274632586,
0.006628145277500153,-0.018743471801280977,0.06601648330688477,-0.2540239095687866,-0.07232661545276642,-0.12721896171569824,0.02311060563185555,-0.017266747218647602,-0.062210032800762684,
0.02144220471382141,-0.008467574417591096,0.13234393596649172,-0.20355702936649323,-0.0782521516084671,-0.15411688387393951,0.01037084271246855,-0.020589619077969183,-0.06902957600916067,
0.040012812614440924,0.004009932279586792,0.19029870033264162,-0.1733301430940628,-0.06593503057956696,-0.18554218113422394,-0.0012438327728414031,-0.02400516492660219,-0.07576513283590695,
0.011896850168704988,0.037092605233192445,0.24586880207061768,-0.14430002868175507,0.0019087335094809532,-0.1848067343235016,-0.019322541226403193,-0.0320580598595316,-0.0932492437555484,
-0.024464942514896393,0.05785027742385865,0.26877565383911134,-0.10228865593671799,0.025011656805872917,-0.19279621541500092,-0.02631861153799365,-0.03469284694495788,-0.10343359028121503,
-0.03458216190338135,0.07405614852905273,0.34162843227386475,-0.027387253940105438,0.02328060194849968,-0.22355572879314423,-0.0324982449153917,-0.03535338245230292,-0.1137335597938797,
-0.031823232769966125,0.0452365517616272,0.39941267967224126,0.061695486307144165,0.0035732092801481485,-0.2475241720676422,-0.037903805092302706,-0.03532327888269566,-0.13662690377869394,
-0.02917899191379547,-0.010663335770368577,0.35188090801239014,0.10177606344223022,0.036729563027620316,-0.24479444324970245,-0.035423838512023416,-0.03610017668052122,-0.14878644856242976,
-0.06538661122322083,-0.0578563392162323,0.2472850322723389,0.11522502452135086,0.09252279251813889,-0.1921304315328598,-0.029749497678928313,-0.03719492928934865,-0.16160809644080487,
-0.1729524850845337,-0.07102171182632447,0.17497552633285524,0.15137743949890137,0.114893339574337,-0.10730874538421631,-0.01623638636359244,-0.03286447472361211,-0.18488717165244906,
-0.15665340423583984,-0.06054920554161072,0.1433355212211609,0.1912582665681839,0.08000592887401581,-0.10078399628400803,-0.008896839454228254,-0.027342875471144872,-0.1926037858299475,
-0.13467506170272828,-0.03862126171588898,0.08174874782562257,0.23200464248657227,-0.0031512726563960314,-0.09865346550941467,0.008866003936353787,-0.017023556605335936,-0.20342499091833913,
-0.15016993284225466,-0.04226323366165161,0.01937392204999924,0.2238154113292694,-0.016001025214791298,-0.07308711856603622,0.020108145403891095,-0.014602990876584352,-0.20852715064335658,
-0.15203707218170168,-0.043132051825523376,-0.02924199402332306,0.2062385529279709,-0.008743911050260067,-0.03094259649515152,0.02851029243584647,2.384742693899333e-05,-0.21351990006326635,
-0.17267696857452394,-0.05203544497489929,-0.08051672577857971,0.17221666872501373,0.010097954422235489,0.041295647621154785,0.049941970535529935,0.003031218791927701,-0.2186784757496531,
-0.15591940879821778,-0.0641021728515625,-0.1060686469078064,0.14711637794971466,-0.0011539016850292683,0.06719489395618439,0.05973322401662722,0.003110098259862745,-0.21828725154981493,
-0.13222256898880005,-0.07133636474609376,-0.14410406351089478,0.1310042440891266,-0.026653669774532318,0.08843360096216202,0.07635475231533267,0.0026239214656443863,-0.21298443260564687,
-0.12497997283935547,-0.0760233759880066,-0.1605240345001221,0.10630343854427338,-0.03297867998480797,0.11340073496103287,0.08341539734596598,0.0008932359638346723,-0.20933221955128017,
-0.09528310298919679,-0.07796580195426941,-0.25240228176116947,-0.014537501148879528,0.024279287084937096,0.166597381234169,0.09918880419613425,-0.008353900158252393,-0.19419745677772,
-0.0707673192024231,-0.07915832400321961,-0.2684018135070801,-0.06993125379085541,0.038593776524066925,0.16759607195854187,0.10071004615827903,-0.011061847878525688,-0.1868315233245474,
-0.08616180419921876,-0.08510971069335938,-0.2555132627487183,-0.11220845580101013,-0.009942412376403809,0.18357592821121216,0.09624644408889405,-0.013282134706758786,-0.16963727379167917,
-0.09031442403793336,-0.08689110279083252,-0.21511025428771974,-0.1210634708404541,-0.0375727117061615,0.19203145802021027,0.09104901046192586,-0.014766776027905689,-0.16085968022337443,
-0.0716153085231781,-0.08095250129699708,-0.18097132444381714,-0.15308797359466553,-0.03930376470088959,0.20328332483768463,0.08482842721120651,-0.017997217364683942,-0.15191979300253966,
-0.0384296715259552,-0.09203653931617738,-0.17405930757522584,-0.2371772825717926,0.02700894884765148,0.2307138741016388,0.07005243837209603,-0.026599317590916126,-0.13347803849613177,
0.003028369322419167,-0.07841182351112366,-0.11206326484680176,-0.24836255609989166,0.062229253351688385,0.2265859842300415,0.05926999178665473,-0.030023570500731234,-0.1227635967880721,
0.013986855745315552,-0.05571469068527222,0.030510285496711732,-0.24030649662017822,0.017288411036133766,0.23584046959877014,0.029614379556252415,-0.03004090225659985,-0.0991027155837006,
0.055241310596466066,-0.02330305576324463,0.11083450317382813,-0.21294252574443817,0.022681312635540962,0.2084764838218689,0.015832831056018598,-0.02854572995810349,-0.08714427048926084,
0.15393553972244264,0.03444754481315613,0.24090297222137452,-0.1697327345609665,0.028074214234948158,0.17645196616649628,-0.009436019797234263,-0.02695916545238237,-0.06419104290941179,
0.17875657081604004,0.05728593468666077,0.3262872934341431,-0.10694871097803116,0.04059106856584549,0.14915457367897034,-0.020360782901443417,-0.024973221146235666,-0.05449982408158387,
0.2619491577148438,0.085204815864563,0.47976388931274416,0.002906686393544078,0.07760901004076004,0.09622424840927124,-0.03624941340659516,-0.020039367769776106,-0.038000217556917605,
0.2736543893814087,0.09318832159042359,0.5219539165496826,0.0955846905708313,0.08666376024484634,0.04988524317741394,-0.03969772434094492,-0.016559019958391895,-0.03192651438464588,
0.2758857011795044,0.09117456078529358,0.5434556484222413,0.18919481337070465,0.06662347167730331,0.015264147892594337,-0.03969718740807335,-0.012067204730761403,-0.027580391889178362,
0.22014961242675782,0.05243109464645386,0.48731718063354496,0.3027120530605316,0.07414690405130386,-0.02648090198636055,-0.02749117232691851,-0.0035876874378005467,-0.024317209612903512,
0.18086867332458498,0.033748370409011845,0.3711077928543091,0.33060866594314575,0.08513244241476059,-0.034869857132434845,-0.01484885938154962,-0.00043724944385066923,-0.024699165805792473,
0.09451731443405152,-0.032239288091659546,0.19832384586334229,0.3688915967941284,0.06396031379699707,-0.03034248575568199,0.01681822980866317,0.007554625661076435,-0.027355223778600883,
0.08344177007675171,-0.05251044631004334,0.13145110607147217,0.374750554561615,0.061030831187963486,-0.04072881489992142,0.034451596610451475,0.01174302093471458,-0.028453980014429447,
0.06611814498901368,-0.07258293032646179,-0.019244718551635745,0.3417273461818695,0.05583766847848892,-0.04139460623264313,0.06948048522293333,0.016078714648613133,-0.030844938783541664,
0.0456760048866272,-0.08368041515350343,-0.09167156815528871,0.29392239451408386,0.06336130201816559,-0.022155581042170525,0.08809870350145263,0.019558992745125434,-0.032310353496525265,
0.026419025659561158,-0.08205427527427674,-0.16726750135421753,0.2599005103111267,0.06036524474620819,-0.004245821852236986,0.12088297190625633,0.026216499215950397,-0.033576676812720134,
0.024552303552627566,-0.08329945206642152,-0.184061074256897,0.22654440999031067,0.04325443506240845,-0.0017823977395892143,0.13495613592359365,0.029667200688768904,-0.032851359360608415,
0.033647620677948,-0.07852516770362855,-0.225485897064209,0.17594434320926666,0.04445285722613335,-0.014232676476240158,0.1481741377849055,0.032417379563944734,-0.03169455702180805,
0.04391141533851624,-0.07831810116767884,-0.2820793151855469,0.11848664283752441,0.029938627034425735,-0.019625578075647354,0.1697216063341728,0.036704534942760464,-0.03011663277856316,
0.018775114417076112,-0.08040335178375245,-0.26396257877349855,0.08553002029657364,0.019818615168333054,-0.006642667111009359,0.17719181846839605,0.039145892461775855,-0.029878882215272917,
0.013405276834964753,-0.07823694944381715,-0.27563278675079345,0.041587863117456436,0.008433601818978786,-0.007508194539695978,0.18804953017812576,0.04221805162361456,-0.029660689632854245,
0.03094189465045929,-0.07696443796157837,-0.2753924369812012,0.007699137087911367,-0.00541483610868454,-0.016096889972686768,0.19137575674641222,0.042846571700174335,-0.029395655130702164,
0.02429301291704178,-0.0824895977973938,-0.2866612672805786,-0.025057746097445488,-0.026520388200879097,-0.007508194539695978,0.19335273647495108,0.04339902734540471,-0.029526116910090473,
