0.05721893310546875,-0.12381502389907838,-0.5414816379547119,-0.10998862236738205,-0.08158515393733978,-0.09854353219270706,0.08517337961357858,0.03089061823979324,-0.08072534446219903,
0.09574624300003053,-0.1334700584411621,-0.5467128753662109,-0.20506349205970764,-0.10082649439573288,-0.091552734375,0.08312795338314238,0.029932296518218673,-0.08559833279458337,
0.10802557468414307,-0.1180390477180481,-0.585274600982666,-0.38369500637054443,-0.11014755815267563,-0.08729168027639389,0.06884074439618629,0.023813661569321316,-0.09720102687562691,
0.13112916946411132,-0.11653242111206055,-0.5911911487579345,-0.5086638331413269,-0.14396969974040985,-0.08030088245868683,0.055665981114518245,0.019562007984012784,-0.10254047274071022,
0.15481834411621095,-0.08535127043724061,-0.4204464435577393,-0.6652576923370361,-0.2201361060142517,-0.09141957759857178,0.01344742934354625,0.008702031969095986,-0.11255494289898138,
0.22178421020507813,-0.0517528235912323,-0.2903678178787232,-0.7819041609764099,-0.10788387060165405,-0.18196704983711243,-0.014245377640620885,-3.111371803547094e-05,-0.1161994257409374,
0.30471007823944096,0.03793684542179108,0.3135092258453369,-0.4628574550151825,-0.08664516359567642,-0.2076665610074997,-0.08335634758947519,-0.02298769034593215,-0.12414519314921775,
0.15157923698425294,0.03200178146362305,1.0347537994384766,-0.018309304490685463,-0.0871112123131752,-0.21459077298641205,-0.1222383591151077,-0.02918220337124939,-0.13378678291893115,
0.21802384853363038,0.2445387840270996,1.1837151527404786,0.06937527656555176,0.0945829525589943,-0.2534729242324829,-0.1571457798431288,-0.04669099489731292,-0.14875797848663394,
0.1402527093887329,0.3413885116577149,0.8807167053222656,0.21664808690547943,0.11642087250947952,-0.2684532105922699,-0.15427391915071148,-0.05345821686511531,-0.15922337830447886,
0.05105291604995728,0.35067520141601566,0.8360980987548828,0.3421502411365509,0.07014834135770798,-0.29328590631484985,-0.14904194111745803,-0.05597312666138226,-0.17336694907250347,
-0.034252682328224184,0.1976257085800171,0.5051115036010743,0.4310998320579529,0.06901649385690689,-0.3146577775478363,-0.12179322440365735,-0.05759241024516288,-0.20496956536381628,
-0.07547276020050049,0.12832530736923217,0.24862558841705323,0.39295005798339844,0.11342471092939377,-0.2730458676815033,-0.0993838575183226,-0.06022148098111158,-0.22068799305731407,
-0.21822545528411866,0.0586517870426178,-0.11629675626754761,0.31891417503356934,0.09897705912590027,-0.19295130670070648,-0.049520552849919866,-0.05833429692087189,-0.25344296971588737,
-0.2312780857086182,0.033974936604499816,-0.20246694087982178,0.27497202157974243,0.01828327775001526,-0.16192547976970673,-0.028255544832688866,-0.05376020049294747,-0.2668049413094399,
-0.23215155601501467,-0.012684617936611176,-0.30711050033569337,0.21138903498649597,-0.014074130915105343,-0.13309675455093384,0.006478040313203724,-0.04617257884220499,-0.2864820629322501,
-0.2525650501251221,-0.02580343186855316,-0.35000574588775635,0.1074591651558876,0.02780407853424549,-0.060592200607061386,0.02064104721722215,-0.04597912420603608,-0.2945253749694397,
-0.27698707580566406,-0.04440692067146301,-0.4210538387298584,0.013050107285380363,0.022278020158410072,0.004322352819144726,0.032412555805233056,-0.04604031302118986,-0.30141187080682574,
-0.26417639255523684,-0.08170745968818666,-0.5005745887756348,-0.06118551269173622,-0.04217047989368439,0.04546819254755974,0.043220670662200124,-0.04306407651284779,-0.30665437378281035,
-0.23868551254272463,-0.07848069667816163,-0.4831863880157471,-0.16025510430335999,-0.06833603978157043,0.10818563401699066,0.042246494136110334,-0.04307412363555759,-0.3057161922454479,
-0.24476068019866945,-0.09341302514076233,-0.5132720947265625,-0.2757031321525574,-0.09616607427597046,0.17895914614200592,0.03883242328229477,-0.04538736056425807,-0.30370434630675097,
-0.29084086418151855,-0.14081650972366333,-0.5144566059112549,-0.4299001693725586,-0.10475476831197739,0.3017308712005615,0.01949902594199005,-0.05388093848749158,-0.2925986433747745,
-0.3042133092880249,-0.16085127592086793,-0.44022717475891116,-0.538424015045166,-0.08850948512554169,0.3685762286186218,0.001175524644150209,-0.059463776216868776,-0.2816939994048899,
-0.1752018928527832,-0.13390727043151857,-0.10659260749816896,-0.5508742928504944,-0.09117264300584793,0.4616537094116211,-0.05235385329638398,-0.0669445434312528,-0.24814346366194084,
-0.1336437463760376,-0.06802833676338196,0.17283120155334475,-0.4462120234966278,-0.008481492288410664,0.4081907272338867,-0.09087218269428138,-0.05818986407011108,-0.22588245565727097,
0.06978039741516114,-0.008565717935562133,0.49814896583557133,-0.19434356689453125,-0.0172699224203825,0.3504667282104492,-0.12310282412567464,-0.05491183007575715,-0.2023505195481756,
0.36089251041412357,0.27426202297210694,1.3017579078674317,0.14461027085781097,0.05982859060168266,0.21484524011611938,-0.17237754441097305,-0.038191031671735994,-0.16349687403108754,
0.5102920055389405,0.3647295713424683,1.3405701637268068,0.3824305534362793,0.09937652945518494,0.1307559311389923,-0.1789718930906962,-0.03025216001133221,-0.14967780155362315,
0.5571415901184082,0.38507890701293945,1.3356434822082521,0.5648577809333801,0.1067001149058342,0.042140524834394455,-0.1751694692627074,-0.02215056096577603,-0.14101358038192413,
0.5443214893341065,0.23779978752136233,0.9082233428955079,0.7127963900566101,0.06748506426811218,-0.07557119429111481,-0.13754357882392262,-0.007255209201948669,-0.13412527061651108,
0.44008927345275883,0.1388537883758545,0.5435312747955322,0.7133955955505371,0.043316878378391266,-0.11025886237621307,-0.10565574009546155,-0.00245051134375333,-0.13599284072907822,
0.3219122409820557,0.04593145251274109,0.22304306030273438,0.6982821822166443,0.020080797374248505,-0.12017913907766342,-0.06978787595227835,0.000264816328111483,-0.14025551238949577,
0.13770129680633544,-0.12412759065628053,-0.1480085253715515,0.5771083235740662,0.016352372244000435,-0.09914016723632812,0.0016835729795063765,0.0005949552601486923,-0.15169270133646745,
0.07183679342269898,-0.16814690828323364,-0.31136388778686525,0.4520729184150696,0.028336597606539726,-0.08615725487470627,0.036495925942309215,0.0018644470116261844,-0.15780947786047222,
0.03887769281864167,-0.19707677364349366,-0.5151082515716553,0.301604300737381,0.06914953887462616,-0.059259332716464996,0.09409214395949403,0.005764135290701466,-0.16740257347436133,
0.007397628575563431,-0.20827889442443848,-0.5425945281982422,0.2356244921684265,0.024075539782643318,-0.02943192794919014,0.1147825775466654,0.009165125294292252,-0.1707055526615038,
-0.027617451548576356,-0.2233288288116455,-0.5758872509002686,0.09208010882139206,-0.01367476861923933,-0.0018682102672755718,0.1445581137586568,0.01686634211559545,-0.17337477249625188,
-0.022374336421489716,-0.21822900772094728,-0.6326133251190186,-0.013381078839302063,0.02494106814265251,0.013911019079387188,0.1551152753944506,0.017491552220997533,-0.17425388751063212,
-0.01285427212715149,-0.18345386981964112,-0.6677575588226319,-0.14394254982471466,0.009627891704440117,0.015508915297687054,0.16379299426239452,0.016808492108535238,-0.17461416790239562,
