-0.001991431973874569,-0.0907236635684967,-0.3067974090576172,-0.0504862517118454,-0.04582906886935234,0.021129537373781204,0.1752801381010506,0.02614508096658475,-0.055665459784869066,
0.002587252110242844,-0.0825983226299286,-0.30585265159606934,-0.09283051639795303,-0.04449748620390892,0.03031744249165058,0.17422380071131158,0.02392935367733695,-0.0561429641927967,
0.020476411283016208,-0.06919530630111695,-0.29437119960784913,-0.15568111836910248,-0.05122197046875954,0.019331902265548706,0.16661813073157447,0.01862513941646205,-0.05618919249681882,
0.02067067623138428,-0.05828778743743897,-0.26677348613739016,-0.1768532395362854,-0.08903886377811432,0.00708136148750782,0.1598765541798268,0.01590558184142143,-0.05607876951706672,
-0.004832832887768746,-0.06457890868186951,-0.20540146827697756,-0.20741301774978638,-0.14043787121772766,0.015270581468939781,0.14254833913951262,0.008685353620573748,-0.05835851086630868,
0.020143489539623263,-0.06887514591217041,-0.19732303619384767,-0.26573625206947327,-0.09702834486961365,0.012607421725988388,0.1329329546273968,0.002344747101859977,-0.06065846976404817,
-0.015379831194877625,-0.07724661231040955,-0.16307826042175294,-0.32532447576522827,-0.12672258913516998,0.041169822216033936,0.10860032694539827,-0.009188064190133929,-0.06378584430450908,
-0.023589666187763217,-0.061611521244049075,-0.05296502709388733,-0.28857284784317017,-0.1658710539340973,0.031249547377228737,0.09271202569986312,-0.013867815574918707,-0.06420945256749222,
0.10725591182708741,-0.029147791862487796,0.11232928037643433,-0.2525536119937897,-0.14469891786575317,-0.02680736407637596,0.06134210543064031,-0.029423752720018976,-0.0641977997266209,
0.06308090090751649,-0.033847013115882875,0.08850144743919373,-0.28258073329925537,-0.09456492215394974,0.001888197846710682,0.04899508326364169,-0.037138990586443786,-0.06614066395434254,
0.0004015798214823008,-0.02482496201992035,0.14497743844985964,-0.25781333446502686,-0.059144873172044754,0.030716916546225548,0.03600801236104603,-0.04384676591439379,-0.06827993181413126,
0.038342890143394474,-0.002408871799707413,0.27944445610046387,-0.20501616597175598,-0.05075591802597046,0.02718822844326496,0.008442946897188849,-0.05185793469286916,-0.06731903195014502,
0.091583651304245,0.02244672179222107,0.2967612981796265,-0.15741217136383057,-0.03371168673038483,-0.00010917335748672485,-0.002894719507329744,-0.05451945911275004,-0.06570278628239466,
0.09153236150741578,0.06124556064605713,0.3422397613525391,-0.11266961693763733,-0.018864799290895462,-0.002370158676058054,-0.012727759701765312,-0.056889679457464565,-0.06488187968286757,
0.10196295976638795,0.11976855993270874,0.3995055437088013,-0.026782672852277756,0.005902599077671766,-0.02387518435716629,-0.02658051328043844,-0.05958524419555101,-0.06482413098536739,
0.13366472721099854,0.14035693407058716,0.3901256084442139,0.02501581236720085,0.01828629896044731,-0.05816338211297989,-0.029581047542636265,-0.05974543560148628,-0.06537312316904734,
0.13269656896591187,0.1396445631980896,0.35542068481445316,0.06516297161579132,0.033532895147800446,-0.0780705139040947,-0.029742935346763515,-0.059370559402979105,-0.0671953220501901,
0.04719562828540802,0.0939932405948639,0.2648967742919922,0.10584275424480438,0.05317370966076851,-0.06801708042621613,-0.023422253729887786,-0.057277256646593395,-0.07471420309439536,
0.026990437507629396,0.06706275343894959,0.22968070507049562,0.14552386105060577,0.053506605327129364,-0.06269075721502304,-0.018243722150462077,-0.05516340086486833,-0.07863114631005183,
0.006867019087076188,0.04502196311950684,0.18708608150482178,0.16689573228359222,0.03839316591620445,-0.0612260177731514,-0.011754658075884978,-0.052493903458484696,-0.08217124938334237,
-0.029564672708511354,0.021104809641838074,0.07589740753173829,0.16403283178806305,0.03952500596642494,-0.04957468807697296,0.00507265599326423,-0.04787450002068259,-0.08867386637166261,
-0.02585097849369049,0.015366333723068238,0.025628963112831117,0.14911912381649017,0.06189556047320366,-0.046711791306734085,0.014204974832767916,-0.04616813105951339,-0.09147008411825337,
-0.031530874967575076,0.005247749760746956,-0.001058382447808981,0.14738807082176208,0.06362661719322205,-0.05063995346426964,0.02277276898131951,-0.04380110562325262,-0.09389116505550191,
-0.06166776418685913,-0.029434514045715333,-0.016438692808151245,0.1583736091852188,0.04511764645576477,-0.041718363761901855,0.038237862261227905,-0.036423625921305665,-0.09818214697416923,
-0.07407000064849854,-0.0410524994134903,-0.04328432977199555,0.15557728707790375,0.03672868758440018,-0.029201507568359375,0.04618614385426408,-0.03325212419679147,-0.10010878636054493,
-0.08790554404258728,-0.05570583939552307,-0.08184434771537781,0.13986463844776154,0.029338417574763298,-0.012823065742850304,0.05445863240825218,-0.030814142586527534,-0.10167624831150472,
-0.11439024209976197,-0.07876738905906677,-0.1474928379058838,0.09712089598178864,0.02434499002993107,0.02878882735967636,0.0695838748565411,-0.02707467579229093,-0.10309865934071726,
-0.1218910813331604,-0.08072904348373414,-0.162570059299469,0.0728861391544342,0.024078674614429474,0.048962272703647614,0.07558600941843464,-0.02577941119045506,-0.10251421390921339,
-0.10324399471282959,-0.09664680361747742,-0.20302314758300782,0.025881338864564896,0.012627081014215946,0.08065389096736908,0.08387572966296754,-0.02439512334035737,-0.0980112749979382,
-0.1120505452156067,-0.09719344377517701,-0.2149855136871338,0.003643943928182125,-0.01127479039132595,0.09849707037210464,0.08602677489904025,-0.024008047216167692,-0.09456941622632876,
-0.09541757702827454,-0.09702666401863098,-0.2246955156326294,-0.024985037744045258,-0.01746663823723793,0.10475549846887589,0.0869752583092352,-0.024624249427525783,-0.09040658251042687,
-0.06586483716964722,-0.08117800951004028,-0.24770760536193848,-0.08830168843269348,-0.013272160664200783,0.11880367249250412,0.08500854644020271,-0.02866079866704567,-0.08078098266982806,
-0.06557202935218812,-0.06313289403915405,-0.225876784324646,-0.14036953449249268,-0.022659309208393097,0.14349883794784546,0.08109436628851086,-0.03075827235925692,-0.07534240173692576,
-0.05020249485969544,-0.03828160166740418,-0.19769233465194702,-0.17792010307312012,-0.011340875178575516,0.14929121732711792,0.07512492183116148,-0.03313746323859626,-0.06922588065997057,
-0.019694517552852633,-0.01733502447605133,-0.08918518424034119,-0.18238089978694916,-0.03144774213433266,0.1383722424507141,0.05732994754912393,-0.03797320532399663,-0.05493686431108576,
-0.012769290804862977,-0.01577899605035782,-0.04146611392498017,-0.1831798404455185,-0.05341882258653641,0.13610854744911194,0.04711335804386072,-0.039928720957493,-0.04774425205035284,
-0.007457978278398514,-0.007428843528032303,0.037658104300498964,-0.19123591482639313,-0.020595360547304153,0.14030304551124573,0.02671403759428499,-0.04597728498700895,-0.03438923834340347,
0.0055346757173538215,-0.009022787958383561,0.06377007365226746,-0.20981146395206451,0.018153635784983635,0.14276647567749023,0.01639540828947435,-0.04870496380528732,-0.02739236686388264,
0.012290284037590027,-0.00793079286813736,0.2316533327102661,-0.11986318230628967,0.004837829153984785,0.15481725335121155,-0.006362767801359239,-0.04886633316750395,-0.012754687324811838,
0.01972521394491196,0.004895897954702378,0.3252978086471558,-0.04702572524547577,0.005037566181272268,0.15102225542068481,-0.016519011762004335,-0.04748947768203895,-0.005290457412552267,
0.161186420917511,0.05573152303695679,0.3146789789199829,0.008368025533854961,0.05170946568250656,0.10674721002578735,-0.02692961296716387,-0.04598203220192689,0.010790168994505144,
0.15569052696228028,0.06843492984771729,0.3411757469177246,0.07274994999170303,0.08127055317163467,0.09542877227067947,-0.02886838111268707,-0.04375848995924886,0.016929071270603658,
0.1631657361984253,0.07896935939788818,0.3399919271469116,0.11682526022195816,0.1000458374619484,0.08351112902164459,-0.02868882951945512,-0.04047156623405812,0.02210622291818096,
0.1902402400970459,0.07313458323478698,0.23312530517578126,0.15031450986862183,0.10124426335096359,0.04376344755291939,-0.020428633930189177,-0.030712154864774195,0.030653141004595676,
0.19479913711547853,0.05952972769737244,0.1735819220542908,0.16735874116420746,0.10270900279283524,0.020993418991565704,-0.013548645918089637,-0.025311448517690533,0.03366650826468829,
0.15709456205368044,0.03363196551799774,0.07499300837516786,0.17155322432518005,0.11309532821178436,0.004215504042804241,0.0024455144863770317,-0.014931922553663447,0.03664180699544536,
0.1400667428970337,0.019143523275852205,0.02966466248035431,0.16110031306743622,0.10823506116867065,-0.0036408216692507267,0.011114280033630464,-0.009347005076205278,0.03724372810284314,
0.11382086277008058,0.0036564577370882035,-0.016299316287040712,0.15231187641620636,0.09338793903589249,-0.013893991708755493,0.020067469069404337,-0.01085013914261202,0.038382691276813576,
0.1078220009803772,-0.0019740141928195954,-0.059003537893295294,0.14525450766086578,0.05716894567012787,-0.04105823487043381,0.03611902831154203,-0.005829516786406608,0.039798711651925264,
0.10984655618667603,-0.002894829586148262,-0.0893802583217621,0.12967605888843536,0.05217535048723221,-0.05643606185913086,0.04388480174242876,-0.001910784377619333,0.03940227071974276,
0.0982147514820099,-0.005697807669639588,-0.14217162132263184,0.10237865149974823,0.038260333240032196,-0.07454555481672287,0.0578546738586064,0.004423340445464139,0.03581958165765574,
0.09655121564865113,-0.0056601308286190035,-0.16332104206085207,0.0720851942896843,0.024278735741972923,-0.08886004984378815,0.06364659848543687,0.007353284408409912,0.0330370212891697,
0.09657440185546876,-0.003824068233370781,-0.1843250870704651,0.044321734458208084,0.01349293440580368,-0.11123060435056686,0.06846727163580549,0.009970839351327964,0.029690874886965524,
0.09423347711563111,-0.022135554254055025,-0.20457043647766116,0.009168006479740143,-0.008877619169652462,-0.12914036214351654,0.07415635000715301,0.014132469652892065,0.02039056290698827,
0.06375393867492676,-0.036663961410522465,-0.21011738777160646,-0.018062816932797432,-0.03357843682169914,-0.12301509082317352,0.07509120863701177,0.015765200434990086,0.01425380865631646,
0.04188047945499421,-0.05362903475761414,-0.21914501190185548,-0.04615916684269905,-0.05581583455204964,-0.11902035027742386,0.07494806282991374,0.016649655424168876,0.007724751791003352,
0.048813852667808535,-0.061384791135787965,-0.22638630867004395,-0.10814423859119415,-0.0778534933924675,-0.12341456115245819,0.07115944537695702,0.015157175083723804,-0.005376776268881953,
0.06054592728614808,-0.06827107667922974,-0.21260108947753908,-0.14835797250270844,-0.07758717983961105,-0.12234929949045181,0.06697140988154672,0.012953311158210738,-0.012043286356493531,
0.03241263031959534,-0.06181594729423523,-0.1550727725028992,-0.18510960042476654,-0.08624245226383209,-0.11775534600019455,0.05343918514966508,0.007602745382517615,-0.025840243084828057,
0.03955308496952057,-0.05962868928909302,-0.0945077121257782,-0.1825130134820938,-0.11061038076877594,-0.12554508447647095,0.04450037109694205,0.004523788620976727,-0.03233060941280294,
0.0568934440612793,-0.05763229727745056,-0.03652122616767883,-0.1842440664768219,-0.1271885484457016,-0.1367303729057312,0.03495732583467306,0.0006983648173094064,-0.038833838729860855,
0.03870719373226166,-0.021728788316249848,0.03800778687000275,-0.2058822512626648,-0.10648247599601746,-0.15250959992408752,0.013085886704440605,-0.014433627775126506,-0.052729799502950196,
0.035745149850845336,-0.02469674050807953,0.0974502444267273,-0.18763959407806396,-0.09256745874881744,-0.14924722909927368,0.003546203632859541,-0.020309718255963876,-0.060333651194414514,
0.004306567832827568,-0.02103007733821869,0.17880377769470215,-0.14669349789619446,-0.08617587387561798,-0.1481153815984726,-0.006345154200019591,-0.025570436572234602,-0.06812953496663726,
-0.012320589274168015,0.009094730019569397,0.2554162979125977,-0.09056737273931503,-0.09336640685796738,-0.16242986917495728,-0.022131542762593288,-0.03537517538164767,-0.0834653355321386,
-0.020616026222705842,0.018497861921787262,0.2902243614196777,-0.05101943388581276,-0.06833269447088242,-0.16129803657531738,-0.027363068822773163,-0.04048894312183358,-0.0918208082482845,
-0.05526642799377442,0.055143034458160406,0.31173758506774907,0.009168006479740143,-0.0233918484300375,-0.14804880321025848,-0.03250128795358488,-0.050393492459803596,-0.11045122288905916,
-0.07702507972717286,0.07305371165275575,0.298718523979187,0.04212462529540062,-0.011540780775249004,-0.15503960847854614,-0.032156021362056995,-0.053186576946205086,-0.12004692947716862,
-0.11193618774414063,0.06012529134750366,0.24989931583404543,0.09199334681034088,-0.0024196221493184566,-0.16009767353534698,-0.026297941110646993,-0.05630619738581279,-0.13563863620794062,
-0.14835839271545412,0.031856030225753784,0.2115952491760254,0.12455049157142639,-0.001021462376229465,-0.12800657749176025,-0.021019576526715794,-0.05716050775192803,-0.14410643932323375,
-0.1754229784011841,0.00952960103750229,0.1623109817504883,0.12741339206695557,0.011894868686795235,-0.10317260771989822,-0.014389146403069675,-0.05772346528192719,-0.1520197963544898,
-0.16837223768234255,-0.010761956870555879,0.06983399391174316,0.1305426061153412,0.012960133142769337,-0.09311917424201965,0.0005822687999932258,-0.057509616000157374,-0.1641477041805635,
-0.16319409608840943,-0.01995459944009781,0.06574239134788513,0.15431131422519684,-0.0024862010031938553,-0.08226679265499115,0.007921008911997322,-0.05662607613538753,-0.16908098407445707,
-0.1740378737449646,-0.02696957588195801,0.058164519071578984,0.16949133574962616,-0.011008316650986671,-0.056367553770542145,0.015695567295468234,-0.05602230241642996,-0.1737893779923557,
-0.18213869333267213,-0.027571785449981692,0.027690380811691284,0.16290001571178436,-0.0002890931209549308,-0.03732594847679138,0.02427014083718195,-0.055477256609385704,-0.177928064111175,
-0.1462651252746582,-0.04092032909393311,-0.06327779293060302,0.12534944713115692,0.02221461944282055,-0.0015064324252307415,0.04043675999385817,-0.046023455716361836,-0.18296926677672276,
-0.1404070019721985,-0.04503721296787262,-0.08735377192497254,0.1047765240073204,0.024345146492123604,0.022728335112333298,0.047931856650725,-0.04528253932768491,-0.1838017516291781,
-0.13546216487884521,-0.048171928524971014,-0.09160174131393434,0.09538888186216354,0.013359608128666878,0.0341799259185791,0.05407347603470737,-0.04411577917463904,-0.18346644175646745,
-0.11213500499725343,-0.06455017924308777,-0.10927302837371827,0.08779887109994888,-0.01966359093785286,0.052489157766103745,0.06398949953659533,-0.04259520144630798,-0.1804193563675978,
-0.10761206150054932,-0.07471806406974793,-0.13152685165405273,0.06303147226572037,-0.021993856877088547,0.06587154418230057,0.06840309267543225,-0.0432179172653011,-0.17823507219633028,
-0.10733548402786255,-0.07820257544517517,-0.16594775915145876,0.03327064588665962,-0.02785281091928482,0.08451367169618607,0.07244272348337086,-0.04480019121200503,-0.17577428577005594,
-0.11279250383377076,-0.07902984023094178,-0.20018556118011477,-0.039100758731365204,-0.01407095231115818,0.11500686407089233,0.07678675261849907,-0.04892762610396581,-0.16906812010335487,
-0.08065105676651002,-0.06932092308998108,-0.19895581007003785,-0.07452080398797989,0.00783354789018631,0.1178031787276268,0.07615016090248573,-0.051560531738548215,-0.16429573394752903,
-0.05460062623023987,-0.06314508318901062,-0.15389585494995117,-0.09595924615859985,-0.0032185702584683895,0.11853555589914322,0.06879301607390353,-0.05483462011706532,-0.15277559294397847,
-0.07743609547615052,-0.055508714914321904,-0.1228842854499817,-0.10880900174379349,-0.023724911734461784,0.13118557631969452,0.06323198942799584,-0.05546209825595468,-0.14690926380678593,
-0.07468751072883606,-0.040376558899879456,-0.11293997764587403,-0.14090009033679962,-0.011208053678274155,0.1461658626794815,0.057231894189832974,-0.05700731000406397,-0.14092215418161239,
-0.04007872939109802,-0.023111215233802797,-0.07659432888031006,-0.19043365120887756,0.018685726448893547,0.14550237357616425,0.042262317714476715,-0.061059088645329,-0.12716953777521295,
-0.009997168183326723,-0.0055082239210605625,0.05781465172767639,-0.1737888902425766,0.025010734796524048,0.1433718502521515,0.02145950600584039,-0.061103600810712214,-0.1121258703625861,
0.010452204197645188,0.005773496627807618,0.13217412233352663,-0.1490880697965622,0.028406264260411263,0.14776606857776642,0.010345649768412978,-0.06055149857185578,-0.10446246979852332,
0.011215806752443314,0.012590524554252625,0.17387008666992188,-0.12964700162410736,0.0325341634452343,0.14809896051883698,0.000299486190422333,-0.05929518354427451,-0.09751809142865453,
0.10240454673767091,0.049592125415802005,0.29718761444091796,-0.08184325695037842,0.04285391420125961,0.12939025461673737,-0.01698701428115496,-0.055884595891961736,-0.08343582431251283,
0.14119937419891357,0.06672484874725342,0.3713314771652222,-0.020990021526813507,0.062294989824295044,0.10016205906867981,-0.023653446268093476,-0.053451602892013936,-0.07698812406442165,
0.2006603240966797,0.09453192949295045,0.5256120204925537,0.11649566888809204,0.09591740369796753,0.0501612089574337,-0.030368330983046008,-0.04701144556963179,-0.06603875623405892,
0.20927653312683106,0.08930182456970215,0.5428383350372314,0.20557841658592224,0.12734270095825195,0.012410901486873627,-0.02828288753012163,-0.04260182513994888,-0.06271558981177114,
0.16115102767944336,0.04766097962856293,0.39465854167938236,0.2975906431674957,0.11242900043725967,-0.01801571622490883,-0.011721787867640974,-0.03081722925098603,-0.060317565561220796,
0.13110166788101196,0.017700527608394623,0.3021487474441529,0.3358735740184784,0.0969160869717598,-0.02560572512447834,0.0011657602214659396,-0.02435072402156914,-0.060669119635872217,
0.09962504506111146,-0.008281175792217255,0.18998608589172364,0.3292156755924225,0.09385345131158829,-0.02061229757964611,0.01645538835216519,-0.018589036593869353,-0.061298650414284436,
0.06897766590118408,-0.04858569800853729,-0.013521760702133179,0.2990553677082062,0.10510531067848206,-0.013621499761939049,0.048461378864033136,-0.011258360650382675,-0.06169223457076767,
0.054451048374176025,-0.05768090486526489,-0.05672975778579712,0.2912656366825104,0.08985871076583862,-0.015818607062101364,0.06432988390740722,-0.006266178943274445,-0.06148673699905756,
0.0349385142326355,-0.0754120171070099,-0.1414114236831665,0.2685621976852417,0.017420725896954536,-0.03306257724761963,0.09450351815989126,0.003912260770374694,-0.060372015322920136,
-0.009019339084625244,-0.08476983308792115,-0.21987721920013428,0.21869447827339172,0.016155723482370377,-0.017283346503973007,0.12276374206411951,0.009508840402184148,-0.06144601637269318,
-0.025436681509017945,-0.09375831484794617,-0.2764251232147217,0.14725518226623535,0.0499778687953949,0.01201142743229866,0.13554907441048455,0.010251909539273912,-0.0627040854283826,
-0.042355296015739445,-0.09746108055114747,-0.31054172515869144,0.08986406028270721,0.04345312714576721,0.027258023619651794,0.1462165031483824,0.011540032746489369,-0.06284286590293486,
-0.01398167610168457,-0.09777808785438538,-0.28466472625732425,0.062433503568172455,-0.024790378287434578,0.012810375541448593,0.15920751424757384,0.014910497876669055,-0.05908783702015678,
-0.0002498667221516371,-0.09214755296707154,-0.2595726013183594,0.04385795444250107,-0.04636198282241821,-0.0035014869645237923,0.16293261619789376,0.014999987696953508,-0.05767384575032695,
-0.0007853884249925614,-0.08112531304359437,-0.29008846282958983,-0.013266853988170624,-0.031448282301425934,0.0024240463972091675,0.16848989855676713,0.01164622524928699,-0.058970317810470935,
-0.009108793735504151,-0.08384260535240173,-0.3107098817825318,-0.0841069445014,-0.011341414414346218,0.01567327231168747,0.16946780961159735,0.009776695270569208,-0.06026222596168501,
