-0.017484453320503236,-0.1523540735244751,-0.32526509761810307,-0.0797647088766098,0.018417030572891235,0.04652664065361023,0.2221959982153866,-0.003811441138243316,-0.05978300235695255,
-0.0024173110723495483,-0.11218931674957276,-0.3217977523803711,-0.13921977579593658,-0.009745897725224495,0.0625721886754036,0.21966000785620715,-0.006492597005373249,-0.055825618889148075,
-0.00036278076004236937,-0.08408133387565614,-0.277940845489502,-0.17384086549282074,-0.013141429051756859,0.05764533579349518,0.2144012994057804,-0.007626972972906434,-0.0533789486134855,
0.02761569917201996,-0.05545960068702698,-0.23945345878601076,-0.1928824782371521,-0.018734067678451538,0.031013725325465202,0.2074215833518637,-0.009810908773382336,-0.05114598661702361,
0.07979503870010377,-0.027187529206275943,-0.15954363346099854,-0.2063298523426056,-0.03850829601287842,-0.013191791251301765,0.1894460561147389,-0.014102263359869607,-0.04762628982639888,
0.07988192439079285,-0.02870529592037201,-0.1361015558242798,-0.237155944108963,-0.03284907713532448,-0.01845153421163559,0.17951249143822484,-0.015547390324458333,-0.04769050022504623,
0.03374818861484528,-0.035565057396888734,-0.12043646574020386,-0.2591935992240906,-0.023860909044742584,-0.01652074232697487,0.15791409105152593,-0.01810349513697217,-0.05081679953024008,
0.014132010936737062,-0.04810643196105957,-0.09144777059555054,-0.2719767689704895,-0.04876146465539932,-0.01532232016324997,0.14548211581880513,-0.018824968282132298,-0.05224961365188266,
0.011640417575836183,-0.053867900371551515,-0.06240484714508057,-0.2653854489326477,-0.05575226619839668,-0.00979626178741455,0.1324477155171685,-0.019585997380469476,-0.05355666470194199,
0.011586374789476396,-0.04581308662891388,0.01572539210319519,-0.27337491512298584,-0.046431198716163635,-0.012392843142151833,0.10461914076168366,-0.02377839584727356,-0.05662686735637108,
0.03263510465621949,-0.039702007174491884,0.021677446365356446,-0.27950018644332886,-0.03804224357008934,-0.03203365579247475,0.09118457782063764,-0.026431356074058384,-0.05790562705845162,
0.06408875584602357,-0.020114324986934662,0.119740629196167,-0.22410646080970764,-0.049826730042696,-0.049477361142635345,0.06335037383653452,-0.03042007620813194,-0.060672059394119536,
0.03453911244869232,-0.027415651082992556,0.16671773195266726,-0.20905959606170654,-0.06680438667535782,-0.034430500119924545,0.0500418071885851,-0.03198219303574469,-0.06311415588533428,
0.01692033410072327,-0.03376550674438477,0.15452195405960084,-0.19174905121326447,-0.0636751726269722,-0.02850496768951416,0.038623675790357775,-0.03404457671362781,-0.0659721701979382,
0.027672681212425235,0.010045363008975983,0.22739500999450685,-0.14161504805088043,-0.05661779269576073,-0.021980222314596176,0.018001754060761176,-0.04026370219336486,-0.07012759919178899,
0.02869403064250946,0.03527181148529053,0.25450370311737064,-0.10200051963329315,-0.04197040572762489,-0.021314432844519615,0.009155347764684036,-0.04328454784287123,-0.07169536343849611,
0.05532995462417603,0.06409847736358643,0.28079838752746583,-0.053930461406707764,-0.003487727837637067,-0.0341641865670681,-0.00416044558270761,-0.04877916376805367,-0.07399671827334706,
0.050266730785369876,0.07619603276252747,0.2833649396896362,-0.011586198583245277,0.005966493859887123,-0.04168761521577835,-0.008519612567574714,-0.050377942898002216,-0.07582891659772031,
0.02275040149688721,0.0827389657497406,0.2969691753387451,0.051264405250549316,0.0053672827780246735,-0.03862497955560684,-0.012645256510234485,-0.050769786139186986,-0.08093553362779066,
0.0031169470399618152,0.08547996282577515,0.28112862110137943,0.09001339972019196,0.003636228386312723,-0.033831290900707245,-0.011966969754588655,-0.05059147372835314,-0.08333421145097672,
-0.028054198622703554,0.08021767139434816,0.2238847017288208,0.1282297670841217,-0.005152203608304262,-0.03150102496147156,-0.005401552209073417,-0.05025907874954689,-0.08877542178213192,
-0.0342292070388794,0.07737184166908265,0.193584144115448,0.1511303186416626,-0.008280991576611996,-0.03463512659072876,1.5547350662303494e-05,-0.05013246176828952,-0.09107401563780858,
-0.03874926865100861,0.05111139416694641,0.14022626876831054,0.17330114543437958,-0.011809679679572582,-0.02897590957581997,0.01392777276951105,-0.050711401010667394,-0.09469869538709594,
-0.04746584296226502,0.031747090816497806,0.10866825580596924,0.18075798451900482,-0.009479413740336895,-0.025713536888360977,0.022249379182681925,-0.05106292852961254,-0.09642316221410008,
-0.05489068627357483,0.01837574243545532,0.07200383543968202,0.1745661348104477,0.002371653448790312,-0.02331669256091118,0.031229948388349693,-0.05150629435190632,-0.0980149823822575,
-0.0615678071975708,-0.011770161241292954,0.005353596806526185,0.16963928937911987,0.013024297542870045,-0.014128786511719227,0.04913735691785927,-0.047481551114165146,-0.10067707251793927,
-0.06705078482627869,-0.025193452835083008,-0.015574307739734651,0.1559240072965622,0.01528798509389162,-0.0014787712134420872,0.05752641538519561,-0.045040352852378666,-0.10163420061387807,
-0.08085577487945557,-0.053705972433090214,-0.0781441867351532,0.13175582885742188,0.02254509925842285,0.016364408656954765,0.07465853019390997,-0.04345032271072211,-0.1025532265817771,
-0.08691048026084901,-0.06347694396972657,-0.10052384138107301,0.107853963971138,0.025740893557667732,0.03900127857923508,0.08215279165742892,-0.04258088244375572,-0.10221627605237392,
-0.09281249046325685,-0.07375245094299317,-0.12502561807632448,0.074764184653759,0.03985564410686493,0.05404813587665558,0.08883150887818368,-0.041681680359309664,-0.10120195763697003,
-0.06710047721862793,-0.0851233184337616,-0.17245744466781618,0.039277564734220505,0.03819116950035095,0.06696446985006332,0.09886337831335362,-0.04009279033194522,-0.09643545658775644,
-0.06414240598678589,-0.09147884845733643,-0.17826755046844484,0.015642007812857628,0.011692716740071774,0.07182474434375763,0.10167714277425602,-0.038882446687914664,-0.0928752548718715,
-0.06943191885948181,-0.10492377281188965,-0.19499812126159669,-0.027234887704253197,0.012425086461007595,0.10344977676868439,0.10442530046000707,-0.03793778930562621,-0.08530089107133453,
-0.06405895948410034,-0.10200262069702148,-0.18608802556991577,-0.06378677487373352,0.026606420055031776,0.12355664372444153,0.10419245529454617,-0.03889986411238404,-0.08136847562517918,
-0.040922012925148014,-0.0884548306465149,-0.16758910417556763,-0.09274864941835403,0.020347991958260536,0.13673929870128632,0.09943344941001038,-0.04085707968486375,-0.07056666133167827,
-0.022688603401184084,-0.0732578158378601,-0.1397855520248413,-0.1009378731250763,0.011293242685496807,0.13587376475334167,0.09479484064064639,-0.04154116564817697,-0.06385321554297174,
-0.0019752910360693932,-0.048960673809051516,-0.11120948791503907,-0.1394205540418625,0.00603350019082427,0.14659298956394196,0.08347503154827135,-0.04353460740588181,-0.0498625714472398,
0.0045313481241464615,-0.02917935848236084,-0.09938668608665467,-0.15133820474147797,0.020281413570046425,0.13920271396636963,0.07695178936159736,-0.0449695345514348,-0.042818899237412784,
0.008207321912050248,-0.021715767681598663,-0.025041335821151735,-0.1319621056318283,-0.03358127921819687,0.16370674967765808,0.060508395832256354,-0.047188408474156875,-0.02800818775509855,
-0.0025194266811013224,-0.029287293553352356,0.031177601218223574,-0.10260076820850372,-0.046431031078100204,0.16044437885284424,0.05168291281358262,-0.04785153404196865,-0.02061539555885648,
0.036066824197769166,-0.0005833347328007221,0.09413483738899231,-0.09234759956598282,-0.04683050513267517,0.1608438491821289,0.0359560055333225,-0.053229249984565616,-0.004611533171942581,
0.043152669072151185,-0.002159391902387142,0.09943158626556398,-0.08176153153181076,-0.01866757869720459,0.1601780652999878,0.029634495275639217,-0.056442484381633316,0.003285813376200429,
0.05218324065208435,0.01131361871957779,0.11865458488464356,-0.06718072295188904,-0.014339940622448921,0.15818069875240326,0.023450493703969136,-0.059529976673942844,0.01134209276495339,
0.06586423516273499,0.0076867051422595985,0.1612242937088013,-0.015115920454263687,-0.012808623723685741,0.13873961567878723,0.011979898455919659,-0.06271692366529501,0.027876793508291246,
0.09689494371414185,0.010418032854795457,0.18327736854553223,0.01843991130590439,-0.01667020656168461,0.12395907193422318,0.007430239991788994,-0.06381571364498513,0.03610472741331508,
0.11047022342681885,0.02161565274000168,0.18146926164627075,0.030690452083945274,0.02254484035074711,0.10564984381198883,0.0031187103133207667,-0.06554530707203195,0.05058120537964762,
0.12891663312911988,0.03134311139583588,0.16830549240112305,0.06278154253959656,0.044782236218452454,0.08254691958427429,0.002991006357053958,-0.06616566017500353,0.05686577439169377,
0.14623868465423584,0.025306215882301333,0.1881953239440918,0.10306185483932495,0.04884355515241623,0.060908734798431396,0.004754464192072012,-0.06347697858612004,0.06682479137065735,
0.1455162525177002,0.02365263104438782,0.16939765214920044,0.12829531729221344,0.05044145509600639,0.03913739696145058,0.0077849833057507135,-0.06125428284724638,0.0708048212799309,
0.14285868406295776,0.029424041509628296,0.14437685012817383,0.14260980486869812,0.05190619081258774,0.02622106298804283,0.012234599448475386,-0.058916144206028115,0.07377904572366048,
0.13634796142578126,0.02596564888954163,0.10315113067626953,0.15778982639312744,0.051107242703437805,-0.003073709085583687,0.024224416343126626,-0.05394342056282813,0.07838432227944744,
0.1344216585159302,0.028019800782203674,0.07632036209106446,0.16284982860088348,0.0444493405520916,-0.016855567693710327,0.031454848059173625,-0.05134921266316648,0.07969674840547407,
0.12587579488754272,0.015710783004760743,0.050405049324035646,0.1671774685382843,0.03439590707421303,-0.022315047681331635,0.039251657171382126,-0.04874938717045349,0.08018032344095885,
0.11215467453002931,-0.00974557474255562,0.0032303161919116975,0.16824272274971008,0.031732745468616486,-0.03130321577191353,0.05588796209084851,-0.04441420798122608,0.07933061816851526,
0.11230965852737428,-0.014706991612911224,-0.025218877196311953,0.14813585579395294,0.034196171909570694,-0.05507192760705948,0.06405552214117292,-0.04926494692062798,0.07860405966060988,
0.10904344320297242,-0.014416049420833589,-0.05580810904502869,0.13621821999549866,0.035527750849723816,-0.07544511556625366,0.07241043038698206,-0.05355113019368847,0.07737948271403544,
0.10350072383880615,-0.02888101637363434,-0.08988548517227174,0.10532472282648087,0.03486209362745285,-0.08117245137691498,0.08826875397555968,-0.049222213495660735,0.07267723915232875,
0.08849023580551148,-0.05156869292259217,-0.11256653070449829,0.08295416831970215,0.038989994674921036,-0.09581983834505081,0.10166948820751945,-0.04348400295440338,0.06579248141235183,
0.08381451964378357,-0.05191627740859986,-0.1211510181427002,0.06078334525227547,0.0261402428150177,-0.10866958647966385,0.10711643584925214,-0.040320436291433365,0.06228378535730488,
0.07679362297058107,-0.05967501997947693,-0.13272035121917725,0.04606937989592552,0.013623385690152645,-0.11672565340995789,0.11188676147005468,-0.036838689274182004,0.058385238020185824,
0.06423547267913819,-0.06559432744979858,-0.1312811851501465,0.030556466430425644,0.014222596772015095,-0.11586012691259384,0.11582184384739436,-0.033420276720557515,0.05385545829530977,
0.03437032401561737,-0.07963252067565918,-0.14682215452194214,0.003858276642858982,-0.0010240005794912577,-0.10667221993207932,0.12157957940946354,-0.02761950933196319,0.043482477881736835,
0.02353485226631165,-0.08519101142883301,-0.15538612604141236,-0.02350570447742939,-0.020664814859628677,-0.10846985131502151,0.12326978731012174,-0.024859601285864473,0.03827674224858263,
0.027183321118354798,-0.08037609457969666,-0.15637739896774294,-0.03915177658200264,-0.029786141589283943,-0.10920222103595734,0.1238549030831738,-0.022846847616044205,0.03321429105930081,
0.01652253270149231,-0.062368541955947876,-0.15124609470367434,-0.07463839650154114,-0.05222327262163162,-0.11000116914510727,0.12232014037658774,-0.02056954798731434,0.022350482682399628,
0.005236693844199181,-0.06159685850143433,-0.15059468746185303,-0.09095025807619095,-0.06826882064342499,-0.09848299622535706,0.12028940614065697,-0.02012717363660219,0.0164770425254955,
-0.008878423273563385,-0.07338172197341919,-0.11227476596832275,-0.12337424606084824,-0.06613828986883163,-0.08383560925722122,0.11318456843607702,-0.02132492620983471,0.004249586085669677,
0.005361299961805344,-0.06411208510398865,-0.11235183477401733,-0.156330868601799,-0.05661749094724655,-0.09408878535032272,0.10880245108880586,-0.023107366332302974,-0.0014632817259268905,
0.055060636997222905,-0.04677530229091645,-0.06941595673561096,-0.14914032816886902,-0.061278022825717926,-0.11333011835813522,0.09667526526577196,-0.02658107395569429,-0.01187023212791437,
0.066302889585495,-0.053780490159988405,-0.025394728779792788,-0.15653060376644135,-0.05581854283809662,-0.12111986428499222,0.08897665429720415,-0.028167860636081146,-0.017557752883360443,
0.049303370714187625,-0.04698440432548523,-0.02209465801715851,-0.18555906414985657,-0.053088802844285965,-0.1289096176624298,0.08113104049492295,-0.0304950871242052,-0.02373648924594036,
0.03333528935909271,-0.046437430381774905,-0.027585208415985107,-0.1834285408258438,-0.049826428294181824,-0.13476857542991638,0.06611464506775869,-0.03350688081714242,-0.03714679237962757,
0.012348169833421708,-0.04904160797595978,0.016877976059913636,-0.17823536694049835,-0.06400775909423828,-0.1283104121685028,0.05703949797276874,-0.034989582031576184,-0.04420805846000522,
-0.00959363877773285,-0.04539621472358704,0.033124887943267824,-0.17171062529087067,-0.07665777951478958,-0.11952196806669235,0.048356126198491944,-0.036377540833966666,-0.05141032421881546,
-0.025850462913513186,-0.021082212030887604,0.07056077718734742,-0.17776808142662048,-0.06800270825624466,-0.11472596228122711,0.03200370421094402,-0.04131135760966581,-0.06522227449329641,
-0.01243690922856331,-0.01667265295982361,0.09382718205451966,-0.16065727174282074,-0.0556190051138401,-0.11432649195194244,0.02408688157042692,-0.04464138406560713,-0.07160188619313348,
-0.009967737644910813,-0.0063481412827968604,0.14234338998794557,-0.12117590010166168,-0.057616375386714935,-0.11172990500926971,0.015981364064132395,-0.04775361782758445,-0.0777553275877447,
-0.005886893719434738,0.011385495960712434,0.22234821319580078,-0.07576899975538254,-0.04689715430140495,-0.12204965949058533,0.001818482784728965,-0.053286391999272625,-0.08966710703366366,
0.004537583887577057,0.028222960233688355,0.2119161367416382,-0.05359818413853645,-0.03717661648988724,-0.13343468308448792,-0.0026884965056847955,-0.05622787365270054,-0.09564455721357254,
0.0017801998183131218,0.057562595605850225,0.19190912246704103,-0.02397051826119423,-0.018734224140644073,-0.14888101816177368,-0.007635184280354566,-0.06110705313083569,-0.10998512992759434,
-0.00858045443892479,0.06709275841712951,0.1896813988685608,0.006655835080891848,-0.015272114425897598,-0.16113156080245972,-0.00856402919232339,-0.06290165801467648,-0.11787906237435854,
-0.018772980570793154,0.06251817345619202,0.19751603603363038,0.04666983336210251,-0.023860808461904526,-0.1675897240638733,-0.00853039664039604,-0.06421876658212192,-0.12633590295465763,
-0.058400934934616094,0.03896569609642029,0.21823289394378664,0.08042539656162262,-0.014206849969923496,-0.15547233819961548,-0.0044564246836764345,-0.06632370214275787,-0.1444069584203584,
-0.07917085289955139,0.02735636830329895,0.18978906869888307,0.10632464289665222,-0.003753942670300603,-0.14741627871990204,0.00018758757975796716,-0.06753517777464974,-0.15317477659584616,
-0.08854510188102722,0.015621693432331087,0.1792502522468567,0.14580599963665009,0.015620553866028786,-0.14102469384670258,0.012098821454594514,-0.06865234730074934,-0.16936545981508905,
-0.10722352266311647,-0.0025265226140618324,0.15599874258041382,0.17749761044979095,0.01968187466263771,-0.11971940100193024,0.027642570820025174,-0.06743971631958133,-0.1844297985842777,
-0.12292313575744629,-0.014036870002746582,0.12137057781219483,0.19147920608520508,0.016219766810536385,-0.10134358704090118,0.03690872767565383,-0.06574889804925636,-0.19143769918257114,
-0.1284840941429138,-0.027423259615898133,0.08219399452209473,0.18601973354816437,0.024408986791968346,-0.08509829640388489,0.04698339199002479,-0.06384153687505875,-0.19772875357428493,
-0.13122903108596803,-0.05246551632881165,-0.014634762704372407,0.16231760382652283,0.014355553314089775,-0.040556930005550385,0.06569343016245345,-0.05327554110608818,-0.20766720714251885,
-0.150032114982605,-0.06488816738128662,-0.04790969789028168,0.14660494029521942,0.013490025885403156,-0.023645855486392975,0.07560208882300504,-0.05106201306215997,-0.21130409495478927,
-0.14352623224258423,-0.0848325252532959,-0.09456894397735596,0.11298254132270813,0.025807145982980728,0.014703663066029549,0.09286759926996098,-0.048369564719656775,-0.2144459618413254,
-0.15467435121536255,-0.09912261366844177,-0.1210067629814148,0.0857517197728157,0.028203990310430527,0.046994492411613464,0.10019288624640892,-0.047278462962375284,-0.2150699177281289,
-0.1644782066345215,-0.11619890928268434,-0.16422550678253175,0.022966871038079262,0.03632676601409912,0.09313221275806427,0.11123304925482325,-0.04533524785243488,-0.21252915666014538,
-0.15052341222763063,-0.11803612709045411,-0.18468880653381348,-0.001401053392328322,0.040987297892570496,0.1137717142701149,0.11472270424868046,-0.04492520325525376,-0.20937586317242926,
-0.12434974908828736,-0.10159051418304443,-0.16963002681732178,-0.03795294091105461,0.03193255141377449,0.14106911420822144,0.11615835886059117,-0.04481879785011172,-0.19938062067275963,
-0.11502742767333984,-0.08907210826873779,-0.1686952352523804,-0.06638218462467194,0.024808594956994057,0.15558335185050964,0.11494338537168068,-0.045110969588995235,-0.19292867604288896,
-0.08649303913116456,-0.0675153136253357,-0.1578959584236145,-0.11105671525001526,0.0337967649102211,0.16756758093833923,0.10882935831692446,-0.04701346781777545,-0.17807882979285872,
-0.05696908235549927,-0.05347437262535096,-0.14373375177383424,-0.12483857572078705,0.042185720056295395,0.15758071839809418,0.10390522761875023,-0.048609484153022464,-0.1698998665306236,
-0.017117318511009217,-0.034756436944007874,-0.09610019326210023,-0.14068438112735748,-0.0077485498040914536,0.16410546004772186,0.09020487005621566,-0.05058675089280516,-0.15255908855816896,
-0.013939143717288972,-0.03575407862663269,-0.07498075366020203,-0.16398704051971436,0.015154635533690453,0.15371914207935333,0.08257592943229845,-0.05101100582579298,-0.14428926714597168,
0.0512082576751709,-0.0007184755057096482,-0.029048389196395876,-0.1611907184123993,0.02873675711452961,0.12981726229190826,0.06545704863372441,-0.05491112657127132,-0.12805914782169622,
0.04963977038860321,0.004780002310872078,0.017784395813941957,-0.13708911836147308,-2.5382498279213905e-05,0.12049619108438492,0.055634882109057024,-0.0558769860296627,-0.12029609260865518,
0.06467161774635315,0.02139501124620438,0.10605010986328126,-0.11698224395513535,0.014222528785467148,0.10251985490322113,0.03719957809861979,-0.05562301238446742,-0.10673458906319845,
0.07124166488647461,0.03080679476261139,0.12184817790985109,-0.11099013686180115,0.02693912386894226,0.10192064195871353,0.029393895860988492,-0.056154401090475724,-0.10076604816984175,
0.08089802265167237,0.04467970430850983,0.1794007420539856,-0.05852586030960083,0.02494175359606743,0.07655403763055801,0.015415582852425214,-0.05539185508302266,-0.0898403901575884,
0.09956721663475038,0.05013209581375122,0.27647225856781005,0.01590949483215809,0.017351742833852768,0.060375332832336426,0.002146142168856644,-0.0517721540024964,-0.07657678022819181,
0.108364474773407,0.05482822060585022,0.269081449508667,0.043872687965631485,0.030334653332829475,0.04792505502700806,0.0018334700730332969,-0.051073656797300054,-0.07317314298765712,
0.10117887258529663,0.05976202487945557,0.28070826530456544,0.08601721376180649,0.03685940057039261,0.038404256105422974,0.0029554230172266975,-0.04977598038800695,-0.07045005102803772,
0.10758334398269653,0.048383840918540956,0.2853357553482056,0.1510649174451828,0.03632676601409912,0.01863028295338154,0.010179274823922462,-0.04617138165397891,-0.0662241340503507,
0.10346965789794922,0.03851690888404846,0.2532560110092163,0.18135838210582733,0.045381516218185425,0.009442375972867012,0.0169417271910969,-0.04428611668763136,-0.06496298897246726,
0.08647243380546571,0.023091670870780946,0.20328271389007568,0.2093881517648697,0.06056153401732445,-0.00014500413089990616,0.034620072596430546,-0.03996895593137329,-0.06349186150531207,
0.0833412528038025,0.0037002976983785633,0.1805064082145691,0.23755107820034027,0.0488436222076416,-0.01099738571792841,0.04502898225473496,-0.03701577574356337,-0.06307016016336146,
0.06624775528907777,-0.014353686571121217,0.16001859903335572,0.25972190499305725,0.03938940167427063,-0.012861598283052444,0.05650944915161596,-0.03415217240717239,-0.0630066371121808,
0.0663885772228241,-0.041103428602218633,0.06520423889160157,0.2624516487121582,0.04797809571027756,-0.024046875536441803,0.08252458020588849,-0.02977762012655824,-0.06335569605218352,
0.04557431340217591,-0.05788723230361939,0.037967273592948915,0.27170613408088684,0.04012177139520645,-0.022981610149145126,0.09576588273814662,-0.02727218998638606,-0.06379984253199275,
0.028040122985839844,-0.060604667663574224,-0.0006098636891692877,0.269642174243927,0.03246518224477768,-0.021183976903557777,0.10520779377300049,-0.026906025198649007,-0.06374459369484353,
0.028738197684288026,-0.07130504250526429,-0.0516563892364502,0.2637166380882263,0.017085427418351173,-0.022848453372716904,0.11900409407900728,-0.024798266598416475,-0.06413288983455519,
0.020680348575115207,-0.08238283395767212,-0.11458909511566162,0.2456071376800537,-0.002488806378096342,-0.03157030791044235,0.14608807798113507,-0.021994354012979726,-0.0653714444512931,
0.012214871495962143,-0.09050289988517762,-0.16674594879150392,0.20179814100265503,0.005567255895584822,-0.030571619048714638,0.15909653720342448,-0.021357700367539905,-0.06665721697848907,
-0.02698059678077698,-0.11053718328475953,-0.21099660396575928,0.15665756165981293,0.0035033058375120163,-0.008866856805980206,0.1808161384860415,-0.019505653847500724,-0.0691473265558215,
-0.020354296267032626,-0.11924136877059938,-0.21475114822387698,0.13162384927272797,-0.001090646954253316,-0.009000014513731003,0.18921304968824174,-0.018936112589880344,-0.0696074110141148,
-0.019412146508693696,-0.13373217582702637,-0.24456753730773928,0.10066460072994232,-0.012608819641172886,-0.013460809364914894,0.19665633968123553,-0.018617518734091665,-0.06986108534563625,
-0.042810195684432985,-0.14691461324691774,-0.28632469177246095,0.03934531286358833,-0.02565830945968628,0.006313161924481392,0.20770396822786208,-0.018732549915509135,-0.07144728102072415,
-0.04780104160308838,-0.14751224517822267,-0.3053389310836792,-0.02277292124927044,-0.0061506531201303005,0.028550555929541588,0.21080194552754603,-0.019655659537064808,-0.0723213065057527,
-0.03777343332767487,-0.13097702264785768,-0.313290286064148,-0.07497087866067886,0.020214641466736794,0.03700609505176544,0.21164413355565137,-0.02105936630875173,-0.0723561809414289,
