-0.03777343332767487,-0.13097702264785768,-0.313290286064148,-0.07497087866067886,0.020214641466736794,0.03700609505176544,0.21164413355565137,-0.02105936630875173,-0.0723561809414289,
-0.015537083148956299,-0.09071956276893617,-0.2609245300292969,-0.1233738362789154,0.004035938531160355,0.03547477722167969,0.20532100837075942,-0.02229276999163512,-0.06882568083272832,
0.0027483368292450907,-0.06830148696899414,-0.23478412628173828,-0.14148332178592682,-0.011876449920237064,0.02175949700176716,0.1994282760803222,-0.022984189883762874,-0.06674106639490016,
0.0143195778131485,-0.05781959891319275,-0.2262843132019043,-0.1920163333415985,-0.019399957731366158,0.0055816927924752235,0.18517118319845238,-0.02509247990985696,-0.06503807414600844,
-0.001425112970173359,-0.06259436011314393,-0.18507697582244875,-0.20306845009326935,-0.043767884373664856,0.007645643316209316,0.17603562253535876,-0.02598538336714095,-0.06510051780227002,
0.010052236169576645,-0.061319905519485476,-0.1176116943359375,-0.22490637004375458,-0.05595184490084648,0.016700390726327896,0.1556062288110409,-0.029784666440476906,-0.06626620588909779,
0.03086000978946686,-0.040520179271698,-0.11408346891403198,-0.26432114839553833,-0.012608897872269154,-0.008932534605264664,0.14461122187910339,-0.03292830412381925,-0.06692519430493771,
-0.012832587957382202,-0.041619655489921574,-0.00041278582066297533,-0.2546006143093109,-0.041171301156282425,0.0011874772608280182,0.1187918344953115,-0.0352122180062096,-0.06807457050377713,
0.018993559479713443,-0.043563452363014225,0.044345116615295416,-0.24627824127674103,-0.061877377331256866,-0.0024077901616692543,0.10541711837077915,-0.036408659805409645,-0.06871862174361401,
0.021376343071460725,-0.027227699756622314,0.0985286056995392,-0.24894140660762787,-0.052489735186100006,-0.011995170265436172,0.08031225589634289,-0.041908031432492936,-0.07056550101380152,
-0.008167137950658798,-0.031110075116157532,0.12927622795104982,-0.2388213872909546,-0.059347376227378845,0.012772227637469769,0.06788099890763834,-0.044257272511000575,-0.07186577847320245,
0.03688396215438843,-0.004353857040405274,0.22102651596069336,-0.17131026089191437,-0.05834868922829628,0.013637755997478962,0.04343112875680719,-0.05007514797889979,-0.07229367178275084,
0.03400446772575379,0.007264112681150437,0.24026045799255372,-0.1468091756105423,-0.07725714147090912,0.01410380844026804,0.03341662483641405,-0.052842747039527106,-0.07184159238671974,
0.050378382205963135,0.05294750332832337,0.2467866897583008,-0.13282757997512817,-0.03884103521704674,0.01623433828353882,0.017755903045899035,-0.060126610396814065,-0.0709863096592221,
0.07789413332939149,0.07861089110374452,0.2927757024765015,-0.09301330894231796,-0.009679419919848442,0.0015869513154029846,0.010342529259557875,-0.06288620564679963,-0.070167017512928,
0.11416908502578736,0.1312761902809143,0.33700232505798344,-0.023305071517825127,0.009695077314972878,-0.042887840420007706,-0.00017895939529350755,-0.06459905454540688,-0.07015506082999434,
0.09891173839569092,0.13921730518341066,0.3385426282882691,0.03401947021484375,0.013490081764757633,-0.06146338954567909,-0.0021927451124589127,-0.06426940141802544,-0.07226539150767677,
0.010478579998016359,0.09938575625419617,0.2395866394042969,0.12509958446025848,0.023343777284026146,-0.07364735007286072,0.005943215883314602,-0.06202752641138259,-0.08250274920617247,
-0.006849934160709382,0.07950908541679383,0.19377747774124146,0.15119855105876923,0.019415615126490593,-0.06971918791532516,0.012505452047899417,-0.060764260469674196,-0.08687909574226009,
-0.0217718243598938,0.05847012996673584,0.14904314279556274,0.1641818881034851,0.01761791482567787,-0.06279419362545013,0.020195365872626794,-0.05949137680997469,-0.09062204543094433,
-0.04631187915802002,0.033987322449684144,0.06226193904876709,0.1635160893201828,0.03199898451566696,-0.057467877864837646,0.03767308636819867,-0.05697980537627719,-0.09715903788383264,
-0.06645941734313965,0.023217064142227174,0.04580798149108887,0.17403557896614075,0.02574055641889572,-0.051209449768066406,0.04650636527929932,-0.055120467231971525,-0.09998341150142097,
-0.08876168131828309,0.0030637683346867563,0.018941287696361542,0.18062689900398254,0.00323684373870492,-0.03689495474100113,0.055588011891947786,-0.05147101458203196,-0.10251141178357036,
-0.08105053305625916,-0.03511661589145661,-0.0592898964881897,0.15739081799983978,0.01468843687325716,-0.02997073531150818,0.0739500837345794,-0.04127605536646429,-0.10632233899506187,
-0.0969348430633545,-0.05837855935096741,-0.0970451295375824,0.12416788935661316,0.030401088297367096,-0.006468338891863823,0.08264099472937941,-0.04038007773682871,-0.10781435192822397,
-0.12354894876480103,-0.07976779341697693,-0.12538141012191772,0.10053233057260513,0.03566082939505577,0.030483020469546318,0.09611063133889497,-0.0374421339809401,-0.10821468399401432,
-0.1258779287338257,-0.09537597298622132,-0.14040117263793947,0.08355468511581421,0.02627318724989891,0.06130911409854889,0.10134270380962036,-0.03605385479537765,-0.10664553074047818,
-0.12193167209625244,-0.10366047620773317,-0.1690745234489441,0.048001479357481,0.023543447256088257,0.07029728591442108,0.10582366735606383,-0.03523355736723794,-0.10397270805183736,
-0.08968552947044373,-0.1132928490638733,-0.20029802322387696,0.006123271770775318,0.00936211459338665,0.07935202866792679,0.11105085215028747,-0.03527721370207244,-0.09665831863342855,
-0.10046201944351196,-0.12772848606109619,-0.1879068970680237,-0.01717938855290413,0.003702897112816572,0.11124338209629059,0.11142485696387752,-0.03579501596534257,-0.09288470692217507,
-0.08341244459152222,-0.12802278995513916,-0.18078156709671023,-0.047539424151182175,0.02068055048584938,0.135344997048378,0.11068827226461825,-0.03727097576094144,-0.08839164982194743,
-0.024919725954532623,-0.10165529251098633,-0.17574671506881714,-0.09248027205467224,0.02194555103778839,0.13887368142604828,0.1051656971175593,-0.040180084238256794,-0.07557640814384704,
-0.018382771313190462,-0.08964140415191652,-0.1516218423843384,-0.10506370663642883,-0.011543700471520424,0.1480615884065628,0.10008829548884576,-0.04126904188679237,-0.06833312242547451,
-0.02984709441661835,-0.07826480865478516,-0.12830748558044433,-0.12610268592834473,-0.03131767362356186,0.1702324002981186,0.09423671352537363,-0.04274466115249195,-0.061325407992356896,
0.01039736345410347,-0.04289858937263489,-0.0999759078025818,-0.16218851506710052,0.014755016192793846,0.16017897427082062,0.07985011945295382,-0.049349031654199516,-0.045876740960896396,
0.012082538753747941,-0.04341733753681183,-0.06953598856925965,-0.16298745572566986,-0.01374080777168274,0.16350792348384857,0.07077992679654886,-0.051481974316164754,-0.037485337786051474,
-0.013910841941833497,-0.041187277436256414,0.03560656607151032,-0.12783373892307281,-0.06700403243303299,0.19233664870262146,0.05131443986213947,-0.055044820132082235,-0.021115726659746217,
0.025224104523658752,-0.020044030249118806,0.041855961084365845,-0.13835293054580688,-0.03324850648641586,0.1872105598449707,0.04273825536573896,-0.05940248440065858,-0.01203795870305271,
0.0637255072593689,-0.00030677777249366045,0.03975335061550141,-0.14294688403606415,-0.007216108497232199,0.17003317177295685,0.03428349214493271,-0.06346554534579384,-0.0024146950447571512,
0.07129757404327393,0.005309940502047539,0.14829058647155763,-0.08768630772829056,-0.04110483452677727,0.16297580301761627,0.01627946212179217,-0.06664981805126745,0.01561129932695151,
0.08412035703659058,0.013945849239826204,0.17499349117279053,-0.05326494574546814,-0.037842459976673126,0.1474628895521164,0.008842347191610084,-0.0685627992586028,0.024087086944764736,
0.12027533054351808,0.02982291579246521,0.17754404544830324,-0.03395702689886093,-0.007216108497232199,0.13035207986831665,-0.0010637489845120155,-0.07269480383308037,0.03983354460588918,
0.12993531227111818,0.03206974267959595,0.20746021270751955,0.007122233044356108,-2.557341940701008e-05,0.11537180095911026,-0.004733203995744851,-0.07331469174154545,0.046848031603929585,
0.1385343074798584,0.03424906432628632,0.21225407123565676,0.029492786154150963,0.016486026346683502,0.09639677405357361,-0.006904403332464553,-0.07333342362906646,0.053231709202630546,
0.16080210208892823,0.04029589295387268,0.20879521369934084,0.07503284513950348,0.03559420630335808,0.06064383685588837,-0.0070367783531242,-0.07196768029984942,0.06317267835634574,
0.1581575870513916,0.033680620789527896,0.21246943473815919,0.10792288184165955,0.04451579600572586,0.04073670879006386,-0.004870975848764277,-0.07031199666271144,0.06613889825740703,
0.14260058403015138,0.02005811780691147,0.14947991371154787,0.12483395636081696,0.06369055062532425,0.02382563427090645,0.004476047005272955,-0.06586929981829798,0.0695841213795611,
0.14024701118469238,0.016869810223579407,0.12690941095352173,0.1462058275938034,0.06708608567714691,0.008445878513157368,0.01035448060192674,-0.06288287507285445,0.07078877919261875,
0.1394374966621399,0.012205322831869127,0.10619795322418213,0.16518084704875946,0.05689949542284012,-0.009330722503364086,0.017033870210839578,-0.059532014951067566,0.071773683278957,
0.1524485230445862,0.006250209361314774,0.04884919822216034,0.17283743619918823,0.043517112731933594,-0.028838377445936203,0.033292406766132314,-0.053390121703382414,0.07184908522324934,
0.1764465570449829,0.015684789419174196,0.014365854859352113,0.16018742322921753,0.06515529006719589,-0.053272880613803864,0.04225444700875485,-0.051016052257558384,0.0709393885917867,
0.18427807092666626,0.0239774763584137,-0.006945657730102539,0.15659216046333313,0.07527530193328857,-0.08696186542510986,0.050966203264937726,-0.04794980619414876,0.06925411223335792,
0.15921131372451783,-0.011519186198711395,-0.027329167723655703,0.17190533876419067,0.046047113835811615,-0.11978533118963242,0.06781741400751021,-0.04085357309713834,0.0628521434224194,
0.12386604547500611,-0.03502846956253052,-0.06075682640075684,0.157590851187706,0.034795258194208145,-0.13030481338500977,0.07616258317337694,-0.046902751302974756,0.05822535552666016,
0.103688645362854,-0.059338909387588505,-0.11575971841812134,0.12057289481163025,0.04092052951455116,-0.13023823499679565,0.08564722446842075,-0.043351034736197495,0.0525007574875586,
0.0683951199054718,-0.09214616417884827,-0.1714844822883606,0.0805579423904419,0.04724569246172905,-0.1301068812608719,0.10073282723414508,-0.03570579821784822,0.04083874308896264,
0.04187961220741272,-0.10783804655075074,-0.17530514001846315,0.053460270166397095,0.00743143493309617,-0.11905476450920105,0.10578570987541984,-0.031237906060008775,0.03526184873724887,
0.027457207441329956,-0.11234595775604249,-0.18476855754852295,0.024831291288137436,-0.014473065733909607,-0.11499344557523727,0.10969352656966043,-0.02760787102530628,0.029758601904275553,
0.0367941290140152,-0.10156354904174805,-0.2009911298751831,-0.010122699663043022,-0.021130967885255814,-0.11133159697055817,0.11434399578713078,-0.02408864610372195,0.018351214454898943,
0.03747462630271912,-0.09381533265113831,-0.19555385112762452,-0.042280372232198715,-0.03085150569677353,-0.11539291590452194,0.11470268043835549,-0.022937143216805688,0.01262765887623366,
0.053032153844833375,-0.09190804958343507,-0.1855810284614563,-0.06331934034824371,-0.042635995894670486,-0.12191766500473022,0.11382670588993916,-0.022114555372572734,0.0069016450591463125,
0.024533936381340028,-0.08490490317344666,-0.1621583938598633,-0.10499781370162964,-0.06214364990592003,-0.10833553969860077,0.10897449013957676,-0.021652563614819844,-0.005883617388709203,
0.03964582085609436,-0.08031198382377625,-0.14607162475585939,-0.1312965303659439,-0.05601837858557701,-0.11372844129800797,0.10502216695303224,-0.022627633211857446,-0.012341236030341603,
0.04967005848884583,-0.08029750585556031,-0.10696495771408082,-0.15866051614284515,-0.06214364990592003,-0.12331581860780716,0.09355922215452404,-0.024827135286892614,-0.025059404678432252,
0.028664252161979677,-0.07230931520462036,-0.05320488214492798,-0.17783527076244354,-0.08358209580183029,-0.1169242337346077,0.0788083703323608,-0.027474878760942602,-0.03875950576803544,
0.045327854156494145,-0.05688716769218445,-0.0059004325419664385,-0.18948659300804138,-0.06207707151770592,-0.13396845757961273,0.06009317683112844,-0.034591009843417994,-0.05202641387655799,
0.03785979449748993,-0.052090346813201904,0.022562403976917268,-0.1950792372226715,-0.05395442992448807,-0.14788347482681274,0.04788799653082649,-0.03992630574794635,-0.05839928198891763,
0.011153350025415421,-0.03350912034511566,0.05147885084152222,-0.18202975392341614,-0.06300917267799377,-0.15933506190776825,0.03906140218791783,-0.04171336275801394,-0.0658787045023909,
-0.01814723014831543,-0.03703379333019257,0.1106619119644165,-0.16538499295711517,-0.048761263489723206,-0.1464187353849411,0.022276204147177125,-0.04621211937915448,-0.08221362797491688,
-0.027097240090370178,-0.016777789592742922,0.1477985143661499,-0.1481410264968872,-0.027655713260173798,-0.14302320778369904,0.0076410355401949825,-0.05090269878593696,-0.09784277056212393,
-0.035774603486061096,-0.0009868062101304532,0.1915041208267212,-0.08888568729162216,-0.044367048889398575,-0.14195793867111206,0.0008076698481183182,-0.05235013111322393,-0.10524932164210207,
-0.042989620566368104,0.0228442057967186,0.20272562503814698,-0.06578276306390762,-0.038707833737134933,-0.1451537311077118,-0.004338282475495159,-0.05417622156530138,-0.11274422278639007,
-0.04755717217922211,0.06452399492263794,0.13414112329483033,-0.07476990669965744,-0.016736920922994614,-0.15280839800834656,-0.009325111907835594,-0.05871384376483127,-0.12892772699715532,
-0.06172822713851929,0.0666468620300293,0.17208685874938967,-0.0360209085047245,-0.026324300095438957,-0.1578018218278885,-0.011684508149056012,-0.060069835750613275,-0.13754197059131718,
-0.11634509563446045,0.07378674745559692,0.22355892658233645,0.0241665318608284,-0.045033007860183716,-0.14175628125667572,-0.013044911186951997,-0.06304574698585973,-0.15529702819997893,
-0.13845396041870117,0.08284323811531068,0.20709776878356934,0.04414024204015732,-0.022928770631551743,-0.131369948387146,-0.011016707922069859,-0.06563308968443848,-0.1636267663584047,
-0.1368966817855835,0.07495327591896057,0.2021171808242798,0.06864131987094879,-0.008081647567451,-0.12231520563364029,-0.007919888413878003,-0.06781555838434113,-0.17087471365936627,
-0.13300446271896363,0.03217068016529084,0.20753579139709474,0.12356901913881302,-0.013807443901896477,-0.10573703050613403,0.0009210939334497421,-0.06939533286194978,-0.18394653513779058,
-0.12915068864822388,0.015316191315650941,0.1854767680168152,0.1486693173646927,-0.010145597159862518,-0.08969148248434067,0.0074889574742852925,-0.06975420187970321,-0.18984271375015868,
-0.10759142637252808,0.01854071468114853,0.14282166957855225,0.17130617797374725,0.013290220871567726,-0.0736459344625473,0.023928123250708064,-0.07052352482969579,-0.19990140480718424,
-0.11184818744659425,0.013460090756416321,0.11478958129882813,0.18741831183433533,0.022145232185721397,-0.05993065610527992,0.03326701606270792,-0.06980479490178434,-0.2040943145167491,
-0.10180233716964722,0.0076629422605037694,0.08991692066192628,0.1986035853624344,0.018283648416399956,-0.05580275505781174,0.042956497612870626,-0.06862455759508247,-0.20754219966280485,
-0.10340423583984376,-0.018575288355350494,0.014178647100925446,0.20626017451286316,-0.018534554168581963,-0.03795957565307617,0.06270204697597094,-0.060098195175485085,-0.2128020359362111,
-0.10746328830718994,-0.028468748927116396,-0.022088514268398286,0.1903477907180786,-0.010212176479399204,-0.022579818964004517,0.07304721635909203,-0.05723102292332938,-0.21504539881740925,
-0.13159720897674562,-0.058629471063613894,-0.12913942337036133,0.1223040223121643,0.03685919940471649,0.02282707765698433,0.09361572200049784,-0.05783876569398255,-0.21810655491821224,
-0.15076600313186647,-0.07627189755439759,-0.15755308866500856,0.08115817606449127,0.042584992945194244,0.0605773851275444,0.10125479974537166,-0.05691933662499358,-0.21771641068742267,
-0.13424150943756105,-0.09657086730003357,-0.15142517089843752,0.0626492127776146,0.0031036296859383583,0.07209555804729462,0.1099831514434207,-0.05460368147102582,-0.21178236744869755,
-0.11150530576705933,-0.11243642568588258,-0.16677753925323488,0.031357068568468094,-0.0060176970437169075,0.0677679181098938,0.11297010756786532,-0.054748754966614355,-0.2078560612245694,
-0.11495198011398317,-0.1257900595664978,-0.18975186347961426,-0.029962217435240746,0.02600681595504284,0.1141069233417511,0.11626975316837583,-0.05745003779477773,-0.20118374465496866,
-0.12808068990707397,-0.12000389099121095,-0.1796973705291748,-0.06837832182645798,0.04717894643545151,0.15099170804023743,0.11519266940520662,-0.05863421015504073,-0.1966084662337077,
-0.07129453420639038,-0.10757743120193482,-0.13112343549728395,-0.09767487645149231,0.0412537045776844,0.1599765419960022,0.10689383385517542,-0.05961033498673571,-0.18176347964893344,
-0.04540393054485321,-0.09287177324295044,-0.11581400632858277,-0.1042662039399147,0.01602025330066681,0.1605757474899292,0.10074851311711386,-0.05992916469370842,-0.17299398659768916,
-0.057480609416961675,-0.0755385994911194,-0.07909851670265199,-0.11964596062898636,-0.0005579248536378145,0.1961289495229721,0.08723681123664513,-0.06219228953424357,-0.15623750701843087,
-0.04272047281265259,-0.05931535959243775,-0.08739345073699951,-0.16452021896839142,0.0304013229906559,0.2057829052209854,0.0799074311070996,-0.0646806964956851,-0.14716856663755548,
0.0017516449093818666,-0.035562312602996825,-0.07690286636352539,-0.18509314954280853,0.06069478020071983,0.1870076209306717,0.0712306033251587,-0.06689755811049981,-0.13693026759626317,
0.05031830072402954,-0.0025254199281334877,0.04187078177928925,-0.14421361684799194,0.01741841249167919,0.16090863943099976,0.04908274251330313,-0.06631279267943098,-0.1160435379875458,
0.04187102019786835,0.01068664938211441,0.08782007694244386,-0.12690307199954987,0.00450208131223917,0.15285257995128632,0.038632647317398926,-0.06500689934580982,-0.10705348401655412,
0.08659545779228212,0.054638522863388064,0.10889767408370972,-0.13089781999588013,0.06122741103172302,0.12102780491113663,0.021597911290324415,-0.06529014411102739,-0.09079317022335079,
0.09617390632629395,0.06586366891860962,0.14795008897781373,-0.1012035682797432,0.06342452019453049,0.10185303539037704,0.013535052429860165,-0.06371828000963407,-0.08365598764363257,
0.09885455369949342,0.07190985679626465,0.26702342033386234,-0.019311362877488136,0.03153316676616669,0.0811469629406929,-0.00017166957631146461,-0.05748353376314397,-0.07225796225325536,
0.11494182348251343,0.07200088500976563,0.2948344707489014,0.024630796164274216,0.021213416010141373,0.058776408433914185,-0.0037214030688829647,-0.05513050592982542,-0.06765283813606686,
0.16844109296798707,0.06823419332504273,0.34288954734802246,0.10625668615102768,0.028803426772356033,0.014701089821755886,-0.0039863744502069585,-0.052588299633371305,-0.060778699879406636,
0.1529884457588196,0.06489363908767701,0.3775371313095093,0.1785615086555481,0.025208158418536186,0.009507925249636173,-0.0008305479491226896,-0.05120746333180474,-0.05922665561695734,
0.11916846036911011,0.04826774001121521,0.3331680536270142,0.2424107939004898,0.04504870995879173,0.00304976012557745,0.014288302390693923,-0.048528493812865045,-0.05803308760687003,
0.1248249888420105,0.04165609776973725,0.2682240962982178,0.2671116292476654,0.08253270387649536,-0.01412762887775898,0.025642357316055107,-0.04691611861208179,-0.057525820782456806,
0.09971204400062561,2.222869807155803e-05,0.1669233798980713,0.299602210521698,0.06635399907827377,-0.028974752873182297,0.0519715899599441,-0.03975090529591992,-0.0574435872374752,
0.07050266861915588,-0.024223129451274875,0.11803239583969116,0.31018826365470886,0.0490434505045414,-0.03230370208621025,0.06673363071065011,-0.03563957143245778,-0.05805792881006534,
0.051814562082290655,-0.03566035032272339,0.04653403162956238,0.2921457290649414,0.052705228328704834,-0.033834248781204224,0.08244979793804053,-0.03245880509156257,-0.05884201946400643,
0.018531396985054016,-0.06822134256362915,-0.05647526383399964,0.2615193724632263,0.03799126297235489,-0.027775557711720467,0.1122500398015294,-0.027388964150208833,-0.06047871465891264,
0.02404628247022629,-0.07635843753814697,-0.06908027529716491,0.2567256987094879,0.03572757914662361,-0.029107138514518738,0.12605087580288676,-0.02483173827317068,-0.061029602075983846,
0.01867591291666031,-0.08323646187782288,-0.08525615334510804,0.2470051646232605,0.03066757135093212,-0.03163713961839676,0.13926983112211722,-0.02254624307782706,-0.06151335968282194,
-0.001390758715569973,-0.10100395679473878,-0.17205469608306886,0.191078782081604,0.03306441754102707,-0.0261776614934206,0.16493198510698204,-0.018164672064811583,-0.06275641997073333,
-0.0019839199259877207,-0.10809867382049561,-0.2012040615081787,0.15812216699123383,0.036593105643987656,-0.02244923636317253,0.17599079054336797,-0.016060261080667316,-0.06321670775715676,
-0.012708473205566407,-0.11479616165161133,-0.2028672695159912,0.13961319625377655,0.022078877314925194,-0.01332790870219469,0.18513623252428388,-0.013859762740675532,-0.06330760874847764,
-0.04073059558868408,-0.13157782554626465,-0.2419890880584717,0.09267497062683105,-0.00821457989513874,0.008709749206900597,0.20017934554109526,-0.01045381718196664,-0.06314889352417308,
-0.03396327793598175,-0.12704281806945802,-0.24700005054473878,0.05638940632343292,-0.020265385508537292,0.021692659705877304,0.20577392303607328,-0.01036968191306457,-0.06304853528525141,
-0.01145414561033249,-0.1148108720779419,-0.2703027486801148,-0.010855413042008877,0.0025712221395224333,0.024355823174118996,0.21289779712866566,-0.012630913354328754,-0.06261149390631818,
0.0007205315399914981,-0.10781148672103882,-0.2792834281921387,-0.04813966900110245,0.002837538253515959,0.030148198828101158,0.2137744757026438,-0.013808065881573179,-0.06195321125529082,
