-0.04449715316295624,0.041591411828994757,-0.018858113884925844,-0.1311125010251999,0.044984567910432816,-0.010693438351154327,0.16241536880417412,-0.02258059993022547,-0.11004145215590495,
-0.040884685516357426,0.03829436004161835,0.028147229552268983,-0.12012694776058197,0.07368012517690659,-0.004834483377635479,0.15694174043546538,-0.02208994636769156,-0.11040060614884348,
-0.05205241441726685,0.013918641209602357,0.07677531242370605,-0.08490664511919022,0.06562406569719315,0.0052855294197797775,0.15026796518770624,-0.019804251272925004,-0.10961020948449555,
-0.11354786157608032,-0.03270521461963654,0.08162777423858643,-0.055478714406490326,0.07607696950435638,0.05109190195798874,0.1389597839669035,-0.013312135798392645,-0.10647116080813067,
-0.15493403673172,-0.04541216790676117,-0.010004042834043504,-0.11453431099653244,0.11296175420284271,0.09157194942235947,0.1344786420924139,-0.0058396149524160045,-0.10437175822018274,
-0.1929066300392151,-0.05113436579704285,-0.106312894821167,-0.12831617891788483,0.06369327008724213,0.11021407693624496,0.1312573705324439,-0.0027692804629757643,-0.09971353508703414,
-0.2458376169204712,-0.05902630090713501,0.028879383206367494,-0.06260266900062561,-0.05541661009192467,0.14370332658290863,0.1189519292836506,0.009786384088356062,-0.08677626955037805,
-0.24356014728546144,-0.07777278423309326,-0.008235622197389603,-0.1058790385723114,-0.02479025349020958,0.1904418021440506,0.11434052946702461,0.007591946253974663,-0.08087289946601525,
-0.15233159065246582,-0.04946500360965729,-0.2032881498336792,-0.337041437625885,0.16356182098388672,0.2801903486251831,0.10559242949884426,0.002195861720112929,-0.06718131797586548,
-0.0732046365737915,-0.025947245955467227,-0.2520519256591797,-0.4056178331375122,0.19205763936042786,0.24856530129909515,0.09616911122788464,0.0003647139835556188,-0.05534200100737579,
0.12932146787643434,-0.04786359369754792,0.06617496013641358,-0.25787895917892456,-0.04243369773030281,0.13111989200115204,0.05988435136429033,0.01019866730517111,-0.024671508925615863,
0.12971721887588503,-0.0651516079902649,0.21106927394866945,-0.14056672155857086,-0.10348666459321976,0.13797752559185028,0.04136544709719749,0.014239597525403975,-0.013816685400903831,
0.05014977455139161,-0.05689680576324463,0.2556987762451172,-0.11400167644023895,0.023080067709088326,0.20176024734973907,0.01965958925768224,0.006724741019258103,-3.66589790259929e-05,
0.09559933543205262,-0.049662426114082336,0.3073436260223389,-0.030445000156760216,0.03652903065085411,0.19004233181476593,0.013342760303798338,0.003749563209517957,0.00886867965369815,
0.27722902297973634,-0.03134188652038574,0.44224119186401367,0.10730700939893723,0.04565035551786423,0.08970773965120316,0.005450870318238544,0.006079331282778215,0.030198973618551388,
0.31421449184417727,-0.013703596591949464,0.4122309684753418,0.17408576607704163,0.0695522278547287,0.04629820957779884,0.00732355460463595,0.007565428015048266,0.03851935962819842,
0.2667403697967529,-0.00391780436038971,0.32233862876892094,0.19432668387889862,0.08093710243701935,0.02359643578529358,0.013337445980675888,0.009841832792657589,0.043559460469199174,
0.25200719833374025,-0.008020497113466264,0.13219467401504517,0.22415409982204437,0.059898123145103455,-0.024340465664863586,0.032114171646332894,0.017051210419122973,0.04958853923578117,
0.24779603481292725,-0.01808815747499466,0.07290606498718262,0.23101173341274261,0.03766072914004326,-0.05536629259586334,0.042560892173426845,0.02099509234074437,0.05114330772895536,
0.20169589519500733,-0.003584180772304535,-0.08626268506050111,0.18480588495731354,0.027873611077666283,-0.11322346329689026,0.06528962679352941,0.021557021698567203,0.050654118268702954,
0.17004600763320923,-0.012187664210796357,-0.14522544145584107,0.15251505374908447,0.02960466593503952,-0.12101320922374725,0.07610034309042255,0.024005826365350764,0.04771412902954479,
0.09396280646324158,-0.062192207574844366,-0.2043095350265503,0.10298027098178864,-0.010941961780190468,-0.1062326729297638,0.09307731045547603,0.02995482210279661,0.03844476329251497,
0.07886317372322083,-0.0813894808292389,-0.22085609436035158,0.057173896580934525,-0.01873170956969261,-0.09691160917282104,0.09938175240571881,0.032556348899425755,0.03365218043870944,
0.12893444299697876,-0.08579022884368898,-0.2481027603149414,0.0062409392558038235,-0.001887214370071888,-0.12307716906070709,0.10730965314282881,0.03463751174891219,0.024371108975754573,
0.14339675903320312,-0.08462262153625488,-0.2357640266418457,-0.024252254515886307,-0.035110149532556534,-0.13419586420059204,0.1083764559040791,0.036064186685789056,0.019686929221590946,
0.09016367197036744,-0.10728909969329835,-0.25647542476654056,-0.06686283648014069,-0.06713465601205826,-0.13612665235996246,0.10631449221573287,0.038896900772917214,0.007693489554566924,
0.05658699274063111,-0.11693295240402223,-0.274556040763855,-0.12059210985898972,-0.11467208713293076,-0.10396897792816162,0.10321248151564125,0.03886145817714239,0.00020367986136472874,
0.04705113172531128,-0.09927948713302613,-0.31459729671478276,-0.22598671913146973,-0.12532474100589752,-0.08838948607444763,0.09257515393060343,0.03408250683212486,-0.014315430873533725,
0.07412307858467103,-0.09588515162467957,-0.26600787639617923,-0.2680646777153015,-0.14043818414211273,-0.09711134433746338,0.0832602741481201,0.0296048774492493,-0.020691834184179924,
0.1539544701576233,-0.06768757700920106,-0.13195592164993286,-0.2882381081581116,-0.15741582214832306,-0.12407584488391876,0.05739776568973113,0.018476977897436825,-0.03275852682065145,
0.15340722799301149,-0.02982097566127777,-0.02171604633331299,-0.2709941565990448,-0.16354109346866608,-0.16622038185596466,0.041703681045115355,0.00803778921184761,-0.039490229955238,
0.186852765083313,0.004305962473154068,0.07821353673934937,-0.26999545097351074,-0.13451264798641205,-0.21768596768379211,0.02692618921827519,0.0003279755228538698,-0.04675139548678418,
0.19021674394607546,0.028874611854553225,0.2857749223709107,-0.22245803475379944,-0.1010899618268013,-0.2735457718372345,-0.00033204004521299846,-0.014656581084865191,-0.06546732199409012,
0.14072418212890625,0.030420476198196413,0.48968353271484377,-0.0779801532626152,-0.11214231699705124,-0.3272724747657776,-0.013009507759502105,-0.020403113756319386,-0.07794403495129577,
0.09584950208663941,0.019266855716705323,0.6361661434173584,0.029611555859446526,-0.0890393927693367,-0.3338637948036194,-0.02222330267648748,-0.026475899589545573,-0.09196176971012031,
-0.1202786684036255,-0.05462011694908142,0.6413994312286377,0.12888088822364807,-0.003085861448198557,-0.2634897530078888,-0.023791027252748093,-0.03970060192463926,-0.1257868149500383,
-0.1551830768585205,-0.11440221071243287,0.49981298446655276,0.15517960488796234,0.06056369096040726,-0.182329922914505,-0.01736330498817179,-0.043651828097631594,-0.1412969793103616,
-0.2136326551437378,-0.17988932132720947,0.3224668979644776,0.23820365965366364,0.03439813107252121,-0.08645612746477127,-8.988251560781528e-05,-0.04175236129321786,-0.16504282237588822,
-0.21040196418762208,-0.1765262484550476,0.2707751750946045,0.27855053544044495,0.03260049968957901,-0.04464449733495712,0.010136677034929814,-0.038629646663195405,-0.17208080051483587,
-0.1801241636276245,-0.1110771417617798,0.013116322457790375,0.23414233326911926,0.062228165566921234,0.013012942858040333,0.03710533048219335,-0.03477872390744379,-0.17876621315376165,
-0.1589070796966553,-0.082503741979599,-0.04935896694660187,0.2284165322780609,0.05264078453183174,0.018006369471549988,0.046564212026820935,-0.02504735480682491,-0.1792821319643962,
-0.07692445516586305,-0.07878214716911316,-0.09414461255073547,0.20145203173160553,0.0268081221729517,-0.00562918558716774,0.07001925109404322,-0.019423891628594717,-0.1758206034008837,
-0.05935555696487427,-0.0698013186454773,-0.14444348812103272,0.17521989345550537,0.030936023220419884,0.0030260877683758736,0.08141107118803799,-0.017625137330984326,-0.1744143383495047,
-0.0890295684337616,-0.0706154465675354,-0.20448062419891358,0.09805479645729065,0.05257420614361763,0.04557008668780327,0.10128227592989231,-0.014825818309784255,-0.1730019596819044,
-0.0840547263622284,-0.06769060492515565,-0.235642409324646,0.06902634352445602,0.045450251549482346,0.06461168825626373,0.10893146960297255,-0.013236954483862043,-0.17109180534018448,
-0.0656102180480957,-0.07844505310058594,-0.24791419506072998,0.01136890146881342,0.0244112778455019,0.07739486545324326,0.11810156624409951,-0.010265320709622716,-0.16413436674883675,
-0.06805351972579957,-0.08978695273399354,-0.26923880577087406,-0.03809931501746178,0.006900992710143328,0.10342726111412048,0.12039570369639109,-0.009768543160983122,-0.16012985832173215,
-0.07888709306716919,-0.08775132298469544,-0.2714345693588257,-0.07039014250040054,-0.0058821807615458965,0.12786176800727844,0.12074526513147074,-0.010133603697478547,-0.1559019641026733,
-0.03990018665790558,-0.06801912784576417,-0.22818458080291748,-0.10487808287143707,-0.002952703507617116,0.12213596701622009,0.11572958801965857,-0.01390785719691113,-0.14528909085947003,
-0.023812979459762573,-0.06982372999191284,-0.20111472606658937,-0.14202918112277985,-0.01280639972537756,0.13631729781627655,0.11103560347112384,-0.0164022631048823,-0.13921490634190808,
-0.03967293500900269,-0.06702087521553039,-0.19728894233703614,-0.18104545772075653,0.004903778899461031,0.1532265692949295,0.10542221295594494,-0.01863297770850967,-0.1333439032391192,
0.014722025394439698,-0.055326932668685914,-0.15227985382080078,-0.24376289546489716,0.07654281705617905,0.1399773508310318,0.08933300907701587,-0.023573552467275848,-0.11989896419906604,
0.030521586537361145,-0.05768747925758362,-0.11842067241668702,-0.24176552891731262,0.033732496201992035,0.12532995641231537,0.07812389627837896,-0.02388676773854647,-0.11183313077327589,
-0.0051108326762914665,-0.07825310230255128,-0.039210304617881775,-0.22585314512252808,-0.01713388040661812,0.14503735303878784,0.06518794657799915,-0.02178763123196417,-0.10403776502296952,
0.013981735706329346,-0.047575566172599795,0.06493726372718811,-0.24269764125347137,0.05969832092523575,0.15056341886520386,0.03725152269673981,-0.02103884872106365,-0.09054102511203171,
0.05135111808776856,-0.0366924524307251,0.11251952648162843,-0.19569283723831177,0.03479776158928871,0.1435060352087021,0.024974477602356177,-0.021439535765056222,-0.08282595141499817,
0.1234032154083252,0.010355351120233537,0.40368218421936036,-0.07751506567001343,0.003572198562324047,0.1213352233171463,0.0007023848990224732,-0.016995418590182464,-0.06740845739233765,
0.18534051179885866,0.03641766607761383,0.477251148223877,-0.009537877514958382,0.03153539076447487,0.09936413913965225,-0.007082927289826986,-0.01642182270147484,-0.0604206915818166,
0.2194213628768921,0.0562353253364563,0.5264544486999512,0.06742747873067856,0.0618288479745388,0.07193358242511749,-0.011309140478889264,-0.015962008555168442,-0.054269493105587846,
0.2319391965866089,0.07801595330238342,0.6116767406463623,0.21470028162002563,0.05550384148955345,0.03298484906554222,-0.010778714754107752,-0.011562225210924601,-0.044988152058876886,
0.2242525339126587,0.051133930683135986,0.5999329090118408,0.3047817051410675,0.05410568043589592,-0.0016362452879548073,-0.004714147087032595,-0.008247798246599667,-0.042215980425648544,
0.21657626628875734,0.02340548634529114,0.4976192951202393,0.3360738456249237,0.06615649163722992,-0.01714915782213211,0.006182473167310031,-0.00543328809886235,-0.04058036389470424,
0.1471216320991516,-0.030743107199668884,0.2309321165084839,0.34353071451187134,0.0949186310172081,-0.00023808516561985016,0.037800187770723886,0.0004438324556703774,-0.04017030069801398,
0.11921093463897706,-0.059446150064468385,0.15997365713119507,0.35198625922203064,0.09125678241252899,0.00542113184928894,0.054992447183669906,0.00454001458832177,-0.03987402787575536,
0.12488224506378175,-0.0870129406452179,0.01958042681217194,0.3671662509441376,0.03419855237007141,-0.03798839449882507,0.08948003371681786,0.012596702610317497,-0.03676398071709552,
0.12004433870315552,-0.10492570400238038,-0.04051097929477692,0.3487904369831085,0.017354056239128113,-0.07054553925991058,0.10441242186305334,0.012338710695007717,-0.03591686539280896,
0.06502160429954529,-0.12745753526687623,-0.2007162094116211,0.28221142292022705,0.03586302697658539,-0.06368789821863174,0.14116708243789464,0.016991590424532445,-0.03887014790569812,
0.030123484134674073,-0.12684032917022706,-0.2466447353363037,0.23420794308185577,0.027673806995153427,-0.05143735930323601,0.15756568606842827,0.01971624062696454,-0.041236170662892924,
0.01758236140012741,-0.13425037860870362,-0.27298717498779296,0.2030489593744278,-0.0014212285168468952,-0.04910709336400032,0.17183192383339602,0.022886865370062667,-0.04283792159233357,
0.005204581841826439,-0.1400504469871521,-0.3295059680938721,0.12808096408843994,-0.01127492543309927,-0.034259967505931854,0.195064879107957,0.02766427635517205,-0.04563298491527409,
-0.00480724759399891,-0.12746547460556032,-0.36080422401428225,0.03946428745985031,0.019418006762862206,-0.010957309044897556,0.20395790432735514,0.028483360912045817,-0.04788934443276808,
-0.029698050022125246,-0.13042763471603394,-0.3656331062316895,-0.02198815532028675,0.0001100890658563003,0.008284029550850391,0.21356698118482617,0.030218630742658726,-0.050072560637565766,
-0.02026784718036652,-0.13511507511138918,-0.330926251411438,-0.054811615496873856,-0.024857047945261,0.020201675593852997,0.21415538608257495,0.030988199227951797,-0.049534989473673526,
