-0.006797269731760026,-0.16688641309738161,-0.32793092727661133,-0.028357574716210365,-0.023861976340413094,0.005928613245487213,0.233236204325256,0.008879442014044848,-0.06738445635079503,
-0.006527304649353027,-0.15575308799743653,-0.331934666633606,-0.1004626601934433,-0.009414328262209892,0.028765220195055008,0.23272625232522418,0.008404703464828711,-0.06823515342536521,
0.05574719309806824,-0.1284346580505371,-0.3102910995483399,-0.16804037988185883,-0.0002930013579316437,0.02516995370388031,0.22416164313012255,0.005745969716648008,-0.0673204598937264,
0.06196048855781555,-0.10885305404663087,-0.2688436508178711,-0.1884135603904724,-0.02805645577609539,0.00666098203510046,0.21620848492237932,0.004912592157248231,-0.0662154852855257,
0.04939902126789093,-0.09173606038093568,-0.2232979774475098,-0.19646961987018585,-0.075327567756176,0.01325230672955513,0.20691876165778525,0.003940891889373797,-0.06601231013708128,
0.07245560884475709,-0.05675251483917237,-0.18807388544082643,-0.25612443685531616,-0.03258383274078369,0.010855460539460182,0.18696433242440227,-0.0017413787898559645,-0.06867345174094229,
0.10474644899368286,-0.056576776504516604,-0.16992822885513306,-0.29081210494041443,-0.013076174072921276,-0.02376563474535942,0.17494963113235212,-0.0044567570792763194,-0.06938113227571856,
0.047276833653450014,-0.04453867077827454,0.010341459512710573,-0.25858786702156067,-0.08265125751495361,-0.017906678840517998,0.14546435458841026,-0.006079829301184397,-0.07151408055341367,
0.06216611862182617,-0.03807188272476197,0.04035565853118897,-0.23914678394794464,-0.09423600882291794,-0.037081439048051834,0.1312101273989511,-0.009264884479473169,-0.07385958597687545,
0.08348016738891602,-0.05939633250236512,0.04247564971446991,-0.24540521204471588,-0.06840334832668304,-0.039078809320926666,0.11850817734679715,-0.013368174616427081,-0.07680290679635131,
0.01996978670358658,-0.060436129570007324,0.015289571881294251,-0.2835550010204315,-0.047231219708919525,-0.009717458859086037,0.08706770870983661,-0.022894410261734444,-0.0823098512404879,
0.012121449410915376,-0.04519854784011841,0.12054219245910645,-0.22429965436458588,-0.07972178608179092,-0.014644306153059006,0.07234573009255575,-0.02506950614192292,-0.08358614997378011,
0.005617211759090424,-0.030120509862899783,0.13272032737731934,-0.2258983850479126,-0.10042772442102432,0.019442612305283546,0.04765992796776863,-0.03178767106259823,-0.08607017347834432,
0.014132930338382721,0.013695794343948365,0.16253294944763186,-0.2097196877002716,-0.05948162078857422,0.03195946663618088,0.0364161364989736,-0.036955368281492894,-0.08645954253846908,
0.06616252064704896,0.07598791718482972,0.23436317443847657,-0.16684278845787048,-0.0767921730875969,0.015381291508674622,0.014255419615418907,-0.04441836253423341,-0.08413284474046208,
0.0804549515247345,0.10116345882415773,0.2724564552307129,-0.12150245904922485,-0.07173216342926025,0.001000220887362957,0.00477784980491486,-0.047823201981168746,-0.08324930118791246,
0.09342378377914429,0.10781512260437012,0.2627716064453125,-0.10752086341381073,-0.036645013839006424,0.0017991689965128899,-0.0026642794761544864,-0.05199813531884593,-0.08302189098615965,
0.10117317438125611,0.12105818986892701,0.26538562774658203,-0.06830582022666931,-0.017869729548692703,-0.009319528937339783,-0.013941787323573143,-0.056826333327596575,-0.08384681257200777,
0.11904593706130982,0.13610633611679077,0.3072771310806275,-0.0014604722382500768,-0.019201310351490974,-0.043341413140296936,-0.01827209805395342,-0.05779109220075164,-0.08458602840304705,
0.10372308492660523,0.1345226526260376,0.36132488250732425,0.10000596940517426,-0.002756290603429079,-0.07976014167070389,-0.01966649877386424,-0.059896490572027124,-0.08956895732175786,
0.07088685631752015,0.11719654798507691,0.3291616201400757,0.14974048733711243,0.01934794709086418,-0.09027963131666183,-0.015178745644908695,-0.06058496586740466,-0.09395773249787347,
0.03948377668857575,0.0939038634300232,0.28027849197387694,0.18402869999408722,0.036392178386449814,-0.09241015464067459,-0.008066973002558788,-0.06042314661475082,-0.09901286801985291,
-0.019805325567722323,0.03821872770786286,0.17136808633804324,0.23163269460201263,0.02107900194823742,-0.0846204087138176,0.011424023412454099,-0.05730660332526409,-0.10942949872855279,
-0.042437499761581426,0.018761222064495087,0.11269744634628297,0.24235191941261292,0.011624779552221298,-0.07723014056682587,0.023240540407082014,-0.055384997603883705,-0.11389205456658648,
-0.07008256316184998,-0.025002849102020264,-0.021594552695751192,0.20566688477993011,0.02913506329059601,-0.04340799152851105,0.04840901015311991,-0.05134714271300561,-0.12153551686939237,
-0.08231651782989502,-0.05295068025588989,-0.0918094038963318,0.1719113141298294,0.045846402645111084,-0.017575327306985855,0.07097286535786558,-0.04807807443485308,-0.1261037843213113,
-0.09129372239112854,-0.06642818450927734,-0.11403177976608277,0.14880838990211487,0.0381232351064682,0.004928383976221085,0.08032012033833302,-0.04549596325567675,-0.1268849219339822,
-0.10137697458267213,-0.08385568261146546,-0.14989173412322998,0.1207120418548584,0.030799539759755135,0.03795158118009567,0.09598818196332254,-0.04150399702690796,-0.12587609487687995,
-0.1067620873451233,-0.09153179526329042,-0.16919779777526855,0.08249568194150925,0.0179497878998518,0.0609879270195961,0.1023018555758326,-0.04019722190787167,-0.12397081676092442,
-0.08967668414115906,-0.08809523582458496,-0.19278180599212646,0.029965173453092575,0.026937900111079216,0.08016332983970642,0.1110095521175266,-0.03994333580313754,-0.11793081168281075,
-0.08665715456008911,-0.08536888957023621,-0.17155636548995973,0.009791727177798748,0.023608949035406113,0.10086940973997116,0.11269555849272436,-0.04003850235330462,-0.11391951116026865,
-0.07481712102890015,-0.0849892556667328,-0.1546583652496338,-0.0013269699411466718,0.01661815121769905,0.11591626703739166,0.11314375635308334,-0.040312047733528276,-0.1092073530723753,
-0.03634514212608338,-0.0648882508277893,-0.1494903326034546,-0.02975621446967125,0.009560773149132729,0.1323612928390503,0.11194142871200903,-0.04242217381137896,-0.09800180522489157,
-0.017510598897933962,-0.05172265768051148,-0.15207598209381104,-0.05858493596315384,0.011558144353330135,0.1348247081041336,0.11011091970139147,-0.044210225238615806,-0.09158475182436834,
-0.005871786177158356,-0.045446112751960754,-0.1405927300453186,-0.07103521376848221,-0.00428766431286931,0.13828682899475098,0.10704743243779256,-0.04594305185271179,-0.08486156079347316,
-0.0014122060500085356,-0.03284304738044739,-0.10044076442718507,-0.08295285701751709,-0.02033321000635624,0.14913921058177948,0.09831991517605947,-0.050237262435947144,-0.07139980998448492,
0.016929861903190613,-0.023796656727790834,-0.08691022992134095,-0.09333918988704681,-0.016937680542469025,0.15453210473060608,0.09313852912780071,-0.0534046820853906,-0.06445114867229856,
0.03893539309501648,-0.01642277240753174,-0.07155190110206604,-0.10911841690540314,-0.013342412188649178,0.150537371635437,0.08739297187739369,-0.05643736461552281,-0.057072555645475455,
0.0601643979549408,-0.0065418660640716554,-0.03463881015777588,-0.11497737467288971,-0.015606099739670753,0.14108313620090485,0.07416127826190431,-0.062259285510658055,-0.04234155183752538,
0.05982450842857361,-0.005058311671018601,-0.009854166209697724,-0.10985078662633896,-0.018002944067120552,0.1336928755044937,0.06676133029369748,-0.06641237352944765,-0.03539688289276168,
0.044107773900032045,-0.0003664336632937193,0.017370891571044923,-0.10758709907531738,-0.028722167015075684,0.14234814047813416,0.0524797689273099,-0.07106297703795197,-0.021877136612852077,
0.055173408985137944,-0.0032485280185937885,0.0372487485408783,-0.09760024398565292,-0.025260059162974358,0.14281420409679413,0.045372030607280366,-0.07347912814275,-0.014921955408368603,
0.06202862858772278,0.002800337038934231,0.06029331088066101,-0.09134181588888168,-0.01320925448089838,0.14001788198947906,0.03832129157187196,-0.07592905829303465,-0.007656185111672898,
0.05636242628097535,0.011600644886493684,0.09541534781455994,-0.06371152400970459,-0.02033321000635624,0.14128288626670837,0.025321597355974407,-0.07916932928001434,0.006878625470383229,
0.05643429756164551,0.017682385444641114,0.11654936075210572,-0.03934359550476074,-0.0088150380179286,0.13875287771224976,0.019609954184737478,-0.08059746789925047,0.01414774791396959,
0.058134377002716064,0.02002314776182175,0.11459530591964723,-0.01324461679905653,-0.008149247616529465,0.14168235659599304,0.011150635517220777,-0.08259482838161755,0.028791584317451997,
0.06305419802665711,0.019230428338050845,0.12211365699768068,0.0049980380572378635,-0.0040213484317064285,0.14847341179847717,0.008050007072344583,-0.08306792191132599,0.0360908607455295,
0.10147606134414673,0.03766517043113709,0.1095535159111023,0.015716228634119034,0.012224103324115276,0.1341569870710373,0.0039714925396964786,-0.08394805975765862,0.0513886894109182,
0.12076548337936402,0.04637495279312134,0.11605395078659059,0.030896246433258057,0.019148321822285652,0.1113203912973404,0.0026834389407394675,-0.08365776704157428,0.05838435716999339,
0.1752406358718872,0.06399195194244385,0.1313957452774048,0.05426548421382904,0.05676547437906265,0.07749824225902557,0.0020678286330185953,-0.0819691579304984,0.06995929451433101,
0.18914968967437745,0.06271800994873047,0.1284636735916138,0.07796762138605118,0.07660602033138275,0.04560688138008118,0.003289787499723849,-0.07983575086372115,0.07410447391504439,
0.20470473766326905,0.05806641578674317,0.12905702590942383,0.10979239642620087,0.07720523327589035,0.012184210121631622,0.00556404121554414,-0.07646198874742709,0.07718080128308655,
0.20560860633850098,0.035872223973274234,0.09236452579498292,0.13495926558971405,0.07973523437976837,-0.026231888681650162,0.014889282013179432,-0.06861331694513731,0.07937388588293241,
0.19872239828109742,0.02817569971084595,0.06632519364356995,0.14647743105888367,0.09338393807411194,-0.047736916691064835,0.021552401054389554,-0.06462368713149871,0.07883414452357458,
0.21418979167938235,0.008690963685512544,0.028737065196037293,0.15246954560279846,0.108164481818676,-0.08215826749801636,0.03665832486059423,-0.05519296585042633,0.07552249286548694,
0.2192945957183838,-0.00402570515871048,-0.0018264647573232652,0.14807532727718353,0.10476894676685333,-0.10719199478626251,0.04486405289142839,-0.049504999749612234,0.0726833841130187,
0.21509215831756592,-0.015921290218830108,-0.030672580003738403,0.14514586329460144,0.09078735113143921,-0.12610043585300446,0.05312458879769212,-0.04341163433136641,0.06896344609739803,
0.1645587205886841,-0.03527652621269226,-0.07049128413200378,0.12650372087955475,0.06755127012729645,-0.15093441307544708,0.06792685755254393,-0.045687960047006336,0.05772824661961767,
0.14924328327178957,-0.04730824232101441,-0.10647162199020387,0.09714238345623016,0.0690825879573822,-0.16358442604541779,0.07584724052303994,-0.04076416639870792,0.05144164842368248,
0.11956210136413575,-0.06470462679862976,-0.13526166677474977,0.062188390642404556,0.04977467656135559,-0.17596812546253204,0.08844826877835485,-0.0299049091800926,0.03751351369627732,
0.10827174186706544,-0.07391680479049682,-0.1272067427635193,0.05466495826840401,0.03412860631942749,-0.18555550277233124,0.09278529792498794,-0.024561694192839618,0.029980471664835702,
0.08445874452590943,-0.08757248520851135,-0.13431702852249147,0.038286518305540085,0.004500935785472393,-0.19773946702480316,0.09961991546761143,-0.01520235981802378,0.013466624172849054,
0.06234629154205323,-0.08972896337509156,-0.13969577550888063,0.02177491970360279,-0.017137249931693077,-0.19461025297641754,0.10227815779624087,-0.011385596073113085,0.004279589991036027,
0.04177274405956269,-0.09112534523010254,-0.14524067640304567,0.0002698940224945545,-0.0386422723531723,-0.18522261083126068,0.10425155340113601,-0.008346910655460867,-0.0053595224026442645,
0.017531205713748933,-0.09889013767242433,-0.16320496797561646,-0.036680638790130615,-0.0943690612912178,-0.18195869028568268,0.10548213108805725,-0.004989735365199603,-0.024479248368685647,
0.0038762457668781282,-0.08717434406280518,-0.16033678054809572,-0.05252644792199135,-0.15169359743595123,-0.1862863302230835,0.10448973580271283,-0.0052280100247643155,-0.03414056853023916,
-0.03709572851657868,-0.08265299201011658,-0.13629938364028932,-0.08847913146018982,-0.18891127407550812,-0.1573910266160965,0.10023012312163598,-0.011977562390827735,-0.056224428579680345,
-0.047229111194610596,-0.07072533965110779,-0.14519704580307008,-0.15432578325271606,-0.1503620147705078,-0.12263677269220352,0.09712887190834167,-0.018448846180882692,-0.06741352918211739,
-0.025495949387550357,-0.05710591077804566,-0.0815258800983429,-0.19327451288700104,-0.1273922473192215,-0.10539280623197556,0.08501615151964466,-0.030534785093652664,-0.08541570724050374,
-0.004108627140522003,-0.04927592277526856,-0.004908621683716774,-0.16677606105804443,-0.12885698676109314,-0.11058597266674042,0.07602196587072131,-0.035525013608192366,-0.09238923185617536,
0.014615952968597412,-0.020267170667648316,0.047210237383842474,-0.16038447618484497,-0.12652672827243805,-0.112849660217762,0.05971175361740385,-0.045985891275818556,-0.10606127058211744,
0.03129780888557434,0.004327559098601341,0.03370128571987152,-0.1810905486345291,-0.0949682667851448,-0.12117204070091248,0.05296439190363774,-0.05149203524725194,-0.11293063056233955,
0.05152258276939392,0.01635688990354538,0.04832233786582947,-0.17889344692230225,-0.08092009276151657,-0.1290949434041977,0.045647653951415554,-0.0566663897591712,-0.1197628801670182,
0.05321682691574097,0.024524521827697755,0.08920919299125672,-0.15852025151252747,-0.09157273918390274,-0.1418115347623825,0.037701109844171965,-0.06063812185378616,-0.12666752604187428,
0.05324890017509461,0.049967548251152044,0.1460591197013855,-0.1244983822107315,-0.08811063319444656,-0.1749013066291809,0.023657072613539838,-0.06815193273145095,-0.14165155164003349,
0.04345371723175049,0.06291168332099915,0.16535518169403077,-0.10712125897407532,-0.08278430998325348,-0.19321054220199585,0.018529273105304684,-0.07245632215532577,-0.15035053724739866,
0.014430923759937287,0.05602165460586548,0.21739888191223145,-0.06630831211805344,-0.05768400803208351,-0.2109205722808838,0.011858984832257119,-0.08008160534590018,-0.1703609665939911,
-0.029330489039421082,0.06480696201324464,0.2463284730911255,-0.027359576895833015,-0.02818950265645981,-0.20632661879062653,0.010832418940160527,-0.08295147708900019,-0.18150180897455861,
-0.06025389432907105,0.0772015929222107,0.2730921506881714,0.02863338589668274,-0.004420788958668709,-0.21198582649230957,0.011310651206549146,-0.08472207065647695,-0.19255493648261046,
-0.08289488554000855,0.08030772805213929,0.2929213047027588,0.07643712311983109,0.009693965315818787,-0.21904321014881134,0.013584183086266311,-0.08537028989088138,-0.20352992311278403,
-0.13237078189849855,0.0048264931887388235,0.263103723526001,0.13103193044662476,0.022743454203009605,-0.1990029215812683,0.024765521652472366,-0.08386084072044418,-0.2262006862109996,
-0.16739478111267092,-0.027485531568527222,0.206853985786438,0.1517380177974701,0.04571321979165077,-0.1501339077949524,0.03346190656815844,-0.08191846497448722,-0.23698699955813238,
-0.18682644367218018,-0.053598529100418096,0.13479057550430298,0.15033985674381256,0.06202508509159088,-0.09946727752685547,0.0432277617275868,-0.07920095207773671,-0.24615549656527347,
-0.18422603607177734,-0.060284352302551275,0.0806710183620453,0.1693802773952484,0.06641948968172073,-0.04926887899637222,0.06133607466609026,-0.07171343285792349,-0.2571927324807136,
-0.15395714044570924,-0.055971699953079226,0.06323941349983216,0.1886216253042221,0.0728110745549202,-0.031825169920921326,0.07006030623449018,-0.0677925827563186,-0.25925828850782184,
-0.12391679286956787,-0.05025837421417237,0.023936212062835693,0.20200400054454803,0.07008133828639984,-0.021771736443042755,0.07768984667364667,-0.06004449146570939,-0.2597557036520589,
-0.09718489050865174,-0.045930501818656926,-0.03377867639064789,0.20047268271446228,0.05669895187020302,-0.0010656588710844517,0.09441590536079932,-0.043926467838021455,-0.25896145054906994,
-0.08664687275886536,-0.054972398281097415,-0.07130549550056457,0.16798211634159088,0.06402264535427094,0.020306209102272987,0.10475199221175814,-0.04082555743070413,-0.2579534369645692,
-0.08380669951438904,-0.06413532495498657,-0.11375285387039186,0.13955287635326385,0.07207870483398438,0.038349129259586334,0.1144423678466238,-0.03819081150740818,-0.2563446410471223,
-0.09816151261329652,-0.08007673621177674,-0.13482638597488403,0.11771495640277863,0.044581569731235504,0.06657863408327103,0.1294891273638362,-0.03292283438351676,-0.25030940771674404,
-0.10376231670379639,-0.09456209540367128,-0.14994041919708254,0.09068387001752853,0.010493104346096516,0.08781734108924866,0.13545259414490143,-0.0312855136439533,-0.2464159598305721,
-0.09987427592277527,-0.11023995876312256,-0.17448387145996094,0.046941448003053665,0.004967045038938522,0.1115860566496849,0.14070558949472034,-0.031319491603566015,-0.24234905104520457,
-0.07915762066841125,-0.1296557903289795,-0.2277819871902466,-0.03927839174866676,0.041385773569345474,0.14334425330162048,0.14641072433801414,-0.03512948790416068,-0.23270282114657084,
-0.08439428806304933,-0.13428543806076051,-0.2209857702255249,-0.08109002560377121,0.04471472650766373,0.17763245105743408,0.1452949358249379,-0.036848605865288785,-0.2261635246140655,
-0.09482948184013368,-0.126871657371521,-0.19509114027023317,-0.11524506658315659,0.021611802279949188,0.20998986065387726,0.1416358568422181,-0.038112336424981914,-0.21812088308073974,
-0.036996692419052124,-0.0836312472820282,-0.16425712108612062,-0.15838827192783356,0.029002076014876366,0.19840510189533234,0.12897314966237677,-0.04331066921270756,-0.1984985275989435,
-0.007310353219509125,-0.07310266494750976,-0.16530822515487673,-0.19813595712184906,0.009893893264234066,0.19001615047454834,0.1205719993656161,-0.04642452722036914,-0.18801036228374624,
0.022427800297737124,-0.028864565491676333,-0.09202526211738588,-0.2177101969718933,0.036458928138017654,0.168710857629776,0.09926428491505958,-0.05135818261855998,-0.16853117574735532,
0.03827708065509797,-0.012858772277832033,-0.04033682942390442,-0.2116515040397644,0.03878919407725334,0.1536640077829361,0.08659871245712193,-0.0534067862175158,-0.1592708876275776,
0.06451991200447083,0.014835077524185182,0.032036834955215455,-0.19580569863319397,0.023808911442756653,0.11657948046922684,0.06190846319383924,-0.05352702426055056,-0.14219226020512238,
0.08895753026008607,0.035897135734558105,0.05816731452941895,-0.1905459463596344,0.024741018190979958,0.09121287614107132,0.050389366223202565,-0.05362500252273574,-0.13498950701486756,
0.0892369568347931,0.0706727683544159,0.14988611936569216,-0.16484686732292175,0.034395042806863785,0.07083892077207565,0.029027140670377583,-0.05231645280456037,-0.12427554301636225,
0.09365929961204529,0.08619166612625123,0.22313919067382815,-0.1199725866317749,0.060627181082963943,0.06850865483283997,0.01910930067024852,-0.0513039718039906,-0.12012528553589756,
0.07638659477233888,0.09469240307807923,0.27164249420166015,-0.06211541220545769,0.056366123259067535,0.07676445692777634,0.010744093877631575,-0.04930425875706502,-0.11651797089639979,
0.11358598470687867,0.10228204727172852,0.3627929210662842,0.036288391798734665,0.03233109414577484,0.06318233162164688,0.0005651361260078893,-0.043518346609845215,-0.10958589172691349,
0.14617329835891724,0.1063206672668457,0.36535742282867434,0.08469134569168091,0.04278400167822838,0.04806889221072197,-0.0002951720887334728,-0.041636594646112135,-0.10623622749065319,
0.1305521607398987,0.10228073596954346,0.355595064163208,0.16551828384399414,0.0453140027821064,0.0374162457883358,0.005275311345059044,-0.03768692950248734,-0.1007205529944615,
0.12010099887847901,0.09241414070129395,0.3287102222442627,0.21312227845191956,0.05117296054959297,0.021304123103618622,0.011769671041976335,-0.035432985626373995,-0.0983919112390028,
0.10595508813858033,0.07149587869644165,0.27469282150268554,0.2301665097475052,0.05836349353194237,0.018507804721593857,0.020765509935407583,-0.03312387842812347,-0.09655001851579073,
0.06531386375427246,0.022944945096969607,0.19310201406478883,0.2536689341068268,0.07074719667434692,0.030159134417772293,0.04300684579066797,-0.027840643193094705,-0.09395833379630693,
0.0638170063495636,0.005599397793412209,0.16610263586044313,0.2802339494228363,0.0621584989130497,0.032689135521650314,0.05526238504595883,-0.024679311268776625,-0.09215714744041005,
0.0888646960258484,-0.01830815374851227,0.0898357629776001,0.30446872115135193,0.0561663843691349,0.0011306768283247948,0.0825828164247689,-0.018824057000778646,-0.08758516615625946,
0.07603334784507752,-0.03192690908908844,0.035800009965896606,0.29987478256225586,0.04844321683049202,-0.006991964299231768,0.09768130476583822,-0.016048518174985302,-0.08597539760923693,
0.041953229904174806,-0.07332543134689332,-0.057802945375442505,0.27683842182159424,0.04478137195110321,0.0007312027737498283,0.126108104888206,-0.01399825713567881,-0.08439300525474683,
0.02679165303707123,-0.09046313762664795,-0.09339671134948731,0.25959447026252747,0.029401617124676704,0.00892042275518179,0.14073253224904886,-0.011552043445765936,-0.08355758317432324,
0.022196389734745026,-0.10730509757995606,-0.16006355285644533,0.21978019177913666,0.020879501476883888,0.006323841400444508,0.16787700654088641,-0.008593243660436217,-0.08134925560719171,
0.0291051983833313,-0.10832114219665528,-0.20581660270690919,0.15832774341106415,0.03958820924162865,0.007389104925096035,0.18020395489968716,-0.00800603321662657,-0.08047885980411242,
0.019127948582172396,-0.10974563360214235,-0.2448786497116089,0.10759453475475311,0.00669816741719842,0.007189368829131126,0.19847807354344332,-0.005646426355582832,-0.07815524259405125,
0.011931224167346955,-0.1170279860496521,-0.2278601884841919,0.07816673815250397,-0.014673723839223385,0.015778321772813797,0.20460649400360403,-0.004853035443353934,-0.07712090950216811,
0.010026467591524126,-0.12419213056564332,-0.24669148921966555,0.04441117122769356,-0.009746875613927841,0.012449369765818119,0.20979803205229225,-0.005178505731628465,-0.07673924374497273,
0.03444015383720398,-0.1379278540611267,-0.29974982738494876,-0.02982444502413273,-0.0006921273889020085,-0.0007332786917686462,0.216203277995285,-0.006921205359388402,-0.07634602835846636,
0.027152690291404727,-0.1367526888847351,-0.30635225772857666,-0.07516476511955261,-0.009813454933464527,0.010252260603010654,0.2163059040458414,-0.007135034525219498,-0.07623571109630022,
