-0.18884525299072266,-0.0390684187412262,-0.6673611640930176,-0.26032754778862,0.07796115428209305,0.02011323720216751,0.10565923791425481,-0.04157435834005992,-0.32884008857619634,
-0.32546434402465824,0.0603580117225647,-0.9933421134948731,-0.5285078287124634,0.1329554319381714,0.06731776893138885,0.0887469316695085,-0.028852923542917103,-0.3282913487197875,
-0.3646421432495117,0.17281609773635864,-1.2118001937866212,-0.7911621332168579,-0.09281405806541443,0.07271067053079605,0.06677877534520509,-0.022933217159563472,-0.3234021002479355,
-0.3644829988479614,-0.015020968019962312,-0.9144718170166016,-0.9118698835372925,-0.4986798167228699,0.14195285737514496,0.03306388470032122,-0.020057701627341565,-0.31985843491681903,
0.1156238079071045,-0.32912104129791264,1.0523973464965821,-0.6059392690658569,-0.7312403917312622,0.1651223599910736,-0.056797648062843854,-0.05374160104243606,-0.3052554083276105,
0.7899242401123048,-0.2835385799407959,2.010309600830078,-0.23369592428207397,-0.40287259221076965,-0.05205842852592468,-0.09369988660355318,-0.08690002052785016,-0.288608642988221,
0.8917588233947754,-0.3044757127761841,2.1722625732421874,0.23508702218532562,0.10179644823074341,-0.01757049188017845,-0.11211282682199887,-0.11201725741203608,-0.2799588106094904,
0.645345163345337,-0.22677838802337646,2.3735546112060546,0.44767382740974426,0.23761765658855438,0.04940801113843918,-0.11711084499741042,-0.12400855741077932,-0.27770015798087844,
0.17678892612457275,-0.10199247598648072,0.9641828536987305,0.5768371820449829,0.07110351324081421,0.04441458359360695,-0.07945536325244483,-0.10597014705848547,-0.2817434222505501,
0.16245496273040771,-0.0014300763607025147,0.34092788696289067,0.5563974380493164,-0.0025328954216092825,-0.06211186200380325,-0.051649095443297835,-0.09982910035498337,-0.27953985527739816,
0.1688992500305176,0.021033865213394166,-0.08212270140647888,0.4703772962093353,0.0776282548904419,-0.11936982721090317,-0.02223971142484682,-0.10128481900264089,-0.2787686711220177,
0.04626076221466065,0.0015542976558208467,-0.3813431024551392,0.41278767585754395,0.1054580807685852,-0.10625144094228745,0.0065832360698494475,-0.1007286457134673,-0.28249425316243393,
-0.24394655227661133,-0.12944536209106447,-0.5316312789916993,0.35080260038375854,-0.028498917818069458,-0.05651691183447838,0.05464124493558619,-0.0908420611938416,-0.2922805459983256,
-0.22978458404541016,-0.15837900638580324,-0.5001168727874756,0.28335803747177124,-0.03695445507764816,-0.0722961351275444,0.0739769295762183,-0.08990179746690091,-0.29521159817510756,
-0.19072446823120118,-0.15876350402832032,-0.5535465240478515,0.21178559958934784,0.03714800253510475,-0.035011883825063705,0.09181467665221259,-0.09098401864112005,-0.29874654126480354,
-0.22456583976745606,-0.12975550889968873,-0.5904730796813965,0.1464715600013733,0.10279492288827896,-0.0065160589292645454,0.1069949640625977,-0.09128946258004843,-0.3026430008066151,
-0.14908552169799805,-0.04435144066810608,-0.6120863914489747,0.07403358072042465,0.10379360616207123,-0.03467898815870285,0.1251658861974337,-0.08391669521952735,-0.3020966529256262,
-0.14224412441253662,-0.04202805757522583,-0.6178966045379639,0.05678961053490639,0.008186125196516514,-0.06763560324907303,0.12974505625527727,-0.07773947128024705,-0.30092230936974995,
-0.14590362310409546,-0.04974827170372009,-0.551039743423462,0.024165887385606766,0.0585198700428009,-0.04672979190945625,0.1329343296465163,-0.07393575362728365,-0.3020738807350461,
-0.1876251816749573,-0.07878215312957765,-0.6630211353302002,-0.09268030524253845,0.28202566504478455,-0.005317636299878359,0.1377813216990204,-0.06823475901138888,-0.30595463863740663,
-0.1309012293815613,-0.1439250111579895,-0.753485918045044,-0.3149876892566681,0.20013345777988434,-0.0080473767593503,0.1351617339106449,-0.0585472236891274,-0.30261826890633087,
-0.043797656893730164,-0.22768588066101075,-0.9191086769104004,-0.35620009899139404,0.06857330352067947,-0.029219508171081543,0.128335587279625,-0.045895701420613055,-0.29701746677612423,
0.00815649852156639,-0.1882239580154419,-0.7302663803100586,-0.4931531548500061,-0.017247062176465988,-0.03221556544303894,0.0941711584748896,-0.03409791508960471,-0.29455691954499374,
-0.1586726188659668,-0.052390831708908084,-0.9431022644042969,-0.8135314583778381,-0.080497145652771,0.02404371276497841,0.08160905960649634,-0.030144154158914093,-0.2985351528943974,
-0.25394597053527834,-0.0033014953136444093,-0.9436732292175294,-1.1414997577667236,-0.32464244961738586,0.03283214569091797,0.052389924206163375,-0.03126786784728028,-0.2998203747148599,
0.31009089946746826,-0.3028411388397217,0.996183204650879,-0.5472153425216675,-0.6928244829177856,-0.2143092155456543,-0.05050239470460824,-0.052971911043362956,-0.2957419506477451,
0.845222282409668,-0.5107501983642578,2.3208337783813477,-0.10493084788322449,-0.22470732033252716,-0.19287076592445374,-0.09514947072023253,-0.0868557030757795,-0.2931893953384339,
0.5385467529296876,-0.32705717086791997,2.093558502197266,0.007188235875219107,0.27430251240730286,0.03396398946642876,-0.10952708868777958,-0.11698394109283358,-0.2969723753491661,
-0.07748603224754334,-0.07411379814147949,1.4939688682556154,0.3233054578304291,0.1735018491744995,0.09375195950269699,-0.11067024612357518,-0.11291907801740002,-0.306183727160567,
0.09339094161987305,0.05157236456871033,0.9700592994689942,0.3992721438407898,-0.04374551773071289,-0.06963297724723816,-0.09903066767670146,-0.0983927264557576,-0.3046937176357266,
0.20553448200225832,0.12774519920349123,0.5454841613769531,0.3812292218208313,0.0023271709214895964,-0.13468068838119507,-0.08152636897849559,-0.09425899167252523,-0.3029299029720088,
-0.043009939789772036,0.11399304866790771,-0.06590096354484558,0.29667386412620544,0.09167622774839401,-0.07296192646026611,-0.0379598226718209,-0.09816263615476097,-0.3125517905901915,
-0.13812260627746584,0.0762125313282013,-0.14349814653396606,0.28935015201568604,0.05585671216249466,-0.05984586104750633,-0.01992431323815052,-0.09504012111505171,-0.3174332763208363,
-0.1497657299041748,0.03842951655387879,-0.13156375885009766,0.3089909851551056,-0.021974174305796623,-0.07302850484848022,-0.004197913024513039,-0.09091922061830601,-0.32040261081472504,
-0.15927234888076783,-0.01574220061302185,-0.19737523794174194,0.2818933129310608,0.0016613805200904608,-0.05578454211354256,0.028439431252863343,-0.08989944724745311,-0.32661523215049987,
-0.17377867698669436,-0.009754704684019089,-0.3495734453201294,0.17803002893924713,0.06770777702331543,-0.026223450899124146,0.04483617350392237,-0.09038351056255037,-0.32954738451097043,
-0.16884777545928956,0.012463559955358507,-0.3786099195480347,0.15213078260421753,0.11138361692428589,-0.056317172944545746,0.057116309030529236,-0.08878746427577675,-0.3308848430013,
-0.11183866262435914,-0.017454160749912264,-0.32436738014221195,0.1694413274526596,0.14826840162277222,-0.10811565071344376,0.07416706648568801,-0.07867737595969553,-0.33216927777673827,
-0.13920218944549562,-0.06370834112167359,-0.3939021825790405,0.0550585575401783,0.07503146678209305,-0.06297507137060165,0.08328797861343981,-0.07087964424762208,-0.33489683819412563,
-0.21429882049560547,-0.11823855638504029,-0.5445353984832764,0.004857969935983419,0.14560523629188538,-0.06870087236166,0.09072088193167555,-0.06343769970535554,-0.3371619817549595,
-0.273284649848938,-0.1103506088256836,-0.7576823711395264,-0.18522515892982483,0.28568750619888306,-0.013773173093795776,0.09396676129108382,-0.050695913569701656,-0.3398236618195345,
