-0.19823856353759767,-0.05503439903259277,-0.47559418678283694,0.01971658691763878,-0.016909973695874214,0.014147832058370113,0.07884552685981475,-0.040412157845321484,-0.3012335374912508,
-0.19950127601623535,-0.05106110572814942,-0.5329210758209229,-0.06710246950387955,0.020041387528181076,0.04290997236967087,0.08065481415507289,-0.04157618992896628,-0.301062171646186,
-0.1883004665374756,-0.04905592799186707,-0.5393589973449707,-0.11890095472335815,0.02217191644012928,0.06441500037908554,0.07919397893166974,-0.0417677137871891,-0.2996408003110352,
-0.16521568298339845,-0.05035930871963501,-0.5054254531860352,-0.15658468008041382,0.022571390494704247,0.0623510479927063,0.07471373177308531,-0.04127342981614955,-0.2968948182975593,
-0.09070360064506532,-0.035428354144096376,-0.48301100730895996,-0.23121976852416992,0.004395316820591688,0.04916840046644211,0.05958047954915691,-0.040307120991002296,-0.2900874801043711,
-0.11223767995834351,-0.054042172431945805,-0.4737860202789307,-0.30831828713417053,-0.020238924771547318,0.04990077018737793,0.04898117991032415,-0.03981045978642562,-0.287234636055267,
-0.14686814546585084,-0.06929428577423095,-0.42456669807434083,-0.35825255513191223,-0.04214342311024666,0.09537424892187119,0.03568818642864074,-0.04042122806421474,-0.28491744212747827,
-0.1944097638130188,-0.07942004203796388,-0.12429029941558839,-0.37036994099617004,-0.03422052040696144,0.14264534413814545,0.00012917241241226148,-0.04407811146739001,-0.27735890331275564,
-0.14623692035675048,-0.047080546617507935,0.04776121377944947,-0.3862157464027405,-0.020505240187048912,0.1357211321592331,-0.020651124044170584,-0.043298844286444746,-0.27058572649554674,
-0.00030632065609097485,-0.0003779278136789799,0.18908025026321412,-0.3033248484134674,-0.05672423169016838,0.10775794833898544,-0.040865698819795584,-0.04416273989358943,-0.2628697458800298,
0.0414516419172287,0.10983566045761109,0.5918010711669922,-0.2172381728887558,-0.006257327739149332,0.11375006288290024,-0.07713806126333447,-0.0458596945729929,-0.2505854115251462,
0.047939881682395935,0.15827150344848634,0.5307510375976563,-0.1768912822008133,0.055128537118434906,0.10596031695604324,-0.08949833773623789,-0.046220214618382514,-0.24485286383703916,
0.07065241932868958,0.17449802160263062,0.5942589759826661,-0.08740907162427902,0.006459266413003206,0.10016793757677078,-0.10090908330112147,-0.042938725338139604,-0.23990237721777286,
0.044471716880798345,0.19366642236709597,0.6041531085968018,-0.05771482363343239,-0.004459694027900696,0.10888978838920593,-0.10933242391701682,-0.03904447844914127,-0.23562676066609492,
0.0815820574760437,0.2574751615524292,0.5295622825622559,0.013391579501330853,-0.003993641119450331,0.12047453969717026,-0.11783330660645944,-0.03513953888206901,-0.22559319653419058,
0.11862437725067139,0.2496145009994507,0.5531093120574951,0.07138191163539886,-0.0007978477515280247,0.10922268778085709,-0.11913796092289029,-0.03300807939399406,-0.22005289418050056,
0.17232203483581543,0.22743542194366456,0.571101188659668,0.12324697524309158,0.019442176446318626,0.06181842088699341,-0.11809630532343954,-0.031025885109589757,-0.2142664652216859,
0.15866488218307495,0.161983060836792,0.6711764812469483,0.2712521553039551,-0.021770242601633072,0.02879521995782852,-0.10829026412834634,-0.027116869776163146,-0.20672890627190263,
0.07445009946823121,0.1186721920967102,0.6049698352813722,0.29581981897354126,0.0026642619632184505,0.049035243690013885,-0.09720314858304865,-0.02677051560968174,-0.20523559753944026,
0.05108668208122254,0.10472480058670045,0.451692533493042,0.3208535313606262,0.03928272798657417,0.03804970532655716,-0.08296681311388378,-0.027165579162388338,-0.20317486481677957,
0.14828416109085082,0.08423868417739869,0.29310142993927,0.35301023721694946,0.04254525527358055,-0.018744006752967834,-0.05151824395147947,-0.023679933703586148,-0.19938573901453976,
0.15508730411529542,0.06169545650482178,0.24234256744384766,0.3970189690589905,0.04108051583170891,-0.05782590061426163,-0.034172500441530036,-0.021394691758139486,-0.19978980702932944,
0.08942140340805055,0.01889374554157257,0.11931158304214479,0.3909602761268616,0.036419983953237534,-0.04477640986442566,-0.014687375454516734,-0.019506698271921596,-0.2021764500710231,
0.00952255204319954,-0.04619989395141602,-0.14651819467544555,0.3616655170917511,0.05393027141690254,-0.02653375454246998,0.025857720187516017,-0.015632648133952584,-0.207315457759983,
0.006196338310837746,-0.0512263834476471,-0.2678649425506592,0.3232493996620178,0.06844450533390045,-0.01162005215883255,0.04488947485195829,-0.012928199813928364,-0.20855013585748153,
-0.0061933260411024095,-0.07258901596069336,-0.3542980194091797,0.24987933039665222,0.045874208211898804,-0.0022989879362285137,0.0623637924290779,-0.009676692112312247,-0.2090008754111454,
0.005178263410925865,-0.08036431670188904,-0.4508035182952881,0.22784167528152466,0.00938890129327774,-0.0197426937520504,0.07772032215529817,-0.006320483256419343,-0.20851967916529143,
-0.004948581755161286,-0.07130776643753052,-0.4630581855773926,0.2009437531232834,-0.010717964731156826,-0.012751895934343338,0.10190312441601056,-0.003488889885839922,-0.2090512619517112,
-0.047782829403877264,-0.05588089227676392,-0.5395092010498047,0.11292625963687897,0.04327762499451637,0.005157863721251488,0.11260300368315479,-0.003733178726593609,-0.21006531821276062,
-0.025452116131782533,-0.0574878454208374,-0.5601066589355469,0.0541369803249836,0.03428945690393448,0.005890232510864735,0.12037525148626449,-0.0028216100915213365,-0.20973306510929857,
-0.010111469775438309,-0.07143213748931886,-0.5294745445251465,0.023177731782197952,0.00998811237514019,0.014545505866408348,0.12519806171257009,-0.000542830067249498,-0.20852575781005994,
-0.022273632884025577,-0.07322078943252563,-0.5583857536315918,-0.052988678216934204,0.00685889832675457,0.03778158873319626,0.12910935021069309,0.0010848732383030716,-0.20667068217235174,
-0.024780827760696414,-0.056366175413131714,-0.586486291885376,-0.13228429853916168,-0.0009974270360544324,0.04910001903772354,0.12811782347085873,0.0007377595724361914,-0.2052140130238176,
-0.02295806109905243,-0.036932000517845155,-0.6009323120117188,-0.18867672979831696,-0.01937323808670044,0.03465237468481064,0.12423165125782751,0.0003580949988849362,-0.20302426090357664,
0.04321806728839875,-0.051314777135849005,-0.5541691780090332,-0.2677726149559021,-0.046138010919094086,0.0011631213128566742,0.10754927228025879,-0.0022570624450662185,-0.19955334128834978,
0.06601974368095398,-0.06413654088974,-0.48716087341308595,-0.2883455455303192,-0.03202325478196144,-0.0052950442768633366,0.09530589455681049,-0.004408951498571033,-0.19952255133832475,
0.01905108243227005,-0.06416423320770263,-0.3841101408004761,-0.34820008277893066,-0.04813538119196892,0.024399204179644585,0.08124609148036345,-0.006434302633493243,-0.20023632030165486,
0.027331298589706423,-0.089424729347229,-0.314751672744751,-0.43002572655677795,-0.0055913799442350864,0.00968523696064949,0.04856017255574136,-0.010453094715809444,-0.20008434641553444,
0.05891779065132141,-0.08078104853630066,-0.07778255939483643,-0.4027283191680908,-0.024166928604245186,0.00842023640871048,0.027130632211784807,-0.011517858280662263,-0.19957120727602431,
0.04259424209594727,-0.0581541121006012,0.10295430421829224,-0.38242217898368835,-0.0243665874004364,-0.010688845068216324,0.004459064815388701,-0.01275438872355488,-0.19939078477778646,
0.07618713974952698,0.0041923910379409795,0.19477242231369019,-0.3472684621810913,-0.03055843710899353,-0.0216743852943182,-0.015902944436454434,-0.014051821828901044,-0.1991110071870681,
0.06806101202964783,0.08997865915298463,0.4269321918487549,-0.28202101588249207,-0.01424657553434372,-0.008158842101693153,-0.053015328159362045,-0.01696325244069814,-0.20085573530618928,
0.08036738634109497,0.14732010364532472,0.5084702014923096,-0.2304888516664505,0.001798971090465784,-0.0291978158056736,-0.068766575433324,-0.01831822464585916,-0.20151196147690603,
0.12996526956558227,0.20147006511688234,0.5693498134613038,-0.16943588852882385,-0.0005978739936836064,-0.05549653246998787,-0.08238290812741215,-0.018985366822167678,-0.202153303627776,
0.07572662830352783,0.22833499908447266,0.7281163692474366,-0.05824889987707138,-0.02483264170587063,-0.03858545795083046,-0.1023084350363732,-0.020231790854057956,-0.20646962834730798,
0.08021900057792664,0.2521562099456787,0.6883793354034424,0.014521976932883263,-0.026363957673311234,-0.04930468276143074,-0.10679205913388116,-0.021920057829390414,-0.2082382463133422,
0.10136911869049073,0.27101612091064453,0.6545348644256592,0.08988943696022034,-0.016976315528154373,-0.0851907730102539,-0.10848793105611267,-0.023696139104903646,-0.20960563784400038,
0.09140911102294923,0.24301979541778565,0.6113832473754883,0.17557664215564728,-0.01924000307917595,-0.08685524761676788,-0.10326924830516576,-0.027983905468625465,-0.21507945981242793,
0.05312125086784363,0.21209979057312012,0.5116499423980713,0.21379300951957703,-0.00565788010135293,-0.08785393834114075,-0.09523456311935627,-0.03023080400057823,-0.21911588111315644,
0.05206108093261719,0.1959967017173767,0.39003419876098633,0.22890645265579224,-0.03109106980264187,-0.09804053604602814,-0.08486212475876684,-0.031997549527241674,-0.22318548452748901,
0.03214921653270721,0.15731803178787232,0.22566864490509034,0.24468567967414856,-0.009985517710447311,-0.11501818895339966,-0.06126434886282362,-0.03628307231151327,-0.23202818989212218,
0.0029115848243236545,0.13094033002853395,0.14879863262176515,0.27404701709747314,-0.026430537924170494,-0.11435239017009735,-0.048410410971704794,-0.03795041313479129,-0.23745824364343449,
-0.027874562144279483,0.1009000062942505,0.10614997148513794,0.2827688753604889,-0.0273626446723938,-0.10696211457252502,-0.03497860532930863,-0.039499850555590195,-0.24314404256176897,
-0.05064492225646973,0.029560121893882754,-0.08561185002326965,0.24282146990299225,-0.04174371063709259,-0.10616317391395569,-0.004000956880930952,-0.04176716480006498,-0.2545289891555358,
-0.052269321680068974,0.008949007838964462,-0.11015859842300416,0.22737513482570648,0.0054608178324997425,-0.1128210723400116,0.009470165301553795,-0.043772421868595396,-0.2599621806736376,
-0.07607447504997254,-0.016830478608608247,-0.14417175054550171,0.19268745183944702,0.03475559130311012,-0.09710842370986938,0.02226618367171704,-0.044705358618628864,-0.2657792189159164,
-0.1147515892982483,-0.044392827153205874,-0.22321341037750245,0.18150217831134796,0.02829742431640625,-0.09018421173095703,0.03432601012220661,-0.04358253767560321,-0.2713932620039526,
-0.15180450677871704,-0.06221174001693726,-0.2978960514068604,0.14827924966812134,-0.04167713224887848,-0.06581628322601318,0.0542345934027277,-0.039782696555021264,-0.280428253285528,
-0.18458644151687623,-0.0459685891866684,-0.3439684391021729,0.11046235263347626,-0.020971057936549187,-0.04024993255734444,0.06280353496725938,-0.040173707558732306,-0.2845003181549945,
-0.18458644151687623,-0.0459685891866684,-0.3439684391021729,0.11046235263347626,-0.020971057936549187,-0.04024993255734444,0.06280353496725938,-0.040173707558732306,-0.2845003181549945,
-0.17299985885620117,-0.04649616777896881,-0.4497750282287598,-0.015238848514854908,0.011319771409034729,-0.003698047250509262,0.0765403416909968,-0.04054511129341044,-0.28989989608883665,
