-0.16236553192138672,-0.15396411418914796,-0.3989881038665772,-0.09856128692626953,-0.04353741556406021,0.0536225326359272,0.1149358956395801,-0.02140203603164611,-0.10961518979449139,
-0.16084735393524172,-0.14795643091201782,-0.3823879718780518,-0.18098612129688263,-0.030088448897004128,0.07306361198425293,0.11084045670774449,-0.02332189157159809,-0.10900779624973712,
-0.1555935025215149,-0.13203033208847045,-0.414763879776001,-0.255288302898407,-0.0021918367128819227,0.08171888440847397,0.10536699802915954,-0.026470372132503105,-0.10733154448240699,
-0.17347711324691772,-0.10887733697891236,-0.3204314947128296,-0.2537569999694824,-0.03534819558262825,0.12319762259721756,0.08444367042726186,-0.03085383088504086,-0.10140649265859603,
-0.16171679496765137,-0.10035971403121949,-0.18658192157745362,-0.31035131216049194,-0.018969403579831123,0.14316734671592712,0.07075148571225053,-0.03291362077381986,-0.09696832065838608,
-0.11923440694808961,-0.1096993923187256,-0.15164914131164553,-0.3149452805519104,-0.008849389851093292,0.15335392951965332,0.05692222739301715,-0.03580061955310525,-0.09140049626115325,
-0.050101637840270996,-0.07390276789665222,0.13716243505477907,-0.26694178581237793,0.018980642780661583,0.15055762231349945,0.022742946310710523,-0.03837772543183222,-0.07740091469829852,
-0.05088580250740052,-0.053743582963943486,0.28701941967010497,-0.19357168674468994,0.022043278440833092,0.17818790674209595,0.006204352354284441,-0.03825758848805618,-0.07016584884899504,
-0.07276414632797241,-0.0028641156852245333,0.3622657060623169,-0.16421033442020416,0.032296448945999146,0.18131712079048157,-0.007954253808365461,-0.03729104032874632,-0.06273950843185566,
0.026406231522560122,0.1334715247154236,0.35886194705963137,-0.14150689542293549,0.03515934571623802,0.18717607855796814,-0.029155978455364353,-0.03358295531460984,-0.04541207678378704,
0.06813764572143555,0.17902575731277467,0.4069816589355469,-0.08671234548091888,0.026570651680231094,0.17579106986522675,-0.037889800531392626,-0.030801013345188435,-0.036743321533360296,
0.16759339570999146,0.21517744064331057,0.5146896362304688,0.013422507792711258,0.0536683164536953,0.09989097714424133,-0.045632114248894025,-0.0278528793742054,-0.027829042675509896,
0.28851563930511476,0.2233616590499878,0.6361969947814942,0.09005497395992279,0.07963413745164871,0.037706159055233,-0.050751001574377314,-0.025153329364304502,-0.019585650635647687,
0.2800231218338013,0.21008312702178955,0.7428251266479493,0.21276012063026428,0.03123118355870247,-0.010497057810425758,-0.049045562731643975,-0.018000367802464966,-0.01163793300395868,
0.21227962970733644,0.16769633293151856,0.7546747684478761,0.31349417567253113,0.0536683164536953,-0.021682333201169968,-0.04190224772050122,-0.014613646789605113,-0.011631760622219565,
0.18845880031585693,0.10685638189315796,0.7049895763397217,0.37920767068862915,0.08535993099212646,-0.022081807255744934,-0.030595037232850696,-0.013082624650277772,-0.012428606854525428,
0.15284810066223145,-0.0064460419118404395,0.495286226272583,0.4301406443119049,0.1006065309047699,-0.040923673659563065,0.002737300478678093,-0.0070860262009586755,-0.014857761538122816,
0.16044901609420778,-0.052838706970214845,0.3546231269836426,0.4710201621055603,0.012256162241101265,-0.06296133249998093,0.023233768776422064,-0.0018020898657411788,-0.015948420506929357,
0.1268686294555664,-0.10526996850967407,0.24561078548431398,0.4601677656173706,0.03183039650321007,-0.0874624103307724,0.045363844594586915,0.0031180949788946625,-0.017603708382125265,
0.04681012630462647,-0.1617671012878418,-0.07735182642936707,0.4114985167980194,0.11512076109647751,-0.06842081248760223,0.09007148134132016,0.005337882920574789,-0.02441608069995793,
0.022216525673866273,-0.2164553165435791,-0.18498833179473878,0.3664245009422302,0.09128546714782715,-0.05237526819109917,0.11259891236513109,0.009929023647630335,-0.027314384515679458,
0.021843113005161285,-0.2597292184829712,-0.2836519241333008,0.3405252695083618,0.02011248655617237,-0.027141813188791275,0.133521507568422,0.016520220523858143,-0.028372312612920406,
-0.008830445259809494,-0.26726834774017333,-0.37522850036621097,0.27820730209350586,0.01625090278685093,-0.013626271858811378,0.17025510733666913,0.025377070308875437,-0.02923542147523924,
0.0018168380483984947,-0.2424403190612793,-0.4567712783813477,0.20097632706165314,0.06032610684633255,-0.010296033695340157,0.18665935366897174,0.02592378029311161,-0.03012431698299286,
0.010168230533599854,-0.21763858795166016,-0.511328411102295,0.13100175559520721,0.05486662685871124,-0.032000795006752014,0.20045036254977727,0.02718464119980348,-0.030094318806841932,
0.03830130994319916,-0.20104312896728516,-0.4971805095672608,0.10357119888067245,0.027369488030672073,-0.025342894718050957,0.21053052851311352,0.03004807325259259,-0.028681837874932767,
-0.023753821849822998,-0.20088505744934082,-0.4829271316528321,0.03892296552658081,0.007795253768563271,0.02825322188436985,0.22380011659995916,0.03585629951923035,-0.027694970198541016,
-0.06474839448928833,-0.1956675410270691,-0.5148724555969239,-0.050226353108882904,-0.011113190092146397,0.07312748581171036,0.22806593428388508,0.03667050291353356,-0.02778503151126862,
-0.07762134075164795,-0.1869032382965088,-0.5491503238677978,-0.11933538317680359,-0.04240533336997032,0.08817435055971146,0.2302564293173495,0.03601745610596125,-0.026732644011948678,
-0.038389891386032104,-0.13686712980270385,-0.5539725303649903,-0.2067536562681198,-0.0573190338909626,0.07392643392086029,0.22495426338959712,0.029995750612281453,-0.022792240064247852,
0.00025430431123822926,-0.128975248336792,-0.5271429061889649,-0.26454421877861023,-0.0825524851679802,0.03697507828474045,0.21714496476407416,0.02514769171613768,-0.021328321064412768,
0.020578603446483615,-0.14333499670028688,-0.4895601272583008,-0.3084198236465454,-0.10978330671787262,0.054951414465904236,0.2065313074760915,0.020504729197930054,-0.020588655037999993,
0.0038534227758646013,-0.19783384799957277,-0.4172536849975586,-0.3636803925037384,-0.11957042664289474,0.07825407385826111,0.1786802375858703,0.010530464210462952,-0.02260642037893048,
0.0484942227602005,-0.18509265184402468,-0.37449603080749516,-0.40562519431114197,-0.1253628134727478,0.050490617752075195,0.16183547966419554,0.0036648930828407393,-0.022806746758056246,
0.08918901681900025,-0.18207900524139406,-0.30480983257293703,-0.46627870202064514,-0.09653408080339432,0.037907183170318604,0.14326264834303423,-0.0035864638522790414,-0.022551043412088412,
0.10517674684524536,-0.16028451919555664,-0.2405423641204834,-0.5010995268821716,-0.07323142141103745,0.07772143930196762,0.12303633472454618,-0.010524897229414694,-0.02299768702604131,
0.11217412948608399,-0.14959760904312133,0.022759254276752475,-0.5279308557510376,-0.048796918243169785,0.07272801548242569,0.07279084170205606,-0.022629822997610627,-0.022083323647915404,
0.23061981201171877,-0.10161159038543702,0.2072518825531006,-0.4029620289802551,-0.023696625605225563,-0.07640901207923889,0.04628878187746187,-0.026742481740436107,-0.018203958833355058,
0.39081132411956787,-0.052527451515197755,0.5074531555175782,-0.30788716673851013,-0.03175268694758415,-0.08473139256238937,0.01946663682626214,-0.029387806674683253,-0.0157659642228514,
0.20478315353393556,0.1049346923828125,0.638185214996338,-0.257087379693985,-0.02729189395904541,-0.087860606610775,-0.019205852202862195,-0.032311323864503944,-0.023523691015540117,
0.15013182163238525,0.17162729501724244,0.7452750682830811,-0.12199854850769043,-0.06990247219800949,-0.109565369784832,-0.03419743470907559,-0.03374056678977383,-0.028040194353743036,
0.13268877267837526,0.21133213043212892,0.9244526863098145,0.02574031613767147,-0.04713244363665581,-0.11329379677772522,-0.046394937370955874,-0.03591652923654223,-0.03270162838208574,
0.14168884754180908,0.19279500246047976,1.0123186111450195,0.16089574992656708,0.04794240742921829,-0.1419893503189087,-0.05366646019847829,-0.044069819448544,-0.04335969509419621,
0.16680980920791627,0.16829954385757448,0.9328438758850098,0.3050396740436554,0.04887446016073227,-0.1765432357788086,-0.04861893119504431,-0.045508947270216864,-0.049713974796502455,
0.132687246799469,0.10009961128234864,0.8208221435546875,0.3676239848136902,0.07197737693786621,-0.19298824667930603,-0.03832146361103088,-0.04399243129937158,-0.05754208903355418,
0.02967767715454102,-0.010104052722454071,0.32550451755523685,0.3756134510040283,0.09714425355195999,-0.16382662951946259,-0.00331229626197138,-0.039694987988489305,-0.0765050696683782,
-0.04198384582996369,-0.05581360459327698,0.11999591588974,0.3580365777015686,0.08729055523872375,-0.13879291713237762,0.016960561744529135,-0.03476828762592505,-0.08604686360950338,
-0.06786882281303407,-0.07647745609283448,-0.028460124135017396,0.35157841444015503,0.07024632394313812,-0.12334658205509186,0.031353087774987166,-0.024901105985129887,-0.09337994965735198,
-0.07752133011817933,-0.09858455657958985,-0.11385633945465089,0.31982022523880005,0.044080767780542374,-0.09511707723140717,0.050196142028935894,-0.019550464485285215,-0.10000893684292222,
-0.15336279869079592,-0.10880954265594484,-0.29560155868530275,0.25537171959877014,0.0109909912571311,-0.06502334773540497,0.08594913166123316,-0.010154022427565537,-0.11047211381266611,
-0.1361926794052124,-0.10711101293563843,-0.33517901897430424,0.1859963834285736,0.024972587823867798,-0.04857833310961723,0.10111836597926116,-0.007945647010998475,-0.11410336467913741,
-0.1316612720489502,-0.11460628509521485,-0.38916475772857667,0.14125527441501617,0.016650209203362465,-0.037393055856227875,0.11430168616066641,-0.006314195626138482,-0.11707529743230431,
-0.14267773628234864,-0.11636573076248169,-0.36007480621337895,0.10576865077018738,-0.024562209844589233,-0.016886714845895767,0.1327805144341173,-0.002490124939460432,-0.12105228976280008,
-0.1488094210624695,-0.12047672271728516,-0.35249075889587406,0.049908846616744995,-0.022697996348142624,-0.013690922409296036,0.13939903488608854,-0.0016973028423734374,-0.1224925831600945,
-0.12710787057876588,-0.11887265443801881,-0.38269450664520266,-0.008214643225073814,-0.0023913937620818615,0.00575015414506197,0.14470337010757892,-0.002440208270593807,-0.1239569062075831,
-0.10911867618560792,-0.11562376022338867,-0.394895076751709,-0.05375470221042633,0.014519679360091686,0.02552412450313568,0.14837881724616392,-0.0037492898615870867,-0.12590989849517295,
