-0.09257761240005494,-0.026713791489601138,-0.4015664100646973,-0.018447794020175934,0.01471745502203703,0.009792937897145748,0.08079169862414819,-0.01923412659429124,-0.24925344064892754,
-0.09236070513725281,-0.033934670686721805,-0.4621580600738526,-0.09521341323852539,0.0014016492059454322,0.024307165294885635,0.08295008280647558,-0.018533703744478307,-0.24874005006313896,
-0.08964760303497316,-0.03137535452842712,-0.46716084480285647,-0.13576003909111023,0.00792639423161745,0.0312979631125927,0.0803626469393379,-0.018359965810416178,-0.24791078540588585,
-0.06826978325843812,-0.016764603555202484,-0.43198409080505373,-0.18449588119983673,0.015915878117084503,0.03702376037836075,0.07532736509205347,-0.01862602722286095,-0.24670854470934,
-0.06414969563484192,-0.022855022549629213,-0.39725513458251954,-0.24048884212970734,-0.014377580024302006,0.0385550782084465,0.059760340270976674,-0.018199235568343523,-0.2432097582825776,
-0.05019813179969788,-0.014831534028053284,-0.3401728868484497,-0.2728462517261505,-0.012047314085066319,0.03149770200252533,0.04890415915395672,-0.018329494791594653,-0.2411546727713908,
-0.027762782573699952,-0.022640872001647952,-0.2760068655014038,-0.32118263840675354,0.009257975034415722,0.04235008358955383,0.03647196368695828,-0.01927534066556216,-0.23930571424449676,
-0.08886224627494813,-0.0227499857544899,-0.08980478644371033,-0.3143250048160553,0.0032658621203154325,0.07244379818439484,0.006604707419334242,-0.019902368001843005,-0.23581818393114734,
-0.06900172829627992,-0.008013564348220826,0.055831378698349005,-0.29668155312538147,-0.03355234116315842,0.04960719868540764,-0.010742231147005583,-0.015925838618371727,-0.2328464323902638,
-0.022011753916740418,0.0075395993888378145,0.11783887147903443,-0.28043627738952637,-0.02802628092467785,0.041218239814043045,-0.02665435703367276,-0.016092592221103836,-0.22915864555261634,
-0.024785313010215762,0.019022108614444734,0.2084356784820557,-0.26285940408706665,0.0024003346916288137,0.07450775057077408,-0.041948790546372475,-0.017414515220553928,-0.22630313557855977,
-0.11508290767669678,0.08400928378105164,0.43239398002624513,-0.19142010807991028,0.0016679653199389577,0.11671885848045349,-0.07034307514243339,-0.01829729640224193,-0.22069454873112299,
-0.08824152350425721,0.13259278535842897,0.5962909698486328,-0.08655799925327301,-0.05585633963346481,0.11398937553167343,-0.08275560581927736,-0.016585452271426635,-0.21588749114666786,
-0.03134000599384308,0.20067617893218995,0.7729767799377442,0.05805164575576782,-0.08608321845531464,0.10766436904668808,-0.09255402730941895,-0.01502474408172988,-0.21014872111859642,
0.2238952159881592,0.28569507598876953,0.9724533081054688,0.1951378732919693,0.05320011079311371,0.04707745090126991,-0.09780274616908399,-0.01790599751335858,-0.19713801273656512,
0.3346545696258545,0.26013751029968263,0.8531637191772461,0.2932087779045105,0.07836697995662689,0.027702953666448593,-0.09159805960764349,-0.017910865691392497,-0.19262382295008906,
0.2621431112289429,0.22606396675109863,0.7404384136199952,0.3210388123989105,0.09208226203918457,-0.001724977046251297,-0.08099855258697897,-0.0144422050425077,-0.19125042928962524,
0.16237637996673585,0.1270151376724243,0.4334856986999512,0.36318331956863403,0.07224170863628387,0.0038676606491208076,-0.0506270641463822,-0.00575255896427894,-0.19116147212757847,
0.10010753870010376,0.0644724726676941,0.34444258213043216,0.3767654299736023,0.06857986748218536,0.011657406575977802,-0.033167332874988846,-0.0016476744069432686,-0.19187830629808644,
0.08462287783622742,0.023637604713439942,0.23281095027923585,0.39807072281837463,0.0687796026468277,0.004866346716880798,-0.014578699758732213,0.0020687585366351425,-0.1918941787213983,
0.1079195261001587,-0.013530251383781434,0.1635942816734314,0.3846883475780487,0.06778091937303543,-0.0021910304203629494,0.004566647946502577,0.005627011589149724,-0.19136580598644656,
0.08200183510780334,-0.062037217617034915,-0.07583706974983216,0.37656569480895996,0.007060843985527754,-0.020233947783708572,0.04313662620199521,0.010469016836742845,-0.19045140292985402,
0.054310524463653566,-0.07720160484313965,-0.16584607362747195,0.3394145965576172,0.011255322955548763,-0.003655768930912018,0.06246207500845943,0.012817667772616018,-0.19072354792487112,
0.010707201063632966,-0.09394497871398927,-0.2950640439987183,0.2671763598918915,0.033026665449142456,0.009793194942176342,0.08159943205070032,0.013578722140710148,-0.19155850608988986,
0.012112027406692505,-0.1201366424560547,-0.5115074157714844,0.1830204874277115,-0.008851544000208378,-0.009647881612181664,0.11416185828466492,0.01534772964414065,-0.19099467910366022,
0.04012844562530518,-0.13061472177505493,-0.5214672088623047,0.15752071142196655,-0.06870609521865845,-0.008782354183495045,0.12550114092514458,0.016479307763734276,-0.19024836033177725,
0.008304250240325928,-0.13431210517883302,-0.5016239643096924,0.08474984019994736,-0.030756043270230293,0.017849255353212357,0.13467663569915825,0.015915026848037882,-0.19113981293092352,
-0.015339396893978119,-0.12948118448257448,-0.6270936965942383,-0.01911344565451145,0.006994265131652355,0.022310052067041397,0.14860389380334268,0.01084477406990259,-0.19367675727418762,
0.011597024649381638,-0.124703848361969,-0.5904919147491455,-0.060658760368824005,-0.03195446729660034,-0.00691814161837101,0.15009549505307643,0.010322267292647786,-0.19254149282882213,
0.03159871101379395,-0.1162241816520691,-0.5219938278198243,-0.11392197757959366,-0.039544478058815,0.005731874145567417,0.14874589871274185,0.009846146808837344,-0.19181234165008887,
0.004143651574850082,-0.10621213912963867,-0.5298991680145264,-0.15420229732990265,-0.026628144085407257,0.041617970913648605,0.14580280453264444,0.008595074022768547,-0.1926817734346578,
-0.058138424158096315,-0.054883247613906866,-0.4784551620483399,-0.2273726463317871,-0.004457327537238598,0.05326930060982704,0.13364531827773035,0.004688724620910584,-0.19302566632278126,
-0.01612093597650528,-0.04867683053016663,-0.46592559814453127,-0.2833644449710846,-0.02309964783489704,0.017385389655828476,0.1241160306885596,0.003078634180731768,-0.1907961254606186,
0.03815528452396393,-0.06266857981681824,-0.4020731449127197,-0.325442373752594,-0.027493862435221672,-0.000857264269143343,0.11190065822342714,0.00188974847383504,-0.18864971817277235,
0.03799352049827576,-0.07731585502624512,-0.24681627750396729,-0.3078655004501343,-0.05126257613301277,0.02584092505276203,0.08182240944765429,-0.000728139543305202,-0.18803060009704914,
-0.028190729022026063,-0.05827323198318482,-0.11130236387252808,-0.3416876494884491,-0.05252757668495178,0.04834463447332382,0.06522048855416523,-0.002506653977627091,-0.18833696719569157,
-0.002059253863990307,-0.03890528976917267,-0.1215641736984253,-0.3801037669181824,-0.019437801092863083,0.008596958592534065,0.04943235237446856,-0.005428079551324309,-0.18725702245463202,
0.1435369610786438,-0.04177511930465699,-0.095555579662323,-0.35287293791770935,-0.03308650106191635,0.0151217021048069,0.0322406914077909,-0.008441658315221295,-0.18519077736986822,
0.07799112200737,0.03290160596370697,0.14325151443481446,-0.33716028928756714,-0.05006415396928787,-0.004519110545516014,-0.006729879649861541,-0.0197543706459873,-0.18366405573629566,
0.13002216815948486,0.06147726178169251,0.2025904417037964,-0.2894897162914276,-0.0760965570807457,-0.004852005746215582,-0.024385872971950627,-0.021853634401470937,-0.1828273690753469,
0.11606978178024292,0.07966322302818299,0.3506834983825684,-0.27830442786216736,-0.03741413727402687,0.0004743160679936409,-0.04148364305000646,-0.02446652387992343,-0.18279260644650913,
0.16498076915740967,0.20942611694335939,0.5343236446380616,-0.19028696417808533,0.016048822551965714,-0.06530576199293137,-0.07108393112215662,-0.03090011342861499,-0.18195143776714026,
0.24485764503479004,0.25548272132873534,0.7414636611938477,-0.055997058749198914,0.013585397973656654,-0.13208453357219696,-0.08420580669056431,-0.031617240359029505,-0.1825506571517088,
0.23150835037231446,0.2646997928619385,0.8672039985656739,0.05885176360607147,0.021175406873226166,-0.12882214784622192,-0.09280555072088384,-0.03187049959172636,-0.18646450358363112,
0.039431399106979376,0.23008100986480715,0.8129847526550293,0.16923978924751282,0.044278331100940704,-0.1118445098400116,-0.09367738372324919,-0.03428941465644992,-0.19958778770465915,
0.00017701056785881521,0.18716018199920656,0.7191361904144288,0.24587225914001465,0.024171462282538414,-0.1100468710064888,-0.08749904598753372,-0.034332761442656116,-0.2060589814843786,
-0.013918179273605348,0.14019393920898438,0.5863966941833496,0.29520732164382935,0.008392233401536942,-0.10259002447128296,-0.07787313767681729,-0.033747800390802135,-0.21212035509625488,
-0.06593260765075684,0.07287797927856446,0.2612426280975342,0.2974044382572174,0.05066991597414017,-0.0643070787191391,-0.0502026177980524,-0.03407214751566346,-0.22346514235048906,
-0.07355526089668274,0.044472607970237735,0.09236435890197754,0.28315651416778564,0.054331764578819275,-0.054120488464832306,-0.03419796151228459,-0.033694983481149104,-0.22805742075069385,
-0.06392295956611634,0.011305395513772964,-0.03300629258155823,0.25792306661605835,0.0183790884912014,-0.0661047101020813,-0.01787284341059908,-0.029177315160636482,-0.2317764186463475,
-0.04028306603431702,-0.00831073522567749,-0.22197957038879396,0.22609828412532806,0.0012016980908811092,-0.07043235003948212,0.010766640907846917,-0.0248817161459624,-0.23774783486947507,
-0.06468774676322937,-0.010411648452281952,-0.2709368705749512,0.16517888009548187,0.03402509167790413,-0.047328658401966095,0.02353190720037832,-0.024319418589762984,-0.24135140002445193,
-0.08950253725051881,-0.0059106208384037025,-0.3416319847106934,0.12250173091888428,0.047008004039525986,-0.027621261775493622,0.034827722985012965,-0.023783994708038474,-0.24478938616703186,
-0.1100653886795044,0.00118605587631464,-0.3552074193954468,0.09906591475009918,0.027700085192918777,-0.03687574714422226,0.04377869457046006,-0.02200910194118023,-0.24716103189653674,
-0.06766771078109741,0.00030468713957816363,-0.36483349800109866,0.05878559872508049,-0.035749729722738266,-0.04499839246273041,0.05627513553822431,-0.017309428086559747,-0.24967841117960068,
-0.08093709349632264,-0.01618720442056656,-0.3927883386611939,-0.007860006764531136,-0.026095770299434662,-0.03694232553243637,0.06084498199500017,-0.016613720643804272,-0.25174185313801906,
-0.09614930748939515,-0.02603936195373535,-0.4389772415161133,-0.0687132403254509,-0.0037917965091764927,-0.004318602383136749,0.06372843167588414,-0.017953093030756793,-0.2543854297250999,
-0.17253555059432985,-0.06940829157829286,-0.45808162689208987,-0.1402857005596161,-0.03528367727994919,0.04681409150362015,0.06192385253642954,-0.01955263489989175,-0.2577819358344518,
