-0.19384558200836183,-0.02302294224500656,-0.5056807994842529,0.12723992764949799,0.03668035939335823,0.0123439347371459,0.03229109909184507,-0.005799992439271781,-0.259618074297959,
-0.1513056516647339,-0.012744897603988649,-0.5456801414489746,0.06685275584459305,0.00019505298405420035,0.010146827436983585,0.039931175870582786,-0.003466442514985234,-0.2591258624737378,
-0.08699969053268433,0.002322671562433243,-0.5687382698059082,0.0004734629765152931,0.03415035828948021,-0.011158461682498455,0.04766765847274934,-0.002698662075244689,-0.2581086801890785,
-0.11445761919021608,-0.011954592913389206,-0.6370343685150147,-0.09520059823989868,0.05785249173641205,0.0008257636800408363,0.047930740149460124,-0.001175287815844155,-0.2584215104015693,
-0.12848795652389527,-0.03360599875450134,-0.6278281211853027,-0.15412305295467377,0.04114115610718727,0.020000524818897247,0.044308111570252905,0.0016270924450354786,-0.25819494402952353,
-0.11980330944061279,-0.04759751558303833,-0.5878437519073486,-0.20525574684143066,0.04000931233167648,0.02825632318854332,0.037686006603554284,0.004154846952965233,-0.25722820330977175,
-0.09647082686424256,-0.043950554728508,-0.6275513648986817,-0.326429545879364,0.029423248022794724,0.020333420485258102,0.017576943026194128,0.007920100188776598,-0.2543663515331405,
-0.14654784202575685,-0.014797788858413697,-0.5604294776916504,-0.4251662492752075,-0.02650313638150692,0.034914225339889526,0.0020169294447537605,0.009677298716440791,-0.2532762638954415,
-0.19229170083999636,0.0016994897276163103,-0.41463418006896974,-0.5561272501945496,-0.10380139201879501,0.06853663921356201,-0.017817879415543667,0.009535230391812784,-0.2518563203802807,
-0.21275784969329836,-0.01765807271003723,0.5271882057189942,-0.529697597026825,-0.22996826469898224,0.14256827533245087,-0.0716347435026206,0.002716217248410251,-0.24449308758286384,
0.05639896392822266,-0.03201664984226227,1.528149700164795,-0.12283316999673843,-0.33962395787239075,0.09236767888069153,-0.09906241088508355,-0.00622761921071153,-0.23510363436788922,
0.4009819030761719,0.010421772301197053,2.0254030227661133,0.21059460937976837,0.0256951916962862,0.07978424429893494,-0.11289935120604898,-0.019865692150229763,-0.22388116514222675,
0.32680017948150636,0.19370683431625368,1.388475227355957,0.35420554876327515,0.25865522027015686,0.14323405921459198,-0.09962870719143276,-0.022391023244756447,-0.21409525725147616,
0.3630609273910523,0.19876952171325685,0.9892241477966309,0.5014117956161499,0.05891812592744827,0.037306830286979675,-0.08218325025967906,-0.008199104108579054,-0.21088380274098953,
0.34497683048248295,0.15604300498962403,0.5326159477233887,0.4823036193847656,-0.003066947450861335,-0.022281402722001076,-0.05893642189764125,-0.00036625084341413143,-0.20840106965697006,
0.06764270663261414,0.039391452074050905,-0.13367286920547486,0.4074021875858307,0.09533685445785522,-0.009231912903487682,-0.008542792391968788,-1.7429675748600805e-05,-0.20955464356363943,
0.021697317063808442,-0.04562110006809235,-0.2078096389770508,0.38616350293159485,0.030888356268405914,0.007279685698449612,0.01238466602549911,0.004497284669766045,-0.2101175301040194,
0.017695875465869905,-0.1009445071220398,-0.3391626596450806,0.36745479702949524,-0.0023345781955868006,0.013005482964217663,0.03245492786521291,0.007703315330766353,-0.20961216668637558,
-0.01399427205324173,-0.11802922487258911,-0.46866650581359864,0.2842975854873657,0.024829665198922157,0.036707617342472076,0.05192460430803394,0.008099983720787214,-0.20921190572145226,
-0.0054295677691698074,-0.10271039009094239,-0.6888267040252686,0.1818324625492096,0.010581753216683865,0.044763680547475815,0.08303051935388965,0.0089563775978413,-0.20584754080621975,
0.016172267496585846,-0.05874360799789429,-0.6401181697845459,0.11252369731664658,0.0009943732293322682,0.02558891847729683,0.09288556898642726,0.009106930331868409,-0.20334128555376033,
0.014222548902034761,-0.01999461203813553,-0.6466950416564942,0.05559862405061722,-0.0015356299700215459,0.0052823154255747795,0.1006107098892199,0.008764013355565297,-0.20158390170107704,
0.03824775815010071,0.014875735342502595,-0.48642492294311523,0.019246477633714676,0.029556775465607643,-0.003439537715166807,0.10778763298379056,0.008498151241656057,-0.20060284539501574,
0.044703042507171636,0.011694524437189102,-0.48017530441284184,-0.03701280429959297,0.059117864817380905,0.006946790963411331,0.10922888427389088,0.009668051423754575,-0.20042541208001813,
0.07156871557235718,0.007421293109655381,-0.45418686866760255,-0.09034260362386703,0.04134126380085945,-0.009964282624423504,0.10846449330496331,0.011912355298913473,-0.19930139956674459,
0.00985005721449852,0.06742337942123414,-0.40634679794311523,-0.10738683491945267,-0.005929845850914717,-0.014291919767856598,0.10061459519248224,0.016488289622808346,-0.19822907491634453,
0.0037142444401979447,0.06933990716934205,-0.43216996192932133,-0.16011741757392883,-0.002933789510279894,-0.023546405136585236,0.09513002389375771,0.016660579830408327,-0.19892070282285054,
-0.022581082582473756,0.028791961073875428,-0.4948108196258545,-0.23362067341804504,-0.006595635786652565,0.005415473133325577,0.08807770001454165,0.016619926039427416,-0.20013137871997685,
-0.029134002327919007,-0.015249924361705781,-0.4457228183746338,-0.2618502080440521,-0.02816724218428135,0.02072865143418312,0.07782427284661646,0.016748448094200643,-0.20073964075973755,
0.03562425076961517,-0.04609140753746033,-0.37707870006561284,-0.2966700494289398,-0.057062696665525436,0.020996766164898872,0.05187407998337689,0.014072838263132825,-0.19961987011160068,
0.032091724872589114,0.017896480858325958,-0.35866212844848633,-0.35159775614738464,-0.018113965168595314,0.011076491326093674,0.03718538303671261,0.011217297457208175,-0.19895548179880404,
0.07567766904830933,0.054279673099517825,-0.31615250110626225,-0.3974706828594208,-0.024971604347229004,-0.01728617399930954,0.020615962745017962,0.009322079344453844,-0.19830050379052194,
0.11544792652130127,0.001930135488510132,-0.1886576533317566,-0.4373515248298645,-0.08196325600147247,-0.00949642900377512,0.001644171833038493,0.00872504059913281,-0.19852718924325571,
0.16210724115371705,-0.0706587553024292,0.1592708468437195,-0.48642027378082275,-0.07923351228237152,-0.008497743867337704,-0.04374367966230042,-0.0006286291477277514,-0.19982228178204015,
0.10868316888809204,-0.05028390884399414,0.47982583045959476,-0.3824238181114197,-0.12197724729776382,0.011276228353381157,-0.06872041812414831,-0.004986318503249356,-0.19998175087924702,
0.13566381931304933,0.012591902911663056,0.7511658668518066,-0.2441391944885254,-0.13049936294555664,-0.001906419638544321,-0.09136668978924492,-0.009603312635479937,-0.19896993830098947,
0.2752995491027832,0.2552051544189453,0.9755468368530273,-0.1580525040626526,-7.104901305865496e-05,-0.07893835753202438,-0.12031355440636027,-0.021555313410793864,-0.19544343727547178,
0.28057496547698973,0.3114032745361328,1.0820120811462404,0.01125795766711235,0.053059015423059464,-0.15170922875404358,-0.12841810565584705,-0.02379207531496417,-0.19852061031421558,
0.17330188751220704,0.25947787761688235,1.1672882080078126,0.18016895651817322,0.03721320629119873,-0.15650291740894318,-0.13084788212275894,-0.02426864179032311,-0.2059303253596994,
0.07282408475875855,0.1724587082862854,0.9351837158203126,0.2510756254196167,0.028957407921552658,-0.12980473041534424,-0.12471794454061866,-0.02535087120093051,-0.2142099609741868,
-0.028280434012413026,0.09703093171119691,0.4965411186218262,0.31026437878608704,0.018304763361811638,-0.10124233365058899,-0.09974389264642643,-0.027237709996085612,-0.22838857720971117,
-0.025072562694549563,0.1071560263633728,0.2817548751831055,0.3210501968860626,0.021101083606481552,-0.09904522448778152,-0.08378478897655973,-0.02779523494902588,-0.23373585032762115,
-0.030663332343101504,0.1203582525253296,0.12551038265228273,0.3167225420475006,0.007918434217572212,-0.11009734123945236,-0.06712546534926703,-0.027929213940793687,-0.23892328204860214,
-0.030392110347747803,0.08682326674461366,-0.11451953649520874,0.27537697553634644,0.02909056656062603,-0.12814025580883026,-0.029311061549001618,-0.02699745822721586,-0.25040474595909484,
-0.06131569147109986,0.044096013903617864,-0.19715790748596193,0.24661482870578766,0.0605158694088459,-0.1169549822807312,-0.014186554489056933,-0.026221288783529605,-0.25693962308938645,
-0.10912108421325684,-0.0017413344234228135,-0.2399009943008423,0.2197169065475464,0.05891796946525574,-0.07647493481636047,-0.0006325488445255192,-0.023967814072023603,-0.2633871170727163,
-0.18815429210662843,-0.05265797376632691,-0.41866445541381836,0.1530047208070755,0.028757670894265175,-0.040788572281599045,0.022927542053736642,-0.0177049102332399,-0.27214179619297335,
-0.18894258737564087,-0.05014460682868958,-0.4911037921905518,0.09008752554655075,0.04640111327171326,-0.021480653434991837,0.03145328125726584,-0.016021372433863548,-0.27429980664841175,
-0.20510215759277345,-0.04612447619438172,-0.5795909404754639,0.0022012812551110983,0.03348509594798088,0.023323429748415947,0.03767462390428247,-0.01399866021553603,-0.2757525410103858,
