-0.16359724998474123,-0.05859935879707337,-0.5869592189788818,0.0049398355185985565,0.0667065903544426,0.0036990754306316376,0.08588984478829745,-0.004088038193018761,-0.2151132891966433,
-0.12737463712692262,-0.09285435080528259,-0.5449296951293946,-0.06902946531772614,0.02562732808291912,0.025936469435691833,0.09076702628187484,0.0011308524290327446,-0.21394053107829833,
-0.09852332472801209,-0.08664212822914125,-0.5051378726959229,-0.09852397441864014,-0.01625088043510914,0.013153296895325184,0.08808823909458277,0.0027973815529224815,-0.2124217703431621,
-0.10067209005355836,-0.0656059205532074,-0.5017388343811036,-0.18973642587661743,-0.030099453404545784,0.010891154408454895,0.08387697229999637,0.002654013585109216,-0.2116513756777652,
-0.1267227292060852,-0.055851823091506964,-0.5504409313201905,-0.2946649491786957,-0.03808893635869026,0.021610377356410027,0.07801732785966803,0.001397194095096443,-0.21162680879028875,
-0.14323294162750244,-0.028306588530540466,-0.539900827407837,-0.4288882613182068,-0.08416162431240082,0.06195726990699768,0.053551189002744595,-0.0024356775615949795,-0.2110942693361116,
-0.1441660165786743,-0.018973013758659365,-0.4363409042358399,-0.5482644438743591,-0.08476083725690842,0.08892177790403366,0.03399725309020082,-0.006442181831079788,-0.20945570192940965,
-0.17194571495056155,-0.010818634927272797,-0.3365097284317017,-0.6465350985527039,-0.14082038402557373,0.11914864927530289,0.010539362839195661,-0.010778572060120308,-0.20667940703873652,
-0.19324381351470948,-0.06298110485076905,0.49015135765075685,-0.4139080047607422,-0.3301045298576355,0.1596287041902542,-0.05109399603154773,-0.021643006259808507,-0.19581875043809677,
-0.058974999189376834,-0.0554990828037262,1.0799501419067383,-0.15271848440170288,-0.33529770374298096,0.18379688262939453,-0.07872948985931563,-0.033059897492767346,-0.1862768184739493,
0.19912554025650026,-0.07030155658721925,1.4417574882507325,0.12165369838476181,0.0037226935382932425,0.14617973566055298,-0.09625245627045048,-0.04840111177257724,-0.17320194410354942,
0.4259026050567627,0.054867058992385864,1.6386838912963868,0.3936956226825714,0.2330208569765091,0.11994760483503342,-0.09972574700468544,-0.05747530106784833,-0.1530163329225971,
0.3943947792053223,0.04051972329616547,1.2337153434753418,0.5307818651199341,0.19487108290195465,0.07161123305559158,-0.08393133631899691,-0.046146812228307146,-0.1497487622579262,
0.3879188299179077,0.03076509237289429,0.8710760116577149,0.6156700849533081,0.11311203241348267,-0.00042728055268526077,-0.061764417427273004,-0.03367693901770318,-0.14712690006241047,
0.27344322204589844,-0.05263558030128479,0.08684054017066956,0.5873074531555176,0.13395127654075623,-0.007884131744503975,-0.0026986126736032886,-0.01806106416688538,-0.1457256439065147,
0.1547356128692627,-0.10084142684936524,-0.23467803001403809,0.4760538935661316,0.142806276679039,0.03865461051464081,0.02781291413428496,-0.012882049118850393,-0.14614596643085548,
0.08895265460014344,-0.13511133193969727,-0.4359292507171631,0.39030009508132935,0.05279143899679184,0.018414584919810295,0.05554431173993657,-0.005398075068230323,-0.14441792110787563,
0.0608772873878479,-0.13761881589889527,-0.5624934673309326,0.33843502402305603,-0.011057850904762745,-0.023729940876364708,0.09893838350858063,0.003258694081525145,-0.13940479962993074,
0.04121588468551636,-0.13655166625976564,-0.6380299091339112,0.2546786069869995,-0.016384173184633255,-0.012411505915224552,0.1171259874157709,0.003498807543949534,-0.13997499602478022,
0.009941014647483827,-0.12426328659057617,-0.6673316478729249,0.15627479553222656,0.0010595322819426656,0.006230621598660946,0.1324508290536048,0.0032840325031136455,-0.14143637985270235,
0.008867097645998,-0.08880380392074586,-0.6635085105895997,0.09175971150398254,0.037478260695934296,-0.011479400098323822,0.14425339570449272,0.0027343080965929936,-0.14195973252058045,
0.009523110836744309,-0.06726027131080628,-0.5756007194519043,0.03902912139892578,0.04839722067117691,-0.013609929010272026,0.1573032893151915,0.004417270258249879,-0.14136476443500343,
-0.02106665372848511,-0.054376262426376346,-0.5107175350189209,0.010735171847045422,-0.014187414199113846,-0.005616459064185619,0.159982346404483,0.007229505895973438,-0.1409130051150957,
-0.01520424634218216,-0.04641906917095184,-0.49903173446655275,-0.03087672032415867,-0.048542194068431854,-0.008213041350245476,0.16142247295218043,0.008750509574034941,-0.14074124976344307,
-0.00016272683860734107,-0.03388968408107758,-0.5057046413421631,-0.10098443925380707,-0.0017371362773701549,0.0025727618485689163,0.16167181550665527,0.0077526088460913535,-0.14191756545291287,
-0.03508551120758057,0.0011554165743291379,-0.5409842014312745,-0.18214428424835205,0.01370919868350029,0.0235451553016901,0.1552889404046534,0.00553746552514456,-0.14400057859886767,
-0.011607538908720016,-0.007750795781612397,-0.4974232196807862,-0.2335432916879654,-0.0163179449737072,0.0017738128080964088,0.14747229373728613,0.0059948603008279635,-0.14298246608798468,
0.04918837547302246,-0.02883744537830353,-0.4757666110992432,-0.2619059681892395,-0.03442744165658951,-0.025057535618543625,0.13756635961105498,0.005812821161259044,-0.14221322916728532,
0.0745427131652832,-0.0676597535610199,-0.3977294206619263,-0.32116129994392395,-0.04055270925164223,-0.03584333881735802,0.11226706470579081,0.0038987511933454284,-0.1448170430023785,
0.016429537534713747,-0.0701040804386139,-0.3992611885070801,-0.36084237694740295,-0.086758553981781,0.0037046046927571297,0.09737654702053049,0.0027438864745460523,-0.14748523793928073,
-0.0272541880607605,-0.07432652115821839,-0.3321534156799317,-0.3809492588043213,-0.11312384903430939,0.041920967400074005,0.08008764213402197,0.0005154931003257524,-0.14976798442272726,
0.11781660318374634,-0.07423643469810486,-0.29520688056945804,-0.5181686282157898,-0.02197716198861599,-0.009278305806219578,0.042233036574602985,-0.01015279500373337,-0.14986608328832035,
0.15834096670150757,-0.0560403048992157,-0.229732084274292,-0.5598470568656921,-0.03635823354125023,-0.047627829015254974,0.018494746570925525,-0.013102009974311848,-0.14966478465913258,
0.09661554098129273,-0.08873412609100342,0.05220867991447449,-0.4882746636867523,-0.15014179050922394,-0.021262530237436295,-0.014279792101985215,-0.01794610637176614,-0.1516503821511656,
0.11989381313323975,-0.120270574092865,0.49258270263671877,-0.4398716986179352,-0.18309840559959412,0.012093562632799149,-0.0671743740773178,-0.028098130535270573,-0.15435513798224654,
0.1424103021621704,-0.03868036270141602,0.7212680339813233,-0.31024232506752014,-0.11791753768920898,0.01841857098042965,-0.09072660476483202,-0.037384676121871165,-0.15230854915692546,
0.1913909435272217,0.05902888178825379,0.983806324005127,-0.12029235064983368,-0.039221130311489105,-0.02592306211590767,-0.11128112264530786,-0.04463182429144652,-0.14930887396263112,
0.2725071430206299,0.15045367479324342,1.1066046714782716,-0.0196248646825552,0.03701185807585716,-0.0863102376461029,-0.12527964708038378,-0.049322691916400416,-0.14714996303106098,
0.24800701141357423,0.2651059627532959,1.0329369544982911,0.14103032648563385,0.06018136069178581,-0.1789882481098175,-0.13267164872608955,-0.052208839758708485,-0.1524912247441799,
0.1493117690086365,0.2204138517379761,0.9512969970703126,0.2484888732433319,0.06663952767848969,-0.1909724771976471,-0.12794145508585014,-0.052272941484156496,-0.16088853920844481,
0.05124281644821167,0.15703833103179932,0.7719641208648682,0.3193289637565613,0.07243190705776215,-0.15741664171218872,-0.11768656752785712,-0.053043554204673146,-0.17116885661336534,
-0.07384398579597473,0.06799991726875305,0.3848901748657227,0.35914111137390137,0.04926275089383125,-0.11008293926715851,-0.08580067658099981,-0.05204589038705367,-0.19051117205830106,
-0.08968151807785035,0.07224587798118591,0.16560118198394777,0.35128477215766907,0.021299557760357857,-0.11074873059988022,-0.06673756967414186,-0.05072367980560364,-0.19744193936684554,
-0.08559051752090455,0.0823382318019867,-0.002456877939403057,0.331710547208786,0.0031900613103061914,-0.11514294892549515,-0.04522771923829643,-0.04788326055063271,-0.20341305589011746,
-0.160321843624115,0.04365890324115754,-0.20290868282318117,0.28810128569602966,-0.03562551364302635,-0.09064186364412308,-0.0085767941991771,-0.04746975048085524,-0.21512898844606487,
-0.16842989921569826,-0.0018006693571805954,-0.24108796119689943,0.25920599699020386,-0.041351307183504105,-0.05881708860397339,0.008009616106562452,-0.0481971485682182,-0.22085241255129084,
-0.1359351634979248,-0.06261269450187683,-0.33838117122650146,0.17844560742378235,0.01903587020933628,-0.04250522702932358,0.037309610838191544,-0.051575623732359806,-0.2289864054553556,
-0.13587725162506104,-0.06225091218948364,-0.42516818046569826,0.11386395245790482,0.010846649296581745,-0.028723368421196938,0.049277074471747326,-0.05195872119807779,-0.23153204098056884,
-0.16895977258682252,-0.07706503868103028,-0.515615701675415,0.023050157353281975,0.006252696737647057,-0.01820388063788414,0.06459022614230991,-0.04967963162596934,-0.23486842966964466,
-0.1799733877182007,-0.08218307495117189,-0.5921154499053956,-0.12562081217765808,0.05572091415524483,-0.010280977003276348,0.06849505709076104,-0.04951721960268127,-0.2359393087048246,
-0.21167476177215577,-0.09827205538749695,-0.6382701396942139,-0.24879202246665955,0.06617382168769836,0.004965620115399361,0.0625832330814276,-0.04596418303523248,-0.23697377502794434,
