-0.25469493865966797,-0.1252726197242737,-0.33929166793823246,0.07281485944986343,-0.006852651014924049,0.03198756277561188,0.08718640205449406,-0.011781234752256602,-0.11029198910765206,
-0.2319612741470337,-0.14305927753448486,-0.3338658332824707,0.014824523590505123,-0.03461610525846481,0.07506419718265533,0.09546941505078041,-0.011865501640273078,-0.10816424469096697,
-0.1670626401901245,-0.13744254112243653,-0.37740957736968994,-0.06780005246400833,0.0076615773141384125,0.0495644249022007,0.09798360070413017,-0.015271915313824515,-0.10544259031494103,
-0.10931917428970338,-0.13095216751098634,-0.41958084106445315,-0.11660248041152954,0.011523161083459854,0.04889863729476929,0.09821793977653222,-0.017870686637755248,-0.10264002033858981,
-0.1373181700706482,-0.13017086982727052,-0.385714054107666,-0.17485912144184113,-0.016639767214655876,0.06927181780338287,0.09015705278051565,-0.018721352384353112,-0.09791551316933284,
-0.1800220847129822,-0.12981330156326296,-0.3817306995391846,-0.2372436672449112,-0.012312131002545357,0.11854030191898346,0.08262201431054932,-0.01957428689167119,-0.0954164423170536,
-0.1888054132461548,-0.11330995559692383,-0.31085464954376224,-0.31574034690856934,0.055465321987867355,0.10848686844110489,0.07230719457468629,-0.021992868197445087,-0.09176431327344885,
-0.10065529346466065,-0.08574872016906739,-0.1428524971008301,-0.30495455861091614,0.0394863523542881,0.12972557544708252,0.044139048915205814,-0.022620240875372667,-0.08050599840491594,
-0.11790629625320435,-0.04248401820659638,0.09642208218574524,-0.26840266585350037,0.00546446954831481,0.19310881197452545,0.025681141558567207,-0.01776162055796057,-0.07454749419047246,
-0.10946764945983888,0.006119353696703911,0.19957121610641482,-0.2786558270454407,0.017115799710154533,0.18818196654319763,0.010870497675345089,-0.01693654368277173,-0.06718767788110683,
0.0733113706111908,0.048414939641952516,0.49567127227783203,-0.22206366062164307,0.009525789879262447,0.17127089202404022,-0.017820424322860493,-0.015597579245218126,-0.048677836411005954,
0.12561873197555543,0.0866562843322754,0.6868991851806641,-0.04036949202418327,-0.001726065413095057,0.15562482178211212,-0.030795657693708567,-0.014188183273286829,-0.04018527019613427,
0.16143929958343506,0.13306784629821777,0.8248967170715332,0.059032998979091644,0.037222668528556824,0.1530282348394394,-0.03941667290127003,-0.01312321901299478,-0.03218108198790775,
0.1866798520088196,0.18245002031326296,0.8416048049926759,0.1479160040616989,0.09627826511859894,0.09377290308475494,-0.04202071317878226,-0.01212567648439238,-0.02454370959641605,
0.30715925693511964,0.2219731092453003,0.8482213973999024,0.30457645654678345,0.04641057178378105,-0.00855906493961811,-0.033799990245116186,-0.004690650902645818,-0.012224061572686889,
0.28271031379699707,0.17134404182434082,0.7525683879852295,0.37208759784698486,0.04175003990530968,-0.054565172642469406,-0.022326869526358366,-4.0263842696113476e-05,-0.010309585653269062,
0.24462053775787354,0.09020698666572571,0.5988804340362549,0.3980534076690674,0.0749729722738266,-0.04690858721733093,-0.006571903439000703,0.002241148686112532,-0.011075160894308864,
0.14145416021347046,-0.06820641160011291,0.25801403522491456,0.4089058041572571,0.08862167596817017,-0.030796460807323456,0.03205990139814813,0.007747919753928318,-0.015969457409271904,
0.1247987985610962,-0.11229770183563233,0.13392059803009035,0.42375293374061584,0.06285558640956879,-0.05123622342944145,0.052472039332782355,0.012868956231261986,-0.01710857026630879,
0.12377631664276123,-0.12288336753845215,-0.0022880306467413904,0.4170916974544525,0.06485350430011749,-0.06841978430747986,0.06698211664594529,0.011620588859831672,-0.01827303454279977,
0.06279924511909485,-0.161898672580719,-0.25509152412414554,0.35783636569976807,0.0372232086956501,-0.040589749813079834,0.10947871377865966,0.019386053564284186,-0.022239371033178974,
0.016404160857200624,-0.20112414360046388,-0.36995482444763184,0.28426656126976013,0.030432146042585373,-0.005569180473685265,0.12957479718775736,0.023143176160667134,-0.02386574627264011,
-0.033350718021392826,-0.22957777976989746,-0.43211321830749516,0.206369087100029,0.035492151975631714,-0.0063681285828351974,0.1471402131469574,0.02548395730618776,-0.02464765650879228,
-0.01795424669981003,-0.24973313808441164,-0.4828504085540772,0.1822674721479416,-0.0035897372290492058,-0.01781972125172615,0.16174687025761758,0.02707671567911491,-0.024215739487212555,
-0.007860139012336731,-0.24481709003448487,-0.43004484176635743,0.13093504309654236,-0.046333473175764084,0.017001111060380936,0.1825965944564416,0.029650545604877402,-0.023783019355773958,
-0.037136077880859375,-0.23748087882995605,-0.4849564075469971,0.060694169253110886,-0.016905542463064194,0.035576656460762024,0.1912476268683416,0.02867182627975987,-0.024993737781903273,
-0.021104301512241366,-0.2125717878341675,-0.5278976440429688,-0.00814854633063078,-0.021166600286960602,0.03045007400214672,0.1976857378262035,0.0263371296515154,-0.025487660338121446,
-0.009130758047103883,-0.20008485317230226,-0.5356087684631348,-0.08105257898569107,-0.03494846075773239,0.04682851582765579,0.20195180227391996,0.022730022400350772,-0.02391079812655003,
-0.03724895417690277,-0.17299840450286866,-0.505940866470337,-0.15988214313983917,-0.030154770240187645,0.08284777402877808,0.1999489318123227,0.02044197468469243,-0.023770616233862462,
-0.061609047651290896,-0.16006693840026856,-0.5171993732452392,-0.23504987359046936,-0.01850344054400921,0.08937251567840576,0.19562963681852694,0.017525189321755376,-0.02298597313267384,
0.04731167256832123,-0.1432682752609253,-0.4388465881347656,-0.28385230898857117,-0.03934267535805702,0.042700618505477905,0.17688980736782514,0.010561977594379464,-0.017753066622723978,
0.08765684366226197,-0.12481087446212769,-0.38017885684967045,-0.2863823175430298,-0.11304566264152527,0.010542944073677063,0.1636118571433037,0.007677249005146248,-0.01545063424855368,
0.07265469431877136,-0.09527929425239563,-0.2986667394638062,-0.3496323823928833,-0.07676009088754654,0.015669530257582664,0.14909843578845358,0.004537762911995913,-0.015339489523899394,
0.05713633298873902,-0.10887045860290528,-0.323467755317688,-0.4530961811542511,-0.030154770240187645,0.061941958963871,0.11785597778323197,-0.005163700629689475,-0.01885204552196866,
0.07799500226974487,-0.12463148832321168,-0.2165975332260132,-0.4483690857887268,-0.06497560441493988,0.021262168884277344,0.09702151039074802,-0.007982525505549154,-0.017977449817382054,
0.17670068740844727,-0.09493279457092285,-0.01125561222434044,-0.3851189911365509,-0.12483014911413193,-0.043718963861465454,0.07244756688139764,-0.011835599772190975,-0.015529905614613742,
0.24760227203369142,-0.11350322961807252,0.1983247756958008,-0.3732013702392578,-0.10831855237483978,-0.030802631750702858,0.049495430133742406,-0.015138281224215016,-0.015229991736456583,
0.1740879774093628,-0.003108836151659489,0.44718637466430666,-0.2913757264614105,-0.028223978355526924,-0.0247439406812191,0.010337957593522714,-0.026471576960011126,-0.02065851528117114,
0.212029767036438,0.06010484099388123,0.6265528678894043,-0.19749772548675537,-0.011779217049479485,-0.11455608904361725,-0.0077219629009854475,-0.02993723768549348,-0.02176018393807766,
0.25294950008392336,0.15062183141708374,0.7156881332397461,-0.1452331840991974,-0.039342936128377914,-0.1612945795059204,-0.02221812527723667,-0.031402492688885446,-0.023522493695734267,
0.09000732302665711,0.23581006526947024,0.7779481410980225,-0.02965199016034603,-0.003323680255562067,-0.1485779881477356,-0.039828319603890265,-0.0348660867309142,-0.036696887388727756,
0.03178539574146271,0.23439576625823977,0.8721938133239746,0.16076403856277466,-0.004388945177197456,-0.1593637764453888,-0.044215242989723846,-0.03743825824079203,-0.04478865136780625,
0.031379154324531554,0.1726608991622925,0.9313884735107423,0.2694210112094879,0.0167166069149971,-0.15197351574897766,-0.04377098495675754,-0.03859133120869963,-0.05269788171669063,
-0.016794452071189882,0.0555550754070282,0.5731184959411622,0.3187560737133026,0.06478666514158249,-0.12128057330846786,-0.02280101643578735,-0.04014922132221105,-0.06888881270339561,
-0.04244675934314728,0.033049970865249634,0.373483157157898,0.3415926694869995,0.07563904672861099,-0.09265159070491791,-0.007176803192717088,-0.03848827704829165,-0.076283865173677,
-0.04156366884708405,0.008223773539066314,0.2041872501373291,0.34319058060646057,0.04607795551419258,-0.08998842537403107,0.0097928086506152,-0.035120836404994735,-0.08236772262437976,
-0.034368133544921874,-0.03653994798660278,-0.08913169503211976,0.30044683814048767,0.030897941440343857,-0.10097397118806839,0.04544700200958882,-0.027737051262337598,-0.09119389501995943,
-0.06431308388710022,-0.058463454246520996,-0.22320830821990967,0.22035226225852966,0.05932718515396118,-0.08879000693559647,0.06279611886847279,-0.02515676770511771,-0.09573021440994502,
-0.10648802518844605,-0.08878719210624696,-0.3239088296890259,0.18712933361530304,0.030565045773983,-0.04032047837972641,0.07792189377722093,-0.022267584817515007,-0.10030470230611088,
-0.158455491065979,-0.10700676441192628,-0.3260781049728394,0.14758138358592987,-0.02090054377913475,-0.005033590830862522,0.08992840120500437,-0.01830576573849529,-0.10405377933479001,
-0.16453683376312256,-0.13068196773529053,-0.40172429084777833,0.06615523248910904,-0.03960925340652466,0.0038214195519685745,0.10835944693135938,-0.015232840449846921,-0.1069600322962717,
-0.14513726234436036,-0.13215171098709108,-0.4343422412872315,-0.01700197346508503,-0.026293445378541946,-0.006098855286836624,0.11440261432945552,-0.017075559013411526,-0.10737760915345286,
-0.13939965963363649,-0.1335857629776001,-0.4611208438873291,-0.06653676927089691,-0.024296073243021965,0.008415372110903263,0.11767919369879248,-0.01900138954994384,-0.10811986199239441,
-0.16236553192138672,-0.15396411418914796,-0.3989881038665772,-0.09856128692626953,-0.04353741556406021,0.0536225326359272,0.1149358956395801,-0.02140203603164611,-0.10961518979449139,
