-0.182757306098938,-0.0485825002193451,-0.6032308578491211,-0.291351854801178,-0.08342666923999786,0.0378926657140255,0.007161745813252119,0.0052266067469928,-0.29440395297152433,
-0.23166553974151613,-0.05722234249114991,-0.4946333408355713,-0.3305669128894806,-0.14368069171905518,0.11152907460927963,-0.006587652559429774,0.002284293993156836,-0.29370835390506006,
-0.1623048186302185,-0.06396716237068177,-0.3498158693313599,-0.4545370638370514,-0.18629126250743866,0.13037094473838806,-0.03998108991370334,-0.010019281377865485,-0.2832897084847613,
-0.0799142599105835,-0.10924168825149537,-0.02095608413219452,-0.4197162091732025,-0.38070201873779297,0.14941254258155823,-0.06441673653003004,-0.01756168751186463,-0.2751428374689551,
-0.06190658807754517,-0.08945484161376954,0.46874165534973145,-0.3250408470630646,-0.3801693916320801,0.2570042610168457,-0.08876161784764415,-0.03109622522573558,-0.26492972457503566,
0.0822717308998108,-0.0313577800989151,0.8448956489562989,-0.2153862863779068,-0.06138882413506508,0.22104951739311218,-0.10964914639954339,-0.04806489311889625,-0.24983184133343458,
0.5366783618927002,0.01235523521900177,1.7716243743896485,0.23621925711631775,0.10958612710237503,0.11938335001468658,-0.13804516097881103,-0.05477864622175335,-0.22288818068660016,
0.4105977535247803,0.06489424705505371,1.4237175941467286,0.33855122327804565,0.13075824081897736,0.0911538302898407,-0.1310075431595478,-0.04676298447510675,-0.21947891529013733,
0.37998423576354984,0.14290978908538818,1.094723892211914,0.4256365895271301,0.160519078373909,0.03309692069888115,-0.11702491890188603,-0.03945445055714559,-0.21628240531042445,
0.2736841917037964,0.09951459765434266,0.5557687759399415,0.47743508219718933,0.16065223515033722,-0.017170246690511703,-0.07666778052655525,-0.023189991161721244,-0.21593246771932015,
0.16078084707260132,0.03201384246349335,0.2628474235534668,0.49774169921875,0.10319453477859497,-0.012842610478401184,-0.05195219327683055,-0.015450788400966071,-0.21853170909767647,
0.07901207804679872,-0.015505737066268921,0.02546568810939789,0.49314773082733154,0.07995845377445221,0.0065984660759568214,-0.026653966544113332,-0.009431098339958793,-0.22029540985285065,
0.05118516683578492,-0.06102155447006226,-0.4352604389190674,0.4134526252746582,0.07230187207460403,-0.00045891012996435165,0.0235174075356621,-0.0016881336844118534,-0.22005848779291573,
0.050719362497329716,-0.09012601375579835,-0.592823076248169,0.32836464047431946,0.02802680991590023,-0.011444450356066227,0.04562331176686324,0.0022692661283531573,-0.21950485282458781,
0.02982979714870453,-0.08240735530853271,-0.6339092254638672,0.2671785056591034,0.03847971931099892,-0.0001925947144627571,0.06397380798177056,0.004625243508115241,-0.21943684502511948,
-0.005134347826242447,-0.056925362348556524,-0.7147938251495362,0.1902131587266922,0.05998474359512329,0.023309800773859024,0.09277053455182585,0.00814122735466024,-0.2186711815673574,
0.034553298354148866,-0.029986047744750978,-0.7163348197937012,0.10339410603046417,0.03435181826353073,-0.00884786807000637,0.10231984539198935,0.010698889462666412,-0.21668843147063885,
0.06329299807548523,0.0021614499390125276,-0.6830523014068604,0.06824038177728653,-0.013451924547553062,-0.061178985983133316,0.10864235653465147,0.012985572989372352,-0.21562555790292137,
0.05375234484672547,0.015024353563785554,-0.6697474002838135,0.008518990129232407,-0.03908485174179077,-0.07116584479808807,0.11312962548083375,0.0142046937894775,-0.2169718768874733,
-0.05372818112373352,-0.028993296623229983,-0.7222551822662354,-0.10846035927534103,-0.01078876294195652,-0.029953420162200928,0.11553472354811177,0.0139347429503277,-0.2242278570057897,
-0.06983014345169068,-0.03921054899692536,-0.6985368251800538,-0.201005220413208,-0.0063279676251113415,0.014920845627784729,0.11086668873970809,0.01383063944644445,-0.22633316392045272,
-0.05265873670578003,-0.04339579045772553,-0.600087594985962,-0.21145813167095184,-0.06405197829008102,0.0027368832379579544,0.10201056949366269,0.013949332240359696,-0.22637908125698777,
0.06504402756690979,-0.09438925981521606,-0.5858883380889893,-0.27723821997642517,-0.08209490031003952,-0.027223680168390274,0.08028242743907223,0.009210680028756425,-0.2270090479784653,
0.056553351879119876,-0.13116787672042848,-0.6009753227233887,-0.4361623525619507,0.0010623045964166522,-0.017836038023233414,0.06518376152054484,0.005833801403273892,-0.22939165574738007,
-0.02311399877071381,-0.13235414028167725,-0.5063283443450928,-0.49654704332351685,-0.012653380632400513,0.012395471334457397,0.04495923987570668,0.00505935905005851,-0.23117396369010965,
0.004283840954303742,-0.15439680814743043,-0.3817124128341675,-0.5320336818695068,-0.044012103229761124,-0.015367984771728516,0.0212354611902121,0.005265174869139169,-0.2311277325720491,
0.09006143808364869,-0.15108182430267336,-0.11128528118133546,-0.5863621830940247,-0.08395951986312866,-0.020228253677487373,-0.03194654731440016,0.0017010342945641681,-0.23157432905709965,
0.0724851906299591,-0.10528242588043213,0.09732383489608765,-0.6283735036849976,-0.1660514622926712,0.003340722993016243,-0.0632365340882427,-0.0033267901729541246,-0.2320138024707701,
0.0455876886844635,-0.018355581164360046,0.4569900512695313,-0.5491445064544678,-0.3291700780391693,0.02644364722073078,-0.09460818883617146,-0.009767445567151978,-0.23120708894511566,
0.5054637432098389,-0.026942169666290285,1.6099767684936523,-0.19554324448108673,-0.08256135880947113,-0.07715331763029099,-0.15342310962339023,-0.03490608720225579,-0.21930552736085282,
0.5019882678985595,0.06724693775177003,1.660453224182129,-0.01984119787812233,0.1752326339483261,-0.09865834563970566,-0.1664038674631445,-0.04281581095563655,-0.21903314737337443,
0.32225577831268315,0.10896461009979248,1.4209635734558106,0.16438297927379608,0.15912051498889923,-0.10305256396532059,-0.16894347724985467,-0.040860862250523454,-0.22613405893681746,
0.09738896489143373,0.15294042825698853,0.9804261207580567,0.30426549911499023,0.02316613495349884,-0.1266215443611145,-0.1554998993294201,-0.031138781016959202,-0.24372611558408785,
0.06618325710296631,0.1378670334815979,0.6399241447448731,0.3462768793106079,0.07523093372583389,-0.1296176016330719,-0.14019533097654607,-0.032256796299584875,-0.2501455243906419,
0.024290992319583895,0.09408136010169983,0.3980262279510498,0.36811479926109314,0.12656337022781372,-0.11929784715175629,-0.12270189873584343,-0.03297655293464466,-0.25729233371213606,
0.001261927839368582,0.060237574577331546,0.18538730144500734,0.3589934706687927,0.10572413355112076,-0.12489048391580582,-0.10378583631112913,-0.030536762499713932,-0.2650165832085787,
-0.08899344205856324,0.01107994392514229,-0.13829928636550903,0.32736843824386597,0.0343514122068882,-0.11643494665622711,-0.06571819957735502,-0.022899119710010126,-0.28009716151224623,
-0.13250160217285156,6.690608570352197e-05,-0.24268274307250978,0.2679799199104309,0.06417881697416306,-0.0814809575676918,-0.048125601710692335,-0.021728630011769428,-0.28653798952422027,
-0.1611451506614685,-0.01434650868177414,-0.3279225826263428,0.22550252079963684,0.07323356717824936,-0.04432985931634903,-0.03238560812757073,-0.020042455149035684,-0.2920700642245262,
-0.16092194318771363,-0.016285569965839387,-0.4217374324798584,0.18595458567142487,0.06571013480424881,-0.032212480902671814,-0.007617143832665199,-0.013300334300533062,-0.2983682693776907,
-0.15562975406646729,-0.020594072341918946,-0.4658386707305908,0.13122662901878357,0.05252748727798462,-0.02681957744061947,0.0022553805462306904,-0.009889533883079511,-0.300054202591154,
-0.16451923847198488,-0.029959836602211,-0.5534244537353515,0.04527309536933899,0.024697452783584595,-0.00578060420230031,0.010593011385116818,-0.006952301048098585,-0.3015471040243537,
-0.2041489124298096,-0.019958804547786715,-0.6260094165802003,-0.02603304758667946,-0.01804628223180771,0.028507595881819725,0.01790918554943177,-0.0034925071104381193,-0.3025628094130565,
