-0.1217847228050232,-0.046150732040405276,-0.27630646228790284,-0.03503050282597542,0.0025838403962552547,0.028348252177238464,0.11374436443043365,-0.02382415703925183,-0.15497480963827562,
-0.1287928581237793,-0.031976318359375,-0.2556313514709473,-0.06905238330364227,-0.013062231242656708,0.025751672685146332,0.1131597851599569,-0.024048596436231345,-0.1545615123145961,
-0.09085721969604493,-0.022353103756904604,-0.2556846857070923,-0.1017426922917366,-0.027310142293572426,0.027149830013513565,0.10894160622917258,-0.025041063345406293,-0.15205308275384352,
-0.1006967306137085,-0.006604855507612229,-0.2259772539138794,-0.12344745546579361,-0.01812223717570305,0.03201010078191757,0.1047601511469851,-0.026307462575218384,-0.15116062584276826,
-0.09981687664985657,0.01078738570213318,-0.19341734647750855,-0.1353650987148285,-0.01039907056838274,0.03627115860581398,0.09952033378152761,-0.027997965957954264,-0.15023136099412446,
-0.08638537526130677,0.006801349669694901,-0.11917754411697389,-0.14701643586158752,0.007910162210464478,0.040332477539777756,0.0865871161761361,-0.03068270832473655,-0.1475791694320169,
-0.07751449346542359,-0.0002423310885205865,-0.082856285572052,-0.15307512879371643,0.031479138880968094,0.05631144717335701,0.07931295537114083,-0.031442441807410335,-0.14578406682792944,
-0.07658008933067323,-0.0004211685620248318,-0.030230507254600525,-0.15999934077262878,0.05131968855857849,0.06603198498487473,0.07153504839118809,-0.031220121332133567,-0.14356415028879863,
-0.07602570056915284,0.00937904417514801,0.01850344091653824,-0.1444864273071289,0.054049428552389145,0.07328910380601883,0.06366180167325647,-0.025161764035374207,-0.14079357176119228,
-0.07419528365135193,0.024526286125183108,0.13842207193374634,-0.12204929441213608,0.04725836589932442,0.07275646924972534,0.04720216901436209,-0.021341419616655612,-0.13333633159760352,
-0.061247968673706056,0.04209091067314148,0.15052074193954468,-0.09921268373727798,0.03247782215476036,0.07482042163610458,0.040091511250966785,-0.01918174342576923,-0.12910615882580728,
-0.056785333156585696,0.05062112212181091,0.18795124292373658,-0.0782402902841568,0.028216766193509102,0.0911988615989685,0.03358374627407007,-0.017171272970803845,-0.12508500662106087,
-0.07137168645858764,0.051113408803939823,0.22865326404571534,-0.058599479496479034,0.04945547506213188,0.1110394075512886,0.02786287641190827,-0.015608687734965087,-0.12126234428846519,
-0.05603878498077393,0.0279563844203949,0.28923745155334474,-0.005336257629096508,0.07462235540151596,0.13940206170082092,0.019382459179513385,-0.013054826668878902,-0.1118121913196244,
-0.051344096660614014,0.03588590621948242,0.32001700401306155,0.042134590446949005,0.05298416316509247,0.14386285841464996,0.016733714924009574,-0.010310825070508359,-0.10556216886373236,
-0.02134435623884201,0.038925939798355104,0.32996883392333987,0.06523751467466354,0.03986809402704239,0.13414232432842255,0.015880321267123007,-0.006860820484829169,-0.09838510127539349,
0.0713274359703064,0.058936780691146856,0.2696248531341553,0.09526362270116806,0.050254594534635544,0.11536511778831482,0.01983744863167211,-0.002143935517696071,-0.08355337541414072,
0.08431551456451417,0.06688111424446107,0.25614352226257325,0.11024390161037445,0.06902987509965897,0.1206248551607132,0.023560700996484125,-0.000501411380868587,-0.0769618739667534,
0.08255777955055238,0.0673997163772583,0.23186790943145752,0.12788733839988708,0.07455593347549438,0.1140335351228714,0.028343795312700194,0.0014751365147536038,-0.07082922248331325,
0.138079833984375,0.059638583660125734,0.1921405553817749,0.1436000019311905,0.05611354857683182,0.07515138387680054,0.040135930103314475,0.007208036901983606,-0.05799187292698286,
0.15743321180343628,0.06295168399810791,0.1711418390274048,0.1682342290878296,0.06197250261902809,0.06176900118589401,0.046914706015033204,0.00991721946695932,-0.05220610006004931,
0.15665467977523806,0.052910870313644415,0.16178691387176514,0.17282818257808685,0.06669960916042328,0.0652976855635643,0.054324786889065786,0.012171600363563576,-0.04779546112143523,
0.13507912158966065,0.04153445065021515,0.12071933746337891,0.1797524094581604,0.06570092588663101,0.051848724484443665,0.06277037914909259,0.014583982917774279,-0.04405021009921002,
0.14367294311523438,0.043310776352882385,0.04140862226486206,0.1766897737979889,0.02928219921886921,0.021621843799948692,0.08090640889805593,0.019709186750004458,-0.036338552794594865,
0.1333314657211304,0.03773422241210938,-0.007172568887472153,0.16450580954551697,0.015234025195240974,-0.000881868414580822,0.0907961875619945,0.020529673401845177,-0.033337710649410865,
0.1130990743637085,0.013837999105453492,-0.043446588516235354,0.16337396204471588,0.030680358409881592,0.0009823441505432129,0.10213669247470902,0.014613860213507078,-0.03133075772928109,
0.05762004256248474,-0.03006177842617035,-0.059727609157562256,0.16244186460971832,0.043396953493356705,0.017360785976052284,0.11911901727773502,0.016116375262714935,-0.030493069297919975,
0.04077728390693665,-0.051738846302032473,-0.08337884545326234,0.15704895555973053,0.01689849980175495,0.030676590278744698,0.12750681560354488,0.017683231551771195,-0.029530594615911572,
0.026393535733222964,-0.054925096035003666,-0.1093109130859375,0.1520555317401886,-0.012396271340548992,0.02275368757545948,0.13590707417983816,0.019323666657752935,-0.027862701050353107,
0.030918586254119876,-0.062364661693573,-0.14631742238998413,0.13953867554664612,-0.01039890106767416,0.024817636236548424,0.14413992855733904,0.019853209566823127,-0.026060473696833005,
0.033868816494941716,-0.0676062047481537,-0.16180514097213747,0.11810022592544556,0.010640071704983711,0.03087632916867733,0.1519972778165481,0.019035545020206688,-0.02494276233022153,
0.023130789399147034,-0.05883162021636963,-0.24205396175384522,0.09280019998550415,0.005979539826512337,0.029744485393166542,0.17204393542727975,0.016882011652394797,-0.021287529065420016,
0.03288944959640503,-0.05489894151687622,-0.24868514537811282,0.0816149190068245,-0.00760258175432682,0.019890788942575455,0.17704408156061296,0.016539253054073638,-0.01958366052970059,
0.029453277587890625,-0.049945917725563053,-0.2617268800735474,0.06410463154315948,0.0002537434338591993,0.016228942200541496,0.18151493017574252,0.01574236766041836,-0.01865028398254288,
-0.0021623490378260613,-0.029881787300109864,-0.3103178977966309,0.013105100020766258,0.03387615457177162,0.034271858632564545,0.18815974880615152,0.01492287336380304,-0.017034219606232644,
0.01405036747455597,-0.015459801256656648,-0.32090010643005373,-0.02670915797352791,0.016698762774467468,0.0316087007522583,0.1894053941896473,0.015358137538836525,-0.014847848762773768,
0.061292541027069096,0.015471376478672028,-0.3221849203109741,-0.07471264153718948,-0.026178130879998207,-0.005941874347627163,0.18903844851704876,0.015418802393430648,-0.012566773894569316,
0.09767316579818726,0.018994559347629548,-0.2887241840362549,-0.11785584688186646,-0.06020001322031021,-0.04222744703292847,0.18325346315567326,0.014095693328623019,-0.013136457309742708,
0.049761381745338444,-0.0004892270546406508,-0.20802478790283205,-0.1367642879486084,-0.058535538613796234,-0.03816612437367439,0.1754334015784675,0.012374445639043193,-0.01741296164558498,
0.0167236328125,-0.012315412610769273,-0.16335337162017824,-0.1366977095603943,-0.037230249494314194,-0.014996621757745743,0.16842830375772805,0.010858609545990418,-0.02088699842372661,
0.0011493989266455173,-0.018637785315513612,-0.1156585693359375,-0.14848220348358154,-0.026843922212719917,0.012567095458507538,0.16130218238614108,0.00941714119398389,-0.023234040853684947,
0.010626040399074554,-0.035954523086547854,-0.13022863864898682,-0.17751066386699677,-0.03776288032531738,0.01776026003062725,0.15429039065065298,0.008173665479694255,-0.023988162957741664,
0.026336193084716797,-0.01996605545282364,-0.09431388974189758,-0.18356935679912567,-0.05127842351794243,0.017893416807055473,0.13677537587717614,0.004152813848707003,-0.02414923621280154,
0.012337961792945863,-0.004225663468241692,-0.07824538946151734,-0.1872977763414383,-0.06406159698963165,0.025616584345698357,0.12733981188814414,0.0015713057241338317,-0.024360220030991305,
0.07505503296852112,-0.018161296844482422,-0.06794772744178772,-0.21546070277690887,-0.057337116450071335,0.019424734637141228,0.10817120983171657,-0.005226879401586982,-0.024417922978763645,
0.07388740181922913,0.0027652869001030924,-0.04446338415145874,-0.23090703785419464,-0.041624464094638824,-0.0007487102411687374,0.09743792455662419,-0.008589786842699933,-0.024356107045671,
0.06463358402252198,0.016654254496097566,-0.011955756694078445,-0.22857677936553955,-0.06379528343677521,-0.019657153636217117,0.08743172352801147,-0.016065195614079774,-0.024513809119376933,
0.05629575848579407,0.01635303795337677,0.029215484857559204,-0.21119964122772217,-0.10074664652347565,-0.020056627690792084,0.07584422884106191,-0.018638173105265225,-0.025632142497205024,
0.06452918648719788,-0.00825686901807785,0.052110558748245245,-0.22391624748706818,-0.07551319152116776,-0.0028792391531169415,0.05416618422739301,-0.027328921537889322,-0.029395390841047864,
0.04860469996929169,0.01701918989419937,0.0579527497291565,-0.2378312647342682,-0.030306031927466393,0.010303407907485962,0.04304525395039635,-0.031427404102396625,-0.030330848802147554,
0.12077665328979492,0.0174100324511528,0.21433966159820558,-0.184967502951622,-0.09089294821023941,-0.02105531468987465,0.01936402184971489,-0.035655512368756845,-0.030024655917472703,
0.1647708535194397,0.026906672120094302,0.2489858627319336,-0.133169025182724,-0.1130637675523758,-0.07138905674219131,0.010037847686279513,-0.04009696864160836,-0.03125632640342681,
0.125701642036438,0.0451363742351532,0.25968079566955565,-0.11039900034666061,-0.07611240446567535,-0.07298695296049118,0.0029370008144741964,-0.045825202058515827,-0.03451004022110438,
0.09716647863388062,0.05211963653564453,0.23263297080993653,-0.11006610095500946,-0.03995998948812485,-0.07205484807491302,-0.0024691258552964825,-0.050739757518160795,-0.038325972749800506,
0.11618480682373047,0.04392143785953522,0.3115790128707886,-0.07617738097906113,-0.029240766540169716,-0.08563697338104248,-0.012238010644669063,-0.055875503795188755,-0.04575972137818967,
0.10807980298995973,0.03199761211872101,0.3219496011734009,-0.016189809888601303,-0.01173045951873064,-0.09695566445589066,-0.014950584530688166,-0.057409016044830924,-0.05030129542176493,
0.08517712950706482,0.03006553053855896,0.32877769470214846,-0.011196383275091648,-0.011064669117331505,-0.09815409034490585,-0.01588975218998375,-0.058478594471980304,-0.05524403663915294,
0.05245904326438904,0.034700730443000795,0.25291070938110355,0.05078869313001633,-0.006071241572499275,-0.0960235595703125,-0.012383810322886022,-0.05988681321805129,-0.06503757522674623,
0.021833111345767976,0.042565044760704045,0.23248608112335206,0.07495688647031784,-0.018388360738754272,-0.1044125184416771,-0.008884018176511405,-0.06039052705104527,-0.07004525858175015,
0.02199045568704605,0.034509724378585814,0.21608533859252932,0.08727400004863739,-0.04328891634941101,-0.11972569674253464,-0.004389531655743992,-0.06108922696860904,-0.07531941650000944,
0.006596373766660691,0.01902247965335846,0.21135365962982178,0.10997745394706726,-0.012196511961519718,-0.14256228506565094,0.006807986161423522,-0.06469169059358704,-0.08756609547872042,
-0.030609384179115295,-0.005172965675592423,0.2013472080230713,0.13221484422683716,0.026685640215873718,-0.13650360703468323,0.013725339902015637,-0.0653370550030685,-0.09487549917382568,
-0.07702319622039795,-0.024768218398094177,0.1704905390739441,0.14979171752929688,0.035340916365385056,-0.10401304066181183,0.021575682150950192,-0.06417291717991912,-0.1021406247972572,
-0.09918728470802307,-0.03547204434871674,0.0869188904762268,0.17196252942085266,0.031479332596063614,-0.07804722338914871,0.03887550165321116,-0.059880374208643936,-0.11285575196682338,
-0.07883869409561158,-0.034601429104804994,0.0184085950255394,0.15917935967445374,0.04113329201936722,-0.08543749153614044,0.047345041478938754,-0.055839760390472476,-0.11660730849984091,
-0.08014860153198243,-0.022935104370117188,-0.03120388686656952,0.15345355868339539,0.03547407314181328,-0.08197538554668427,0.0556920327334621,-0.051632914731629585,-0.12046245714576177,
-0.09192065000534058,-0.005746652185916901,-0.07422038912773132,0.14646275341510773,0.030880119651556015,-0.06759431213140488,0.07254269815848682,-0.046252283244499405,-0.12799990277343767,
-0.0726113498210907,-0.0064869306981563575,-0.10292441844940187,0.13620959222316742,0.03121301531791687,-0.061202727258205414,0.08046896748270248,-0.04385842897703526,-0.1310648216616232,
-0.0742534637451172,-0.008199156820774078,-0.13291840553283693,0.11989773064851761,0.03427565097808838,-0.05647561699151993,0.08794907054331536,-0.041492051609722684,-0.13371521833528427,
-0.07582541704177857,-0.015851828455924987,-0.16819187402725222,0.09379874914884567,0.034075912088155746,-0.05201482027769089,0.09484621710408728,-0.03910473985679314,-0.13617077909354675,
-0.08820063471794129,-0.010859445482492448,-0.19372273683547975,0.07269319891929626,0.015700101852416992,-0.04588954895734787,0.10541676245595646,-0.03424582663746635,-0.14032152565091888,
-0.10459237098693848,-0.010230032354593278,-0.20327255725860596,0.05598185583949089,-0.011863617226481438,-0.03077610954642296,0.10943231157168996,-0.03259870702472311,-0.14227450625964505,
-0.10595115423202515,0.0007713836152106524,-0.2046437978744507,0.03947025537490845,-0.013661251403391361,-0.02398504875600338,0.11274339274587589,-0.03205842307107044,-0.1439776567997554,
-0.11221710443496705,-0.0130773201584816,-0.2161184549331665,0.015634967014193535,0.0019848207011818886,-0.016661355271935463,0.11728064386953325,-0.03239214720308418,-0.1468977188179115,
-0.12305201292037965,-0.009274999052286148,-0.20364525318145754,0.00045439653331413865,-0.021983539685606956,-0.009538426995277405,0.11829287505584617,-0.032072217749763286,-0.14775923388833115,
-0.13091636896133424,-0.012863844633102417,-0.20518102645874026,-0.030571430921554565,-0.05087883770465851,0.010035807266831398,0.11877911616816722,-0.032346703393701715,-0.14848212539159045,
-0.15807979106903078,-0.005051842331886292,-0.18616476058959963,-0.059266991913318634,-0.0448201447725296,0.044190846383571625,0.11645281649223004,-0.03686023228467788,-0.14947897756230624,
