-0.13807650804519653,-0.05082795023918152,-0.09670189619064332,0.05422016233205795,0.024693284183740616,0.01643778383731842,0.11013194147081831,-0.015673530047302583,-0.15499792386591213,
-0.1279923439025879,-0.04078958332538605,-0.12376211881637574,0.03797487914562225,0.039673566818237305,0.02449384704232216,0.11336803757863595,-0.014975186136938644,-0.15453089837188078,
-0.12341502904891968,-0.02935168147087097,-0.13831934928894044,0.01646985113620758,0.03914093226194382,0.03900807723402977,0.11595488035100425,-0.01401395787960998,-0.1532016516787405,
-0.13129796981811523,-0.036892724037170414,-0.16119436025619507,0.003087466349825263,0.011710373684763908,0.07083285599946976,0.11885655441999186,-0.011256416523604271,-0.14888312014549285,
-0.1365613341331482,-0.02799030840396881,-0.17118718624114992,-0.020015455782413483,0.012109847739338875,0.07908865064382553,0.1193281974241586,-0.010845175522166123,-0.14590619786941691,
-0.10914925336837769,-0.019879427552223206,-0.19161751270294192,-0.0471796989440918,0.012709059752523899,0.08088628947734833,0.11930998497644102,-0.0116082195098376,-0.14234074001321062,
-0.06009688973426819,0.0018645644187927247,-0.19133244752883913,-0.07587525993585587,0.018301697447896004,0.07243075221776962,0.11622639952059427,-0.013413565254735348,-0.13434466256255953,
-0.029365843534469607,0.006141364574432373,-0.1600077509880066,-0.09365186095237732,0.041537780314683914,0.06297652423381805,0.11282125425145086,-0.014245206863649178,-0.1303404099919532,
-0.025676688551902773,0.0030100598931312563,-0.12867788076400757,-0.11116214841604233,0.0583156943321228,0.05978073179721832,0.10859195251348991,-0.014334841936896107,-0.12657702071507587,
-0.033947798609733584,0.0014725626446306706,-0.11103684902191163,-0.12141497433185577,0.05298931524157524,0.0630437433719635,0.1036574007833286,-0.013390256446211887,-0.12288054458691025,
-0.06481128334999085,0.0024754738435149195,-0.0491175264120102,-0.13333261013031006,0.05005984008312225,0.07635955512523651,0.09184795822630536,-0.009852269995333797,-0.11524455644122429,
-0.0637855052947998,0.0017713043838739396,-0.0023464469239115717,-0.117952860891819,0.05005984008312225,0.08940903842449188,0.08552743047681872,-0.0043148265871667205,-0.11134121966915227,
-0.05939328670501709,0.006811226159334183,0.05988251566886902,-0.10317231714725494,0.045798782259225845,0.09413615614175797,0.0787369813627169,-0.002556639447912466,-0.10693407922199462,
-0.03011286556720734,0.013412010669708253,0.10983116626739503,-0.08952362090349197,0.0479293093085289,0.10059431940317154,0.0670403455496542,0.00020295423095245476,-0.09687065500805908,
-0.0278319388628006,0.022354112565517427,0.1239621639251709,-0.07148069888353348,0.02542559802532196,0.10891669988632202,0.06209990129290356,0.0015937022996327483,-0.09162895252575436,
-0.03214093744754792,0.0204206719994545,0.1379897952079773,-0.050774622708559036,0.02535901963710785,0.11078090965747833,0.05769285585601139,0.0028877740771067963,-0.08615274923523247,
0.010947717726230622,0.026838624477386476,0.16973687410354615,-0.025141697376966476,0.02655744180083275,0.11943618953227997,0.05113087608554968,0.0036134838727106817,-0.07473215396783428,
-0.002521728165447712,0.027644118666648867,0.16763097047805786,-0.004768515005707741,0.0229621734470129,0.12303145229816437,0.04929636890860191,0.0041799165586849495,-0.06893463257667752,
0.020165161788463594,0.03639349639415741,0.17326587438583374,0.009612555615603924,0.02096480317413807,0.1202351301908493,0.048212398234115925,0.004545275840294703,-0.06267766990596636,
0.06513558030128479,0.04071227908134461,0.17077831029891968,0.028121525421738625,0.029486918821930885,0.10964906960725784,0.04829593641254159,0.0049613700152530615,-0.05011138296249958,
0.09049057364463807,0.03722570836544037,0.16883666515350343,0.050092604011297226,0.03807561472058296,0.1003945842385292,0.049308071271967534,0.005138064462527603,-0.04404204270760212,
0.09295881986618043,0.033585873246192936,0.17402498722076418,0.06900104880332947,0.03041902557015419,0.09233851730823517,0.051060947141979736,0.005889054243691727,-0.03832793594348611,
0.09403223991394044,0.03265625536441803,0.16755722761154176,0.08378159254789352,0.01916716992855072,0.08934246003627777,0.0537015334675521,0.006936655293790815,-0.03301391796268886,
0.09190204739570618,0.029333364963531495,0.16100548505783083,0.11061294376850128,0.02842165343463421,0.07849007844924927,0.06125062378180811,0.008071764506427484,-0.02331637092909394,
0.10913256406784058,0.01269281655550003,0.15723990201950075,0.12585954368114471,0.06470722705125809,0.06657243520021439,0.06626769840639024,0.00813608330134015,-0.018879516906151552,
0.12839845418930054,0.005114368721842766,0.14310362339019775,0.14183850586414337,0.06583906710147858,0.05691847950220108,0.07201137812363091,0.008803267033510241,-0.014639998404021368,
0.11033072471618653,-0.005747124925255776,0.11193593740463258,0.15748459100723267,0.049527205526828766,0.049062151461839676,0.08533717872474074,0.013336039873956049,-0.00667408741423022,
0.097089821100235,-0.01772283762693405,0.08218369483947754,0.16707196831703186,0.048927996307611465,0.049661360681056976,0.093053791844458,0.015499525385288846,-0.0032707489379865096,
0.07515310645103455,-0.01705741137266159,0.05080400109291077,0.16807036101818085,0.05025961995124817,0.049461111426353455,0.10127442154214218,0.017081224521529225,-0.0001271113878054564,
0.06016504168510437,-0.027956622838974002,0.000977581273764372,0.16733799874782562,0.05518646910786629,0.04646505415439606,0.11476800293400452,0.011510961187777741,0.006326207518008431,
0.0527844786643982,-0.026115983724594116,-0.014200709760189056,0.1654737889766693,0.03474670648574829,0.04486715793609619,0.12300043282084168,0.012186535151152707,0.009581360178730671,
0.03921543657779694,-0.01675228923559189,-0.03785492479801178,0.1618119329214096,0.028288541361689568,0.04093899577856064,0.13163657626913886,0.01379567604645116,0.012794942557074683,
0.03614841401576996,-0.017479850351810457,-0.08477766513824464,0.14589954912662506,0.031883809715509415,0.04100557416677475,0.1486934684256109,0.014885240857288115,0.01816673961933238,
0.02787573039531708,-0.01782817840576172,-0.10202462673187257,0.13245058059692383,0.019966162741184235,0.0431361049413681,0.15681960371279538,0.015380833774711824,0.02070706987910419,
0.017088754475116732,-0.012036914378404618,-0.1095549464225769,0.12273004651069641,0.011710362508893013,0.0376766212284565,0.164316381702561,0.015726859265736626,0.02327701865441764,
0.020932894945144654,-0.012545891106128693,-0.11276718378067017,0.10055923461914062,0.01663721166551113,0.031218457967042923,0.17125779538869784,0.015567749264271291,0.025667830702703044,
0.029239034652709963,-0.009446445107460023,-0.15370302200317384,0.08165078610181808,0.015571946278214455,0.021897394210100174,0.18350639142919076,0.014792972212267384,0.029640682034375174,
0.02232649326324463,-0.014098297059535981,-0.1396960496902466,0.07446025311946869,0.005718249827623367,0.02282949909567833,0.18809973304202313,0.014830562576216602,0.031247461114305965,
0.016653135418891907,-0.015352976322174073,-0.13760279417037966,0.07306209206581116,-0.012724140658974648,0.028755031526088715,0.19229364847784203,0.014841449982682803,0.03258902780593738,
0.006912921369075776,-0.003074593655765057,-0.14592759609222414,0.04949311539530754,-0.025507314130663872,0.028821613639593124,0.19621999517817332,0.014578448098187265,0.03376915206524136,
0.02983546257019043,0.019964249432086946,-0.23902413845062256,-0.01741880550980568,-0.014588353224098682,0.0056521110236644745,0.2031793020600728,0.011753858096801066,0.03526732413893971,
0.04529194533824921,0.027926796674728395,-0.22699434757232667,-0.020947493612766266,-0.005799922160804272,0.005452373996376991,0.2040728632716417,0.010114999594749922,0.03536244666685866,
0.03638538420200348,0.021687819063663485,-0.16301138401031495,-0.032598827034235,0.0021895612590014935,0.014640280045568943,0.20329179717910192,0.009239596290148002,0.03513256832080841,
0.02857196927070618,0.020905117690563205,-0.16628762483596804,-0.062359653413295746,0.001457192120142281,-0.0023373723961412907,0.20088966299456504,0.00835402904438699,0.03557459746769377,
0.04591566026210785,0.027683791518211365,-0.16245514154434204,-0.07614150643348694,-0.015520459972321987,-0.015520019456744194,0.19860834817135578,0.00823421574782908,0.0361511451966104,
0.040680497884750366,0.023797264695167544,-0.14723423719406128,-0.09145468473434448,-0.016319409012794495,-0.01212448999285698,0.19540542042328482,0.008299186048894036,0.035979393824572665,
0.020096085965633392,0.01810460090637207,-0.14579466581344605,-0.10869865864515305,-0.015853354707360268,-0.0042681642808020115,0.1915950118602461,0.008148810691932818,0.03497165378983229,
0.02298424392938614,-0.006020397320389748,-0.14882872104644776,-0.13339947164058685,-0.021912045776844025,-0.0009392127394676208,0.18188325209682804,0.007350484686327447,0.03322466444835304,
0.014607478678226472,-0.0009267445653676987,-0.14094202518463136,-0.14478525519371033,-0.02850324660539627,0.00292095635086298,0.1758158579922608,0.006672987436270825,0.03257223287860328,
0.008718928694725037,-0.0017311967909336091,-0.12333248853683472,-0.16043132543563843,-0.037491414695978165,-8.520670235157013e-06,0.16902311360777836,0.005770590777672553,0.031857692880292,
0.018979611992836,0.012546452879905702,-0.12308053970336914,-0.17388027906417847,-0.055800650268793106,-0.0052682640962302685,0.15396144911655985,0.0029141873476101984,0.03039378738399405,
0.026961815357208253,0.01858019083738327,-0.0862106740474701,-0.19778215885162354,-0.03862325847148895,-0.021313808858394623,0.14542430030426998,0.0009725896688225229,0.029310953271006884,
0.05410346984863282,0.011270914971828461,-0.06663163900375367,-0.19145715236663818,-0.03030088171362877,-0.0036703674122691154,0.13646734565334648,-0.001431161800602314,0.02757270485344472,
0.01228403002023697,-0.010073602944612504,0.06343894600868226,-0.1410568207502365,-0.06998197734355927,0.0007238481193780899,0.11647312477656438,-0.004200197649735743,0.0243635525942169,
0.05501400232315064,0.014291845262050629,0.09129763245582581,-0.14538446068763733,-0.06765171140432358,-0.029702767729759216,0.10761386383338,-0.006386315998319603,0.02386071376566695,
0.09097275733947754,0.035793510079383854,0.04498007893562317,-0.15550446510314941,-0.0491427443921566,-0.03855777904391289,0.1004237250957782,-0.009752588767504932,0.022652945774701925,
0.056248754262924194,0.03415632545948029,0.07856293916702271,-0.12134942412376404,-0.07104724645614624,-0.032099612057209015,0.08542161780882582,-0.014955229296798711,0.01747760972240692,
0.057838124036788945,0.035706552863121035,0.10133165121078491,-0.11196178197860718,-0.08336436003446579,-0.0464806854724884,0.07823967189435142,-0.01712530012220112,0.015016639735590727,
0.08798848390579224,0.05352365970611572,0.0628487765789032,-0.14964552223682404,-0.029967986047267914,-0.08636151999235153,0.07232520386133143,-0.020399913901768794,0.01252945890268467,
0.12319984436035157,0.05451998710632325,0.020037446916103364,-0.12447863817214966,-0.01585323177278042,-0.07204703241586685,0.0668363385771184,-0.02399694365553806,0.009429429305656987,
0.013545164465904237,0.02418821007013321,0.13664032220840455,-0.06688778102397919,-0.06691934168338776,-0.05373779684305191,0.053378367897295664,-0.02589059600540039,0.0009403609866654487,
0.026861348748207094,0.03882042765617371,0.11097224950790406,-0.11322677880525589,-0.07570777833461761,-0.10187443345785141,0.04860703769249304,-0.0267587321081164,-0.0023209001497744926,
0.08882132172584534,0.056754112243652344,0.03263161182403564,-0.1252775937318802,-0.06106039136648178,-0.11791998147964478,0.0453336573694487,-0.029484068064313387,-0.005516630850676308,
0.030942147970199587,0.007787614315748215,0.1666322112083435,-0.05277302861213684,-0.03549404442310333,-0.07637466490268707,0.035120930407416685,-0.03574707621260061,-0.016808362166803745,
0.011766447871923448,0.0045712247490882875,0.18245959281921387,-0.05450408160686493,-0.020513763651251793,-0.08063572645187378,0.030968965755850224,-0.037793654828968536,-0.022394184357299927,
0.044547417759895326,0.023016811907291414,0.10071617364883423,-0.06375855952501297,-0.04414932057261467,-0.11246050149202347,0.028768947758138645,-0.039162751723107965,-0.026504702320088096,
0.06523736119270325,0.019958704710006714,0.08155074715614319,-0.03393116220831871,-0.07584093511104584,-0.10447102040052414,0.024185988495839385,-0.0411092918940875,-0.03562903116361432,
0.01567172408103943,0.002226860634982586,0.11901652812957764,-0.01575508713722229,-0.0473451130092144,-0.08522967994213104,0.02213385943554264,-0.04374520064850356,-0.0417572975813106,
0.013750390708446504,0.006489332765340805,0.09651866555213928,-0.028072208166122437,-0.013190070167183876,-0.08576231449842453,0.021357714433943447,-0.04715847937828094,-0.04721153906314876,
0.035702407360076904,0.013684506714344026,0.05038557052612305,-0.02321193926036358,-0.02544061280786991,-0.10220733284950256,0.021202203993637325,-0.049449063601740104,-0.05181625701879035,
0.0384046494960785,-0.01006571874022484,0.07889057397842408,-0.005102443043142557,-0.05906302109360695,-0.11166155338287354,0.02002708941046208,-0.05083185054463331,-0.06119025666917932,
-0.009253200143575668,-0.012257032096385956,0.08962349295616151,0.00475125340744853,-0.060794077813625336,-0.09481705725193024,0.02020682384982504,-0.05236839599958605,-0.06709839963709807,
-0.04286763072013855,-0.010150349140167237,0.1028247356414795,0.02186206355690956,-0.027504561468958855,-0.0982125923037529,0.020930515206510663,-0.055005429380560716,-0.073011059224994,
-0.022186054289340975,-0.005425722151994706,0.1296277165412903,0.032714445143938065,0.005318899638950825,-0.09814601391553879,0.021944819461374547,-0.05787812450565802,-0.07822603049906987,
0.005283777788281441,-0.0134420245885849,0.15819518566131593,0.06473895907402039,0.03807578235864639,-0.10680128633975983,0.026026959934984575,-0.059814300844942124,-0.08856681812301438,
-0.01043706089258194,-0.006768803298473358,0.16348613500595094,0.08484582602977753,0.04027288779616356,-0.09468390047550201,0.029032369639041423,-0.05843877216823435,-0.09374788046088749,
-0.03463783860206604,-0.010650507360696794,0.15064011812210085,0.10015900433063507,0.042003944516181946,-0.08369836211204529,0.03304749143178474,-0.0561471706348092,-0.099040544622501,
-0.043654134869575506,-0.006722543388605118,0.11314016580581665,0.11101138591766357,0.051391586661338806,-0.07763966917991638,0.04321518990124886,-0.05087209909611261,-0.10814865663850455,
-0.04420319199562073,0.003046434558928013,0.08055436611175537,0.11280901730060577,0.05478711798787117,-0.07584203779697418,0.04919757928467737,-0.04808258350198507,-0.11196658104053267,
-0.04617030918598175,0.011408301442861557,0.043535903096199036,0.13025271892547607,0.031351298093795776,-0.0639243870973587,0.055370982776274384,-0.0448819511822547,-0.11547595935615,
-0.07050648927688599,0.014588958024978638,0.023121801018714905,0.13025271892547607,0.0033881079871207476,-0.06099490821361542,0.06813395029288284,-0.037686188210951606,-0.12200386276699583,
-0.05274934768676758,0.015502050518989563,-0.0115528404712677,0.12106481939554214,0.003920739982277155,-0.06425728648900986,0.07566112386914953,-0.03393731140981416,-0.1250169656742088,
-0.06176170110702515,0.009772927314043046,-0.03311678171157837,0.1130087599158287,0.018235230818390846,-0.03855777904391289,0.08254817902550403,-0.0330738324881247,-0.12813924136041585,
-0.10232995748519898,-7.063578814268113e-05,-0.05169687867164612,0.09995926916599274,0.01071180123835802,-0.015588013455271721,0.08912148735349062,-0.03204631802907556,-0.1313199101142278,
-0.12234183549880982,-0.005906005203723908,-0.07112768888473511,0.09336794167757034,-0.010660067200660706,-0.009396163746714592,0.0952922740766854,-0.03060007589691492,-0.13358592913451675,
-0.09708871245384217,-0.014782229065895082,-0.09871228337287903,0.0780547708272934,-0.020513763651251793,-0.015121961012482643,0.1057548170545469,-0.029200133678871188,-0.13514002161507727,
-0.09821600914001466,-0.022403772175312045,-0.12414170503616334,0.052487727254629135,0.00685032969340682,0.0006559845060110092,0.11052151399317582,-0.0299758083740702,-0.13606466762387023,
-0.13191314935684204,-0.018753099441528323,-0.17234321832656863,0.026189010590314865,0.00651743495836854,0.023692326620221138,0.11810471124458573,-0.030902360436163928,-0.1376821220965531,
