-0.25802273750305177,-0.14871699810028077,-0.512171220779419,-0.16576549410820007,-0.04048618674278259,0.06662242859601974,0.09573350618591195,-0.022537501894404604,-0.22196696388854634,
-0.2407385349273682,-0.15022548437118532,-0.49810461997985844,-0.2579774260520935,-0.07637228071689606,0.10297457873821259,0.08941330747328675,-0.023792183819257393,-0.22081299864430817,
-0.2148019313812256,-0.08957347273826599,-0.5441174983978272,-0.4551845192909241,-0.0285019613802433,0.11782170832157135,0.0662733804846152,-0.03184147885486667,-0.21432254394506364,
-0.22424805164337158,-0.05349428057670594,-0.4660247325897217,-0.6314192414283752,-0.04021986946463585,0.18207046389579773,0.04532008333745573,-0.035724649286469186,-0.20928407262727902,
-0.32282643318176274,-0.08650709986686707,-0.2859004020690918,-0.6676382422447205,-0.15380369126796722,0.30797141790390015,0.01761558386423584,-0.03683795623542244,-0.20305303317631376,
-0.15328760147094728,-0.04758645296096802,0.9581578254699707,-0.3013203740119934,-0.3997466266155243,0.244455024600029,-0.05775591584397091,-0.02799933135622573,-0.17572705126565774,
0.40720520019531253,-0.09404318928718568,1.7187747955322266,0.1325085461139679,-0.34295472502708435,0.008032884448766708,-0.08201129184109397,-0.040573002079961534,-0.15728754122789074,
0.7680766105651856,-0.10020416975021362,1.9558954238891602,0.40002310276031494,0.26171600818634033,0.055437155067920685,-0.08804592731061918,-0.059708103156347954,-0.14587379241260842,
0.36628069877624514,0.05639569163322449,0.8945016860961914,0.5149355530738831,0.4836909770965576,0.17320992052555084,-0.054762730600192634,-0.053513068986141936,-0.14443937042463748,
0.4263347625732422,0.06785180568695069,0.5300633430480958,0.6035522222518921,0.2314230501651764,0.03872028738260269,-0.030672565116755653,-0.0282075026742709,-0.13922171341048067,
0.4118826389312744,0.08167410492897034,0.16668392419815065,0.6062819957733154,-0.005531712435185909,-0.07532958686351776,-0.0019548505418850006,-0.009170369438288006,-0.13469196683872828,
0.2655862331390381,0.05954933166503906,-0.16296058893203735,0.4875715374946594,0.019435422495007515,-0.0689380019903183,0.0294935728119021,-0.0026294099564474383,-0.13511112966554084,
0.014784763753414155,-0.027273678779602052,-0.518909215927124,0.32039159536361694,0.09766577929258347,-0.008018190041184425,0.08399167365487298,-0.0004985411685649905,-0.14206331049501233,
-0.02111218571662903,-0.06337133049964905,-0.4893211841583252,0.2757170796394348,0.025028061121702194,0.00796077772974968,0.10236662390763339,0.004131789328528767,-0.14192030399561958,
-0.016267333924770356,-0.08761911988258363,-0.45244922637939455,0.2365686297416687,-0.07324258238077164,-0.011413720436394215,0.11747663133121092,0.007644489793912204,-0.1404466870969164,
-0.009169241040945053,-0.08455157279968262,-0.4163247108459473,0.23204125463962555,-0.020112520083785057,-0.0030247624963521957,0.1429908679744497,0.004404140474356802,-0.14244054277799104,
-0.03512926995754242,-0.08340743780136109,-0.48966417312622074,0.1191897988319397,0.07642707228660583,0.03239528089761734,0.15531036736199244,0.0021687324758828787,-0.14424122319759064,
-0.025260508060455322,-0.08643975257873536,-0.5673428535461426,0.051878396421670914,0.08388391882181168,0.027601592242717743,0.16487909147147922,0.0031303998542608212,-0.14287421339649378,
0.014453727006912232,-0.06374422907829284,-0.5272772312164307,0.047484178096055984,0.05592073127627373,0.0025012968108057976,0.16983824016649204,0.005870900566976151,-0.13924215528306555,
0.026369309425354006,-0.03894579708576203,-0.5261080741882325,-0.023023013025522232,0.012777519412338734,-0.02526215836405754,0.17499847507573932,0.01110009231442635,-0.13497419936723618,
-0.01028438061475754,-0.0542750358581543,-0.5774149417877198,-0.15498264133930206,0.045800719410181046,-0.0044229221530258656,0.1758763940032035,0.012583677104397869,-0.13558020962859976,
-0.033445462584495544,-0.06891899704933167,-0.6188929557800293,-0.20371849834918976,0.0581844188272953,0.013886310160160065,0.17316097667236016,0.013881593597072563,-0.1360519492912558,
0.000851064082235098,-0.05867411494255066,-0.4675613880157471,-0.22821956872940063,0.009848042391240597,0.009026041254401207,0.15511082843146623,0.018100553801710377,-0.13349897898387392,
0.057766532897949224,-0.0829319179058075,-0.4909399032592774,-0.32116392254829407,-0.004666185472160578,-0.02452978864312172,0.1443601810101267,0.019007257228586524,-0.132321714594913,
0.08605459928512574,-0.11008039712905884,-0.5529024600982666,-0.42649194598197937,-0.033162008970975876,-0.03724638372659683,0.1316504953088051,0.019200540340472687,-0.13271213861181674,
0.026059916615486147,-0.10467121601104737,-0.36223127841949465,-0.4339487850666046,-0.07650496065616608,-0.03598137944936752,0.09279011112217136,0.01846785622856921,-0.13713008525606607,
0.04134146273136139,-0.10989454984664918,-0.26609358787536624,-0.5202351808547974,-0.10533367842435837,-0.017272673547267914,0.07051543111728177,0.015435550888758826,-0.14014967179403628,
0.09060643911361695,-0.09787499308586121,-0.2424998998641968,-0.6111159324645996,-0.09401518106460571,-0.033984653651714325,0.04720022114881558,0.010555577139767796,-0.14263085406255407,
0.1186722993850708,-0.09071581959724427,0.15534558296203616,-0.607653796672821,-0.14288419485092163,-0.005688567645847797,-0.011441630884817922,0.0002733927030625124,-0.14679428992773766,
0.10697193145751954,-0.12027497291564943,0.43497843742370607,-0.5051887035369873,-0.21405717730522156,0.0720757395029068,-0.04324561155822317,-0.0056288938388109715,-0.14813065684242524,
0.16608572006225586,-0.05565856695175171,0.6823544502258301,-0.43081989884376526,-0.18136687576770782,0.047374919056892395,-0.07236713641909459,-0.014152309213223822,-0.1453785621860611,
0.35614435672760014,0.1681069374084473,1.2781413078308106,-0.1946640908718109,-0.12071337550878525,-0.1487003117799759,-0.11805966634233822,-0.031203673179603552,-0.1363807828734557,
0.27221906185150146,0.14137699604034423,1.483150863647461,0.1279778778553009,-0.06964726001024246,-0.1602850705385208,-0.1287589805243028,-0.03959321081456341,-0.14055693532851862,
0.1666421413421631,0.07459992170333862,1.3547113418579102,0.27758097648620605,0.12902455031871796,-0.09517078101634979,-0.12721006858919545,-0.04809757055244713,-0.14725764806954225,
0.11608572006225587,0.0632349669933319,1.058914852142334,0.33217576146125793,0.19480463862419128,-0.05795310437679291,-0.11702107111322019,-0.051638614124112775,-0.15389546709425028,
0.04795003235340119,0.07725963592529297,0.7432339191436768,0.3788476586341858,0.14886510372161865,-0.06714101135730743,-0.10188869652785576,-0.047194648617848056,-0.16074539436633767,
0.05910332798957825,0.10771849155426026,0.29207298755645755,0.4397674798965454,-0.0028019160963594913,-0.1494326889514923,-0.06435687919114765,-0.032357065951858284,-0.1716772323146588,
0.03528685569763184,0.08227331042289734,0.12316569089889527,0.42738378047943115,0.032817862927913666,-0.1650121808052063,-0.04244252188435898,-0.030701346600031276,-0.177988171491075,
-0.04617844521999359,-0.0009700018912553788,-0.18550164699554444,0.3482878804206848,0.14600220322608948,-0.13292108476161957,0.003326636416035254,-0.03000149565074161,-0.1941502017851656,
-0.07459094524383546,-0.046087574958801274,-0.2826688766479492,0.2633330523967743,0.12183402478694916,-0.09051024913787842,0.02317775584423381,-0.023828301135556108,-0.20135704784232758,
-0.10803074836730958,-0.07628886699676514,-0.361022686958313,0.24182802438735962,0.05172630771994591,-0.05915152654051781,0.039598184789114775,-0.015557651325649222,-0.20644177642429826,
-0.15847698450088502,-0.07616343498229981,-0.43422832489013674,0.20587535202503204,0.004255461040884256,-0.027859382331371307,0.06534878341992452,-0.0059797360371364175,-0.2124418387985136,
-0.1742085337638855,-0.06218214631080628,-0.5075789451599121,0.11359680444002151,0.03248496726155281,-0.011014889925718307,0.0767666317508103,-0.005017870268492311,-0.2142550398878893,
-0.16359724998474123,-0.05859935879707337,-0.5869592189788818,0.0049398355185985565,0.0667065903544426,0.0036990754306316376,0.08588984478829745,-0.004088038193018761,-0.2151132891966433,
