-0.1484245777130127,-0.06910213828086853,-0.46000413894653325,-0.11754415184259415,-0.022497154772281647,0.03410021960735321,0.0940809727145002,-0.027096840677276135,-0.18149967130585007,
-0.15616608858108522,-0.07274332642555237,-0.4384528160095215,-0.16994185745716095,-0.029155058786273003,0.053208403289318085,0.08916906950927285,-0.02891650171854639,-0.18087824591092377,
-0.19714405536651614,-0.06256080269813538,-0.40683937072753906,-0.2340574562549591,-0.030553217977285385,0.0972171351313591,0.07260767158210285,-0.032851359264028865,-0.17718760192836788,
-0.20630249977111817,-0.04008637964725495,-0.3182828426361084,-0.264217734336853,-0.036745067685842514,0.12478085607290268,0.06066643680195376,-0.03520703839554146,-0.17341594219336945,
-0.16887116432189941,-0.049598163366317755,-0.3088789224624634,-0.3394520580768585,-0.006052135955542326,0.12877559661865234,0.047317780868523125,-0.038100308627936064,-0.1681302114653182,
-0.14148170948028566,-0.05586398243904114,-0.24477195739746094,-0.35935917496681213,-0.011911090463399887,0.1393616646528244,0.03144339995871566,-0.040015717833459884,-0.1621311661400462,
-0.13875809907913209,-0.06451796293258667,0.11021111011505128,-0.3013022541999817,-0.05918220058083534,0.16333012282848358,-0.007925825558163695,-0.03908429250717557,-0.14860331556475884,
-0.15721530914306642,-0.07538557648658753,0.22806444168090823,-0.2744043469429016,-0.03541348874568939,0.2145293951034546,-0.02492047348855015,-0.04126985458847722,-0.1406913817592723,
-0.10650194883346559,-0.060886704921722413,0.2573366641998291,-0.26368510723114014,0.0021370844915509224,0.21359728276729584,-0.04017391182866034,-0.04337804007348958,-0.13083703040763514,
-0.021787506341934205,-0.02028297334909439,0.3955563545227051,-0.21741271018981934,-0.016105568036437035,0.2241833508014679,-0.05569905569047289,-0.04270076125203568,-0.1200999640327745,
0.14339778423309327,0.07072545289993286,0.7170874118804932,-0.07519988715648651,-0.04227112978696823,0.19861701130867004,-0.08210819055585895,-0.0388874237378671,-0.0985375942052584,
0.2898779153823853,0.1139274001121521,0.9629212379455567,0.11095507442951202,-0.019234782084822655,0.13243745267391205,-0.0900570227778251,-0.037806600222795105,-0.08781991457474787,
0.4268354415893555,0.19554272890090943,0.9824047088623047,0.23492521047592163,0.11179275065660477,0.09502002596855164,-0.08497844229486697,-0.03603794441716906,-0.07318337376489568,
0.4440789222717285,0.20841569900512696,0.9296648979187012,0.35896196961402893,0.15813174843788147,0.014925460331141949,-0.07481660657402285,-0.030636159707525916,-0.06940852172895846,
0.43896484375,0.16632179021835328,0.7895630359649659,0.4501086473464966,0.08822377026081085,-0.055781468749046326,-0.059710726165995966,-0.022463349172943525,-0.06794650876473282,
0.3441210269927979,0.09296458363533021,0.6057884216308594,0.4917871356010437,0.009261040948331356,-0.07435701787471771,-0.04005773922216277,-0.015217183598664962,-0.06949571480122169,
0.13849564790725707,-0.01133626624941826,0.11330755949020387,0.4688189923763275,0.04927476868033409,-0.08487342298030853,0.008889950079497541,-0.011949727437425539,-0.07685248961995733,
0.08809081912040712,-0.026112818717956544,-0.07389931082725525,0.4212815761566162,0.07990111410617828,-0.0708252489566803,0.03325574360499153,-0.01139472724556584,-0.08101353861802131,
0.03401686251163483,-0.044448652863502504,-0.1940171003341675,0.41355839371681213,0.03735712170600891,-0.051051270216703415,0.056188819147209794,-0.006957606869099588,-0.08458530797140786,
0.031238147616386415,-0.08402101397514344,-0.38288550376892094,0.3236767053604126,0.021777626127004623,-0.07235656678676605,0.09850479232741227,-0.0003995995488148186,-0.08931205425748645,
0.02190801501274109,-0.1146131157875061,-0.49869737625122074,0.23805607855319977,0.02843553014099598,-0.07808235287666321,0.11694049667770731,0.0014938537579323816,-0.09210350529458956,
-0.023832212388515475,-0.16776680946350098,-0.48123779296875,0.2068970948457718,0.015119724906980991,-0.04212968051433563,0.13120890909347774,0.004216734128121268,-0.09529409409696439,
-0.10814827680587769,-0.21165428161621094,-0.4754332542419434,0.14404650032520294,-0.029288487508893013,0.01113354042172432,0.15284731319668776,0.007696742881894957,-0.09909825259913063,
-0.056585419178009036,-0.1861472725868225,-0.5115027904510498,0.07254061847925186,-0.011778202839195728,-0.005977269262075424,0.1610116464205965,0.006389745427182967,-0.09942749515882976,
-0.005532396212220192,-0.1437936544418335,-0.5194231986999512,0.025935301557183266,-0.014973996207118034,-0.024219922721385956,0.16638892919849446,0.005336005889136414,-0.09989999097645803,
-0.058779102563858036,-0.11138803958892823,-0.48702607154846195,-0.01194816455245018,-0.029288487508893013,-0.004379372578114271,0.1701563304270784,0.005072164341126157,-0.10241888867399157,
-0.07218185663223267,-0.09732238650321962,-0.4870463848114014,-0.0824553593993187,-0.02722453884780407,0.04302489757537842,0.1694170570786499,0.00395332767182861,-0.10351773125888547,
-0.06982587575912476,-0.07664880156517029,-0.4593570709228516,-0.12732961773872375,-0.01097925379872322,0.05960307642817497,0.1665604804861056,0.0020054309951621115,-0.10347202534432903,
-0.053777080774307255,-0.04745422005653382,-0.43627333641052246,-0.1944412887096405,-0.025493483990430832,0.07218651473522186,0.1549825442579181,-0.0022239641120948873,-0.10007667147013113,
-0.0162455216050148,-0.04507862627506257,-0.41479263305664066,-0.24976846575737,-0.029488224536180496,0.05454306676983833,0.14579560211908574,-0.004813266970481445,-0.09764100814355854,
0.014912793040275575,-0.06632811427116395,-0.38698859214782716,-0.2905814051628113,-0.04413560777902603,0.06306518614292145,0.13428396201161602,-0.0075080204773199,-0.09561496546905812,
0.019530791044235232,-0.049823138117790225,-0.3006675958633423,-0.3220732808113098,-0.053057197481393814,0.05946991220116615,0.10569395329288493,-0.01335918017836482,-0.09213574406005244,
0.04693195819854737,-0.0440377414226532,-0.18848094940185547,-0.3164806365966797,-0.08375013619661331,0.04861753433942795,0.08909493432179069,-0.016664843285216606,-0.09023657104875961,
0.08761621117591858,-0.055667620897293095,-0.19727766513824463,-0.38372546434402466,-0.05092667043209076,0.04635384678840637,0.07304913193022589,-0.0208588115949159,-0.08896323683376327,
0.12353942394256592,0.013896338641643524,-0.04989878237247467,-0.405629962682724,-0.029621383175253868,0.0363004133105278,0.035454562181148425,-0.028297604781546012,-0.08614597557429404,
0.16476091146469118,0.021746613085269928,0.15428094863891603,-0.34923863410949707,-0.05265754461288452,-0.015500127337872982,0.014209077267263354,-0.029743279309935453,-0.0845427110690303,
0.23960764408111573,0.0395566999912262,0.24715826511383057,-0.36341995000839233,-0.018502505496144295,-0.06796440482139587,-0.004892373579354827,-0.03239890533512374,-0.08410716939771545,
0.18918899297714234,0.08944104909896851,0.5820529460906982,-0.2477056086063385,-0.044068850576877594,-0.06283781677484512,-0.040561892888048075,-0.03595801908220105,-0.08966518051459124,
0.1666191816329956,0.1417657732963562,0.7677726268768311,-0.17719842493534088,-0.015040394850075245,-0.06436913460493088,-0.05485092164865874,-0.03832236078648877,-0.09323609898147751,
0.2164963722229004,0.2204547166824341,0.7661232948303223,-0.08951383829116821,0.005133050959557295,-0.13893763720989227,-0.06471230289989854,-0.040712259646717125,-0.09609878974715243,
0.237375807762146,0.2267476797103882,1.0151652336120607,0.08998322486877441,0.0015377833042293787,-0.2035192996263504,-0.07506254444215599,-0.043398667467246764,-0.10821351287409474,
0.1804466724395752,0.17277568578720093,0.9395306587219239,0.20629678666591644,0.020113332197070122,-0.20678167045116425,-0.07131417901681401,-0.0459756218266831,-0.11802429378071233,
0.09216620922088624,0.10282893180847169,0.7909306049346925,0.29830899834632874,0.026438340544700623,-0.19193455576896667,-0.06207950261525623,-0.04747722063767518,-0.12875488104283692,
-0.024232019484043122,0.00361020602285862,0.326256012916565,0.3397211730480194,0.04694468155503273,-0.18081584572792053,-0.03149294565027336,-0.04810201514084267,-0.1490807356169898,
-0.08320690989494324,-0.023037573695182802,0.07016626596450806,0.310093492269516,0.019181225448846817,-0.1721605807542801,-0.012913390733516786,-0.04621088350467737,-0.158689239807724,
-0.13110615015029908,-0.04103470742702484,-0.12986158132553102,0.28272950649261475,0.019847014918923378,-0.14166738092899323,0.0038199722637981574,-0.04186901067763423,-0.16765817852126988,
-0.23192007541656495,-0.08792822360992432,-0.2923706293106079,0.24611105024814606,0.02677123434841633,-0.062371764332056046,0.035390165476119,-0.03907894637163323,-0.18293431214809538,
-0.251393985748291,-0.09255890846252442,-0.3887123823165894,0.19184914231300354,0.030366502702236176,0.014194118790328503,0.049147626331450076,-0.03761218704215696,-0.1871527992704446,
-0.24736075401306154,-0.08467785716056825,-0.4234326839447022,0.13465775549411774,-0.01197776012122631,0.05320943146944046,0.06034991489359165,-0.03552966142599909,-0.18802786767934443,
