-0.3241833925247193,-0.02481239289045334,-0.7965491771697999,-0.1709086000919342,0.08648272603750229,0.040226273238658905,0.028723547816386436,-0.040914388050606494,-0.321195535814793,
-0.2832221508026123,-0.03327065408229828,-0.8110589027404785,-0.24281395971775055,-0.01731398142874241,0.04235680401325226,0.023229297432808604,-0.03690788501969623,-0.3196305250436084,
-0.2529752731323242,-0.03201938271522522,-0.6334022998809815,-0.3094595670700073,-0.11531831324100494,0.08816317468881607,-3.407503938880081e-05,-0.035862422784894266,-0.31507686261582923,
-0.21561210155487062,-0.025680083036422732,-0.6273510932922364,-0.43948841094970703,-0.10246855765581131,0.11040057241916656,-0.015651022895839296,-0.04117866297784911,-0.31133807672899017,
-0.10760161876678467,-0.0071896702051162725,-0.49611659049987794,-0.5480787754058838,-0.07071036100387573,0.10194503515958786,-0.03662574119508159,-0.04664056859938204,-0.30561494224944363,
-0.10374341011047364,-0.03008595407009125,-0.17486677169799805,-0.5180516839027405,-0.22137869894504547,0.22231991589069366,-0.0629678403444495,-0.04994022984306237,-0.3005558041044458,
0.20925910472869874,0.036946031451225284,0.9132817268371582,-0.38309597969055176,-0.3249756693840027,0.13390296697616577,-0.12047482974745267,-0.06129550370702366,-0.2780295521452904,
0.6232243537902833,0.08612402081489563,1.5782288551330568,-0.09960246086120605,-0.10100381821393967,-0.08713940531015396,-0.14498293991385666,-0.07296729746725399,-0.2629345866940374,
0.5781552314758301,0.06381993889808656,2.1450063705444338,0.30546435713768005,0.14347438514232635,0.024180730804800987,-0.15876213894878088,-0.08273456066038837,-0.25859396162149423,
0.18890552520751955,0.08102411627769471,1.4988128662109377,0.46239110827445984,0.2478037178516388,0.1147947832942009,-0.13748272827467392,-0.07614909464390045,-0.26406217884638294,
0.3162350654602051,0.11190650463104249,1.057533073425293,0.5769736170768738,0.08721509575843811,0.012263083830475807,-0.11495646003654142,-0.062378913876867746,-0.2636535885116768,
0.372209644317627,0.137087619304657,0.49506254196166993,0.5525391101837158,0.06291374564170837,-0.08061466366052628,-0.08705905909560785,-0.05424697149342808,-0.2633463874347363,
0.2644824981689453,0.08759225606918336,0.041444954276084904,0.49148616194725037,0.16457992792129517,-0.07562123239040375,-0.05751259195700603,-0.05208158281933551,-0.26608965450894745,
0.00388125479221344,-0.05255945920944214,-0.481050443649292,0.40413445234298706,0.10599038004875183,-0.05831068754196167,-0.004214051026627886,-0.03984345824849976,-0.27504455520770166,
-0.09015885591506959,-0.11087912321090698,-0.6035380840301514,0.32410648465156555,0.05033031105995178,-0.04685909301042557,0.017686915978439882,-0.033083177406264326,-0.2781077066165902,
-0.11774019002914429,-0.12860933542251587,-0.6815532207489015,0.23269346356391907,0.001261568395420909,-0.00850957352668047,0.03636214619491701,-0.029436220795878317,-0.280636628147074,
-0.15970449447631838,-0.1124761700630188,-0.6659703254699707,0.155328631401062,-0.0021339619997888803,0.026644153520464897,0.06257003887597766,-0.027511623328656948,-0.2823099525056676,
-0.12104718685150147,-0.08343107104301453,-0.6447082042694092,0.10779121518135071,0.011315001174807549,0.03736338019371033,0.07105420093497752,-0.02783140456072038,-0.2810656717509798,
-0.1313320279121399,-0.01778806447982788,-0.6447793006896974,0.01711057685315609,-0.000336328346747905,0.017189931124448776,0.07741680184612539,-0.027686737885199528,-0.27936098034279877,
-0.08703471422195436,-2.1225033560767773e-05,-0.6550842285156251,-0.026633083820343018,-0.002000601263716817,0.01891867071390152,0.08061538094813755,-0.028030453802112856,-0.27801111203864154,
-0.05468733310699463,0.019539296627044678,-0.5599682331085205,-0.08702026307582855,0.04926525428891182,0.0073339203372597694,0.07891954956291732,-0.02810587231906794,-0.2761372995181744,
-0.03286188840866089,0.022184786200523377,-0.544593095779419,-0.138485848903656,0.05246104672551155,0.00460418127477169,0.07497762558414439,-0.02611083008133344,-0.2750891172958339,
-0.03703285455703736,0.04388963580131531,-0.5337794303894043,-0.17596985399723053,0.056988418102264404,0.011528399772942066,0.06882040639156732,-0.02384733663342048,-0.27438236092544865,
0.027252721786499026,0.02868403792381287,-0.5860162258148194,-0.21358700096607208,0.08322055637836456,-0.009643730707466602,0.051923820412166075,-0.018097545045951423,-0.27254226390855074,
0.0793188214302063,-0.0045230515301227575,-0.6236131668090821,-0.3369579315185547,0.07130290567874908,-0.07615617662668228,0.04091424675654825,-0.013740611908354529,-0.272567561115382,
0.10379420518875122,-0.04829728603363037,-0.6970524787902832,-0.4475456774234772,-0.07936543226242065,-0.0991259440779686,0.02648657680349743,-0.008621795545603264,-0.27478264493703813,
0.011508311331272126,0.007167637348175049,-0.5884549140930176,-0.5386924147605896,-0.13755550980567932,-0.04180140420794487,0.006303958032080859,-0.008119960492479653,-0.279724098869048,
0.0675221860408783,-0.04022859334945679,-0.4320549964904785,-0.7845022082328796,-0.11664968729019165,-0.07895249873399734,-0.045947277967117464,-0.020230908399112815,-0.2858400052067262,
0.07691040635108948,-0.137176513671875,0.33438227176666263,-0.6218495965003967,-0.3202483355998993,-0.08341329544782639,-0.08371097288181502,-0.02693929986483055,-0.2883818003955283,
0.13104323148727418,-0.12607229948043824,1.610845184326172,-0.13142848014831543,-0.33136704564094543,-0.11730201542377472,-0.12319716267682115,-0.038188321270776246,-0.2894702630811402,
0.3138623714447022,0.035957160592079165,1.9375879287719728,0.030491722747683525,0.19940096139907837,-0.06896564364433289,-0.1522534570064644,-0.07282012857120627,-0.28583843952530685,
0.0891311764717102,0.12616780996322632,1.7976232528686524,0.27903124690055847,0.29134660959243774,-0.022759798914194107,-0.15046692039018453,-0.06994023998921428,-0.2925786245557736,
0.03803682625293732,0.15890485048294067,1.5116413116455079,0.4753062129020691,0.09946583956480026,-0.07355959713459015,-0.13991310686653197,-0.05643667960206808,-0.3008158366820694,
-0.05811015963554383,0.09044567346572877,0.43197069168090824,0.49854230880737305,0.073766328394413,-0.0666353777050972,-0.09383258278535658,-0.04494127748710811,-0.3125493413183449,
-0.11105639934539796,0.025154042243957522,0.010466826707124711,0.4380219578742981,0.12263533473014832,-0.019364269450306892,-0.06613275282423424,-0.03917416247055384,-0.31726149808534876,
-0.13667467832565308,-0.022463227808475497,-0.206687331199646,0.4001384973526001,0.0253633800894022,-0.01663452759385109,-0.042158809107339476,-0.03402921375349613,-0.3203462186624493,
-0.1079224467277527,-0.06150041818618775,-0.36967239379882816,0.36418581008911133,-0.07110963761806488,-0.054517995566129684,-0.02018486350564623,-0.028773899221314108,-0.321521692429692,
-0.1264189958572388,-0.049069592356681825,-0.5505397319793701,0.2701096534729004,-0.011787718161940575,-0.03847245126962662,0.01854052637330774,-0.03174580266282488,-0.3256646815964155,
-0.17256588935852052,-0.07037524580955505,-0.5779891967773437,0.1784297674894333,0.05086323991417885,0.010928160510957241,0.03401818665966523,-0.03356584729411409,-0.3284062618593886,
-0.15829138755798342,-0.07835168838500978,-0.5495393753051758,0.1350868195295334,0.043739281594753265,0.023511596024036407,0.04537952411819931,-0.03194713677950921,-0.3288802210455546,
