-0.17731144428253176,0.010234940052032472,-0.49053592681884767,0.08967813849449158,0.0771622508764267,0.03456037491559982,0.03084669628778656,0.0002195513110150519,-0.29376616201892713,
-0.17338528633117678,0.002951405569911003,-0.5749220371246339,-0.06052415445446968,0.0464693121612072,0.014054031111299992,0.037285450325362374,0.0025853682812494133,-0.29271995583447463,
-0.11920922994613647,-0.02140067219734192,-0.6841322898864747,-0.1039336770772934,-0.05193449184298515,0.005132441408932209,0.0402371667565489,0.006526131254166944,-0.29051844561693624,
-0.16525167226791382,-0.020636633038520813,-0.6173570156097412,-0.20972774922847748,0.010316901840269566,0.032762739807367325,0.03238229031338103,0.006618447492296824,-0.28936281245040385,
-0.15599809885025026,-0.039976066350936895,-0.7026344776153565,-0.3195165693759918,0.06983855366706848,0.06771673262119293,0.02496512569273984,0.004338140483985739,-0.2887401090020671,
-0.1334314823150635,-0.06088162064552308,-0.6365921020507813,-0.4230469763278961,0.025696657598018646,0.05420118570327759,0.012935016817875395,0.005982459354249977,-0.2863502121110139,
-0.1047052025794983,-0.004224370419979096,-0.42060279846191406,-0.5185878872871399,-0.049604225903749466,0.032230108976364136,-0.02485608091786663,0.010937931851373598,-0.2801557649502375,
-0.11979968547821046,-0.002655836194753647,-0.35098080635070805,-0.6094016432762146,-0.17690332233905792,0.09334965795278549,-0.04787575916591292,0.01007487223586591,-0.27787633767631464,
-0.17945016622543336,-0.04899449050426483,0.042867615818977356,-0.5145931243896484,-0.32883667945861816,0.13402943313121796,-0.07603677075507925,0.007129187842411741,-0.27529330416296593,
0.31527554988861084,-0.09013429880142212,1.5649819374084473,-0.029365165159106255,-0.16398699581623077,-0.04160603508353233,-0.13348726739003053,-0.012142202293193969,-0.25654171411802673,
0.5398516654968262,-0.03691502213478089,2.122059440612793,0.2647809684276581,0.23342323303222656,0.021377723664045334,-0.14799509349005555,-0.02553852127413351,-0.24807589046734885,
0.3495626449584961,0.0022302795201539992,1.904990005493164,0.38382428884506226,0.3442107141017914,0.12603995203971863,-0.1448428607557853,-0.029475077785510884,-0.24857795327235963,
0.2272058963775635,-0.00813204050064087,1.0454174995422363,0.5599257946014404,0.18035973608493805,0.10746441036462784,-0.11194011357658344,0.00012225296323383047,-0.25320362912597794,
0.27623624801635743,-0.002234628051519394,0.5429408073425294,0.5765044093132019,0.09180957078933716,0.05340300872921944,-0.0853715604743239,0.013153325286406328,-0.2509689151151232,
0.2279226541519165,0.021646670997142792,0.08020781874656678,0.4951448440551758,0.08701587468385696,0.07430882751941681,-0.05521983075131052,0.01985946789893219,-0.24860955349075428,
0.045699703693389895,0.007264562696218491,-0.37483522891998294,0.40892499685287476,0.008319463580846786,0.09161937236785889,-0.000316894837575846,0.020037919583359164,-0.24280168712110062,
0.07136842608451843,-0.021130211651325226,-0.4192407608032227,0.36125442385673523,-0.045010339468717575,0.05107274278998375,0.02145317226535014,0.0211770881383992,-0.2381177340909144,
0.029440793395042422,-0.03306454718112946,-0.4739889621734619,0.2796950936317444,-0.024171102792024612,0.06052696332335472,0.04100632820395619,0.01911818737676205,-0.2349268911493663,
-0.00010568795260041953,-0.05268235206604004,-0.5990914344787598,0.1980026364326477,0.001861297874711454,0.05360274761915207,0.05886665352256875,0.01682741378833563,-0.2326441914104927,
0.027187624573707582,-0.05247798562049866,-0.6482051849365235,0.16504600644111633,0.004324722103774548,0.04907537251710892,0.07312497782267333,0.015140169832843503,-0.2298689628117144,
0.006997287273406982,-0.036558762192726135,-0.5810798645019531,0.09999830275774002,0.01264710072427988,0.0007389979436993599,0.09229163481284164,0.013958329895434957,-0.22466649839892855,
0.02210161238908768,-0.025774791836738586,-0.5770756244659424,0.07043721526861191,0.030690016224980354,-0.004454166162759066,0.09878717463562878,0.01405532380927829,-0.2232929630057048,
0.01473996937274933,-0.03068605065345764,-0.5991795539855957,-0.019178161397576332,0.04533740133047104,0.025839291512966156,0.10376341968626965,0.014761764645643377,-0.22310808851182246,
-0.025997889041900635,-0.042350515723228455,-0.6826552867889405,-0.08162929117679596,0.05998478829860687,0.03749062120914459,0.10716155885526192,0.016252392600957025,-0.22269021203292214,
0.010586392879486085,-0.0016858598217368128,-0.7123137950897217,-0.19394810497760773,0.05985163152217865,0.004067949019372463,0.10307538861252694,0.020226081643620743,-0.21820954217384067,
0.07120569348335266,-0.02574295699596405,-0.7357507705688477,-0.31472247838974,0.00538998655974865,-0.04386895149946213,0.09547336804791683,0.022897491523253856,-0.21624024599809893,
0.1041153073310852,-0.08240569233894349,-0.7853960514068604,-0.4356965720653534,-0.022906102240085602,-0.04326973855495453,0.06879201630960638,0.026851530449745035,-0.2176590957135137,
0.12456307411193848,-0.03696407973766327,-0.6928487777709962,-0.5884288549423218,-0.03462401032447815,-0.08647952973842621,0.047539272039768266,0.026128301123086426,-0.2200701644176954,
0.11731855869293213,-0.06698141098022461,-0.5822618484497071,-0.696686327457428,-0.09594329446554184,-0.0786232054233551,0.02112970433456933,0.025591486805357704,-0.22370851584296844,
0.11964433193206787,-0.17676755189895632,-0.3736665010452271,-0.731573760509491,-0.05912509188055992,-0.11903667449951172,-0.010441884937034223,0.02318106090267044,-0.22809589298091423,
0.04412665367126465,-0.22521274089813234,0.5432716846466065,-0.5749799013137817,-0.2010050117969513,-0.040473420172929764,-0.08362898424929212,0.013289349048163573,-0.23730969842712688,
-0.03588538765907288,-0.11965640783309937,1.2331941604614258,-0.2641223967075348,-0.22171108424663544,-0.09533454477787018,-0.11805453570158865,0.006467782175668089,-0.23971930903879163,
0.2519441843032837,-0.07955551147460938,1.747736167907715,0.02103557251393795,-0.04467744380235672,-0.15964987874031067,-0.14274341978787544,-0.005165175642486845,-0.23728853305778957,
0.1592821002006531,0.0738842785358429,1.7110651016235352,0.23195794224739075,0.14700357615947723,-0.08421584963798523,-0.15453519487129544,-0.023625540271435513,-0.24297944588235976,
0.05572260022163392,0.0387757033109665,1.3317550659179689,0.36192020773887634,0.1522633135318756,-0.036811575293540955,-0.14536733367697882,-0.022334401524958913,-0.2504780374025698,
0.04478872418403626,0.014883984625339509,0.9776351928710938,0.4749048054218292,0.058919522911310196,-0.05292369797825813,-0.13061332572813023,-0.015676997052385636,-0.2567685049082777,
0.05795668959617615,0.012895816564559938,0.6326074123382569,0.4782337546348572,0.05046398937702179,-0.07496136426925659,-0.11062965434930189,-0.010025025130398445,-0.2611359617742949,
0.03764635026454926,0.0383904904127121,-0.0349393904209137,0.4025999903678894,0.07809428870677948,-0.07968847453594208,-0.06226154493727491,-0.005915796921240341,-0.2689091456172456,
0.0011341528035700322,0.025934511423110963,-0.21614100933074953,0.33901700377464294,0.05346004292368889,-0.041205789893865585,-0.03997681757957151,-0.003119620131711549,-0.2736717774885213,
-0.07249380350112915,3.2327507506124674e-05,-0.3280432939529419,0.29580721259117126,0.0291586983948946,-0.03594604879617691,-0.02030693591254561,0.00044260919746171354,-0.277502588690828,
-0.11327582597732544,-0.008841374516487121,-0.509196138381958,0.2221042364835739,0.022101322188973427,-0.043669212609529495,0.012433640178798555,0.004818900610210359,-0.2816069716748822,
-0.1169508457183838,-0.014050734043121339,-0.5900766372680665,0.15366099774837494,0.01044999249279499,-0.043802373111248016,0.025503418717178865,0.006111223850775013,-0.28346614262514064,
-0.12703294754028321,-0.027839481830596924,-0.6415409088134766,0.09513803571462631,0.007121041417121887,-0.022230766713619232,0.035633400085675025,0.007271136916759921,-0.2856985164017884,
-0.1683984398841858,-0.01901446282863617,-0.6612809658050538,0.01797293685376644,0.04533740133047104,-0.014773915521800518,0.04327175526588693,0.008057357743700706,-0.287764219918277,
-0.09085939526557923,-0.04744776487350464,-0.7598807334899903,-0.1119227483868599,0.08508508652448654,-0.03255051374435425,0.050040707219808224,0.010687350766924788,-0.28937197983755686,
-0.09166999459266663,-0.054903304576873785,-0.7684572696685792,-0.2106594443321228,0.028759224340319633,-0.009980225935578346,0.047093851917958764,0.014656424015443087,-0.28998729761748876,
-0.14549726247787476,-0.07344903349876404,-0.7781524658203125,-0.34215301275253296,-0.04134849086403847,0.015186646953225136,0.04000622971819867,0.0187957093407921,-0.2910670635506085,
