-0.1558403015136719,-0.06899359226226807,-0.4217541217803955,0.0026255501434206963,-0.02908758819103241,0.02809794992208481,0.06670828256253185,-0.03085187839754515,-0.23839661497755932,
-0.1573941707611084,-0.05873404741287232,-0.5026374816894531,-0.09011904150247574,0.019248785451054573,0.04634060338139534,0.07227617337251233,-0.033813178006239515,-0.23804135188186115,
-0.14507718086242677,-0.06177434921264649,-0.49210705757141116,-0.12727013230323792,0.008196666836738586,0.0629187822341919,0.07047654524805627,-0.034522898816301426,-0.23641399884161,
-0.14883706569671631,-0.058775281906127935,-0.4434065818786621,-0.19052021205425262,-0.004852822981774807,0.07856485247612,0.06579662432289653,-0.03410624781492287,-0.23390181783511405,
-0.11286523342132569,-0.024942417442798615,-0.4195391178131104,-0.24012158811092377,-0.011843620799481869,0.08082854002714157,0.05047441949841984,-0.034867410964934405,-0.22707409477453405,
-0.10908209085464478,0.0032910536974668503,-0.33928704261779785,-0.2901890277862549,-0.03341522812843323,0.10579567402601242,0.03899123922660179,-0.03570344155977579,-0.22318697071727897,
-0.1442691445350647,0.002095230296254158,-0.2824518918991089,-0.34864541888237,-0.028821272775530815,0.09088197350502014,0.026319285395117787,-0.03668075156816653,-0.21920873893323542,
-0.023846328258514404,-0.024524258077144624,-0.07061551213264465,-0.31815221905708313,-0.017436258494853973,0.0719735324382782,-0.00555745363643185,-0.040140118255236695,-0.20941441705921135,
-0.041836646199226384,-0.05035704970359803,0.14814188480377197,-0.2762741446495056,-0.0015238490886986256,0.11178752779960632,-0.023627246034509778,-0.04125408288837211,-0.2057015034825295,
-0.10467590093612672,-0.044942143559455874,0.2484475612640381,-0.21941564977169037,0.005200632847845554,0.1442115157842636,-0.0401259499188666,-0.04167923777570328,-0.2021063902923971,
-0.11404020786285402,0.0071507468819618225,0.3652636289596558,-0.20550063252449036,0.02211170643568039,0.13142834603786469,-0.05528836811952247,-0.041159791223824634,-0.19686402414253093,
0.02054467797279358,0.09787225723266602,0.44533925056457524,-0.11828210204839706,0.028103819116950035,0.1183122843503952,-0.07981363446019014,-0.03745174564037227,-0.18358836912957013,
0.02376999706029892,0.13348939418792724,0.5707986354827881,-0.04397990554571152,0.035560667514801025,0.13442440330982208,-0.08970398859198646,-0.034441347442099764,-0.17802609303259825,
0.027778941392898562,0.1501345157623291,0.606015157699585,0.015674902126193047,0.022577760741114616,0.13435782492160797,-0.09618756666221487,-0.03134979096243646,-0.17289593788391114,
0.05150771141052246,0.15735859870910646,0.6233414173126222,0.07339891791343689,0.0028703666757792234,0.11864517629146576,-0.0997465074049156,-0.027791316273520276,-0.1671926573813151,
0.1195079803466797,0.18184994459152223,0.6899245262145997,0.18345405161380768,-0.01983308047056198,0.09281250834465027,-0.0988964096472763,-0.021592472381933965,-0.15504095613665167,
0.12748292684555054,0.1773072123527527,0.7223159790039063,0.2552928030490875,0.030500663444399834,0.05985588952898979,-0.09395424558987253,-0.020237150619741028,-0.14939432079161463,
0.20426120758056643,0.12861238718032839,0.6596215724945069,0.3490360975265503,0.044948313385248184,0.016246626153588295,-0.07422075842833672,-0.018501636093371972,-0.14078899708529966,
0.19019697904586794,0.0641490638256073,0.5792276859283447,0.40889063477516174,0.022977234795689583,-0.0021291859447956085,-0.05979160173562037,-0.015793546562108848,-0.13914923981724472,
0.14832940101623535,-0.0010095457546412945,0.41858854293823244,0.4134845733642578,0.01458827592432499,0.0029308199882507324,-0.042029793819971635,-0.01347580479162536,-0.13871124721331368,
0.10710046291351319,-0.04687759876251221,0.20799045562744142,0.3989037871360779,0.01711827889084816,-0.007455508224666119,-0.021774035937198215,-0.012197364478691698,-0.13882578709804708,
0.10088604688644409,-0.0664178729057312,-0.1336488127708435,0.341778963804245,0.016186174005270004,-0.050132665783166885,0.015168964430169535,-0.01562103371672869,-0.13863953650718525,
0.10981860160827638,-0.0680929183959961,-0.2552945375442505,0.33252447843551636,0.03083355911076069,-0.06531268358230591,0.03459423377047154,-0.014727078187240901,-0.1396105029258949,
0.09099451303482056,-0.06721104383468628,-0.3091707944869995,0.3232034146785736,0.034295666962862015,-0.046337660402059555,0.05229888230808297,-0.013656618632325347,-0.1418431631531446,
-0.008156376332044602,-0.06629335284233094,-0.4772351264953614,0.206423819065094,0.03775777667760849,-0.022502368316054344,0.08636366232074362,-0.009305977236187871,-0.14716682870175954,
-0.017432314157485963,-0.0723932445049286,-0.5904393672943116,0.1365824192762375,0.014788012951612473,-0.011183934286236763,0.1010547366582612,-0.006657310886101059,-0.1483345873434304,
-0.042401847243309025,-0.0796333909034729,-0.5788758754730224,0.07672787457704544,0.02018091455101967,0.0029973993077874184,0.11158348067144584,-0.004498686079849787,-0.14878003256822897,
-0.07968529462814332,-0.08143879175186158,-0.5734394073486329,0.01121390052139759,-0.018434887751936913,0.0041288575157523155,0.12424709106837338,-0.002372989033879835,-0.1489002995517196,
-0.0548614501953125,-0.08955242037773133,-0.5601587295532227,-0.02314087748527527,-0.0391409695148468,-0.018840909004211426,0.12702009676032786,-0.0021400091249891996,-0.14819586997237014,
-0.02301781475543976,-0.08501604199409485,-0.5294548034667969,-0.04577774927020073,-0.05585230514407158,6.753671914339066e-05,0.12764141338009866,-0.003003216370882054,-0.14839102855163439,
-0.07330266833305359,-0.049088639020919804,-0.47467045783996586,-0.13679127395153046,-0.058182571083307266,0.05026812106370926,0.1248678772478764,-0.00650452958590293,-0.1514574810012863,
-0.07171496748924255,-0.02788292467594147,-0.53752179145813,-0.24498219788074493,-0.02336173690855503,0.053131021559238434,0.1218649501130899,-0.009612792758629585,-0.15177032246040933,
-0.041011092066764836,-0.027509883046150208,-0.5662712574005128,-0.287925660610199,-0.05079229921102524,0.03721863776445389,0.11490554878422393,-0.013203641721158031,-0.150536039114856,
-0.014910982549190523,-0.039008098840713504,-0.47200741767883303,-0.3005756735801697,-0.07382863759994507,0.02849678136408329,0.10324170562077965,-0.015557227716846556,-0.1487043220704256,
-0.0013958364725112915,-0.05279938578605652,-0.2785719156265259,-0.3439186215400696,-0.04666439816355705,0.04281127452850342,0.07403005469452541,-0.021827426453066328,-0.1471172411435146,
-0.015820501744747164,-0.027490755915641787,-0.22891051769256593,-0.38473156094551086,-0.014972778968513012,0.035820476710796356,0.058354657491973064,-0.02553874507767122,-0.14659787826837353,
0.03382110595703125,-0.023237401247024538,-0.17316668033599855,-0.3367946743965149,0.00014066044241189957,0.01344992034137249,0.04097788739552231,-0.028291897728418874,-0.14522919529158515,
0.09927026629447938,0.03127057552337647,0.18012398481369019,-0.31968384981155396,-0.011976722627878189,-0.004726153798401356,0.0030565336005295997,-0.03036910907750517,-0.1428054693085975,
0.10496088266372681,0.04158839285373688,0.2253741502761841,-0.3037048876285553,-0.0207651536911726,-0.02283564954996109,-0.013440006897978396,-0.03024076733876915,-0.14289907938987326,
0.13087844848632812,0.052256160974502565,0.2973112344741821,-0.23772509396076202,-0.014040672220289707,-0.042609624564647675,-0.029655387062227843,-0.030740544269679895,-0.1433564793787695,
0.10951204299926759,0.09211122393608094,0.5172631263732911,-0.14830945432186127,0.00826330203562975,-0.041943833231925964,-0.059004844896267276,-0.03305176374104416,-0.1463769494622597,
0.10377717018127441,0.11524778604507446,0.5244611740112305,-0.12014652043581009,0.04108676314353943,-0.05352858453989029,-0.06920742133881144,-0.03401312087245915,-0.14858925810747436,
0.1315839171409607,0.14657620191574097,0.49326109886169434,-0.05756223574280739,0.00826330203562975,-0.07010675966739655,-0.07684271084414687,-0.034209798790016094,-0.15088619033787684,
0.11758612394332886,0.18222482204437257,0.5207967758178711,-0.01568402536213398,-0.007449348922818899,-0.08568625152111053,-0.08303635165369844,-0.03310158662271129,-0.15393370082894972,
0.1118503212928772,0.21548159122467042,0.5216780185699463,0.044569991528987885,0.03868991509079933,-0.10925522446632385,-0.08851202804879693,-0.03373662961518235,-0.16122212791514282,
0.11069668531417848,0.20640354156494142,0.5284655570983887,0.12253403663635254,-0.013441461138427258,-0.10153205692768097,-0.08811622683917365,-0.034737890459773504,-0.1658587131181575,
0.06006923913955689,0.18563677072525026,0.601927661895752,0.174598827958107,-0.02389436773955822,-0.10546021908521652,-0.08563423573620138,-0.03445747009939362,-0.17158112487884275,
0.05658087134361267,0.16342209577560426,0.537456226348877,0.25016602873802185,0.019648315384984016,-0.15020133554935455,-0.07181399505232117,-0.03774237871193603,-0.18164184233241729,
0.06539326906204224,0.13975831270217895,0.4519212722778321,0.28205740451812744,0.025906745344400406,-0.18994900584220886,-0.06077605888157477,-0.03949444639951406,-0.18746851801416137,
0.0016495881602168084,0.05407702326774597,0.2125706195831299,0.30316296219825745,0.009328566491603851,-0.1781645268201828,-0.032517524877600575,-0.03968231243558921,-0.2040836947260595,
-0.10273692607879639,0.0017450092360377313,0.07670633792877198,0.28758347034454346,0.01685199700295925,-0.1324247270822525,-0.016425316816550073,-0.03927561777408164,-0.21407398479929848,
-0.17524542808532717,-0.03389513194561005,-0.06393267512321472,0.252429723739624,0.033962804824113846,-0.0668443888425827,-0.0003295575650122981,-0.03593673354868899,-0.2229962378741663,
-0.2122147798538208,-0.06255375146865845,-0.1885454535484314,0.20762203633785248,0.0032698747236281633,-0.03162407875061035,0.015291212780300881,-0.03502202223291148,-0.23004215307720652,
-0.20674815177917483,-0.07801778912544251,-0.36584100723266605,0.1583535522222519,-0.0028553958982229233,-0.020771700888872147,0.04118309484260665,-0.03187957534458067,-0.23675197232802186,
-0.1828917980194092,-0.07415945529937744,-0.3992280960083008,0.11501060426235199,-0.015372253023087978,-0.01784222200512886,0.05104776558233439,-0.031879934909289774,-0.2381251505378286,
-0.1766329646110535,-0.06672603487968445,-0.42802009582519535,0.07226686924695969,-0.043801501393318176,0.00126595888286829,0.05928972566029139,-0.03189280518566278,-0.23922306625985343,
-0.2020869016647339,-0.050337576866149904,-0.47224202156066897,-0.007095332257449627,-0.00039197178557515144,0.019442033022642136,0.07075342567740349,-0.03373419976241729,-0.24122419293684505,
-0.17288609743118288,-0.05432741641998291,-0.49540100097656253,-0.04517853632569313,0.015453837811946869,0.0384836345911026,0.07340539518955433,-0.03566165013949474,-0.2412707408130622,
