-0.12888169288635254,-0.05732422471046448,-0.4525146484375,-0.03542971611022949,0.013519731350243092,0.02263471856713295,0.07551958484527947,-0.005629879653629415,-0.238904409672782,
-0.12211550474166871,-0.05699456334114075,-0.500615406036377,-0.12464561313390732,-0.011447404511272907,0.03308762609958649,0.07711625196390841,-0.005046293837219616,-0.23858364001806445,
-0.10310564041137696,-0.05448917150497437,-0.4954544544219971,-0.16805514693260193,-0.022166628390550613,0.03754842281341553,0.07380109197240958,-0.004924655258127087,-0.237047788666337,
-0.08931282758712769,-0.044651064276695254,-0.45403003692626953,-0.22577916085720062,-0.02376452460885048,0.05379370599985123,0.06775021702565641,-0.0057069905285791825,-0.23546292169767225,
-0.09750832319259645,-0.055268901586532596,-0.4308750629425049,-0.3028110861778259,-0.006387398112565279,0.06138371303677559,0.04976048671394515,-0.008638413410919834,-0.23180531712939959,
-0.07115651965141297,-0.03871530890464783,-0.3474557161331177,-0.33776506781578064,-0.019103992730379105,0.05912002548575401,0.03653536046239678,-0.00996732560762297,-0.22880520555095113,
-0.06263504028320313,-0.04642804563045502,-0.2448281288146973,-0.3843038082122803,-0.029157426208257675,0.059253182262182236,0.021047860458247435,-0.010598964258123405,-0.22575534089316468,
-0.05867445468902588,-0.06365528702735901,-0.17563042640686036,-0.36745932698249817,-0.011380825191736221,0.051130544394254684,0.0041740865021278085,-0.01144339260854565,-0.22285143029123203,
-0.05443912148475647,-0.008914077281951904,0.17561241388320925,-0.2972184419631958,-0.017239779233932495,0.08761584758758545,-0.03439631060441408,-0.013642382657906661,-0.2168927792847123,
-0.11226223707199097,0.030853781104087832,0.31092839241027836,-0.28297051787376404,-0.026028212159872055,0.11284929513931274,-0.05151984421979918,-0.013899264993818041,-0.21430963770644454,
-0.08316537737846375,0.08269920349121095,0.39060184955596927,-0.17198482155799866,-0.05805247649550438,0.13361912965774536,-0.06691577326381064,-0.013925666534333556,-0.20986985065206293,
-0.021646450459957126,0.171758770942688,0.8066605567932129,-0.041023869067430496,-0.03608139604330063,0.14393886923789978,-0.09351349328545155,-0.014219829242803423,-0.19759240922551255,
0.07012199759483338,0.2028508186340332,0.895912265777588,0.10951131582260132,0.030431052669882774,0.11790648847818375,-0.1004335223172127,-0.014866274702980084,-0.18978446448782574,
0.1620392441749573,0.22116148471832275,0.9434422492980957,0.21270880103111267,0.07031188905239105,0.08195380866527557,-0.10222999990768841,-0.014100269522411484,-0.1823665618611369,
0.26415395736694336,0.22623863220214846,0.7647256851196289,0.31324315071105957,0.06951294094324112,0.0339503213763237,-0.08963909494878734,-0.007058261093868525,-0.1726293336647103,
0.24322276115417482,0.19010770320892334,0.642932653427124,0.3892764151096344,0.04734212905168533,0.0027913395315408707,-0.07713210435710569,-0.0025182081383551044,-0.17043884743685503,
0.20096931457519532,0.1362719178199768,0.49195427894592286,0.4115803837776184,0.0465431772172451,-0.001935772132128477,-0.06080547807332205,0.0011722316302049838,-0.16963042477663257,
0.14583981037139893,0.08597769141197205,0.30296652317047124,0.4078519642353058,0.04667633771896362,-0.003799984697252512,-0.04138440574826012,0.00374860370765776,-0.16973989877061654,
0.09105737805366516,0.0059948168694973,0.017281128466129305,0.3849487602710724,0.029831841588020325,-0.013653680682182312,0.0003130626596833889,0.007991463001040245,-0.170307279249341,
0.07606478333473206,-0.02050570994615555,-0.10440607070922853,0.3417389690876007,0.01691550947725773,-0.017715001478791237,0.02076814689119436,0.00683732740630894,-0.1706931847425983,
0.0567437767982483,-0.03817466795444489,-0.2182185411453247,0.2870776057243347,0.014918138273060322,-0.012987891212105751,0.04039757477473335,0.00846117199778773,-0.1712328747668658,
0.04502485990524292,-0.048255315423011785,-0.41118860244750977,0.1918695718050003,0.0281673651188612,-0.005730776581913233,0.07454189729634583,0.010419254766478168,-0.17250181851470958,
0.026613819599151614,-0.056984931230545044,-0.4750265121459961,0.116036057472229,0.034226059913635254,-0.004332616925239563,0.08772963705110337,0.011505410499374714,-0.1728446242405308,
0.016855113208293915,-0.06596880555152894,-0.4863768100738526,0.07761996239423752,0.00300049246288836,-0.014852102845907211,0.09765329763802413,0.01295471126968227,-0.17276234007596677,
0.020072634518146518,-0.07963343262672425,-0.475011682510376,0.05012282356619835,-0.014909266494214535,-0.01611710526049137,0.1044240196638616,0.014747780062479048,-0.17237207236187016,
-0.0009575800970196724,-0.08950846791267396,-0.45571513175964357,-0.009199093095958233,-0.021966643631458282,-0.006196829490363598,0.11230770917415715,0.015693943552007403,-0.17340884803048784,
-0.017060314118862153,-0.09438188076019288,-0.47373490333557133,-0.07617759704589844,-0.04240640252828598,0.017971357330679893,0.11389393625378089,0.015088433054076332,-0.17440408237414914,
-0.030912399291992188,-0.09334176182746888,-0.4797351360321045,-0.14175795018672943,-0.05745326355099678,0.030621374025940895,0.11348691629186719,0.014148171644870968,-0.1750744181479382,
-0.026250198483467102,-0.08621737957000733,-0.5025428771972656,-0.17964141070842743,-0.06344538182020187,0.03488243371248245,0.11081111152436784,0.012284845533350169,-0.1752142599445262,
0.024857059121131897,-0.04518620371818543,-0.44592199325561527,-0.2741174101829529,-0.03867792338132858,0.011912023648619652,0.09709827443169994,0.0058642159831303374,-0.17421455539554095,
0.06257739067077638,-0.048525676131248474,-0.446350908279419,-0.32871219515800476,-0.06231347844004631,-0.02084485813975334,0.08687804311393345,0.0025968602185658766,-0.17343822924885346,
0.08506373167037964,-0.055779403448104864,-0.4018243789672852,-0.3315085172653198,-0.08415139466524124,-0.009260107763111591,0.07380368262108722,0.0002833021454117731,-0.1730544810292289,
-0.007065620273351669,-0.046107083559036255,-0.18885079622268677,-0.3934270143508911,-0.05412425473332405,0.030221257358789444,0.04123931646337176,-0.0054755872301613506,-0.17544482320755891,
0.007987073063850403,-0.03876613676548005,-0.16344598531723023,-0.4470231235027313,0.009591872803866863,-0.022309597581624985,0.024191078050091408,-0.009782895075007226,-0.1756648671552086,
0.11698567867279053,-0.032597631216049194,-0.11086710691452027,-0.4013499319553375,0.004931340459734201,-0.04095172509551048,0.004797666116182073,-0.01295822527731054,-0.1743357402852451,
0.08342979550361634,-0.00308022890239954,0.3599507808685303,-0.24628736078739166,-0.0808890238404274,-0.03416066616773605,-0.03928223777120447,-0.015624723551489037,-0.17710426624298312,
0.08778612017631532,0.011470435559749604,0.4852846145629883,-0.23436971008777618,-0.003923669923096895,-0.08116546273231506,-0.05554911781634323,-0.01776211803450925,-0.1789124161434477,
0.1367671847343445,0.08482812643051148,0.4707671642303467,-0.14801672101020813,0.03142979368567467,-0.060392800718545914,-0.06741045140272545,-0.022249726754353886,-0.17999951843853382,
-0.03219597637653351,0.2440129280090332,0.8122555732727051,-0.0012099540326744318,0.003333444008603692,-0.029366973787546158,-0.08892284125794693,-0.025017324612988622,-0.18687374622101757,
-0.05056532621383667,0.3027894973754883,0.8426421165466309,0.11563624441623688,-0.021167639642953873,-0.038088828325271606,-0.09419799254100794,-0.024285591373962027,-0.18960111418202752,
0.004618040472269058,0.32969696521759034,0.8262314796447754,0.1999918669462204,0.015783721581101418,-0.05633148178458214,-0.09454918598064524,-0.024460156789959983,-0.19117812256195027,
0.05849421620368958,0.31040639877319337,0.7253411293029786,0.2457982301712036,0.0454779714345932,-0.06731702387332916,-0.08994518150802457,-0.02594016900528357,-0.1926196627912798,
0.08571857810020447,0.22089807987213136,0.4606202125549317,0.2806856334209442,0.04208244010806084,-0.07297623157501221,-0.06987866017577521,-0.02597843765625139,-0.19821242777458592,
0.05443060994148255,0.17149988412857056,0.3142600774765015,0.29719725251197815,0.017980830743908882,-0.07550624012947083,-0.05647428802819025,-0.024223911534497343,-0.20217242278093384,
0.024276649951934817,0.1242833971977234,0.19604154825210574,0.28461381793022156,0.018713198602199554,-0.07430781424045563,-0.04204828612267233,-0.022565601816251845,-0.20618144971449567,
-0.005175648629665375,0.04350177347660065,-0.02892234027385712,0.24726296961307526,0.028833212330937386,-0.07510676980018616,-0.01127866770009853,-0.020880351397085925,-0.21400467314060112,
-0.02964729070663452,0.015170742571353913,-0.11547095775604249,0.23341453075408936,0.0025344956666231155,-0.07004676014184952,0.0029133436430250014,-0.019744091701111174,-0.2179440108382222,
-0.06572824716567993,-0.010258338600397111,-0.14768636226654053,0.21890030801296234,-0.014776051044464111,-0.06165780499577522,0.015864208484061476,-0.018218306130456444,-0.22172727951075197,
-0.06490330696105957,-0.034350532293319705,-0.19074097871780396,0.19466553628444672,-0.021433955058455467,-0.04960699751973152,0.028212687479303125,-0.017481660739836223,-0.22524311955327364,
-0.08534001111984253,-0.04528869390487671,-0.27184696197509767,0.1294175386428833,-0.0016598928486928344,-0.04940829053521156,0.05088159869792655,-0.01796715912779534,-0.23169509189091375,
-0.07621776461601258,-0.03572204113006592,-0.3075459957122803,0.10218673199415207,0.002468006918206811,-0.03489406406879425,0.060039733224271065,-0.01848505150136469,-0.23430225031003946,
-0.08677179217338563,-0.031097045540809633,-0.3093089818954468,0.0746895894408226,-0.01304490678012371,-0.025839313864707947,0.06718294268638553,-0.018296880031180802,-0.2368068745702752,
-0.10306516885757447,-0.04310899078845978,-0.36720426082611085,0.0015192352002486587,-0.02236597053706646,-0.011458244174718857,0.0778190152287126,-0.017394647639617355,-0.2404352491562303,
-0.1146317481994629,-0.04741894006729126,-0.41506652832031254,-0.05207688361406326,-0.041540730744600296,0.012576784007251263,0.08078818955309951,-0.017936841246528053,-0.2418248084193514,
-0.13927886486053467,-0.049001207947731024,-0.43865284919738773,-0.10980089753866196,-0.03861125186085701,0.03141865134239197,0.08144963997421054,-0.018816171875573034,-0.24282467026355697,
