-0.1870891571044922,-0.014630456268787385,-0.5264086246490479,0.041286543011665344,0.045468769967556,0.00888208206743002,0.03755585372627499,-0.012754526217473491,-0.26728419212607146,
-0.16369513273239136,-0.005455778539180756,-0.5460890769958496,-0.013108521699905396,0.03168690949678421,0.01081287395209074,0.04013289716394869,-0.010481279873064532,-0.26666924783075546,
-0.15384335517883302,-0.006950014084577561,-0.5624104022979737,-0.055719099938869476,-0.004132606089115143,0.007550503127276897,0.04049979241234514,-0.008521636540760264,-0.2658266005008139,
-0.16350394487380981,-0.025984984636306763,-0.6145913124084473,-0.15079393982887268,0.0014600319555029273,0.015939459204673767,0.03486848771221581,-0.008471194552948164,-0.264958715390561,
-0.1595673203468323,-0.050068366527557376,-0.6270619869232178,-0.30292704701423645,0.08315250277519226,0.05728503689169884,0.026323695274033974,-0.007984273620272271,-0.26392091108022675,
-0.14350756406784057,-0.05407366752624512,-0.5286982536315918,-0.3971363604068756,0.07929091900587082,0.07379662990570068,0.012067587670676927,-0.004590817155309099,-0.26126630711239535,
-0.1421211004257202,-0.041795122623443606,-0.43445529937744143,-0.44141140580177307,-0.009325770661234856,0.07259821146726608,-0.006319394382288395,0.00012915166520223518,-0.2577000632756383,
-0.18788307905197144,0.0007711427751928568,0.02005501687526703,-0.4868848919868469,-0.13782329857349396,0.0907742828130722,-0.0509158266612441,0.0012549290021761988,-0.2506655068696638,
-0.23242266178131105,0.010457682609558107,0.54091477394104,-0.3976689875125885,-0.3107956051826477,0.20049652457237244,-0.0755459750874238,-0.004178189077207247,-0.24530780958676737,
0.04504542946815491,-0.0259495884180069,1.3619483947753908,-0.08767703175544739,-0.27264583110809326,0.15775278210639954,-0.09862649371985287,-0.014182793729734081,-0.23369742650387543,
0.47223868370056155,0.042616966366767886,2.0061302185058594,0.3057384490966797,0.20991897583007812,0.12599459290504456,-0.10931954466015349,-0.029936140363349333,-0.21187604251988623,
0.36453235149383545,0.04051700234413147,1.560054874420166,0.5139976739883423,0.278295636177063,0.16454385221004486,-0.0941936666126566,-0.018226199262376133,-0.20893492572608385,
0.4330480575561524,0.011347372084856033,1.0089245796203614,0.6332406997680664,0.1567889004945755,0.07186584174633026,-0.07018446505613583,-0.0021501507346326477,-0.20443290121361046,
0.3740243196487427,-0.002081446722149849,0.446662712097168,0.6393659710884094,0.0719672217965126,0.049095816910266876,-0.03997470897602374,0.00963597290258534,-0.2008941149535492,
0.1210939645767212,-0.010599345713853837,-0.4854430198669434,0.5084050297737122,0.12196807563304901,0.07466216385364532,0.024325020242480237,0.019545386333598546,-0.1954667719899097,
0.11067548990249634,-0.030352580547332766,-0.6113645076751709,0.3930891156196594,0.008983630686998367,0.04596467316150665,0.049943842657158836,0.024941653554089824,-0.19102362252265764,
0.09935414195060731,-0.0339104026556015,-0.6251283168792725,0.3380948305130005,-0.07064488530158997,-0.012291977182030678,0.07103871529850571,0.026253590791922694,-0.18786599138431576,
0.046631169319152836,-0.045049560070037846,-0.675057601928711,0.23915837705135345,-0.03023141622543335,-0.0017059114761650562,0.08956836372987785,0.02371746617814848,-0.18809517103402715,
0.023077318072319032,-0.06592657566070557,-0.6172738075256348,0.1564672291278839,0.005055468529462814,0.0010238289833068848,0.11534014907067998,0.020273159552889504,-0.18967898925135931,
0.05183746218681336,-0.05243291258811951,-0.5379198551177978,0.12430956214666367,0.004589415621012449,-0.017751457169651985,0.1233759469674111,0.0204521053792022,-0.18960000522873227,
0.03474103212356568,-0.057589882612228395,-0.5510183334350586,0.04741078242659569,0.0063870493322610855,-0.008496972732245922,0.13010645940731835,0.021040657646697606,-0.19027503678930044,
0.05383012294769288,-0.0395192563533783,-0.5718231201171875,-0.003056120593100786,0.021966541185975075,-0.01615356095135212,0.13431580203894053,0.021619180768220825,-0.19069904404865495,
0.04442195296287537,-0.0023353729397058488,-0.5239943504333496,-0.05771750211715698,0.021234171465039253,-0.023410674184560776,0.1346773454218927,0.023910251097599863,-0.19136268468515702,
0.01585666835308075,-0.004885778203606606,-0.518796968460083,-0.10791808366775513,0.006719944532960653,-0.012957766652107239,0.1319446263853457,0.025398252633485503,-0.19196883799931733,
-0.030894368886947632,0.02352445721626282,-0.5236460685729981,-0.16637447476387024,-0.01152271032333374,0.004885412752628326,0.12730862652187186,0.02636675136071671,-0.19257668909610076,
-0.0033557604998350147,-0.0026968667283654214,-0.5064310550689698,-0.2149105966091156,-0.03828747570514679,-0.002837754786014557,0.11127018643114726,0.025332815911653282,-0.19283488682112773,
0.02217780202627182,-0.060329473018646246,-0.49070072174072266,-0.2823551297187805,-0.05766197293996811,0.008147785440087318,0.10033938992442389,0.023521884651253697,-0.19353590644870033,
0.07272526621818542,-0.09341063499450684,-0.508262300491333,-0.3635149598121643,-0.023906409740447998,0.007481994107365608,0.0872131457958456,0.020692009990953355,-0.19427805758051742,
0.11929543018341066,-0.08083751797676086,-0.4770227909088135,-0.4261658489704132,-0.00493138562887907,-0.02753857523202896,0.07059549255596242,0.018432587461354556,-0.1943089918058732,
0.051396244764328004,-0.0756877064704895,-0.2804266452789307,-0.44980138540267944,-0.07117751985788345,-0.03000199794769287,0.02833038531232053,0.01739066125897925,-0.19692291240542342,
0.05836354494094849,-0.07714799642562867,-0.1464509129524231,-0.4591224491596222,-0.1262383759021759,-0.009096183814108372,0.005365858222179057,0.01437173765593691,-0.1989297237944084,
0.08790419697761537,-0.062058061361312866,-0.04751048982143402,-0.5498031377792358,-0.10266939550638199,0.002022514119744301,-0.017700585647251146,0.008512096507706183,-0.20001324434810192,
0.13076605796813964,-0.07653593420982362,0.13847213983535767,-0.5547299981117249,-0.09041886031627655,0.0058175185695290565,-0.04581114403307772,-0.0005346497211596835,-0.19992523831842854,
0.07338439822196961,0.03673498332500458,1.0304099082946778,-0.3280949294567108,-0.1780368685722351,0.054153893142938614,-0.10092595541886389,-0.010020522961646298,-0.19753908986842494,
0.24949095249176026,0.16519742012023927,1.3081971168518067,-0.11537404358386993,-0.1410856395959854,-0.06202483922243118,-0.11960230098722284,-0.01695393438676312,-0.19275926647610536,
0.5005827903747558,0.24223201274871828,1.3845438957214355,0.039022717624902725,0.03115430288016796,-0.19172078371047974,-0.1295901702733408,-0.02535733534632235,-0.18910710424868987,
0.21365127563476563,0.1605547904968262,1.1613612174987793,0.19794686138629913,0.15585683286190033,-0.19478341937065125,-0.12700149500397329,-0.03220315233114205,-0.2046482031900543,
0.026742932200431824,0.08892520070075989,0.9389213562011719,0.3422901928424835,0.11317966133356094,-0.12614044547080994,-0.11608036742077925,-0.02883795783362807,-0.21680938818120632,
-0.0666075050830841,0.05381116271018982,0.6099314212799073,0.3883628845214844,0.04114115610718727,-0.0897882953286171,-0.09956808949572345,-0.0246288865409467,-0.22638141882620375,
-0.07639983296394348,0.060113567113876346,0.3167136669158936,0.384168416261673,0.045668527483940125,-0.08885619044303894,-0.08035438541441578,-0.022568170891038984,-0.23261094457692638,
-0.06426827907562256,0.08085971474647523,-0.10992287397384644,0.3354325592517853,0.07616171985864639,-0.08313038945198059,-0.03818740633044502,-0.018153130827746385,-0.24243857519285195,
-0.0726094126701355,0.05471623539924622,-0.27844526767730715,0.27690958976745605,0.04273905232548714,-0.08479486405849457,-0.020021340363844176,-0.014813810604788267,-0.24703866119849613,
-0.09881653785705567,0.023528991639614107,-0.3196633338928223,0.2593327462673187,0.02849114127457142,-0.06801695376634598,-0.004771656730232354,-0.011997575536704082,-0.2514433657168259,
-0.18042804002761842,-0.0275687575340271,-0.44576582908630374,0.1994781792163849,0.054989591240882874,-0.023542162030935287,0.021895813670324067,-0.008567882920028089,-0.2585027926581467,
-0.19384558200836183,-0.02302294224500656,-0.5056807994842529,0.12723992764949799,0.03668035939335823,0.0123439347371459,0.03229109909184507,-0.005799992439271781,-0.259618074297959,
