-0.15043927431106568,-0.05388976335525513,-0.4732268810272217,-0.07983062416315079,0.009523794986307621,0.037095993757247925,0.0755824606416642,-0.009801813808600212,-0.27230010626796297,
-0.13512426614761353,-0.04622049033641815,-0.4772373676300049,-0.1322949081659317,-0.017240973189473152,0.057802069932222366,0.07290600278078761,-0.010091549048053131,-0.270988543518283,
-0.11000065803527832,-0.029399436712265015,-0.43369221687316895,-0.17710258066654205,-0.017440710216760635,0.056537073105573654,0.06761289420983053,-0.010448668185999639,-0.2686164232913848,
-0.0529011070728302,-0.009951184689998628,-0.38256320953369144,-0.23416081070899963,-0.01118228305131197,0.04428653046488762,0.05136791715162502,-0.01322205493187482,-0.26327818686001125,
-0.07676993012428285,-0.009383657574653627,-0.3457971096038819,-0.27410826086997986,-0.029491515830159187,0.05926680937409401,0.04037031332626402,-0.013974786713295878,-0.2610287272271621,
-0.09983940720558167,-0.0080999456346035,-0.3062773227691651,-0.31378933787345886,-0.03541705012321472,0.07637762278318405,0.027617104008586177,-0.015180908256392234,-0.2585731796311576,
-0.08464916348457337,-0.011433739960193635,-0.13340595960617066,-0.3321651518344879,-0.028825724497437477,0.08010604977607727,-0.0031566014268425402,-0.018926547976076923,-0.2516165204901821,
-0.08790570497512817,0.019597916305065157,0.047935998439788824,-0.29394879937171936,-0.09254185110330582,0.10227686911821365,-0.01974963492455896,-0.014597763800977891,-0.2476791131161199,
-0.08401995301246644,0.05901506543159485,0.2083911180496216,-0.2900872230529785,-0.09101053327322006,0.08882790058851242,-0.03601596899499878,-0.017114134627139118,-0.2429660452643536,
0.08975528478622437,0.13448746204376222,0.6431609630584717,-0.1719094216823578,-0.07456551492214203,0.09675081074237823,-0.06643024604985853,-0.024897928329489054,-0.23171315633790035,
0.1130984902381897,0.16914247274398805,0.8441607475280762,-0.061654552817344666,0.010522480122745037,0.11472714692354202,-0.0779407485102369,-0.02798010574258155,-0.2264034395432531,
0.17869499921798707,0.1728071451187134,0.9178144454956055,0.05931954085826874,0.07443834841251373,0.10234344750642776,-0.08488264981986259,-0.02888552471289802,-0.22048504805388622,
0.17242943048477175,0.13358927965164186,0.9489398956298829,0.22623316943645477,0.05213437229394913,0.10533950477838516,-0.08454365386436231,-0.02096517088742535,-0.21133362661017574,
0.14979406595230102,0.11080225706100465,0.781858491897583,0.2834245264530182,0.05712779983878136,0.0959518626332283,-0.07554623403210768,-0.01674277177946968,-0.20713133740268994,
0.17279123067855837,0.10400749444961549,0.622107744216919,0.3496706783771515,0.07037702947854996,0.052076276391744614,-0.06287023962112513,-0.012906371669727202,-0.20261419774993872,
0.19724900722503663,0.08724417090415955,0.5060530662536621,0.3846246600151062,0.07856625318527222,0.025244928896427155,-0.04759826531887638,-0.009149328520718583,-0.19885300489502875,
0.15754487514495852,0.027338388562202456,0.23689212799072268,0.4298318326473236,0.07656887918710709,0.003939639776945114,-0.01028853966381544,-0.001216936374129177,-0.19556325084906473,
0.11835083961486817,-0.01618979424238205,0.10583306550979615,0.42823392152786255,0.061255697160959244,0.007601485587656498,0.010823130441455293,0.0027722092281978025,-0.19525833975298798,
0.09515311717987061,-0.03608103394508362,-0.07417494058609009,0.38549017906188965,0.08828678727149963,0.0044722724705934525,0.03267318465742875,0.005208868833989126,-0.19463979351642763,
0.09776577949523926,-0.046114864945411685,-0.22859075069427492,0.3436785638332367,0.09474495053291321,0.0035401657223701477,0.05416010335966885,0.008490141527936444,-0.19371888810324028,
0.07318607568740845,-0.06211233139038086,-0.3971695899963379,0.3020000755786896,0.03742040693759918,0.0065362220630049706,0.09142213273958891,0.017379510285988557,-0.19117709237770872,
0.0535534679889679,-0.052500325441360476,-0.4174195766448975,0.25193190574645996,0.015715768560767174,0.020050350576639175,0.10720419155918762,0.020059993656033965,-0.18998716971300667,
0.03306573033332825,-0.04712745249271393,-0.5043029308319092,0.175099715590477,0.05126897245645523,0.03290010616183281,0.12205403139233752,0.020701018253495816,-0.1892379466181725,
0.057193607091903687,-0.05444217920303345,-0.5359493732452393,0.10066436231136322,0.025835780426859856,0.009197969920933247,0.1438117324368189,0.022782800700027844,-0.18531306470669753,
0.0441279411315918,-0.06395026445388795,-0.4966923713684082,0.03441822528839111,-0.02969112992286682,0.005402964539825916,0.15008427847317293,0.02450719503053001,-0.1835187263311919,
0.030345943570137025,-0.06944118738174439,-0.5096896648406982,-0.010922092013061047,-0.03468455374240875,0.008465600199997425,0.15413882116688082,0.024371542478296787,-0.1831609661569013,
0.02485509365797043,-0.0701496422290802,-0.4990119457244873,-0.0818287581205368,-0.02829296886920929,0.01845245435833931,0.1551444814999412,0.021166838581931503,-0.18414479498793188,
0.04064670503139496,-0.06431990265846253,-0.5078794956207275,-0.14993910491466522,-0.02270033210515976,0.014724028296768665,0.15238456597148045,0.019180359247325512,-0.18426610518469264,
0.049602627754211426,-0.05363855957984925,-0.4862694263458252,-0.18389441072940826,-0.043073512613773346,0.00407138466835022,0.14674175097016343,0.017805001186099793,-0.18401204590051998,
0.05075550079345703,-0.04265812039375305,-0.448103141784668,-0.2539355456829071,-0.04467140883207321,-0.006581260357052088,0.12936656881737466,0.014150489524076982,-0.18467234958776316,
0.038358601927757266,-0.06836054921150207,-0.4534454345703125,-0.31978219747543335,-0.009451104328036308,0.0044042794033885,0.11789650214638733,0.011893188753280206,-0.18586306748370818,
0.04936643540859223,-0.0957199513912201,-0.3878017902374268,-0.363924115896225,-0.01211426593363285,0.015389819629490376,0.10355126901716193,0.010370951243933994,-0.18661106891102025,
0.033806660771369935,-0.08749212622642517,-0.3224664211273194,-0.3647230565547943,-0.04753430560231209,0.01732061058282852,0.08679503682960267,0.009914006105917968,-0.18641271905282564,
0.09283868074417115,-0.05759178400039673,-0.1862021327018738,-0.41965076327323914,-0.05625616014003754,-0.022094175219535828,0.049790882292852376,0.0067303324489109435,-0.18546658970788543,
0.12904131412506104,-0.06719142198562622,-0.09937174320220948,-0.4265749752521515,-0.01717427186667919,-0.020229961723089218,0.02962718126279752,0.0036157164696728277,-0.18628347584850133,
0.07861688733100891,-0.05366654992103577,0.06672189831733703,-0.3827659785747528,-0.03128902614116669,0.026774834841489792,0.006196564435993583,-0.001714691662558592,-0.18777947726717148,
0.07463694810867309,0.004912173748016358,0.38068063259124757,-0.29987508058547974,-0.09254173189401627,0.004470858722925186,-0.0349008517321064,-0.0041310892646658605,-0.18731761194998314,
0.1725993871688843,0.06116153001785279,0.48216838836669923,-0.24508053064346313,-0.07962540537118912,-0.019297854974865913,-0.05170442033446872,-0.0075935120916011045,-0.18581630955508643,
0.20850844383239747,0.15195313692092896,0.5634428977966309,-0.1973433792591095,-0.022900069132447243,-0.02588917687535286,-0.0658287907362152,-0.012482480829661182,-0.18524391948869115,
0.24710414409637452,0.23212566375732424,0.6543751239776612,-0.11578406393527985,0.05433160811662674,-0.06650238484144211,-0.07787237843776568,-0.016189701747418933,-0.1854176681650621,
0.30435445308685305,0.28487060070037845,0.7761298179626466,0.021501759067177773,0.032760024070739746,-0.13354772329330444,-0.09345041588465682,-0.015978284549398175,-0.19043182026638583,
0.1928009867668152,0.29101564884185793,0.7410786151885986,0.10825423151254654,-0.0033923902083188295,-0.1567838042974472,-0.09462822283782511,-0.01482166673463056,-0.19674904855250042,
0.10935528278350831,0.25602777004241944,0.7137264728546143,0.1886817067861557,-0.004391075577586889,-0.155585378408432,-0.0919470594347115,-0.01585300330972171,-0.20400199382770284,
-0.004069116711616516,0.12906768321990966,0.491227388381958,0.25579333305358887,0.00632814783602953,-0.1333479881286621,-0.07536764032662178,-0.020529676650243984,-0.21931022797934985,
-0.0442636638879776,0.07966254353523256,0.3741220235824585,0.29900312423706055,0.002533143386244774,-0.11244217306375504,-0.06320621252561917,-0.021788327228614048,-0.22654998088039427,
-0.06474854946136475,0.057496577501297,0.20956907272338868,0.2897486388683319,0.007992624305188656,-0.0947987362742424,-0.048779541188857446,-0.022779173918025874,-0.23294073010872107,
-0.09379194378852845,0.017870691418647767,-0.0994876265525818,0.23788359761238098,0.026435013860464096,-0.06363974511623383,-0.016029216493693176,-0.01777680768938565,-0.24366111742407273,
-0.11089206933975221,-0.0011082224547863007,-0.15995981693267824,0.2164451628923416,0.019510794430971146,-0.040470242500305176,-0.0027125392285912426,-0.01676834269855065,-0.2476205904506575,
-0.10164642333984375,-0.011347252875566483,-0.1835220217704773,0.1964714527130127,0.0186452679336071,-0.03467786684632301,0.00906607771089275,-0.015493048803847094,-0.25037989939211625,
-0.06456301212310792,-0.0030346488580107692,-0.26070210933685306,0.1609182506799698,0.021241849288344383,-0.0430002436041832,0.0301814238845175,-0.013358436393907854,-0.2540037438514028,
-0.05659515261650086,0.005052433907985688,-0.28283166885375977,0.11264844983816147,0.0348905511200428,-0.0364089235663414,0.039185481997290425,-0.012054068663358017,-0.2559610979078411,
-0.0583180844783783,-0.004082261770963669,-0.327510666847229,0.06071680411696434,0.0372873991727829,-0.037940241396427155,0.04689792954684926,-0.010440375370080003,-0.2578620915634317,
-0.048517683148384096,-0.012863126397132874,-0.35488049983978276,0.056722063571214676,0.025303170084953308,-0.03620918467640877,0.05214243629542816,-0.00838738426728203,-0.2594391207877632,
-0.08305211067199708,-0.04753589928150177,-0.359781813621521,-0.006927487440407276,0.023239221423864365,-0.017101004719734192,0.058207312909237564,-0.004513669692459707,-0.2626062620601451,
-0.09502202272415161,-0.04920057058334351,-0.413778829574585,-0.06378597766160965,0.00985683687031269,0.007599814794957638,0.05960136982136957,-0.003012973764743925,-0.26364942856509677,
-0.10989902019500733,-0.042743524909019476,-0.4304468631744385,-0.10726208239793777,-0.008385816588997841,0.032766688615083694,0.058491784642274704,-0.0017995886475942362,-0.2640264046374734,
