-0.22733840942382813,-0.0855521321296692,-0.40655403137207036,-0.009487012401223183,0.011391671374440193,0.03163563832640648,0.0891281065214777,-0.0449390736014788,-0.20474399293896295,
-0.2024779796600342,-0.09567096233367921,-0.41627459526062016,-0.08139236271381378,0.01864878460764885,0.07724227011203766,0.0898768736451515,-0.0455839695111896,-0.2045730213934023,
-0.15146895647048952,-0.08067529797554017,-0.4209803104400635,-0.11627977341413498,-0.03621233254671097,0.07551121711730957,0.08649437825181673,-0.04508697430191416,-0.20102072863827833,
-0.12188793420791627,-0.04428305327892304,-0.373131799697876,-0.1584908664226532,-0.036611806601285934,0.07624358683824539,0.08084016103202823,-0.04632857468879997,-0.1975467137432206,
-0.10721143484115601,-0.010820457339286806,-0.3742126226425171,-0.2114212065935135,-0.00345545238815248,0.0757109522819519,0.07394133209019836,-0.04940599073136003,-0.19456580629982398,
-0.11648921966552735,-0.010742948949337007,-0.2911785840988159,-0.254031777381897,-0.0019241346744820476,0.07997201383113861,0.05373190196283679,-0.052805176206776716,-0.18786244190265153,
-0.1301843285560608,-0.03413264155387879,-0.2686395406723023,-0.32860028743743896,-0.059781309217214584,0.10127729922533035,0.04118341553493986,-0.05310866111593558,-0.18427717973641405,
-0.12057242393493653,-0.037361237406730655,-0.1975561618804932,-0.2940457761287689,-0.059115517884492874,0.11392731964588165,0.02580356173731816,-0.05500680784309431,-0.1800684167587345,
-0.1094334363937378,-0.0207774356007576,0.12157503366470337,-0.2917826473712921,0.020779402926564217,0.16366082429885864,-0.009323425413403431,-0.05811103749910401,-0.16936722945236984,
-0.08970302939414979,0.0004889672156423331,0.15298475027084352,-0.3026350438594818,0.11678636074066162,0.19275586307048798,-0.025005783599296255,-0.05857943744200856,-0.1622133483159955,
-0.021152085065841677,0.025308045744895938,0.292213773727417,-0.21495044231414795,0.06438866257667542,0.15513870120048523,-0.042138872509885884,-0.0543322814557198,-0.1535304658495098,
0.036359485983848576,0.09943366050720215,0.5434916496276856,-0.11881033331155777,0.026838095858693123,0.12877340614795685,-0.07026902223373635,-0.04222806439846521,-0.13840454744292927,
0.0660569965839386,0.12516251802444459,0.49217023849487307,-0.07693212479352951,0.07590683549642563,0.12517814338207245,-0.07812486686275807,-0.03975746374618574,-0.1321226914197325,
0.025417390465736392,0.14220087528228761,0.56175274848938,-0.0023636077530682087,0.10926292836666107,0.16812162101268768,-0.08436205739967392,-0.03568026149613592,-0.12698548805773588,
0.002054395340383053,0.14709731340408325,0.6682961463928223,0.04324302822351456,0.1257745325565338,0.18303531408309937,-0.08795635797463071,-0.030072884526032188,-0.1217708917846831,
0.17811369895935059,0.1557892918586731,0.8387548446655274,0.20283296704292297,0.07164578139781952,0.13003841042518616,-0.08682506595787517,-0.013997608986653394,-0.1084752313111618,
0.2222747564315796,0.18233853578567505,0.8508306503295899,0.28678908944129944,0.10313765704631805,0.05187463387846947,-0.07991862260049332,-0.007582764100598353,-0.10186836533906347,
0.2615296602249146,0.18656947612762453,0.7743184089660645,0.3653523623943329,0.1329650729894638,-0.003718853462487459,-0.06847114263538293,-0.002518632052814778,-0.09736566321005466,
0.18392803668975832,0.03143181502819061,0.5349309921264649,0.4467785060405731,0.04121916741132736,0.00014272984117269516,-0.034999176531428894,0.009882282640769516,-0.09711413428592393,
0.11681691408157349,-0.04623100161552429,0.3466315984725952,0.4389221966266632,-0.004254310391843319,-0.015436762943863869,-0.01386584379755159,0.015390624614904263,-0.0982122627574958,
0.12011901140213013,-0.05458729863166809,0.10014039278030396,0.4260724186897278,0.08695895224809647,-0.037740737199783325,0.008789097146109311,0.01649502881097755,-0.09822277276473233,
0.09819127321243287,-0.07636717557907105,-0.24301393032073976,0.351637065410614,0.08749158680438995,-0.06264129281044006,0.051780017459140494,0.01895057150496959,-0.1005211970840419,
0.09588196873664856,-0.07743477821350098,-0.3259536027908325,0.37121132016181946,-0.005585890728980303,-0.07076393067836761,0.07090005280582677,0.024698691483710518,-0.10193653431000697,
0.057691907882690435,-0.07743692398071289,-0.34083132743835454,0.2999717593193054,-0.009846949018537998,-0.04612969607114792,0.08876842875218671,0.028900469071745934,-0.1044464215992349,
-0.016671933233737946,-0.09355725646018982,-0.6503836631774903,0.14963631331920624,0.07437551766633987,0.016188275068998337,0.12217721708796925,0.02992983941809432,-0.11031750880983285,
-0.033705323934555054,-0.13268847465515138,-0.5656973361968994,0.11361705511808395,-0.014507480897009373,0.03622856363654137,0.13202084148917065,0.03316299221351009,-0.10929993530359591,
-0.01560765951871872,-0.15201051235198976,-0.513539457321167,0.08032754063606262,-0.06297701597213745,0.02384486421942711,0.13908878258314605,0.03474605970708946,-0.10697452371178887,
-0.014335428178310395,-0.12755222320556642,-0.5250683307647706,0.003761800704523921,-0.05338965356349945,0.03123539313673973,0.1488900677447582,0.029638686666089896,-0.10616805855639437,
-0.022479678690433505,-0.11529967784881592,-0.5501455307006836,-0.057291168719530106,-0.056119393557310104,0.038425929844379425,0.15098392231516874,0.02635332704679998,-0.10648169699073785,
-0.0022250646725296974,-0.09848825931549073,-0.5207272529602051,-0.08325698971748352,-0.05665202811360359,0.042154353111982346,0.15020060501730775,0.023106408340524565,-0.10639949455217317,
-0.0007278858218342066,-0.028735569119453432,-0.43823971748352053,-0.15489602088928223,-0.014773819595575333,0.06206148490309715,0.14284934447378525,0.016283760207440916,-0.10561304884822802,
0.024376364052295686,0.002923564985394478,-0.4476277828216553,-0.1999034434556961,-0.025559622794389725,0.0298372320830822,0.13674496788996757,0.013601892428695379,-0.1038306575136395,
0.07283260822296143,0.0032097209244966508,-0.3662508249282837,-0.21561609208583832,-0.06797046214342117,-0.009910445660352707,0.1278158170759446,0.011930475288504046,-0.10181851682920061,
0.06267588138580323,-0.02066422700881958,-0.2841774940490723,-0.23046322166919708,-0.06497441232204437,-0.007180705666542053,0.106554609678869,0.00692980147827403,-0.10344479353463286,
0.04171439707279206,-0.010839203745126725,-0.2481336832046509,-0.251036137342453,-0.012909606099128723,-0.0017878045327961445,0.09498881833046385,0.0034858072217471385,-0.10547394868315982,
0.05822851061820984,-0.020000490546226504,-0.21827852725982666,-0.3104246258735657,-0.024494357407093048,0.02437775209546089,0.08294062184051036,0.0012202488694705341,-0.10674888703726408,
0.08002932667732239,-0.029386842250823976,-0.15897475481033327,-0.3407846689224243,-0.038009900599718094,0.017120638862252235,0.054389874748007515,-0.000879660718575691,-0.10658323587014644,
0.10453484058380128,0.002239975892007351,-0.08143826723098756,-0.35736283659935,-0.007649863604456186,-0.02016361616551876,0.037333831078387225,-0.0029273403506151464,-0.10595088154728893,
0.11628366708755494,0.016326947510242464,-0.01823350638151169,-0.3641539216041565,0.042018093168735504,-0.05784734711050987,0.021294965051127716,-0.011842873784985414,-0.10619189906858245,
0.0908437967300415,0.03413280248641968,0.23041892051696777,-0.3214101791381836,-0.02529330737888813,-0.06776762008666992,-0.015092652483171777,-0.011095876993499735,-0.11091764136745681,
0.05672224760055542,0.028082615137100222,0.29882652759552003,-0.31075751781463623,-0.031818050891160965,-0.05265418067574501,-0.03190081636767356,-0.010987925962252352,-0.11472942734588425,
0.05079005360603333,0.05298922657966614,0.3564477920532227,-0.2845919728279114,0.03283018618822098,-0.042334433645009995,-0.0478561964067375,-0.014012270672058808,-0.11800562947322249,
0.058279842138290405,0.09768854379653931,0.4612017631530762,-0.2088916152715683,0.07264444231987,-0.0634399801492691,-0.06339511020954307,-0.01542293750456519,-0.12069959334322905,
0.09796882271766663,0.16562671661376954,0.6963027477264405,-0.08485488593578339,0.04801020398736,-0.10218897461891174,-0.08803071458516237,-0.011278049184528693,-0.1278548621982414,
0.08771185278892518,0.1829465389251709,0.7916244506835938,0.03372236341238022,0.025173597037792206,-0.13914033770561218,-0.09492994645648618,-0.009360595551779755,-0.1333103910595809,
0.06197830438613892,0.18901278972625735,0.8883066177368164,0.1389172226190567,0.013855163007974625,-0.13900718092918396,-0.09777271425273173,-0.008937122733508943,-0.1396064099627692,
-0.08240233659744263,0.11863727569580079,0.8212964057922364,0.23126336932182312,0.03249711915850639,-0.11024311929941177,-0.08865999674613644,-0.011245532716765145,-0.15394959321956586,
-0.11757975816726685,0.08153535127639772,0.6614691257476807,0.30303558707237244,-0.01490714680403471,-0.08254624158143997,-0.07750619431721902,-0.011287248505414066,-0.16010641577932597,
-0.10922387838363648,0.04463716745376587,0.45361104011535647,0.32241007685661316,-0.02782347798347473,-0.08867151290178299,-0.06334650977177272,-0.011473396879697569,-0.1649155639130031,
-0.08276493549346925,0.01710800379514694,0.07140486240386963,0.31568560004234314,-0.008249243721365929,-0.10864522308111191,-0.031013450458936283,-0.014793886972461884,-0.1734580363331698,
-0.11072962284088135,0.007462148368358613,-0.08567740917205811,0.28985291719436646,0.0063981423154473305,-0.0760880708694458,-0.014113550761599916,-0.01472580541408629,-0.1788315059806377,
-0.1498639464378357,-0.008717961609363556,-0.1797667980194092,0.24098390340805054,0.04621240124106407,-0.0339435450732708,0.00158185397491558,-0.015292050554682182,-0.18387098694705653,
-0.11516500711441041,-0.035267984867095946,-0.30939223766326907,0.21282097697257996,0.030766068026423454,-0.0011866646818816662,0.02883232360375291,-0.012303814422294794,-0.1891727531701233,
-0.0969462811946869,-0.05158429741859436,-0.31006062030792236,0.1673475056886673,-0.021764785051345825,0.01252861600369215,0.03996711283892101,-0.009859454479940449,-0.18951449178343677,
-0.10863567590713502,-0.04683849215507507,-0.38019962310791017,0.12966376543045044,-0.011311879381537437,-0.0015861387364566326,0.05020752889520455,-0.009499050898230763,-0.18925854951791915,
-0.04811912178993225,-0.031020745635032654,-0.3919820070266724,0.08365767449140549,-0.030353480949997902,-0.058178313076496124,0.06491701572408257,-0.01107524755730963,-0.18938074788742,
-0.10017489194869995,-0.061473727226257324,-0.38028407096862793,0.02480180561542511,-0.0517253503203392,-0.029349595308303833,0.06959823429632458,-0.011729063509779331,-0.19214662801438867,
-0.15757695436477662,-0.0815163016319275,-0.3847938299179077,-0.014413241297006607,-0.008715297095477581,0.009532558731734753,0.07282072606573294,-0.013475158811262693,-0.1956217614620927,
-0.1688684344291687,-0.0945537269115448,-0.3940278053283692,-0.06254987418651581,0.01731710322201252,0.04914708063006401,0.07365954536966071,-0.016403085032460536,-0.19753129285235077,
