-0.10847052335739137,-0.024367381632328034,-0.25601606369018554,-0.0002841012319549918,0.03421016409993172,0.0068285707384347916,0.14270395713054068,-0.031039611266619863,-0.1366849857971866,
-0.09608514904975891,-0.019028283655643463,-0.25454986095428467,-0.025118079036474228,0.04326491057872772,0.013619630597531796,0.14333533113313138,-0.029982049626081836,-0.13612496036459779,
-0.1034298062324524,-0.0049108855426311495,-0.24607737064361573,-0.04209573194384575,0.01250540092587471,0.01867963746190071,0.1427564997843481,-0.028263819759117178,-0.1347936625316,
-0.11288648843765259,-0.004266422614455223,-0.24146671295166017,-0.061869703233242035,-0.012062260881066322,0.02427227795124054,0.1413523569853854,-0.0265811374824729,-0.1332615901103853,
-0.12635719776153564,7.651735213585198e-05,-0.24935076236724854,-0.10993976145982742,-0.03250202536582947,0.043979670852422714,0.13648326265978475,-0.02660032116902803,-0.13108690643837045,
-0.12950457334518434,0.0018590541556477548,-0.2341216802597046,-0.12778480350971222,-0.017388278618454933,0.05709226801991463,0.1321655913690009,-0.02844229902152523,-0.13016844821506657,
-0.13456180095672607,0.0024294944480061534,-0.19577455520629883,-0.1523524522781372,0.006380434148013592,0.05888989940285683,0.12639324889259773,-0.03077336369847881,-0.1287413378240243,
-0.10797501802444459,-0.0018434666097164156,-0.16131428480148316,-0.18344487249851227,-0.011729062534868717,0.05549437180161476,0.11208713819256312,-0.03376472118567544,-0.1236303081177126,
-0.10431954860687256,0.013175350427627564,-0.1102914571762085,-0.18171380460262299,-0.03303435072302818,0.04857014864683151,0.10313933070277714,-0.03461448987045581,-0.12074024379910088,
-0.08734076619148255,0.01962747871875763,-0.03375531435012818,-0.16833142936229706,-0.009199059568345547,0.05482858046889305,0.09356435258888078,-0.03606484326355422,-0.11832852734871825,
-0.07392815947532654,0.02286457419395447,0.039098897576332094,-0.16213957965373993,0.028151776641607285,0.061752799898386,0.08477215896875023,-0.03553895201696183,-0.11659797484770289,
-0.07625502943992615,0.021578921377658846,0.15083824396133425,-0.1319126933813095,0.03527573123574257,0.08006202429533005,0.06696602481054162,-0.03702204088449685,-0.11114930286438589,
-0.08671728968620301,0.021792909502983095,0.19812772274017335,-0.11127319931983948,0.011640177108347416,0.086387038230896,0.058813183350510716,-0.03571299343051018,-0.10736414208164141,
-0.05421810746192932,0.027741670608520508,0.22298762798309327,-0.095161072909832,0.015834655612707138,0.08006202429533005,0.0453248886903163,-0.0346545245922471,-0.09857594192630599,
-0.05060797333717346,0.029769182205200195,0.253559947013855,-0.04449443519115448,0.03168046474456787,0.09377730637788773,0.03947546533309487,-0.034602093226391996,-0.09432019867134496,
-0.058150798082351685,0.016270613670349123,0.2819763422012329,-0.01892808824777603,0.063771553337574,0.10316494852304459,0.0348734477615925,-0.034228475259843454,-0.09012763229986887,
-0.04953645169734955,0.015439060330390931,0.266412091255188,0.001977726584300399,0.07828578352928162,0.11215312033891678,0.03192803976488691,-0.03321863438904053,-0.08529800711530176,
-0.058272707462310794,-0.017802968621253967,0.24659783840179444,0.03127250075340271,0.07002998888492584,0.13059552013874054,0.02920978065475399,-0.027609259361652625,-0.07394618626171337,
-0.05665489435195923,-0.012353184819221498,0.2313790559768677,0.04678541049361229,0.08487711101770401,0.13385789096355438,0.02941184309374598,-0.02455555017862502,-0.06729668516155375,
-0.018516112864017487,0.0007852531038224698,0.21638953685760498,0.0775449275970459,0.08813948184251785,0.12959682941436768,0.03054383335414695,-0.021546486892473363,-0.06027313819790897,
0.022167021036148073,0.016263018548488616,0.2308828115463257,0.10024837404489517,0.09652844071388245,0.11122101545333862,0.03240669533536254,-0.0179907279433352,-0.05310637474115083,
0.1182512640953064,0.07551611065864564,0.2103811025619507,0.11136707663536072,0.09053632616996765,0.0731378048658371,0.039936781169828794,-0.010238688359916552,-0.039443852659772696,
0.1443292021751404,0.10341516733169556,0.21263768672943117,0.1443236917257309,0.08114868402481079,0.0503012053668499,0.04498902745262681,-0.00602819488332778,-0.033880468781003814,
0.15621386766433717,0.08013647198677064,0.22470130920410158,0.17601530253887177,0.058178920298814774,0.03971514105796814,0.057608531204211146,0.001618361530600048,-0.02611884978340934,
0.13699057102203369,0.05813992619514466,0.19554160833358766,0.21669510006904602,0.03853810578584671,0.036253031343221664,0.06574309015847885,0.004854560140485887,-0.023251913222182136,
0.12958970069885253,0.029415249824523926,0.16843528747558595,0.2117677628993988,0.050788722932338715,0.02653159201145172,0.07521319333772336,0.007052256783765382,-0.020654792444142898,
0.12619346380233765,0.01125812903046608,0.07038994431495667,0.20970380306243896,0.051454514265060425,0.023069482296705246,0.08621203706055018,0.008517863216276159,-0.01834896735141756,
0.07613624930381775,-0.007931015640497209,-0.024060650169849398,0.20198063552379608,0.027153169736266136,0.009953414089977741,0.10814900397697962,0.006625434646475504,-0.014431903194171506,
0.06553352475166321,-0.0067141480743885045,-0.07213033437728882,0.19259299337863922,0.018298158422112465,-0.005492921452969313,0.11878846835430333,0.008282296442102079,-0.01271787678273084,
0.05747708082199097,-0.032318833470344546,-0.10693765878677369,0.1871335208415985,0.01916368678212166,0.008954727090895176,0.12906178258617795,0.00930977259598929,-0.011882861974190383,
0.019775721430778506,-0.04667282700538636,-0.12318618297576905,0.17228639125823975,0.005048932041972876,0.03026001527905464,0.13895516161378035,0.010221611123940174,-0.011732312984750751,
-0.026498407125473022,-0.05687673687934876,-0.19910012483596803,0.1352684497833252,-0.0033400251995772123,0.032390546053647995,0.1577839334878292,0.011037796819983903,-0.009899072206077067,
-0.01672741025686264,-0.04937337934970856,-0.21445171833038332,0.10197894275188446,-0.023713208734989166,0.023735269904136658,0.1658569062569747,0.010235069249976497,-0.008224444275919198,
-0.013649214804172517,-0.0486812174320221,-0.2234496593475342,0.08673235028982162,-0.02890637144446373,0.019807107746601105,0.1726523597109233,0.009196322640897944,-0.006903877980200058,
-0.022234153747558594,-0.028067931532859802,-0.2164034128189087,0.07022074609994888,0.0007212954806163907,0.01488026138395071,0.182811308449539,0.005901515305061205,-0.00624177459337029,
-0.014075611531734467,-0.028168934583663943,-0.2443418025970459,0.022150689736008644,0.015035786665976048,0.010619203560054302,0.18704430347335133,0.004500542154871086,-0.005988211837255067,
-0.01972505897283554,-0.03242326676845551,-0.27725393772125245,0.01003330759704113,-0.02258136495947838,0.022603429853916168,0.19018567971345723,0.004342824008070906,-0.005288865917066627,
-0.04552145898342133,-0.020331721007823947,-0.22789380550384522,-0.014534354209899902,-0.007734241429716349,0.03259028121829033,0.1921714051807746,0.0037009103645912096,-0.003989889488104047,
-0.026157647371292114,-0.00452953465282917,-0.2606206893920899,-0.055480457842350006,0.008777357637882233,0.03145843744277954,0.1925069217057551,0.0018347240155768528,-0.0034764755220941706,
-0.017948319017887116,0.006223885715007782,-0.27125959396362304,-0.07505469024181366,-0.00800055731087923,0.005625776015222073,0.19159416025281265,0.0006524432403720485,-0.002270860228094149,
0.030643880367279053,0.02557511925697327,-0.2203782320022583,-0.10102051496505737,-0.016189778223633766,-0.01115213893353939,0.18546860846845167,-0.00043193481375721073,-0.00010466408609733296,
0.024107566475868227,0.017518430948257446,-0.2198742389678955,-0.12632055580615997,0.005847880616784096,-0.013349246233701706,0.18110342386640482,-0.0009514318117795004,-0.0007488440506375266,
0.001517965365201235,0.025153395533561707,-0.20283045768737795,-0.14163373410701752,0.0029849824495613575,-0.019740834832191467,0.17558289642097624,-0.00107779085741482,-0.0015871803863214654,
-0.012031646072864534,0.019532355666160586,-0.17709133625030518,-0.15767927467823029,-0.023446891456842422,-0.009887137450277805,0.16917613704961035,-0.0005049657264707458,-0.0020509430883872744,
-0.016000889241695404,-0.037469449639320376,-0.15368643999099732,-0.1778537482023239,-0.020317507907748222,-0.004762480966746807,0.1545128470850217,-6.730616655044626e-06,-0.0036996633296824816,
-0.017846158146858217,-0.021569088101387024,-0.13216876983642578,-0.19017086923122406,-0.011329339817166328,-0.0024987938813865185,0.1460169197345334,-0.0012553883851496037,-0.0046812399606411745,
-0.03618209660053253,-0.0046387694776058195,-0.12855210304260253,-0.1915690302848816,-0.058733608573675156,0.014944911003112793,0.1368880784079821,-0.002049192792163978,-0.0053113438180832405,
-0.03886000216007233,-0.019661550223827363,-0.11186118125915528,-0.1903706043958664,-0.08376732468605042,0.02539782039821148,0.12727514610419138,-0.0024854832909156923,-0.005650043909433262,
0.025302469730377197,-0.044623401761055,-0.061862945556640625,-0.2060166746377945,-0.04421938210725784,0.015877017751336098,0.10784201623258141,-0.008471885866943486,-0.006357965906846314,
0.05221657156944275,-0.024068355560302734,-0.05160015821456909,-0.20095667243003845,-0.04967886209487915,0.012481488287448883,0.09789695366834439,-0.012635353165427132,-0.006543839827109663,
0.046755895018577576,0.002637596055865288,-0.016599707305431366,-0.19230139255523682,-0.07571126520633698,-0.0051619550213217735,0.08744790227527434,-0.015225347365437679,-0.00658104194200067,
0.1209942102432251,0.012730570137500764,0.04023509323596955,-0.194565087556839,-0.06572441011667252,-0.030794881284236908,0.06725123269555558,-0.021280541782248183,-0.007082295550252838,
0.10241913795471191,0.02737872302532196,0.07458528876304626,-0.1674674153327942,-0.06778835505247116,-0.016746707260608673,0.05752410798965364,-0.02470962656834517,-0.008824449876905366,
0.07149531245231629,0.019403631985187533,0.13221215009689333,-0.15654845535755157,-0.059399399906396866,-0.023670924827456474,0.0480795832300379,-0.02767204683480877,-0.010857676460458127,
0.11512844562530518,0.022535696625709534,0.1440459966659546,-0.1506229192018509,-0.04608359560370445,-0.06148781627416611,0.03960756151732618,-0.030870188415826134,-0.012230582121549658,
0.16275498867034913,0.02628312110900879,0.17116334438323977,-0.1139378771185875,-0.04608359560370445,-0.07999677956104279,0.024120506143986968,-0.036256487324657874,-0.01610813029185473,
0.11386454105377197,0.013632561266422273,0.18280272483825685,-0.09036890417337418,-0.04328727349638939,-0.06042254716157913,0.0175018186724318,-0.03822316686862742,-0.020265192140057703,
0.06661146879196167,0.025194582343101502,0.17741509675979616,-0.08118099719285965,-0.05140991508960724,-0.062020443379879,0.012160514693615633,-0.04036460964457007,-0.0245420557230461,
0.08060038685798646,0.05778964757919312,0.16420222520828248,-0.08131415396928787,-0.0542062371969223,-0.09297969192266464,0.00384361267384149,-0.044792998792901786,-0.03115563980226447,
0.09451023936271669,0.0720861315727234,0.17345190048217773,-0.07458967715501785,-0.04708227887749672,-0.11435156315565109,0.00034834343032815184,-0.04752244992682579,-0.034686374727230414,
0.08807143568992615,0.08074471354484558,0.21086947917938234,-0.05608069896697998,-0.02957199327647686,-0.1347913146018982,-0.003031488236630417,-0.05032202997393052,-0.03934313693519853,
0.05538192987442017,0.08222405910491944,0.32731893062591555,-0.01726512797176838,-0.02511119842529297,-0.15622976422309875,-0.008178170059249477,-0.054926780697187975,-0.05153591134849912,
0.031267404556274414,0.053654330968856814,0.3939157724380493,0.05344180390238762,-0.012660919688642025,-0.15662924945354462,-0.008857196888270108,-0.05643408053317719,-0.05904054737638005,
0.0022234424948692324,0.025570744276046754,0.4153311252593994,0.09358895570039749,0.014836219139397144,-0.13758763670921326,-0.007218663068887807,-0.05796780120737443,-0.06721007284748484,
-0.0260080486536026,0.006698038429021835,0.37891879081726076,0.12155214697122574,0.01450332347303629,-0.11967787891626358,-0.0032108148535521636,-0.058860795540418225,-0.0753543222429655,
-0.05104169845581055,0.0011528392322361469,0.2574472427368164,0.14998139441013336,0.02668728679418564,-0.12806683778762817,0.009210534839905695,-0.057514799022341315,-0.08928438005430377,
-0.0552407443523407,0.005193291604518891,0.19855886697769165,0.16016797721385956,0.019763067364692688,-0.13512422144412994,0.01706381430582882,-0.05635029910176303,-0.0954509001830835,
-0.06855118870735169,0.002017171122133732,0.1330497741699219,0.16875667870044708,0.012838847935199738,-0.13326001167297363,0.025836547727475727,-0.054585102020264516,-0.10198239040225043,
-0.10848417282104493,-0.016218540072441102,0.052423232793807985,0.16189903020858765,0.010908056050539017,-0.11947814375162125,0.04452600230434603,-0.05125820027139325,-0.1155300086063686,
-0.12314383983612061,-0.0281069815158844,0.015099172294139863,0.160434290766716,0.02309201844036579,-0.08998363465070724,0.053191653674883425,-0.045999209673010855,-0.12190828766848473,
-0.10931434631347657,-0.030423042178153992,0.0049464389681816105,0.14924901723861694,0.027020180597901344,-0.0813283622264862,0.05863289799184194,-0.032364481578886224,-0.12686669084091173,
-0.09246270656585694,-0.03267714977264404,-0.025003013014793397,0.14791743457317352,0.02915070950984955,-0.08146151900291443,0.06577468726636404,-0.025273312734373755,-0.13109084313263925,
-0.08543959856033326,-0.03164052367210388,-0.05916444063186646,0.1495153307914734,0.02049543708562851,-0.06921098381280899,0.08155654277375854,-0.020486385819775185,-0.13860266671193,
-0.0950334370136261,-0.03510486781597138,-0.08818916082382203,0.13253767788410187,0.002785414457321167,-0.06215360015630722,0.08938827487408423,-0.01791752013762028,-0.14208457160115204,
-0.09456748962402345,-0.04456761777400971,-0.1348285675048828,0.11163187026977539,0.03168071061372757,-0.05396438390016556,0.09719069181493124,-0.01582998124592112,-0.14524377287654586,
-0.1067752480506897,-0.028199011087417604,-0.19735625982284546,0.08719736337661743,0.04912441596388817,-0.041247785091400146,0.11059825245801938,-0.012746274554808255,-0.15076618347406145,
-0.1074180841445923,-0.032902440428733824,-0.2222599983215332,0.06589207798242569,0.011773583479225636,-0.022539081051945686,0.11590275632785381,-0.009759822404507592,-0.15242395161183378,
-0.11938329935073853,-0.03042670488357544,-0.238480019569397,0.02960650809109211,-0.020650403574109077,-0.010554855689406395,0.12037262764813952,-0.00682529238940772,-0.15350789692158837,
-0.11847892999649048,-0.030642300844192505,-0.24429640769958497,0.019153600558638573,-0.021249614655971527,0.014944911003112793,0.1258323665152548,-0.006000015459085472,-0.15534134610725628,
-0.13012431859970094,-0.02301667630672455,-0.22015123367309572,-0.013137227855622768,-0.011928550899028778,0.026929138228297234,0.12716186210816008,-0.006967055159000984,-0.15589829537113567,
