-0.20894942283630372,-0.05796569585800171,-0.5942388534545898,-0.14481037855148315,-0.033892035484313965,0.036296699196100235,0.028125002077964662,-0.014675550126443275,-0.2788020838175777,
-0.23543355464935303,-0.034861227869987486,-0.675382661819458,-0.29214975237846375,-0.05406548082828522,0.07850779592990875,0.021772953596085585,-0.016027426273702572,-0.27749821812000586,
-0.191060745716095,-0.0009043078869581223,-0.50894775390625,-0.3772377669811249,-0.076236292719841,0.1083352118730545,-0.002894739787963904,-0.020993400815697547,-0.27091101053730277,
-0.1768334746360779,0.0005114049650728703,-0.47257790565490726,-0.4409538805484772,-0.10846054553985596,0.14215734601020813,-0.007588466339884481,-0.021920948298023275,-0.26957053601997877,
-0.06069983243942261,0.01172344833612442,0.04295875132083893,-0.5829017758369446,-0.23436126112937927,0.1868293136358261,-0.05470917536593707,-0.032149997002412646,-0.25386700120439315,
0.4210556983947754,0.013057871162891388,1.5287996292114259,-0.24075213074684143,-0.2792355418205261,0.17824062705039978,-0.10941140244956582,-0.05222862471577582,-0.2277830021345394,
0.5442708969116211,0.11843888759613037,1.6734033584594727,0.07989246398210526,0.09314097464084625,0.026107538491487503,-0.11866912746139956,-0.05914964668617881,-0.21814055199973956,
0.33017067909240727,0.10504430532455444,1.5529352188110352,0.26764532923698425,0.16051895916461945,0.07431074976921082,-0.11596806503081641,-0.05572127113059788,-0.21752054444366692,
0.23313472270965577,0.07896218895912172,1.3177139282226564,0.42776790261268616,0.11677653342485428,0.06665416061878204,-0.10521952917731932,-0.04715904022363227,-0.21769322467112454,
0.2958585500717163,0.017485606670379638,0.5748702049255371,0.4947464168071747,0.07636306434869766,0.0018061911687254906,-0.06354130794721283,-0.033765103324153924,-0.21526797847470103,
0.23146739006042483,-0.016876214742660524,0.2593582630157471,0.49814194440841675,0.10286151617765427,-0.039605963975191116,-0.03812199485575077,-0.03020888146071753,-0.21621689064878394,
0.13358012437820435,-0.034783899784088135,-0.010956230014562607,0.45906004309654236,0.14567182958126068,-0.03680964559316635,-0.012845762845171133,-0.026487550546471728,-0.21838557401231246,
0.0203168198466301,-0.10103363990783693,-0.34894781112670903,0.4129207730293274,0.08255491405725479,-0.028820160776376724,0.03355758401098597,-0.01330954895118525,-0.22153761614868445,
0.004565122723579407,-0.1308649182319641,-0.4624400615692139,0.36098912358283997,0.042008284479379654,-0.03115042671561241,0.054207277355593775,-0.009737431980546642,-0.222639602266827,
-0.03329081237316132,-0.13982139825820925,-0.5621078968048095,0.2889506220817566,0.06684225797653198,0.001073821447789669,0.07295852271744982,-0.007282358327536959,-0.2237856564559896,
-0.0420047789812088,-0.1387163281440735,-0.6345153331756592,0.21338342130184174,0.08794781565666199,0.014655943028628826,0.08889780862848345,-0.004228386358423144,-0.22351754569990645,
0.016156895458698275,-0.07937445044517517,-0.683238410949707,0.12103830277919769,0.05159566551446915,-0.006249871104955673,0.11096880164726779,0.0034090732572297964,-0.21982424531863537,
0.02466695159673691,-0.04829666018486023,-0.685009241104126,0.07090429216623306,0.02170168049633503,-0.02728884294629097,0.11756051759311217,0.0062184882192142365,-0.21893396423787898,
-0.000988761056214571,-0.03619271814823151,-0.6817940711975098,0.019971339032053947,-0.0054625640623271465,-0.03055121749639511,0.12177416727377156,0.007938554878695768,-0.2194979595704239,
-0.04297823011875153,-0.06887345314025879,-0.6748051643371582,-0.065449558198452,0.010050348937511444,-0.007581451907753944,0.12366200404669658,0.009013673500216266,-0.22226839920167146,
-0.05829370617866517,-0.07143948674201965,-0.6443663597106934,-0.12330672889947891,0.016575094312429428,0.023644112050533295,0.12047589979883273,0.009596406362757125,-0.22249418997602724,
-0.033391961455345155,-0.08790709376335144,-0.5898181915283204,-0.1713767945766449,-0.023838374763727188,0.01179304625838995,0.11475221842745688,0.010099580723221771,-0.22138806633387284,
0.05258446931838989,-0.10726313591003418,-0.5551931858062744,-0.23828871548175812,-0.11245506256818771,-0.02043120563030243,0.09729070033961956,0.007113465677962524,-0.22126888306798498,
0.028498634696006775,-0.08263331651687622,-0.5374448776245118,-0.3222445249557495,-0.04414503648877144,-0.010310549288988113,0.08493103612895636,0.0021287767585575763,-0.22383462710145338,
0.0002771616680547595,-0.06343091130256653,-0.5220712184906006,-0.4047359526157379,0.0252968892455101,0.002605781890451908,0.06963269648958288,-0.0009870029917195882,-0.2253751938208526,
0.0034170478582382204,-0.05790559053421021,-0.43606247901916506,-0.4625265300273895,0.018705565482378006,-0.02329345978796482,0.050492359004750506,-0.000703676356633954,-0.22534417756745123,
0.054678499698638916,-0.11574835777282716,-0.15949244499206544,-0.5924888253211975,-0.10819406062364578,-0.028553202748298645,0.003455518375000835,0.00013339392710702788,-0.22713876458971413,
0.032556310296058655,-0.12648197412490844,0.04166601896286011,-0.7446218729019165,-0.17836835980415344,0.008531316183507442,-0.03023687363506312,-0.0060898016338241795,-0.22834098563187294,
0.04511605501174927,-0.1260981559753418,0.5849990844726562,-0.5669224262237549,-0.2852942645549774,0.07544324547052383,-0.06691380651569752,-0.014181825282490759,-0.22754238948139718,
0.2780305862426758,-0.04113582670688629,1.43278226852417,-0.28749027848243713,-0.22517341375350952,0.0956832692027092,-0.12089792372827723,-0.034532397809774545,-0.2159867588412184,
0.47492938041687016,0.15799063444137573,1.429767894744873,-0.055595513433218,0.05392587557435036,-0.042867694050073624,-0.13832120925196265,-0.043196235119633414,-0.2073885026093006,
0.3520105838775635,0.24141380786895753,1.395433521270752,0.11191732436418533,0.07569721341133118,-0.07948615401983261,-0.14220946124323713,-0.04247832326761271,-0.20932918375482137,
0.2731112241744995,0.25230424404144286,1.1959047317504883,0.24620722234249115,0.05725482478737831,-0.1348133236169815,-0.13809850474208585,-0.04050743435367416,-0.21430246586243895,
0.1399105191230774,0.1325312852859497,0.6710576057434082,0.32497021555900574,0.0691724643111229,-0.15085887908935547,-0.11237557342275199,-0.039709774650517476,-0.2287774317664657,
0.08317020535469055,0.08556671738624573,0.42262887954711914,0.36411866545677185,0.08288774639368057,-0.1438014954328537,-0.09450270761770531,-0.038591398007612666,-0.2373110631058089,
0.023095603287220004,0.05450792312622071,0.2083559274673462,0.37190842628479004,0.06730825453996658,-0.14280281960964203,-0.07524648228455122,-0.03644429304700065,-0.24566231137142777,
-0.012058492749929428,0.03684185147285462,0.013242009282112123,0.35752734541893005,0.061249565333127975,-0.14453387260437012,-0.055379789321694434,-0.034432069186471154,-0.25348745412852963,
-0.10689257383346558,0.0008207053877413274,-0.24983346462249756,0.3113880753517151,0.045070864260196686,-0.12728990614414215,-0.01746956769211095,-0.029872203838631487,-0.26868531619010927,
-0.13255391120910645,-0.023810407519340517,-0.33833568096160893,0.2593232989311218,0.03388558700680733,-0.11344145983457565,-0.0011783413887552162,-0.027845721050183733,-0.27528895303790607,
-0.16624189615249635,-0.04322137534618378,-0.3661768198013306,0.24181300401687622,0.05918561667203903,-0.0914703831076622,0.012933391209826296,-0.026081643539980607,-0.281249548667898,
-0.18606157302856446,-0.04947561621665955,-0.4384224891662598,0.18042713403701782,0.08408617228269577,-0.07149667292833328,0.026048517206481513,-0.023350701162029867,-0.2862192565657637,
-0.2227193355560303,-0.03974837958812714,-0.5566811561584473,0.10898785293102264,0.06164904311299324,-0.034811630845069885,0.0453667901557474,-0.01462010184483983,-0.2925338466623848,
-0.20435118675231934,-0.04384402930736542,-0.5907615184783935,0.03548459708690643,0.008452396839857101,-0.014105554670095444,0.05084333158218958,-0.011427450201235038,-0.2938098979368987,
-0.18667457103729249,-0.04612342715263367,-0.6279865264892579,-0.05260111019015312,0.014245041646063328,0.007462965324521065,0.053660651533014705,-0.010401741891941246,-0.2945638938096365,
