-0.20012784004211426,-0.053905218839645386,-0.4810218811035156,-0.13108332455158234,-0.006923377513885498,0.049770571291446686,0.07488695132636,-0.04576389469042357,-0.2850364014456059,
-0.21942377090454102,-0.060722929239273075,-0.46973857879638675,-0.1981949806213379,0.017244810238480568,0.08792035281658173,0.06290769595701637,-0.048330146118790426,-0.2814950936504048,
-0.19152626991271973,-0.06177691221237183,-0.4418223857879639,-0.2631761133670807,0.002397686243057251,0.09204825758934021,0.052851623789899715,-0.048115813058553246,-0.27715711832251516,
-0.146714186668396,-0.03419231176376343,-0.3828459739685059,-0.293935626745224,-0.013847596943378448,0.08246087282896042,0.04037821383397397,-0.04832814638560755,-0.2722858028826317,
-0.15051621198654175,-0.013361059129238129,-0.180701744556427,-0.3353477716445923,-0.006923377513885498,0.09850642085075378,0.010169032385538271,-0.04990099585103259,-0.2634798656276792,
-0.13534473180770876,-0.01773374676704407,-0.11005349159240724,-0.3866802155971527,0.0562601238489151,0.13372673094272614,-0.006756936516650163,-0.050825177299384273,-0.25884382923716226,
-0.13496180772781372,-0.03034859597682953,0.11685470342636109,-0.32263118028640747,0.020706919953227043,0.16708281636238098,-0.027027408984153938,-0.04729167656021926,-0.2529233679003557,
-0.03236682713031769,0.020994128286838533,0.4352047920227051,-0.24533294141292572,-0.001996529521420598,0.15423306822776794,-0.06350157513450262,-0.041979264576109725,-0.23718972886765696,
0.08059763312339784,0.09395986795425415,0.48905673027038576,-0.19732946157455444,0.04580721631646156,0.13485856354236603,-0.07762939172817265,-0.04051820405229945,-0.22874007724502374,
0.06964454650878907,0.15623960494995118,0.5707917213439941,-0.13367989659309387,0.07769856601953506,0.14344726502895355,-0.08968608832469427,-0.037441702647840455,-0.22221043307733404,
0.08212280869483948,0.21031668186187746,0.5818282127380371,-0.0706961527466774,0.06977566331624985,0.1286001354455948,-0.09895564781977804,-0.032327040269155866,-0.21638468302069064,
0.15998115539550783,0.269784140586853,0.6085239887237549,0.00786710437387228,0.01358296349644661,0.09950510412454605,-0.10910164732117886,-0.02107509098164785,-0.2059180934457214,
0.18463816642761233,0.28109729290008545,0.5966984272003174,0.06632348895072937,0.009987695142626762,0.06361901015043259,-0.10978898677226072,-0.017991747940233723,-0.20130416499759163,
0.21606235504150392,0.2809687376022339,0.6129848957061768,0.1350996345281601,0.012451119720935822,0.028864754363894463,-0.10830720867844595,-0.016245962697900525,-0.19737998505086773,
0.18327802419662476,0.23024718761444093,0.6079914093017579,0.19621917605400085,0.005393742583692074,-0.011681873351335526,-0.0970886233640387,-0.013886299817724185,-0.19394601390833152,
0.12369431257247926,0.1998987436294556,0.5903900623321533,0.25753846764564514,0.004261899273842573,-0.029192158952355385,-0.08753947991555286,-0.013679239014695576,-0.19436870711037071,
0.12406176328659058,0.13608956336975098,0.5510182857513428,0.32305222749710083,-0.01451338641345501,-0.034252166748046875,-0.0756637659209541,-0.013701376006529802,-0.19548102694876787,
0.10995155572891235,0.06003214716911316,0.4707091808319092,0.35880517959594727,0.05439591035246849,-0.042907439172267914,-0.060881884043116605,-0.014286178859783654,-0.1971414766595063,
0.13514610528945922,-0.03015710413455963,0.16493300199508668,0.385771244764328,0.10219939053058624,-0.04143974184989929,-0.02514006720922082,-0.011729920512825755,-0.20145541223044816,
0.11211261749267579,-0.051450675725936895,0.062279540300369265,0.38430652022361755,0.07823093980550766,-0.0451015904545784,-0.00586056929948734,-0.006852411747582059,-0.20390780671623637,
0.08457820415496826,-0.05442134737968445,-0.08409383893013,0.3563433289527893,0.04886958748102188,-0.057884763926267624,0.010286223108578916,-0.008187564843151243,-0.20595253718499887,
-0.014706397056579591,-0.06532681584358216,-0.26236145496368407,0.3152640759944916,0.05898960307240486,-0.0427047461271286,0.04758674780134118,-0.0016049009201874454,-0.2108419416545247,
-0.07117434144020081,-0.0925528645515442,-0.3423327445983887,0.2739850580692291,0.04274431988596916,-0.0024244319647550583,0.0642640191228292,0.001776866697293793,-0.21287238189118401,
-0.08855875730514527,-0.09729840159416199,-0.4090458869934082,0.23796580731868744,0.019907711073756218,0.02946692332625389,0.07933136070870095,0.0047033676651116576,-0.21335692638895845,
-0.04969362318515778,-0.10029925107955934,-0.520546817779541,0.162531778216362,-0.003062053117901087,0.037323247641325,0.10457141914462237,0.006801629693035457,-0.21072319424475813,
-0.012082751095294953,-0.07550756335258485,-0.560288953781128,0.12072014063596725,-0.021437864750623703,0.02680376172065735,0.11414653648567571,0.00632852998587934,-0.208705497754275,
-0.022488519549369812,-0.0679703712463379,-0.5788278102874757,0.04981347545981407,-0.02443392015993595,0.04491325840353966,0.1214244853616006,0.005108811216152677,-0.20745038671927682,
-0.04234447479248047,-0.07242166996002197,-0.6938463687896729,-0.06663323938846588,-0.03814920037984848,0.06348881125450134,0.12881781972925738,0.0013572752943521952,-0.20479591716936532,
0.012454693764448167,-0.05162237882614136,-0.6777523517608643,-0.1425333321094513,-0.013914434239268303,0.040385883301496506,0.12712931762247812,-0.0017407105576135514,-0.20263761717323306,
0.04005783498287201,-0.034768211841583255,-0.6689975261688232,-0.21217499673366547,-0.011584168300032616,0.0067634740844368935,0.12221763590099649,-0.004124823053421932,-0.20064629434097614,
0.009582071751356126,-0.06303143501281738,-0.6354703426361085,-0.2989940643310547,-0.05253027006983757,0.00023872964084148407,0.10298657594491387,-0.006030842557482546,-0.19936615242820238,
-0.06398394703865051,-0.09314401745796204,-0.516040563583374,-0.31930065155029297,-0.09167873859405518,0.020944807678461075,0.08875868607984749,-0.007282537531092369,-0.200309468325952,
-0.006756967306137085,-0.09980157017707825,-0.43128557205200196,-0.40472155809402466,-0.03748340904712677,0.01275558676570654,0.0732854380101741,-0.011428817561622617,-0.2007830529604075,
0.021316280961036684,-0.09158150553703309,-0.30445048809051517,-0.4904753267765045,-0.04700421169400215,-0.0014923252165317535,0.03515219818953912,-0.01753397115849384,-0.20104531343349458,
0.057377380132675175,-0.07975724339485168,-0.08956902623176576,-0.45272502303123474,-0.10832349956035614,-0.001425746362656355,0.010936837841428149,-0.019130431175067113,-0.20117062151488957,
0.062103903293609625,-0.04409546554088593,0.16469868421554568,-0.42103341221809387,-0.09074663370847702,0.0011042570695281029,-0.01577420826700719,-0.024672390008101185,-0.2017132134447768,
0.18553599119186404,0.04618496894836426,0.4864956855773926,-0.35046279430389404,-0.013581021688878536,-0.034854333847761154,-0.0595894969014511,-0.03468880934489621,-0.20157023661906545,
0.16807147264480593,0.09223533272743226,0.6842771530151368,-0.23082029819488525,-0.002329165581613779,-0.04437513276934624,-0.07875176060334271,-0.03636275551714316,-0.2030666842212202,
0.1426599383354187,0.12545806169509888,0.7671048164367676,-0.15365520119667053,0.016712436452507973,-0.044241975992918015,-0.09351316415100264,-0.0373540803174257,-0.20547762299936162,
0.11847231388092042,0.1784627676010132,0.7270127296447755,-0.10751593858003616,0.014115854166448116,-0.061752259731292725,-0.10367153183841686,-0.037865372487152,-0.208188433273511,
0.06338551640510559,0.2494220733642578,0.7487710952758789,0.02724001742899418,-0.018973922356963158,-0.0730041116476059,-0.1157015368614215,-0.03845602750218655,-0.21462667425052986,
0.06874422430992126,0.24095773696899414,0.6925693988800049,0.0920879915356636,0.007591110188513994,-0.07533437758684158,-0.11643119005012016,-0.040344739560880284,-0.2177769437300422,
0.08201758861541748,0.2169292688369751,0.5998987197875977,0.12484487146139145,0.026166658848524094,-0.08678597211837769,-0.11359853432774675,-0.042314616665768065,-0.2210122614253315,
0.08623191714286804,0.1908435106277466,0.4615757465362549,0.1811041533946991,0.01338348537683487,-0.10948942601680756,-0.10112997723071095,-0.04339780162269603,-0.22957309124825773,
0.053341352939605714,0.18492953777313234,0.3959739923477173,0.21432708203792572,0.021639283746480942,-0.11721259355545044,-0.09197376260629163,-0.04414048978886563,-0.23488474243053853,
0.0013514510355889797,0.16825590133666993,0.3143411874771118,0.2317042052745819,0.0183769129216671,-0.10842415690422058,-0.08093470252048868,-0.04488996604543104,-0.2407980444146759,
-0.033814772963523865,0.12683236598968506,0.22572307586669924,0.26279664039611816,-0.0043265363201498985,-0.12040838599205017,-0.05626551329212722,-0.04536504257021258,-0.2524590747399678,
-0.0070170298218727115,0.09807145595550537,0.130099093914032,0.26992058753967285,-0.01258233655244112,-0.13478946685791016,-0.04232313598071139,-0.04629484392052792,-0.2581067396012554,
-0.0629666030406952,0.06967443227767944,0.06078391671180725,0.2667247951030731,0.02097349427640438,-0.11974259465932846,-0.02780453719409333,-0.04750256580358067,-0.2647426294008403,
-0.15520262718200684,0.02328758239746094,-0.07397298216819763,0.2581360936164856,-0.0037939040921628475,-0.08412281423807144,0.004763823911891016,-0.04227272572791935,-0.2780187568155782,
-0.15789124965667725,0.00037415660917758945,-0.1478782057762146,0.2118636667728424,-0.022569190710783005,-0.08112675696611404,0.018698684963915354,-0.041611318099972885,-0.2827971049159681,
-0.13780152797698975,-0.011169721186161042,-0.22018282413482668,0.1960844248533249,-0.02669708989560604,-0.08638650178909302,0.03135556456115467,-0.042047202639808885,-0.28692220165158266,
-0.174796199798584,-0.05988683104515076,-0.29862890243530277,0.15480543673038483,0.014382170513272285,-0.05249777436256409,0.05305489581769149,-0.04336586657424079,-0.29584245704603873,
-0.18710838556289675,-0.07004342675209045,-0.3384466409683228,0.1209167093038559,0.02723192237317562,-0.01641194149851799,0.06199108362306404,-0.04274572474071564,-0.299115127955106,
-0.19510356187820435,-0.07487021684646607,-0.3877849817276001,0.07590928673744202,-0.010784702375531197,-0.0022306088358163834,0.06938573863982668,-0.040986466109300485,-0.3006370885835458,
-0.19823856353759767,-0.05503439903259277,-0.47559418678283694,0.01971658691763878,-0.016909973695874214,0.014147832058370113,0.07884552685981475,-0.040412157845321484,-0.3012335374912508,
