-0.13350917100906373,-0.024722410738468172,-0.049594676494598394,0.16519659757614136,0.03148611634969711,0.014420228078961372,0.06953033780613008,-0.01636353488791206,-0.36230573171510894,
-0.12707357406616213,-0.022670577466487887,-0.05822226405143738,0.1654629111289978,0.053590353578329086,0.0299331434071064,0.07803593836129023,-0.015269533370337181,-0.3616696248507263,
-0.1311761498451233,-0.014140069484710693,-0.06022353768348694,0.17158818244934082,0.042871128767728806,0.041451312601566315,0.0863211111884446,-0.013388941443010867,-0.3601185866540389,
-0.13003450632095337,-0.02072122246026993,-0.08263936042785645,0.16726054251194,0.018902678042650223,0.06262344121932983,0.10333504174059811,-0.009692532796605171,-0.35508705767106347,
-0.1285657048225403,-0.02645392119884491,-0.1112194299697876,0.14515630900859833,0.011112931184470654,0.09285032749176025,0.11195468073526046,-0.009325630176701861,-0.3520512905144028,
-0.1299301028251648,-0.025886839628219607,-0.12892353534698486,0.1275128573179245,0.01117951050400734,0.11388929188251495,0.11991520132965357,-0.00999604790206076,-0.3482620733435095,
-0.07972329258918763,-0.04870333075523377,-0.12474550008773805,0.12498285621404648,0.015840042382478714,0.12227824330329895,0.13327061136533383,-0.013124713648334747,-0.33792614981155084,
-0.06218947768211365,-0.059810477495193484,-0.13392477035522463,0.11679363995790482,0.028889533132314682,0.1280040442943573,0.1394158674562402,-0.014997074483682364,-0.3320955743150503,
-0.04899565279483795,-0.07049792408943177,-0.15687762498855592,0.07651332765817642,0.061513256281614304,0.1237429827451706,0.14535392266481292,-0.016865152847449067,-0.32593646123550396,
-0.01864505261182785,-0.04376867711544037,-0.21622369289398194,0.0035427086986601353,0.07609406113624573,0.10536718368530273,0.15414839565673227,-0.018390753167116008,-0.31217786733524566,
-0.014041966199874878,-0.04551749527454377,-0.20271008014678957,-0.024953115731477737,0.04393639415502548,0.11255770921707153,0.15524601124890372,-0.01753253308827293,-0.3052479980743964,
-0.028628361225128175,-0.04933875799179077,-0.18714877367019656,-0.05338235944509506,0.023896105587482452,0.1268721967935562,0.15461864339995324,-0.01689929035327715,-0.2988765636444922,
0.0016701320186257363,-0.050887078046798706,-0.20580763816833497,-0.11084005981683731,0.02689216285943985,0.12294404208660126,0.1499240260425037,-0.019409243280843095,-0.2864874235474219,
0.02797432243824005,-0.0503622055053711,-0.20197157859802248,-0.16217249631881714,0.05172614008188248,0.10103954374790192,0.14502458245429273,-0.02137697211071034,-0.28012019722438725,
0.025429025292396545,-0.04152681529521943,-0.18470871448516846,-0.19113436341285706,0.035347700119018555,0.09864269196987152,0.13793677878790686,-0.0222323782700468,-0.2740538196705731,
-0.016420426964759826,-0.05435643792152405,-0.09836511611938477,-0.19512911140918732,-0.03143106773495674,0.12480825185775757,0.11892310891686096,-0.022094286592674615,-0.2630423578614064,
-0.005097594484686852,-0.05840457677841187,-0.056966209411621095,-0.20924386382102966,-0.030965013429522514,0.13392958045005798,0.10856892433800742,-0.024578073629993747,-0.2576993850682178,
0.035856395959854126,-0.061071306467056274,-0.037043341994285585,-0.23214705288410187,0.009248718619346619,0.11189192533493042,0.09799116447039423,-0.028559142362743112,-0.25199922938661096,
0.04840540885925293,-0.036786502599716185,0.08513715267181397,-0.18860436975955963,0.024029264226555824,0.08599267899990082,0.0719832158175232,-0.035388860482215005,-0.24011269476409966,
0.030488204956054688,-0.03685557246208191,0.15907236337661745,-0.1438632607460022,0.03388296067714691,0.09691163897514343,0.06059746138663816,-0.03531317769137621,-0.2353376665491697,
0.013949087262153626,-0.05248463153839111,0.16332975625991822,-0.13767072558403015,0.06564104557037354,0.12614113092422485,0.05153634585894249,-0.03475651083360483,-0.23070286196979825,
-0.0047094617038965225,-0.04493464231491089,0.1427026391029358,-0.13301019370555878,0.08142027258872986,0.1402558833360672,0.043846317090148676,-0.033457938077029355,-0.22512816188776635,
0.02190164476633072,-0.010197647660970689,0.1617515802383423,-0.1109059527516365,0.05725208669900894,0.13286560773849487,0.02872641810086133,-0.027619332941283235,-0.21066192173728454,
0.040149837732315063,0.010618668049573898,0.17348555326461793,-0.0790145993232727,0.012710715644061565,0.1408550888299942,0.021962363128405413,-0.024696115258700847,-0.2034047912756034,
0.03865475952625275,0.031408664584159855,0.19382230043411255,-0.059506941586732864,0.003189914859831333,0.15197379887104034,0.016277156277675443,-0.022909004556119803,-0.19653482874911926,
0.11506823301315308,0.07830003499984742,0.23144261837005617,-0.018827157095074654,0.012510978616774082,0.12927034497261047,0.008164491564447516,-0.022637180903600347,-0.1815273471740646,
0.17526446580886842,0.08193401098251343,0.2614314079284668,0.029842112213373184,0.04080706834793091,0.0788700133562088,0.005815631113232055,-0.0224346360773064,-0.17425167758871382,
0.2089803457260132,0.080638986825943,0.2773376226425171,0.04841766506433487,0.07576105743646622,0.04504786804318428,0.005386508282101969,-0.021467008902505354,-0.1685011654195773,
0.14862616062164308,0.06305162906646729,0.25403106212615967,0.0937579795718193,0.06510841101408005,0.03759101405739784,0.009214682999625036,-0.015378631298096348,-0.16221861275533273,
0.11373623609542848,0.03993796408176423,0.2643069982528687,0.1491517275571823,0.040540751069784164,0.03892259672284126,0.012775772062909098,-0.01156836898697895,-0.16018639263988024,
0.09811895489692689,0.008882648497819902,0.25079870223999023,0.17445175349712372,0.05951577425003052,0.05230497941374779,0.018435726022871413,-0.008968029409955143,-0.15821208169521633,
0.07136958241462708,0.0003323243465274573,0.18593484163284302,0.18530413508415222,0.06996867805719376,0.06335709989070892,0.03478410502477251,-0.004330505094500543,-0.1531414915372127,
0.06032949686050415,0.007594083994626999,0.16411709785461426,0.2050115317106247,0.061912618577480316,0.0680176317691803,0.04410579257001555,-0.0012468077991349212,-0.1496423207302543,
0.0608219861984253,0.011061140149831773,0.1372504472732544,0.21905970573425293,0.05092708021402359,0.055900245904922485,0.05409771237121036,0.001638505846540239,-0.14575195270986802,
0.07731097936630249,-0.008177541941404343,0.10973868370056153,0.22625024616718292,0.04886312782764435,0.04564707726240158,0.06471089822355265,0.004008186644799858,-0.14182248437367803,
0.07842653393745423,-0.0377056509256363,0.0529241681098938,0.22831419110298157,0.05771813914179802,0.04198523238301277,0.08740402787737052,0.007679048375191154,-0.1354885068127761,
0.06192197799682617,-0.05044408440589905,0.027905511856079104,0.23370710015296936,0.07030157744884491,0.052837613970041275,0.09823354644055445,0.008660910072645984,-0.13265402839924917,
0.041117924451828006,-0.04640406668186188,0.008832117170095443,0.24089762568473816,0.06111367046833038,0.052837613970041275,0.10635292533742254,0.007612245217796226,-0.12940190589703784,
0.05479763746261597,-0.04581592679023743,-0.027558213472366335,0.242961585521698,0.045534178614616394,0.038323383778333664,0.13042156562092735,0.0116006298629575,-0.12195591814237364,
0.054517948627471925,-0.05070567727088929,-0.06583179235458374,0.21859152615070343,0.05652006343007088,0.035589657723903656,0.14305136262222223,0.012902743196629193,-0.1188681531824181,
0.04368988573551178,-0.05506874322891236,-0.09723626971244813,0.20847150683403015,0.058251120150089264,0.04331282526254654,0.15513879609442136,0.014297950807853019,-0.11604499116653434,
0.03741462528705597,-0.0679970383644104,-0.08215955495834351,0.22291916608810425,0.03854372724890709,0.048639148473739624,0.1769897525201878,0.017510185898503644,-0.10950335776506685,
0.044420021772384646,-0.07230119109153747,-0.09476313591003419,0.2346370667219162,0.028157399967312813,0.04584283009171486,0.18830348751358408,0.01806546959729737,-0.10622163018357146,
0.052446776628494264,-0.07262026071548462,-0.1168789029121399,0.21406415104866028,0.06031506881117821,0.027999650686979294,0.20018418648751737,0.017898085211245265,-0.10334296929783797,
0.06831793189048767,-0.0705414891242981,-0.16023011207580568,0.17611411213874817,0.07123403251171112,0.013418843038380146,0.21224677940557465,0.017881381060747832,-0.10054695915794704,
0.06008448600769043,-0.07137306332588196,-0.1976485252380371,0.14761827886104584,0.04526820778846741,0.009756996296346188,0.23277161540789873,0.02138799055905555,-0.09463502273828771,
0.033425417542457585,-0.07389430403709411,-0.18724411725997925,0.1419590711593628,0.024628711864352226,0.025602802634239197,0.24076424102473376,0.023347967172179414,-0.09237040186212479,
0.016457086801528933,-0.07284199595451356,-0.201464319229126,0.12564720213413239,0.014109225012362003,0.04044992849230766,0.248362611546484,0.024197602923271156,-0.09050867012732537,
0.009169504791498185,-0.05862648487091065,-0.24796133041381838,0.08676505088806152,0.015973437577486038,0.052434153854846954,0.26231660617434716,0.023102825856713027,-0.08669551945889806,
0.03251693248748779,-0.05338597893714905,-0.27741873264312744,-0.0027837450616061687,0.02609344944357872,0.037453871220350266,0.26737851435296733,0.02166304479335661,-0.08441046709651959,
0.06084816455841065,-0.05223188996315003,-0.28717541694641113,-0.041466157883405685,0.006918689701706171,0.017413582652807236,0.26983838182204956,0.020477040237385634,-0.0818800485249591,
0.0633286714553833,-0.05437827110290527,-0.2484844446182251,-0.05045432969927788,-0.012788702733814716,0.0184122696518898,0.2695035470430472,0.020008187216128723,-0.07977586453344235,
0.035684934258461,-0.05702927112579346,-0.20612795352935792,-0.06956250965595245,-0.020045816898345947,0.03479070961475372,0.2650324535784666,0.01856129770674423,-0.07858158514772558,
0.027540501952171326,-0.040053907036781314,-0.20397188663482668,-0.09432990849018097,0.011778959073126316,0.032859917730093,0.26187479134239305,0.016845891265834176,-0.0784199210537349,
0.0461885154247284,-0.028665903210639956,-0.2095719575881958,-0.12901757657527924,0.0356142483651638,0.01361858006566763,0.2580876516669507,0.014984531013513958,-0.07758076555613103,
0.05846704244613648,-0.029764685034751895,-0.21296157836914065,-0.18527686595916748,0.02742503024637699,-0.004757232032716274,0.24704016646442317,0.014886771827033912,-0.07413282243760169,
0.028325200080871582,-0.02288173884153366,-0.20036849975585938,-0.22003111243247986,0.012910802848637104,0.0013680383563041687,0.23898375168885758,0.016123720375652798,-0.07292380192519422,
0.009165702015161514,-0.031597149372100834,-0.1733890175819397,-0.23341350257396698,-5.529305781237781e-06,0.015283054672181606,0.22908750987478893,0.017147063557281274,-0.07226057593415129,
0.001955454610288143,-0.032457235455513,-0.13240071535110473,-0.23700650036334991,-0.0036677478346973658,0.014488349668681622,0.21781142693104474,0.017464378687052834,-0.07176179231018456,
0.028918221592903137,-0.034515053033828735,-0.08582878112792969,-0.3017878830432892,0.046998895704746246,0.003702547401189804,0.1939425461355366,0.01645397527609795,-0.0705877471321797,
0.003904891759157181,-0.029972451925277713,-0.0753712296485901,-0.31303974986076355,0.04080704599618912,0.022411253303289413,0.1806534839708681,0.016937876575180123,-0.06988065851889323,
-0.025644862651824953,-0.023953068256378177,0.0002946542575955391,-0.2572465240955353,-0.03908779099583626,0.03406258299946785,0.165207781833996,0.01884235427992473,-0.06835996183371518,
0.02207198739051819,-0.030000132322311402,0.07022709250450135,-0.28054919838905334,-0.09261732548475266,0.01315676886588335,0.13603837461123083,0.018019437466844423,-0.06560064666637268,
0.04406273663043976,-0.028592464327812196,0.005750666186213494,-0.3584466576576233,-0.02171066403388977,0.008429658599197865,0.12318964486387611,0.013116586096336091,-0.06625124646881812,
0.024109584093093873,-0.027729937434196474,0.0473961353302002,-0.3013884127140045,0.005387000273913145,0.0241423100233078,0.10720040365927841,0.009051512276773848,-0.06721115823147786,
-0.031338050961494446,-0.03499748408794403,0.26832849979400636,-0.19406302273273468,-0.011257757432758808,0.03539416566491127,0.07322692054069938,0.007966622334195851,-0.06589074015085272,
-0.05083000659942627,-0.03146417140960694,0.24921009540557862,-0.17688563466072083,-0.06804966926574707,0.06528814882040024,0.06181019525694515,0.007749232166804888,-0.06451805550025154,
-0.030487483739852907,-0.03171460926532745,0.2536477088928223,-0.1436627060174942,-0.08915521949529648,0.06555446982383728,0.05225468601077329,0.006052376537688287,-0.06257825368511531,
0.010003247857093812,-0.01843494176864624,0.2865137100219727,-0.10038632899522781,-0.07357572764158249,0.054435763508081436,0.04339327956929164,0.0019666499892959134,-0.05976967857488194,
-0.028986805677413942,0.011824413388967515,0.29373309612274173,-0.04752257838845253,-0.11265761405229568,0.0993766114115715,0.030362563323498654,-0.007097681944973463,-0.0545188727598407,
-0.008123762160539628,0.007069317996501923,0.2887274265289307,-0.01756201684474945,-0.1181836724281311,0.12214663624763489,0.02689960171723187,-0.011881512738769962,-0.051349268751151554,
0.05958371162414551,0.04658224582672119,0.31795926094055177,0.05713965371251106,-0.07557309418916702,0.08446291089057922,0.024478687622849965,-0.018335001920546615,-0.046387428909800126,
0.19994027614593507,0.06128222942352295,0.3681630611419678,0.1332394778728485,-0.034493837505578995,0.028603103011846542,0.025558747505624105,-0.029005130422755068,-0.0364643060952764,
0.20496084690093996,0.03642951548099518,0.3055589675903321,0.15041686594486237,0.0020580487325787544,0.013489664532244205,0.030859233357545382,-0.03165318377795606,-0.03421681219518567,
0.1999552845954895,0.014269407093524934,0.2443858861923218,0.1704571545124054,0.05359021946787834,-0.00908062607049942,0.03783336752756619,-0.03322102752976514,-0.03317992657980027,
0.18714081048965456,0.011943764239549638,0.20005824565887453,0.2006174474954605,0.07855735719203949,-0.030053019523620605,0.04548934740960773,-0.0329528034727505,-0.03259789140030094,
0.15442768335342408,-0.005847646668553353,0.10269975662231445,0.21839405596256256,0.053723376244306564,-0.05615200102329254,0.06401143815017711,-0.02641169726212077,-0.03311739607681458,
0.11728700399398805,-0.006380799412727356,0.04731392860412598,0.21579816937446594,0.016372427344322205,-0.057016242295503616,0.07498167594511883,-0.02208441406100591,-0.03458555240649975,
0.08995712995529176,-0.01197926625609398,-0.0028752980753779414,0.19362735748291016,0.0035226745530962944,-0.05708282068371773,0.08597626042562581,-0.02159583583468297,-0.03671115373618197,
0.09846777319908143,-0.03457418978214264,-0.06278961896896362,0.17558443546295166,0.0019913569558411837,-0.0761910006403923,0.10674200121935308,-0.02308753492832547,-0.041731363929935525,
0.10902298688888551,-0.03695768117904663,-0.0778331458568573,0.16652968525886536,0.018769273534417152,-0.10348840057849884,0.11626309326956445,-0.021997362607432114,-0.04484046848875312,
0.11644624471664429,-0.03399443328380585,-0.10039442777633667,0.181909441947937,0.02169875055551529,-0.12925449013710022,0.12530010025606056,-0.020142837190617272,-0.04864327916497418,
0.09537242054939271,-0.027519387006759644,-0.0894321918487549,0.18330760300159454,0.01930190436542034,-0.1441016048192978,0.134102000063679,-0.017140050554073555,-0.05316691317357562,
0.09019934535026551,-0.0462233304977417,-0.10769245624542237,0.16546443104743958,0.028756126761436462,-0.14909504354000092,0.14346319537909868,-0.013450485317833816,-0.05853567374378138,
0.0866641938686371,-0.07511565685272217,-0.16932663917541504,0.10627566277980804,0.05059404671192169,-0.15408846735954285,0.16184120397865173,-0.004546490533933241,-0.07046801983416352,
0.07956888675689698,-0.08708806037902833,-0.18258321285247803,0.07658141851425171,0.06584064662456512,-0.15222425758838654,0.16882171189398731,0.0009333900523429257,-0.07625003763160194,
0.03868485093116761,-0.10131688117980958,-0.20615186691284182,0.04715348780155182,0.051392994821071625,-0.13018658757209778,0.17804041217021593,0.014199271343655019,-0.08650549937949019,
0.021238648891448976,-0.0948024868965149,-0.22335450649261476,0.006407121662050486,0.00731767900288105,-0.10155761241912842,0.18089866432674576,0.020698665327032205,-0.09100507967013556,
0.01664276421070099,-0.09554291367530823,-0.25217928886413576,-0.03953240439295769,-0.034893427044153214,-0.0857783854007721,0.1827804137312608,0.026188856366166864,-0.09514282681745156,
0.021372750401496887,-0.09123137593269348,-0.2730393171310425,-0.0931951031088829,-0.05892845615744591,-0.09150417894124985,0.18307050281542564,0.02972955769827199,-0.09926661252969977,
0.029452869296073915,-0.07501568198204041,-0.26197633743286136,-0.14965412020683289,-0.0853603258728981,-0.09709681570529938,0.17634010973325623,0.031094667547733323,-0.10920954047015007,
0.01774065047502518,-0.08110204339027405,-0.22171940803527834,-0.17422178387641907,-0.11112640798091888,-0.07066494226455688,0.1692860502289788,0.030631146865576744,-0.1154128377044079,
0.01549474447965622,-0.08266605138778688,-0.16844136714935304,-0.2208271026611328,-0.11172562092542648,-0.05808150768280029,0.1518399467325683,0.026252618357537182,-0.1278197616089515,
0.02788199484348297,-0.06440147757530212,-0.13712226152420046,-0.25717926025390625,-0.1226445809006691,-0.08464653789997101,0.14104844957820006,0.022380163702153344,-0.1330835235299151,
0.04198170006275177,-0.06688873171806335,-0.07505906820297242,-0.2483908087015152,-0.14940935373306274,-0.09523260593414307,0.12851051693146462,0.018580006552128058,-0.13847655156713645,
0.03890804946422577,-0.06399720907211304,0.06394307017326355,-0.18267731368541718,-0.16279174387454987,-0.08657733350992203,0.098428680242851,0.00577188439735925,-0.15164298779078142,
0.04528669118881226,-0.0629239797592163,0.09188086986541749,-0.16130544245243073,-0.10074008256196976,-0.08211653679609299,0.0879080623206039,-0.0014868059050363387,-0.15861714611215946,
0.05114322900772095,-0.049424180388450624,0.09938621520996094,-0.1758885383605957,-0.02497277781367302,-0.08278656750917435,0.07906429894012529,-0.007695878722668954,-0.16478616165322402,
0.05639553666114808,-0.0231084942817688,0.10470011234283448,-0.1721601039171219,-0.029300415888428688,-0.10315974801778793,0.062311680798228894,-0.01201271615356626,-0.17435277504525296,
0.0446973979473114,-0.012113431096076967,0.1473807692527771,-0.14046849310398102,-0.07317598909139633,-0.1132131814956665,0.05338442617549414,-0.012155156166284369,-0.17930221259551032,
0.03772207498550415,-0.012994281947612762,0.16741563081741334,-0.1270861029624939,-0.08256363123655319,-0.1029600128531456,0.04538834880066742,-0.013559833896894273,-0.1850728519043241,
0.02802024781703949,-0.0051061008125543594,0.1421796202659607,-0.1312805861234665,-0.06352203339338303,-0.08524999022483826,0.038670367710558234,-0.016628974717089347,-0.19126276583810906,
0.03502008318901062,0.043617868423461915,0.1007131576538086,-0.17309221625328064,-0.09514707326889038,-0.06667444109916687,0.02616690148461484,-0.023173688786279595,-0.20185262537982354,
0.04046851992607117,0.038963690400123596,0.037483057379722594,-0.21397173404693604,-0.15626662969589233,-0.07785971462726593,0.01920905878217221,-0.026423354020150433,-0.2059696016191162,
0.04433753192424775,0.06296416521072389,0.0642615020275116,-0.12695294618606567,-0.16831743717193604,-0.10242737829685211,0.009813594499897674,-0.03197616466844386,-0.20970748095700806,
0.053080135583877565,0.10267605781555177,0.18973416090011597,-0.06929551064968109,-0.14967530965805054,-0.13831348717212677,-0.0003340716427692649,-0.0398540971985077,-0.21386839450700373,
0.10283554792404176,0.04645788371562958,0.16729741096496584,-0.09113343060016632,-0.11532051861286163,-0.17107036709785461,-0.00937566666240724,-0.05653994577849443,-0.2253996742111878,
0.05917694568634033,0.02689168155193329,0.18810938596725466,-0.057444438338279724,-0.05959387123584747,-0.18924644589424133,-0.011961971092753891,-0.06342835000362058,-0.23342210086702497,
0.026354843378067018,0.032495447993278505,0.23350238800048828,-0.017963076010346413,-0.026370937004685402,-0.19410671293735504,-0.014578347353778076,-0.06902847517762316,-0.2423276208357687,
-0.04593698084354401,0.01020280197262764,0.23284738063812258,0.007270376663655043,-0.03895437344908714,-0.17619694769382477,-0.014220399921718774,-0.07448653684528837,-0.2621733959216951,
-0.07670490741729737,0.006016140803694725,0.2206840753555298,0.041425421833992004,-0.06179098039865494,-0.1643458902835846,-0.012131964713211072,-0.07634318345388161,-0.27192592118901177,
-0.08333139419555664,0.01151297762989998,0.21443982124328614,0.06739123910665512,-0.05147123336791992,-0.16467878222465515,-0.009252019994680599,-0.07887746594679072,-0.2809623544691757,
-0.08548355102539062,0.020432861149311067,0.18780261278152466,0.07524756342172623,0.0038559413515031338,-0.15802086889743805,-0.004964268284389379,-0.08222733611597126,-0.28960684325095126,
-0.10181604623794556,0.03876298666000366,0.12244330644607544,0.07151913642883301,0.0003272531321272254,-0.13205504417419434,0.006573439922146317,-0.08562835656500374,-0.3066930955197777,
-0.1336153507232666,0.023165151476860046,0.09699802398681641,0.09595364332199097,-0.061657823622226715,-0.1204037144780159,0.012462597812435297,-0.08440307983780278,-0.3144174650473189,
-0.1506328582763672,0.023876777291297915,0.11302917003631592,0.12358393520116806,-0.06498677283525467,-0.11068318039178848,0.017999363284472762,-0.08487918381600083,-0.32123803486409047,
-0.16971414089202883,0.01507832407951355,0.0780731201171875,0.13576693832874298,-0.04035237804055214,-0.09384048730134964,0.03250524648849705,-0.09044002320812045,-0.33410369713535554,
-0.14809093475341797,0.005095574632287026,0.07386994361877441,0.16199906170368195,-0.004666016437113285,-0.09557154029607773,0.04072061818239861,-0.09259106806725191,-0.33976052223845543,
-0.13540520668029785,-0.0006550388876348734,0.06497440338134766,0.1582040637731552,0.033883240073919296,-0.10296181589365005,0.04957369560479329,-0.09335055386466859,-0.3449635942048153,
-0.12748028039932252,-0.010354484617710115,-0.003139547258615494,0.1611335426568985,0.04480220004916191,-0.09190969914197922,0.0672037694715956,-0.07741635153899629,-0.35522885736070087,
-0.14227838516235353,-0.01592375785112381,0.0022888947278261185,0.18743225932121277,0.04466904327273369,-0.06907308846712112,0.07586021762798584,-0.06996350103268474,-0.3598723962365739,
-0.12447031736373902,-0.027352562546730044,0.008128974586725235,0.19435647130012512,0.07409697771072388,-0.039711736142635345,0.0823454609224714,-0.053309037179065925,-0.36410175966836233,
-0.1022302269935608,-0.04109188616275788,-0.04278316199779511,0.15301090478897095,0.113977812230587,-0.012547492980957031,0.10036740825646166,-0.039164276848718156,-0.3685037363063062,
