-0.16767158508300783,-0.07862011790275575,-0.3758548736572266,-0.05189378932118416,-0.00408188346773386,0.04721277207136154,0.1211781118674713,-0.0372677408105088,-0.22435951326639214,
-0.12873824834823608,-0.09317992329597474,-0.35438969135284426,-0.07579565793275833,-0.02119269408285618,0.03762539103627205,0.11888856893649409,-0.03862882664976262,-0.22054225704016542,
-0.11395727396011353,-0.07769135832786561,-0.3518651247024536,-0.11993755400180817,-0.007610572036355734,0.046813298016786575,0.11549351368298898,-0.040094632955843756,-0.21871870354759737,
-0.1235098123550415,-0.06799100041389465,-0.364473032951355,-0.17719553411006927,-0.007943467237055302,0.05846462398767471,0.11097590178580566,-0.04174476579467398,-0.2172431843115475,
-0.1325244426727295,-0.07244746685028076,-0.391820764541626,-0.21554593741893768,-0.015333592891693115,0.06412217766046524,0.10479601102748941,-0.042962782076501976,-0.2152204248731968,
-0.09542216062545777,-0.06331139206886292,-0.309161901473999,-0.2578901946544647,0.028941459953784943,0.03076607920229435,0.0856997788719238,-0.0456476856064558,-0.20970770223051038,
-0.04085955023765564,-0.0730683982372284,-0.2448971509933472,-0.2837228775024414,0.038528840988874435,0.017783168703317642,0.07359414154419615,-0.046626143903013915,-0.20716088564001223,
-0.06827831864356995,-0.05447824597358704,-0.1560424566268921,-0.29477497935295105,0.023548558354377747,0.003202361986041069,0.06031096870089213,-0.045752522054258185,-0.20524806723100777,
-0.0730553388595581,-0.017095698416233065,0.056603926420211795,-0.3005007803440094,0.01416091714054346,0.03016686998307705,0.0304879840174218,-0.04130803478552164,-0.20309630137915333,
-0.10168858766555787,-0.012121912091970444,0.1557119131088257,-0.31295105814933777,-0.016731753945350647,0.11172617971897125,0.01567196651114093,-0.04039588139306907,-0.20274957281347525,
-0.1597553014755249,-0.007464363425970078,0.2544930219650269,-0.25449466705322266,-0.05301732197403908,0.1841641515493393,0.00031249552697911023,-0.03967223946785467,-0.20139361327604657,
-0.10111800432205201,0.05844303369522095,0.6403454780578614,-0.11075054109096527,-0.08430946618318558,0.1763744056224823,-0.031903489140275645,-0.040988932743249024,-0.189175825566034,
0.03225643038749695,0.14041850566864014,0.7682795524597168,0.012686973437666893,-0.0729910284280777,0.12537486851215363,-0.04382987328680027,-0.043180725902514275,-0.17890713687980994,
0.15779911279678346,0.21305298805236816,0.870516300201416,0.13126422464847565,-0.00015357427764683962,0.08609325438737869,-0.05084717532013813,-0.04604056882059978,-0.1692716197111502,
0.21867990493774414,0.24717299938201906,0.9235211372375489,0.21109247207641602,0.06569308787584305,0.06904902309179306,-0.05265534881084178,-0.04884407938204162,-0.16167485702705867,
0.23223423957824707,0.16360937356948854,0.8281154632568359,0.3366605341434479,0.09578680992126465,0.026305286213755608,-0.04114903320479694,-0.047514147737485704,-0.15260937754418594,
0.2066161870956421,0.10596898794174195,0.6863283634185792,0.37980371713638306,0.06968782842159271,0.014121323823928833,-0.028613542879301086,-0.04307676474605695,-0.1501050501950748,
0.1275543212890625,0.04991836547851563,0.4982190608978272,0.38945770263671875,0.043588846921920776,0.020512910559773445,-0.012145540643617716,-0.03816843509889146,-0.14887366432067392,
0.04606825113296509,-0.019119668006896975,0.16032389402389527,0.3777397871017456,0.0461188480257988,0.01458737626671791,0.026400877074625545,-0.031498048371030166,-0.147094806175462,
0.049032726883888246,-0.04755828976631165,0.060994046926498416,0.40323954820632935,0.07155204564332962,0.010259740054607391,0.04585497232556263,-0.02948015023368768,-0.145888442632129,
0.02952629029750824,-0.06446341276168824,0.005872227624058724,0.38652822375297546,0.08293705433607101,0.007596578449010849,0.060280118119856556,-0.029359490281552405,-0.14437523513097136,
0.04024298787117005,-0.11708669662475586,-0.25441095829010013,0.3125589191913605,0.048582274466753006,-0.007982914336025715,0.10048179037626043,-0.022535619576342765,-0.14152618797921707,
0.021338611841201782,-0.12992045879364014,-0.3404943227767945,0.2855944037437439,0.03626515343785286,-0.008781862445175648,0.11888711565025425,-0.01891165118263805,-0.14011397539329704,
-0.0011921593919396402,-0.1431317925453186,-0.3467165231704712,0.25277093052864075,0.07268388569355011,0.02084580436348915,0.13489406465949924,-0.016414461513014428,-0.13949758512471305,
-0.032004413008689885,-0.14651150703430177,-0.3852500200271607,0.19917482137680054,0.0798744186758995,0.045013993978500366,0.1495674992155983,-0.0145615717230043,-0.13908149781613935,
-0.02214343100786209,-0.16667869091033938,-0.49002079963684086,0.13366106152534485,-0.00028673233464360237,-0.0022571180015802383,0.1745716377000679,-0.009489707472684511,-0.13349018713206218,
0.0037090968340635303,-0.14271358251571656,-0.45617275238037114,0.1250057965517044,-0.009008584544062614,0.002137097530066967,0.18297537849574444,-0.007994520552747674,-0.13047824003872,
-0.032886794209480284,-0.14577529430389405,-0.4207589626312256,0.03931858390569687,0.06369571387767792,0.06478796899318695,0.1898083735956372,-0.007830247334646857,-0.13033578420713268,
-0.09651320576667786,-0.15503177642822266,-0.5605110168457031,-0.06740759313106537,0.04751700907945633,0.09401615709066391,0.2007157196767587,-0.008041677752067744,-0.1286125479242366,
-0.03569011688232422,-0.13695101737976076,-0.5161383152008057,-0.08531735092401505,-0.030513612553477287,0.035360030829906464,0.2004254946105363,-0.007532517540883112,-0.12291547207373886,
0.02595573961734772,-0.08790965080261232,-0.4611287593841553,-0.12067081779241562,-0.06540101766586304,0.004933416843414307,0.19705637372524612,-0.008259159073288707,-0.11765875641766357,
-0.0269557923078537,-0.04025691747665405,-0.47828016281127933,-0.20982015132904053,-0.014734381809830666,0.004267626442015171,0.18773901823858757,-0.012981192738667494,-0.11704387656832967,
-0.04589050114154816,-0.06256099939346314,-0.500746774673462,-0.2800610065460205,-0.02951492741703987,0.01638500951230526,0.18043924950301488,-0.015362732807328984,-0.11841047007511074,
-0.04261005222797394,-0.11176655292510987,-0.47654705047607426,-0.34104740619659424,-0.0717926025390625,0.013655269518494606,0.16995888122462408,-0.016242704811852363,-0.11870422258202298,
-0.03279136419296265,-0.13521978855133057,-0.43055729866027836,-0.3686111271381378,-0.0856410413980484,-0.010912392288446426,0.15648673087659043,-0.01749070778952538,-0.11868267992930719,
-0.022194793820381167,-0.14821230173110964,-0.3128216743469239,-0.3776658773422241,-0.13544215261936188,0.031764768064022064,0.12249218449181136,-0.024196403558508692,-0.12112866047568739,
-0.09717108607292176,-0.13622571229934693,-0.20008928775787355,-0.4135519862174988,-0.07332392036914825,0.06798376142978668,0.10345213628225544,-0.02841975523143078,-0.12350453429901258,
-0.08011319637298585,-0.1371177077293396,-0.10106463432312013,-0.4756702184677124,0.036664627492427826,0.07091323286294937,0.08419303546155374,-0.0348897254658464,-0.12474369175463736,
-0.02020089775323868,-0.12974579334259034,0.12616298198699952,-0.38978326320648193,0.018421974033117294,0.09082036465406418,0.03692095622386591,-0.04341512515200232,-0.12016407871217807,
0.007918956130743027,-0.08381896018981934,0.39659483432769777,-0.24983415007591248,-0.06187233328819275,0.07364297658205032,0.012102114224668954,-0.041106296559086264,-0.11639763344936549,
0.0500989317893982,-0.020224334299564363,0.5943666458129883,-0.2686760127544403,0.025812245905399323,0.05659874528646469,-0.009400636361372817,-0.03961236806797354,-0.11227880641876303,
0.05661761164665222,0.13757258653640747,0.550392484664917,-0.214547261595726,0.08793048560619354,0.04661189019680023,-0.037813141948942496,-0.04263751762100571,-0.10537090038838907,
0.023745992779731752,0.20609092712402344,0.7625696659088135,-0.014546948485076427,0.00970062892884016,0.031825557351112366,-0.05196625531298496,-0.03919501045415915,-0.10307402176354062,
0.03116249442100525,0.22568213939666748,0.9778303146362305,0.10296504199504852,-0.009008077904582024,0.04906952381134033,-0.06326767435445985,-0.03442489522976433,-0.10177906710432794,
0.09720774292945862,0.2175616979598999,0.8603037834167481,0.22227464616298676,0.05124594271183014,0.029295552521944046,-0.06400678022399069,-0.03263735879515278,-0.09830701791248476,
0.17309359312057496,0.20754382610321045,0.7824436187744142,0.29091763496398926,0.07954203337430954,-0.005125802475959063,-0.05745723232147766,-0.03183587497788203,-0.09590749208924541,
0.19773627519607545,0.1708882451057434,0.5881562232971191,0.3134213387966156,0.053509630262851715,-0.026630830019712448,-0.046651903561158406,-0.029213193951335224,-0.09468970192135728,
0.1695788621902466,0.13172268867492676,0.3884189605712891,0.309093713760376,0.0395946130156517,-0.03781610727310181,-0.032630000731933444,-0.025460703685452443,-0.09494826982332004,
0.09197235107421875,0.05556978583335877,0.053340560197830206,0.29391369223594666,0.04292356222867966,-0.03721689432859421,-0.0008181752853030512,-0.019587611398425103,-0.09787562433260762,
0.05636960864067078,0.01827908605337143,-0.05053870081901551,0.2610236406326294,0.04179171845316887,-0.030092939734458923,0.01600505460838211,-0.019649370115910093,-0.09995161055651045,
0.030942592024803164,-0.007514394819736481,-0.14359421730041505,0.23365966975688934,0.012297211214900017,-0.027030304074287415,0.03131641902090672,-0.0174889331604392,-0.10175806401216893,
0.0054863207042217255,-0.045840424299240116,-0.2845783233642578,0.18266013264656067,-0.007277023047208786,-0.033288732171058655,0.058265747330829766,-0.013096064157598532,-0.10435575147066077,
0.009827148169279099,-0.04010584652423859,-0.34560928344726566,0.13146086037158966,-0.00408122967928648,-0.050865594297647476,0.069560283980187,-0.012794995943799138,-0.10569214358058096,
0.016446644067764284,-0.045248633623123174,-0.3842435598373413,0.09670661389827728,-0.02259019948542118,-0.07603246718645096,0.07911344468921186,-0.012771795484593352,-0.107420966815199,
0.009723716229200364,-0.058678197860717776,-0.3882463932037354,0.04570706933736801,-0.06852972507476807,-0.07969431579113007,0.09246413349888387,-0.011955217025602117,-0.11301096675977923,
-0.01121755912899971,-0.08218849301338196,-0.40989432334899906,-0.012016944587230682,-0.03583942726254463,-0.0703066736459732,0.09689443952370501,-0.012443134063085259,-0.11737137011121056,
-0.035826027393341064,-0.09404432773590088,-0.4302515983581543,-0.09257756918668747,0.006904310081154108,-0.039014529436826706,0.09957529226622443,-0.014305404106228214,-0.12226308787746194,
-0.07250185012817383,-0.1088683843612671,-0.4673047542572022,-0.13392315804958344,-0.006411495618522167,-0.017110027372837067,0.10014032625838502,-0.015595965686749065,-0.12671275279347738,
-0.07386791706085205,-0.09271857142448425,-0.41333508491516113,-0.1697426736354828,-0.06793051213026047,-0.018974240869283676,0.09185726752366515,-0.01448465094991608,-0.1309197724848046,
-0.041428944468498236,-0.06465068459510803,-0.38310625553131106,-0.22047588229179382,-0.07805053144693375,-0.03408768028020859,0.08449807783167464,-0.015348396574162525,-0.1319597651933495,
0.005743379145860672,-0.03810325562953949,-0.3718656778335572,-0.2666151523590088,-0.04509391263127327,-0.05352875590324402,0.07602097678199803,-0.01824294314497868,-0.13366438379226958,
0.07485104203224183,0.016547346115112306,-0.2502021312713623,-0.28578802943229675,-0.021258924156427383,-0.06397818773984909,0.05341017028472694,-0.024460368070025322,-0.13892462699728023,
0.10738112926483155,0.03281041979789734,-0.15321834087371827,-0.29783883690834045,-0.03271051496267319,-0.09660191833972931,0.03966516708892199,-0.02588038131425432,-0.1421463267689611,
0.1364918351173401,0.02779124975204468,-0.0437065601348877,-0.2783311903476715,-0.037570785731077194,-0.17143674194812775,0.026516334157291658,-0.03210079391536037,-0.14608182220907454,
0.17737360000610353,0.05110854506492615,0.0827321231365204,-0.24184589087963104,-0.060141075402498245,-0.19853441417217255,0.01182200219046087,-0.033475428005034474,-0.15065618716142715,
0.06314116716384888,0.022185657918453217,0.32195138931274414,-0.2007666379213333,-0.0574779137969017,-0.15712225437164307,-0.01461176640980062,-0.03771667797161499,-0.1670387267440036,
-0.02822166681289673,0.03810006082057953,0.37385244369506837,-0.17393527925014496,-0.016265496611595154,-0.12290063500404358,-0.025066463964964363,-0.04172543559628718,-0.17673665015083811,
-0.0846366047859192,0.058354133367538454,0.4742156028747559,-0.11734311282634735,-0.012603649869561195,-0.10479113459587097,-0.03445360724289632,-0.045689469759352036,-0.18489956025619886,
-0.1369675040245056,0.13016283512115479,0.7366105556488037,0.0857229232788086,-0.04622605815529823,-0.09886560589075089,-0.04992294398297283,-0.049531334362242795,-0.19733673789829717,
-0.11703348159790039,0.15896384716033937,0.823725700378418,0.1603580117225647,0.011964011937379837,-0.10332639515399933,-0.052858626662201945,-0.051614802775627626,-0.20228295927477674,
-0.07480356097221375,0.16815872192382814,0.6893443107604981,0.2030351758003235,0.036931149661540985,-0.09553664922714233,-0.04921600283909941,-0.05472858808037974,-0.2068508177304638,
-0.08315720558166505,0.1450900435447693,0.39442527294158936,0.2404525876045227,-8.679239545017481e-05,-0.11990457773208618,-0.03098639030586939,-0.054860157623060506,-0.21736888419405265,
-0.09392441511154176,0.12650970220565796,0.2681129455566406,0.24364838004112244,0.02088560163974762,-0.12330010533332825,-0.019188215110329282,-0.05371416120885468,-0.22264733416168636,
-0.12933603525161744,0.10429267883300782,0.15167070627212526,0.22746968269348145,0.04298983886837959,-0.08807980269193649,-0.006037265288652842,-0.053715718854418615,-0.22870225548903572,
-0.18195276260375978,0.06934005618095399,0.04849839210510254,0.2260049432516098,0.021351654082536697,-0.04793264716863632,0.007611537169858529,-0.053402892480547456,-0.23524630760036486,
-0.1937502145767212,0.008438224345445633,-0.0633970320224762,0.20696333050727844,0.014027961529791355,-0.012579182162880898,0.03686853278272298,-0.02086459876713796,-0.24517306776041428,
-0.1824096441268921,-0.01010432541370392,-0.12926173210144043,0.1669493466615677,0.012097169645130634,0.006928473711013794,0.048462731061003905,-0.01971428109799189,-0.2470432961167308,
-0.1848732829093933,-0.029825383424758913,-0.1779565453529358,0.14497825503349304,0.000978472176939249,0.015850063413381577,0.05941386323904813,-0.018913712669394612,-0.24791992816809713,
