-0.1439707398414612,-0.05751081109046936,-0.31955385208129883,0.08033262193202972,0.008729083463549614,0.0016941875219345093,0.0741879554415254,-0.0246209688197379,-0.20103243321646447,
-0.1309259295463562,-0.05012714862823486,-0.3271491527557373,0.05955996736884117,-0.013907785527408123,0.005955245345830917,0.08028711370264079,-0.024084762279044214,-0.2010239376077598,
-0.13693976402282715,-0.03998802900314331,-0.3107301235198975,0.026070713996887207,-0.039340972900390625,0.016940785571932793,0.08471747897646484,-0.02356525399190979,-0.20075867552198537,
-0.15473872423171997,-0.05107824802398682,-0.3519316196441651,-0.00801939982920885,-0.029819902032613754,0.036312200129032135,0.0905955051384317,-0.025051326899275802,-0.200483745831989,
-0.15547404289245606,-0.06077662110328674,-0.3609421968460083,-0.10668952018022537,0.028769642114639282,0.07126618921756744,0.09140997840900288,-0.02730761629368564,-0.19996965570762287,
-0.14330749511718752,-0.07639582753181458,-0.40111670494079593,-0.12033822387456894,0.011658831499516964,0.08751147240400314,0.09021494375634043,-0.028967354994495795,-0.19827861154575652,
-0.16276432275772096,-0.05643802881240845,-0.2939100503921509,-0.1567569524049759,-0.04100518301129341,0.09663280099630356,0.0793300960897536,-0.02872202186430031,-0.19073830639195022,
-0.16558008193969728,-0.03825026750564575,-0.3177944660186768,-0.20902149379253387,-0.028688058257102966,0.1257944107055664,0.0725507004290031,-0.029871736675304163,-0.18653452026076114,
-0.1629227638244629,-0.02899427115917206,-0.3178405523300171,-0.27633288502693176,0.01545383594930172,0.1365136355161667,0.06443793637116903,-0.03268508876775984,-0.18217066217190378,
-0.1315804123878479,-0.0277232825756073,-0.30758414268493656,-0.3066929280757904,0.02430884726345539,0.1347159892320633,0.054207420219374206,-0.03570826895278413,-0.17674464297206918,
-0.08968631625175477,-0.006396906077861786,-0.10875140428543091,-0.2763994634151459,-0.027489636093378067,0.10342385619878769,0.02533926476494351,-0.036517999525126806,-0.16354319591265132,
-0.021653477847576142,0.0029006820172071458,0.04494845271110535,-0.2646149694919586,-0.011310934089124203,0.1094825491309166,0.009090660886832067,-0.036051191316779516,-0.15712967723221316,
0.027528759837150574,0.007228789478540421,0.15326975584030153,-0.2784634232521057,0.06931627541780472,0.14809837937355042,-0.006014768594514612,-0.0370147415712059,-0.15182702515851149,
0.0777203381061554,0.03904516398906708,0.40834569931030273,-0.20755675435066223,0.1425531953573227,0.11520835012197495,-0.034686524631951994,-0.036782564387903546,-0.14100320488809226,
0.1433359980583191,0.091573166847229,0.6102799892425538,-0.03897864744067192,0.03276438266038895,0.09856358915567398,-0.04943495020482991,-0.031036305837387895,-0.13435228961248852,
0.08984965085983276,0.13354549407958985,0.8321437835693359,0.09464546293020248,-0.05858204513788223,0.10089385509490967,-0.06126972690148317,-0.022918847152889936,-0.12970227056782543,
0.06588913202285766,0.13705999851226808,0.885197925567627,0.17760291695594788,-0.035612281411886215,0.1083507090806961,-0.0665571518625063,-0.01797125279553787,-0.12569680150567597,
0.13678215742111208,0.11577073335647584,0.8387531280517578,0.28526121377944946,0.0751752257347107,0.07186540216207504,-0.05982776798860026,-0.01972094033138813,-0.11497141350682172,
0.1999748229980469,0.10291535854339601,0.7464028835296631,0.3691507875919342,0.030966751277446747,0.010213217698037624,-0.04992392761479839,-0.01924566864574587,-0.10949150971351737,
0.21272451877593995,0.06674497127532959,0.6187151908874512,0.41828611493110657,0.004668033681809902,-0.009960227645933628,-0.03651485218698751,-0.015409582677880354,-0.10563812129286017,
0.12197209596633912,-0.01545006185770035,0.32599079608917236,0.42048323154449463,0.047744665294885635,0.0072837406769394875,-0.00045840408635836115,-0.01106809871814342,-0.10379160106748676,
0.08086718916893006,-0.03811737000942231,0.14452526569366456,0.3955160975456238,0.09514893591403961,-0.0029028505086898804,0.021287977889536715,-0.010874323705326224,-0.10418588175569583,
0.09061753153800965,-0.04437407553195954,-0.018331126868724824,0.38925766944885254,0.05986204743385315,-0.033262886106967926,0.041666639375776846,-0.012129890221897003,-0.10376390385337292,
0.12308491468429567,-0.061237639188766485,-0.07313713431358337,0.38619524240493774,-0.005185696296393871,-0.0676838606595993,0.061968044455665845,-0.008505195512110736,-0.10279746021613759,
0.1056105375289917,-0.09295778274536133,-0.22563207149505615,0.33153384923934937,0.058663591742515564,-0.058362796902656555,0.10180361398883735,-0.0014158679426007324,-0.10399716119130736,
0.040447366237640385,-0.09731213450431825,-0.33381681442260747,0.25130611658096313,0.07890361547470093,-0.032130658626556396,0.12140156464140914,-0.0002874604689564588,-0.10746199476815003,
0.00764419361948967,-0.11342796087265015,-0.4285459041595459,0.20063947141170502,0.010060900822281837,-0.03299618512392044,0.1395821718733265,0.002619086016751693,-0.10993252850263428,
-0.015004004538059236,-0.16517375707626344,-0.45531439781188965,0.17600522935390472,-0.04806259274482727,-0.01295589841902256,0.16657755896936774,0.010899987779465312,-0.1100852219137343,
-0.055171561241149907,-0.17371339797973634,-0.45447096824646,0.08392644673585892,-0.0005917434464208782,0.0184028260409832,0.17668939253892244,0.011318544001978742,-0.11171846804279421,
-0.0866072952747345,-0.18218704462051394,-0.5524844646453858,0.027267692610621452,-0.00744938338175416,0.03964153304696083,0.18619269630558297,0.009684927790968582,-0.11406965096998797,
-0.06701157093048096,-0.17331730127334596,-0.5462370395660401,-0.027193954214453697,-0.04167100414633751,0.043037064373493195,0.1958795506271592,0.007900699980134453,-0.11342031316952546,
-0.040983766317367554,-0.1476081371307373,-0.5388826370239258,-0.10103009641170502,-0.045199692249298096,0.04896259680390358,0.1968227714150713,0.006044034387821385,-0.1121244929881318,
-0.037549033761024475,-0.12936336994171144,-0.5541961669921875,-0.168874129652977,-0.020032819360494614,0.058083925396203995,0.1959261726579742,0.003208178811473185,-0.11142926710537182,
-0.046872037649154666,-0.10455584526062012,-0.5584163188934327,-0.22240367531776428,-0.036411263048648834,0.05275760218501091,0.19234154371979553,-0.00017000518726745817,-0.11093904215633046,
-0.02429482340812683,-0.09927979111671448,-0.5234530925750732,-0.2953742742538452,-0.05112522840499878,0.014607819728553295,0.17630496954571775,-0.005657020787434957,-0.10796599477850606,
0.013667055964469911,-0.12409000396728516,-0.4947506904602051,-0.3471727669239044,-0.0825505256652832,0.02279704064130783,0.1642676133351109,-0.008653154426008015,-0.1069172857786888,
-0.014260171353816986,-0.15701470375061036,-0.4512204170227051,-0.4048302173614502,-0.10332318395376205,0.051758915185928345,0.14988435376246087,-0.011369507002801083,-0.10739919949305406,
-0.08224815726280213,-0.14106343984603884,-0.3238806247711182,-0.47906583547592163,-0.05565259978175163,0.05781761184334755,0.11500652909822714,-0.019616539918218264,-0.109058530483883,
-0.0320293515920639,-0.14475222826004028,-0.2142476797103882,-0.5153513550758362,-0.02735651284456253,0.07126657664775848,0.09384519529499466,-0.025359587952550448,-0.1084062530619393,
-0.02132263630628586,-0.15038671493530276,-0.09311439990997315,-0.4235389232635498,-0.10731792449951172,0.11547505110502243,0.0701292599661649,-0.029537028280519812,-0.10671101731257449,
-0.0612507164478302,-0.10445152521133423,0.44238147735595706,-0.36481621861457825,-0.10578660666942596,0.11780530959367752,0.01826794859321986,-0.03476177095450604,-0.1003938468452167,
0.030123722553253175,-0.04024717509746552,0.5448204517364502,-0.2813261151313782,-0.022030189633369446,0.09689950197935104,-0.003323973051008033,-0.04075190462240351,-0.09490115479801213,
0.09022054672241211,0.053667211532592775,0.702565336227417,-0.16661250591278076,0.018117301166057587,0.07878614962100983,-0.02319823526905491,-0.04628264522245497,-0.08899951598605564,
0.12977391481399536,0.132188880443573,0.8190142631530762,-0.05176367983222008,0.007597815245389938,0.07505772262811661,-0.040341904690652575,-0.04881340157896652,-0.08349762365596414,
0.14861044883728028,0.2262493133544922,0.9663848876953125,0.1093575656414032,0.05000865459442139,0.04403189197182655,-0.06083764310670853,-0.046519435588958165,-0.07567262774021744,
0.2018748998641968,0.24785728454589845,0.9311630249023438,0.224339559674263,0.06745236366987228,0.015536068938672543,-0.06276740781813123,-0.045193681848007684,-0.07212327218678062,
0.2292937755584717,0.22650272846221925,0.8423179626464844,0.26435354351997375,0.10393767058849335,-0.009297909215092659,-0.05942124442788943,-0.04268434359242573,-0.06984736637647594,
0.18996362686157228,0.12045160531997681,0.28800106048583984,0.29205042123794556,0.07257895171642303,-0.042121369391679764,-0.02520061663646076,-0.030191681456739956,-0.07015165472976483,
0.14469749927520753,0.07047388553619385,0.13608262538909913,0.2996404469013214,0.014522033743560314,-0.06415902823209763,-0.010309878025775526,-0.024825827077989773,-0.07223535188054563,
0.07909937500953675,-0.00426580123603344,-0.07211482524871826,0.2971770167350769,0.04907654970884323,-0.06682219356298447,0.02127765404020342,-0.025337996087682266,-0.07822697282271066,
0.03530278503894806,-0.030215856432914735,-0.18503851890563966,0.25643065571784973,0.07304500043392181,-0.03612925857305527,0.03695387915442216,-0.02310972417123792,-0.08163623002290411,
0.034101247787475586,-0.044711422920227055,-0.2564042091369629,0.21501849591732025,0.02031441032886505,-0.03626241534948349,0.0510542249878752,-0.01927111956415657,-0.08361058995388275,
0.03568841814994812,-0.03580504357814789,-0.3411267280578614,0.1780671328306198,-0.025691699236631393,-0.05130927637219429,0.07415709577658929,-0.015185328053185393,-0.08663039969828101,
0.02718510627746582,-0.031764081120491026,-0.38009488582611084,0.11847889423370361,-0.01543852873146534,-0.06016428768634796,0.08359294753069778,-0.015618331289742904,-0.08939667700119358,
0.01523279994726181,-0.033038532733917235,-0.4076849460601807,0.05256565660238266,-0.0011240375461056828,-0.07261456549167633,0.09093594050334591,-0.01590848372309612,-0.09253881254300302,
-0.009246887266635894,-0.06289230585098267,-0.34393546581268314,0.029729049652814865,-0.03188354894518852,-0.07048403471708298,0.09810971829088631,-0.014291876451921084,-0.09943975657865313,
-0.018087297677993774,-0.075223708152771,-0.35706486701965334,-0.01567784696817398,-0.04007276892662048,-0.06735482066869736,0.09991826425594257,-0.014545720652294578,-0.10335444153401155,
-0.03784992098808289,-0.08228786587715149,-0.38780167102813723,-0.07446713000535965,-0.028221702203154564,-0.06349323689937592,0.10037147088842517,-0.015331206512361549,-0.10727968507080267,
-0.06977986693382264,-0.053254395723342896,-0.37935302257537845,-0.11820955574512482,-0.019033797085285187,-0.05803375691175461,0.09457770097586689,-0.016364995262102854,-0.11442233590305478,
-0.06470452547073365,-0.04993365705013275,-0.35373423099517826,-0.15629275143146515,-0.04546567052602768,-0.04358610883355141,0.08857945873922984,-0.01649459074166379,-0.1175215939279791,
-0.04670807123184204,-0.05643278360366821,-0.3367741346359253,-0.1879177838563919,-0.07609201967716217,-0.027740299701690674,0.0811948135362006,-0.017537626116266122,-0.12037466420934075,
0.002514958567917347,-0.06496915221214294,-0.33747093677520756,-0.23798350989818573,-0.05025964230298996,-0.02707129344344139,0.0726937829359829,-0.020218800123715193,-0.12284233969746552,
0.035635972023010255,0.004482116922736168,-0.28742940425872804,-0.3005011975765228,-0.015039335936307907,-0.05656580254435539,0.05002745009858321,-0.025436002690396187,-0.12697634271463357,
0.05448108911514282,0.01749248206615448,-0.1880983829498291,-0.3099554181098938,-0.04952727630734444,-0.08566084504127502,0.035287276132882156,-0.025988604685685618,-0.12963968821919053,
0.06226908564567566,-0.007004991918802262,-0.10095398426055908,-0.31161990761756897,-0.07462756335735321,-0.11029507964849472,0.020024922485840806,-0.02733922078908353,-0.13390248217009063,
-0.0059353929013013845,0.015747322142124178,0.1694582223892212,-0.3052949011325836,-0.020631974563002586,-0.09305111318826675,-0.01064946004044176,-0.03454873606751195,-0.14483901388286,
-0.05075387358665467,0.02366660833358765,0.2983033418655396,-0.2878511846065521,0.01105964370071888,-0.05969501659274101,-0.025654503434550006,-0.03648092150497651,-0.1501789216558044,
-0.050706988573074346,0.0432516485452652,0.4531822204589844,-0.22946138679981232,-0.008314854465425014,-0.05909580737352371,-0.040531064886793186,-0.036871287275320325,-0.1539480728924001,
-0.031892028450965886,0.08898017406463624,0.5887760639190674,-0.13638390600681305,-0.06464070826768875,-0.0764729380607605,-0.053785564917151925,-0.03685124191146638,-0.1569537354312091,
-0.026101285219192506,0.1736580729484558,0.7667828559875489,-0.004291112534701824,-0.012575912289321423,-0.07893636077642441,-0.06947976296313545,-0.04284643085301362,-0.16325470113076931,
-0.026030492782592774,0.17597737312316897,0.7358670234680176,0.07959845662117004,0.0391559898853302,-0.06029422953724861,-0.07044051742027892,-0.04588024408444799,-0.16703251765993438,
-0.009493882954120637,0.1605947494506836,0.7671495437622071,0.18539252877235413,0.02976834960281849,-0.06302396953105927,-0.06852563552145009,-0.04561446070854739,-0.17081806061391738,
0.03444321751594544,0.13155871629714966,0.5584937572479248,0.2815992534160614,0.03922257199883461,-0.09098716825246811,-0.051805790916642835,-0.043545390213976624,-0.1778780595210907,
0.013362625241279603,0.10217911005020142,0.3890468835830689,0.30423611402511597,0.06498865783214569,-0.09085400402545929,-0.037680179455724556,-0.0424521328275954,-0.18255526452645324,
-0.017968550324440002,0.067570161819458,0.22375979423522951,0.31928297877311707,0.041952311992645264,-0.09171953797340393,-0.021764636964698623,-0.039970698638415084,-0.18759820606867236,
-0.03831084966659546,0.019564588367938996,0.0013894593343138696,0.3194161355495453,0.02357649989426136,-0.11602088063955307,0.01147659819049632,-0.034951117514814514,-0.19714411136414345,
-0.10680438280105592,-0.012165045738220215,-0.11332454681396485,0.28719189763069153,0.005067530088126659,-0.09158637374639511,0.028455115443120686,-0.033262628817543285,-0.20286038295766193,
-0.17000341415405273,-0.02938739061355591,-0.18693524599075317,0.2604271173477173,-0.011044594459235668,-0.04071999341249466,0.04426617608708504,-0.03197375013661591,-0.20816285151743127,
-0.17222539186477662,-0.03035627901554108,-0.23469474315643313,0.22547310590744019,0.005134109407663345,-0.015619701705873013,0.05861137419338829,-0.031700182829475385,-0.21176430898092752,
-0.1661003112792969,-0.046130976080894476,-0.3558971166610718,0.1449790596961975,0.008529639802873135,0.00022610649466514587,0.08287701003969548,-0.031248814238784083,-0.21418197504638456,
-0.13281689882278444,-0.04884063303470612,-0.3558669090270996,0.11328518390655518,-0.02562503144145012,-0.01336025819182396,0.09115745517211842,-0.030823167707076528,-0.2139974331882562,
-0.14033058881759644,-0.05281951427459717,-0.3310502290725708,0.08412356674671173,-0.054720066487789154,-0.020084738731384277,0.09747200624890265,-0.031032372495819596,-0.21447984381113325,
-0.17390904426574708,-0.07251317501068115,-0.3896278142929077,0.014082427136600018,-0.013640805147588253,0.010275297798216343,0.10708969220210621,-0.03489397904127794,-0.21763281173552101,
-0.19392768144607545,-0.08254829049110413,-0.3916021347045899,-0.03784921392798424,0.008263695985078812,0.04749297350645065,0.10872887107426199,-0.03620619580511853,-0.21808780001762373,
