0.08526421785354615,-0.07296198010444642,-0.4206535816192627,0.13055379688739777,0.10026580095291138,0.02849448099732399,0.04054358230487322,0.1885873074364177,-0.2248520519505765,
0.10505465269088746,-0.09206211566925049,-0.7108922958374024,-0.046479832381010056,0.15499375760555267,0.031357377767562866,0.060425819999833694,0.19414890389129977,-0.2217698314179394,
0.10926002264022827,-0.15819679498672487,-0.7752864837646485,-0.11106149107217789,0.07536523789167404,0.04853476956486702,0.06569297555891115,0.21479722589022407,-0.21628542316118535,
0.09038134217262268,-0.19704082012176516,-0.6800083160400391,-0.2254442721605301,0.07716287672519684,0.0821571797132492,0.06428218533237777,0.23505265209528758,-0.21180890309990477,
0.09755027890205384,-0.2772532463073731,-0.7266125679016113,-0.3163911998271942,0.03095703385770321,0.11631222069263458,0.054450867185832134,0.24936696075722714,-0.20249326799248618,
0.07801356315612794,-0.2815742015838623,-0.5708351612091065,-0.39415550231933594,-0.10805997997522354,0.19780494272708893,0.030667706156205756,0.2686561288515661,-0.2079138031240695,
0.07509299516677857,-0.23877952098846436,-0.4479730606079102,-0.4799093008041382,-0.18396008014678955,0.22736603021621704,0.015087686238184775,0.27341608636889186,-0.20284859554255172,
0.16761685609817506,-0.1742638349533081,-0.26503002643585205,-0.5920950174331665,-0.2299661785364151,0.21424996852874756,0.006125127460959941,0.26761853125683666,-0.18791611284362691,
0.3622342586517334,-0.07100356817245483,0.7475418567657471,-0.4145286977291107,-0.29754388332366943,0.22157366573810577,-0.02980294743871286,0.23887443873403075,-0.16388765481859616,
0.5403954982757568,0.06714796423912049,1.6257062911987306,-0.09974305331707001,-0.176436647772789,0.06451372802257538,-0.04627860895863329,0.22658768783493033,-0.14629975635998413,
0.8707163810729981,0.02879539132118225,2.1861417770385745,0.2362832874059677,-0.0015338605735450983,0.11285383999347687,-0.05524139386184788,0.21396776640808404,-0.12996981631557486,
0.7472051620483399,-0.10702167749404908,2.1511329650878905,0.4529314637184143,0.21617956459522247,0.1691131293773651,-0.04825133380513706,0.2021869624718272,-0.11616379639390628,
0.8562786102294923,-0.11374442577362061,1.6079597473144531,0.5928806066513062,0.18655188381671906,0.12004437297582626,-0.024774112726158818,0.20895795286462596,-0.1070122897669118,
0.8419273376464844,-0.1152427077293396,1.0265604972839355,0.5722410678863525,0.14434078335762024,0.04847191646695137,0.006612984030888964,0.22034006234454628,-0.09680679270480784,
0.660499382019043,-0.1486029267311096,0.07552409768104554,0.5543978810310364,0.03681565821170807,0.011121083050966263,0.07521951003350891,0.235665255940273,-0.08287908146743854,
0.603560495376587,-0.22632615566253664,-0.11064316034317018,0.4944767951965332,0.028426701202988625,-0.019904743880033493,0.10631964738951023,0.23903235408300785,-0.07913961481012674,
0.5218570232391357,-0.3067662239074707,-0.2779422760009766,0.4253011643886566,0.03987829387187958,0.009989239275455475,0.13460619743706792,0.24032149295832253,-0.07820240129374917,
0.4266541957855225,-0.34787042140960694,-0.3700430393218994,0.3312915861606598,0.006988254841417074,0.027366366237401962,0.1597022912345265,0.24197604458961267,-0.07837626628164998,
0.3409305095672608,-0.2831258535385132,-0.49677696228027346,0.26477912068367004,0.003792461706325412,0.0011342288926243782,0.2032295120395979,0.243611520391861,-0.0744760954400931,
0.3063337326049805,-0.24440791606903078,-0.5498791694641113,0.16437794268131256,0.027228279039263725,0.015182403847575188,0.21935188438835276,0.24327293116825668,-0.0734941978819928,
0.27161865234375,-0.21823341846466066,-0.6362210750579834,0.06564125418663025,0.03122302144765854,0.017579248175024986,0.23236289178028283,0.24347764194430382,-0.07294525730465438,
0.28105616569519043,-0.20381019115447999,-0.6560964584350586,-0.0014038329245522618,0.025364067405462265,0.022372938692569733,0.24222258753527068,0.24397358500090127,-0.07091534416295539,
0.26751232147216797,-0.22726712226867676,-0.6904869556427002,-0.11725134402513504,0.032155126333236694,0.048671655356884,0.2554302114953654,0.24729645426333177,-0.06168219554624794,
0.29239492416381835,-0.25415997505187987,-0.6988342761993409,-0.26285967230796814,0.04886646196246147,0.02170714922249317,0.28574623499977614,0.2622736838044052,-0.028656982323964544,
0.33828248977661135,-0.28340485095977785,-0.7366192817687989,-0.373447448015213,0.04886646196246147,0.0017334399744868279,0.28216252532939995,0.26150918999193773,-0.024488639386545212,
0.3158547878265381,-0.42083401679992677,-0.6011266708374023,-0.47411492466926575,0.009917732328176498,0.038817960768938065,0.2734789427570697,0.2764520566167484,-0.0031784546995848946,
0.30012938976287845,-0.4831326484680176,-0.550710916519165,-0.5954884886741638,-0.05892498418688774,0.05779298394918442,0.25848645220626143,0.2889910329642073,0.0007970209770944179,
0.2603559255599976,-0.5110249996185303,-0.4694543361663819,-0.6795778274536133,-0.19634410738945007,0.09827303141355515,0.23475577750371354,0.29366284032083567,0.001077773404507888,
0.20797603130340578,-0.5213862895965576,-0.2371370553970337,-0.770990788936615,-0.23296256363391876,0.14541098475456238,0.20512135601214063,0.28951189380370496,0.0016671679441361991,
0.3145218849182129,-0.5316123008728028,0.1366817593574524,-0.7566792368888855,-0.19634363055229187,0.1904795914888382,0.16355579039087748,0.28085350988076496,-0.007381423559944662,
0.7842729568481446,-0.2242280960083008,1.753825378417969,-0.3147942125797272,0.009851626120507717,-0.058659136295318604,0.09247288304597567,0.2540354542700977,0.0008276210755780432,
0.9297235488891602,-0.11245669126510621,2.5581432342529298,0.055718082934617996,0.08495277166366577,0.020037272945046425,0.06277993641510625,0.24671896386818984,0.005966506096872119,
0.750242280960083,-0.13940896987915039,2.7278024673461916,0.3053228557109833,0.12150465697050095,0.07509812712669373,0.04192501407070158,0.24687378170228938,0.002924997910712474,
0.7736096382141113,-0.10330337285995483,1.9351688385009767,0.5102530717849731,0.08009250462055206,0.023299643769860268,0.0529068984424891,0.255174652285371,0.007574494853327313,
0.8395216941833497,-0.10974887609481812,1.3002601623535157,0.5192412734031677,0.11857517808675766,-0.047607019543647766,0.07853748619397995,0.2594311168393841,0.014128728054238673,
0.7872687816619873,-0.12861886024475097,0.7010452270507813,0.5078562498092651,0.07083801925182343,-0.060656510293483734,0.10681901050943446,0.2634267060802945,0.017209908624507227,
0.5810311317443848,-0.2555312871932984,0.06655887961387634,0.47023913264274597,-0.028298156335949898,-0.09434550255537033,0.15632774000459426,0.2721848475973877,0.014298426585041648,
0.4814456939697266,-0.3108914136886597,-0.09707750082015992,0.36890584230422974,-0.003996811341494322,-0.06558335572481155,0.17748364009320614,0.2750762738162486,0.009376563596294416,
0.39237461090087894,-0.3288947105407715,-0.2766260862350464,0.26963651180267334,-0.004662601742893457,-0.026434889063239098,0.19520005834614654,0.2764067400282282,0.00203115382823253,
0.34379303455352783,-0.26934227943420413,-0.390170431137085,0.18914245069026947,-0.014516297727823257,-0.01971040666103363,0.22456372074561845,0.2793610800669803,-0.005217390424521461,
0.370603346824646,-0.2162038326263428,-0.42754902839660647,0.10705051571130753,-0.05519608408212662,-0.06538362056016922,0.2354812353234686,0.2795386766600257,-0.006771913107113806,
0.413071346282959,-0.1805392622947693,-0.46822891235351566,0.06144387647509575,-0.07969716936349869,-0.09181549400091171,0.24308931963511496,0.279627211082879,-0.009033150773593866,
0.39928128719329836,-0.17107481956481935,-0.46412320137023927,-0.03476281836628914,-0.008058132603764534,-0.07570337504148483,0.2408998068148048,0.2801531519637469,-0.024323537075440844,
0.40285835266113285,-0.1854323148727417,-0.49213404655456544,-0.15740139782428741,0.05645694583654404,-0.06272046267986298,0.2355287788123588,0.2814345117029873,-0.03171931274985324,
0.42094521522521977,-0.21337800025939943,-0.5681577682495117,-0.28150469064712524,0.008586624637246132,-0.09441208094358444,0.2298151343491809,0.28470108004495764,-0.03470126190133129,
0.4591261386871338,-0.25145390033721926,-0.63172607421875,-0.3661932051181793,-0.052532922476530075,-0.13848739862442017,0.22119587145014663,0.2888727735098241,-0.03578081566697351,
0.4980185985565186,-0.3344056367874146,-0.5282800674438477,-0.4201888144016266,-0.12477117031812668,-0.1218426376581192,0.18005708381309254,0.2948020713297133,-0.0498252964706458,
0.4810033798217774,-0.3709220170974732,-0.3867598295211792,-0.5118016004562378,-0.15213514864444733,-0.08762101829051971,0.14892082442676602,0.29450599300854163,-0.06383496150424885,
0.45382237434387207,-0.39012835025787357,-0.2704048156738281,-0.5936937928199768,-0.1616559475660324,-0.08608970046043396,0.11655794745278389,0.2911437488376127,-0.07726533118731022,
0.4387095451354981,-0.33626387119293216,0.02130054980516434,-0.605143129825592,-0.19421346485614777,-0.09700441360473633,0.08266870296868342,0.28542105185982103,-0.08825098136625877,
0.5536584854125977,-0.039155587553977966,1.3313501358032227,-0.3176548480987549,-0.2492743283510208,-0.21225270628929138,0.007070793252891192,0.2689771999921437,-0.10772799152653971,
0.773461675643921,0.034557870030403136,2.0110172271728515,-0.0005389253492467105,0.019172320142388344,-0.22876431047916412,-0.02531010989456235,0.2571747619506048,-0.11541618462924912,
0.7935707092285157,0.057595694065093996,2.4116672515869144,0.18368524312973022,0.2714402675628662,-0.15179894864559174,-0.0506969437401434,0.24358510017692492,-0.1275796539579872,
0.5714344024658203,0.05746220350265503,1.7280723571777346,0.3868844509124756,0.24946917593479156,-0.16325055062770844,-0.06998111523958005,0.24524020616890244,-0.15835352974254996,
0.533219575881958,0.07205141186714173,1.2410603523254395,0.43715161085128784,0.14873510599136353,-0.2129850834608078,-0.06646559889930362,0.25795148297004394,-0.172594391015333,
0.41895170211791993,0.04510148465633393,0.7150354385375977,0.4279637038707733,0.11218322068452835,-0.15659263730049133,-0.0583595485025713,0.26797119770661265,-0.18896418606093543,
0.27417542934417727,-0.02481198012828827,0.35892629623413086,0.4189755320549011,0.0793597623705864,-0.11990760266780853,-0.04981235693756843,0.27409037050556645,-0.20699458941368198,
0.20605235099792482,-0.10174975395202637,-0.049577212333679205,0.351997047662735,0.0631144791841507,-0.09094572067260742,-0.02817472883956441,0.2793607972501068,-0.23561580500488666,
0.17791138887405397,-0.13389227390289307,-0.25717945098876954,0.2659103572368622,0.05971894785761833,-0.04101145640015602,-0.014412826297170174,0.28250145568534546,-0.24476178846525878,
0.12753841876983643,-0.11788276433944703,-0.354473352432251,0.19939790666103363,0.02196863852441311,0.029029682278633118,-0.0023774245968112154,0.2855668425803934,-0.25211319566372,
0.09515774846076966,-0.06143106818199158,-0.4072615623474121,0.15605495870113373,0.006788619328290224,0.04740549623966217,0.008534263025102892,0.28861272638449426,-0.25632048403427915,
0.19599790573120118,0.016323915123939516,-0.44940505027771,0.03587980195879936,0.038613393902778625,0.02423599362373352,0.03223723131526338,0.29100403660139446,-0.25211546413867947,
0.24673297405242922,0.018760624527931216,-0.5383994102478028,-0.057796891778707504,0.07949291914701462,0.020041514188051224,0.04159452052270971,0.2913961635556783,-0.24846372203428987,
0.24320187568664553,0.010314249247312546,-0.595455265045166,-0.15147358179092407,0.04720208793878555,0.03681942820549011,0.04590432697183772,0.29299506314325563,-0.24590143540543238,
0.2005560636520386,-0.09167559146881105,-0.6029401779174806,-0.2520744800567627,-0.005262184888124466,0.05499550327658653,0.042404189265081105,0.29993811009359017,-0.24018555330215313,
0.2111917018890381,-0.13715782165527343,-0.6060465335845948,-0.3789741098880768,0.035484179854393005,0.05932314321398735,0.036551045527161624,0.30020863861502106,-0.2361071024470575,
0.20433363914489747,-0.1900731086730957,-0.6330952167510987,-0.46745765209198,-0.0019332332303747535,0.10273267328739166,0.024876806104740325,0.3039098864927946,-0.2333548576760089,
0.04189896583557129,-0.1720059156417847,-0.330721378326416,-0.6053428649902344,-0.03728669881820679,0.148006409406662,-0.06618244965364022,0.34898684445394923,-0.27911238760199475,
0.05159045457839966,-0.17947218418121338,-0.16652625799179077,-0.7013525366783142,-0.2468104511499405,0.13814757764339447,-0.13605287659507165,0.3601356010276093,-0.32393265963070317,
