-0.24228487014770508,-0.1935530424118042,-0.5788638591766357,0.05580965802073479,0.05532101169228554,0.03666212409734726,0.11767546278871814,-0.01159059469225035,-0.1590308160084145,
-0.17357801198959352,-0.19741822481155397,-0.6574255466461182,-0.04605625569820404,0.046466000378131866,0.0441189743578434,0.1284446669435381,-0.006001481206827868,-0.15523949060835862,
-0.1518661379814148,-0.18473758697509768,-0.6912076950073243,-0.13567163050174713,0.03275072202086449,0.06542426347732544,0.1293224976567324,-0.004614478171783297,-0.1526222903596261,
-0.16034150123596191,-0.17657830715179446,-0.7091387271881104,-0.20085249841213226,-0.011058279313147068,0.06655611097812653,0.12676628459338274,-0.003365565164832346,-0.14978593396388087,
-0.15198028087615967,-0.14500389099121094,-0.6182630062103271,-0.26816391944885254,-0.07164519280195236,0.08872692286968231,0.11139083663487143,-0.003787653551102673,-0.14340283522972921,
-0.15722006559371948,-0.1440698504447937,-0.637224817276001,-0.4171677827835083,-0.08342968672513962,0.1132945865392685,0.10031846963326356,-0.006542424784188598,-0.14089693807995948,
-0.12738288640975953,-0.14034433364868165,-0.6358983993530274,-0.5386744737625122,-0.04834253340959549,0.0928548276424408,0.08541038254190227,-0.011783898049023193,-0.13773359950562802,
-0.11784038543701172,-0.1629875183105469,-0.4630771160125733,-0.5503923892974854,-0.12943579256534576,0.15344174206256866,0.0644314065691539,-0.01731757417100219,-0.13357575980633676,
-0.19490101337432864,-0.259189772605896,0.3175952434539795,-0.4681673049926758,-0.27690833806991577,0.2258797138929367,0.009432245758907748,-0.02567899042343652,-0.1240841672759565,
-0.03484279811382294,-0.2708781957626343,0.841631031036377,-0.23101279139518738,-0.27870598435401917,0.2108994424343109,-0.01838597621091811,-0.035285378349115014,-0.11477666147938498,
0.157539963722229,-0.16638814210891725,1.4726206779479982,0.12119025737047195,-0.03888831287622452,0.1656922698020935,-0.04351012600596961,-0.04817770225648934,-0.10232017763294342,
0.4573276996612549,0.00558563955128193,1.9116794586181642,0.35714632272720337,0.2187725156545639,0.1776764988899231,-0.06230782795868999,-0.06617938154900416,-0.07905702952349176,
0.4354001045227051,0.04059490263462067,1.629703712463379,0.5266565680503845,0.20092934370040894,0.11349432170391083,-0.052823403832228985,-0.06052527806324545,-0.0714638239039843,
0.4491887092590332,0.004434101656079293,1.2118252754211427,0.6417051553726196,0.0852149948477745,0.025143951177597046,-0.03452374208174911,-0.04793402537422548,-0.06439039383701962,
0.41349158287048343,-0.05763102769851685,0.7777666091918946,0.6324506402015686,0.10399027913808823,0.012360777705907822,-0.008912464786949702,-0.037013863940417814,-0.05899277447908986,
0.18419853448867798,-0.17242362499237063,-0.06590694189071655,0.5365102887153625,0.12336477637290955,0.0075670890510082245,0.046152459260258134,-0.03612955894078786,-0.05468192107927795,
0.16291601657867433,-0.212931489944458,-0.2761892080307007,0.5042857527732849,0.014974154531955719,-0.04216783493757248,0.0761125430925304,-0.02989572548047373,-0.05256893407833761,
0.14080685377120972,-0.259192156791687,-0.39208374023437503,0.4278530478477478,0.004521246999502182,-0.04336625337600708,0.10327147104919249,-0.024195869562787638,-0.05065726344455723,
-0.024875275790691376,-0.3095513105392456,-0.6865902423858643,0.2851741909980774,0.08215239644050598,0.010096706449985504,0.1533444427970732,-0.020913806148518992,-0.0536927406666976,
-0.07587562203407289,-0.2987391233444214,-0.719774866104126,0.20607832074165344,0.08854398131370544,0.030736206099390984,0.1723121166365595,-0.018742677863966096,-0.05393507633407148,
-0.056913268566131596,-0.2753201246261597,-0.6943470478057862,0.13410638272762299,0.06284447759389877,-0.007946210913360119,0.18617783072611924,-0.015457907491051392,-0.05098311703307448,
-0.0140557199716568,-0.24312496185302734,-0.6996943473815919,0.054544445127248764,0.06078052520751953,-0.019997015595436096,0.19683614398156152,-0.012560708785726656,-0.04732590051571369,
-0.03490853905677795,-0.19179686307907107,-0.739387607574463,-0.027214597910642624,0.06870343536138535,0.013092761859297752,0.20976855225800184,-0.006914356668269717,-0.0441998089454368,
-0.05989263057708741,-0.1799230217933655,-0.711740779876709,-0.11563154309988022,0.0641760602593422,0.006767754442989826,0.21085441492685333,-0.004050918334172562,-0.0430145481781045,
-0.028252226114273072,-0.1668228268623352,-0.7251226425170899,-0.19712427258491516,0.05079367011785507,-0.030383342877030373,0.2094287139998835,-0.001682099459397292,-0.04067237914632405,
0.02570098340511322,-0.16402510404586793,-0.7831613540649415,-0.24685880541801453,0.046532612293958664,-0.0452970489859581,0.20509380032843608,0.0006616808641160594,-0.03815799972294711,
-0.0004557963460683823,-0.25794146060943607,-0.8276945114135743,-0.3760887086391449,0.03867628797888756,-0.04396546632051468,0.185298583687944,0.006488256627053543,-0.03808293548566945,
-0.0011381403543055059,-0.3510130405426026,-0.9088765144348145,-0.5902734398841858,-0.0771712139248848,-0.047360993921756744,0.17746299413728694,0.010166783172766753,-0.038998193331137465,
-0.0215257465839386,-0.4359308242797852,-0.9155981063842774,-0.684482753276825,-0.257134348154068,0.005369594320654869,0.15862603439081538,0.01296040683926912,-0.0404182972091995,
-0.16826657056808472,-0.500019121170044,-0.4463060379028321,-0.7272264957427979,-0.3974829316139221,0.1190199926495552,0.09476676354765516,0.007193871500129834,-0.048911828944142144,
-0.06003567576408386,-0.42209548950195314,-0.0666043758392334,-0.8037258386611938,-0.4540085196495056,0.10843393206596375,0.03794752322052463,-0.0036247599271289383,-0.05034159034717373,
0.2219198226928711,-0.2854014396667481,0.5622853755950928,-0.4921359717845917,-0.3731815814971924,0.007100649178028107,0.00015380475808305066,-0.024432800350751006,-0.04605806810340722,
0.5036178588867187,-0.16581375598907472,1.5747528076171875,-0.1161641776561737,0.10858426988124847,-0.03404518961906433,-0.04113290297634606,-0.04684757660878618,-0.0394134035438673,
0.36221885681152344,0.10446752309799195,1.9876329421997072,0.10434556007385254,0.32696348428726196,0.07407915592193604,-0.08761404928713691,-0.07479495291626842,-0.03459606407229462,
0.15374034643173218,0.12784128189086916,1.7072708129882814,0.3568798005580902,0.08414977043867111,0.05190833657979965,-0.08934309713912762,-0.06230833458633278,-0.038677052223886225,
0.166255521774292,0.1456952929496765,1.3831637382507325,0.437440425157547,0.042870767414569855,0.03346594423055649,-0.08385951770847258,-0.04578925071898799,-0.040118632444222,
0.17991062402725222,0.13653520345687867,0.4556468963623047,0.39383000135421753,0.13068869709968567,0.010960047133266926,-0.04817250102455552,-0.03518087170530546,-0.03800257492844029,
0.21806640625,0.0886046290397644,0.15967339277267456,0.42106083035469055,0.0784907341003418,-0.03724316880106926,-0.026577121676210652,-0.031027941193249205,-0.037263373388337746,
0.18886322975158693,0.026746976375579837,0.03266461193561554,0.3822452425956726,-0.016717271879315376,-0.06314241141080856,-0.006422694707785492,-0.024539359892166174,-0.03754826505123445,
0.1389672636985779,-0.047087457776069645,-0.1795013785362244,0.30008673667907715,-0.05579916387796402,-0.07792295515537262,0.014705017905173989,-0.02081193190083356,-0.03927030433124151,
0.014129096269607545,-0.11765242815017701,-0.4955077648162842,0.18230843544006348,0.031552523374557495,-0.06600531190633774,0.05347673369463041,-0.020994418695228247,-0.04637693530096409,
-0.03359880149364471,-0.12198301553726197,-0.5578558444976807,0.09249332547187805,0.04992833361029625,-0.0470968633890152,0.06717666366996186,-0.022128110512669583,-0.05084808621094305,
-0.043104374408721925,-0.12742352485656738,-0.6059463977813722,0.04675352945923805,0.028489889577031136,-0.05541924387216568,0.0768356835481603,-0.020054799801936612,-0.054124615770535754,
-0.015495532751083375,-0.11904814243316651,-0.6053514957427979,-0.013966542668640614,-0.0008048833697102964,-0.05988003686070442,0.0825578688763001,-0.01694917066634756,-0.056216704714310915,
0.0006514949724078179,-0.11677416563034058,-0.703664255142212,-0.1304132640361786,0.013709344901144505,-0.07998690754175186,0.0871940910624297,-0.012885850884350911,-0.06142958882963265,
0.013338398933410645,-0.10811240673065187,-0.7185976505279541,-0.20611362159252167,-0.008794366382062435,-0.10029350966215134,0.08511508281060978,-0.012103783067984729,-0.06501159134896774,
0.03366599977016449,-0.11433188915252686,-0.7168381690979004,-0.2720268666744232,-0.07504050433635712,-0.11294353008270264,0.07964975110152411,-0.010642082496969699,-0.06903806894279998,
0.05473430752754212,-0.1335519075393677,-0.6566653728485108,-0.3688993453979492,-0.13169924914836884,-0.11687169224023819,0.0585868475716568,-0.010312050141244627,-0.0803099979878332,
0.031205028295516968,-0.13571906089782715,-0.6185809135437013,-0.5461326837539673,-0.048075996339321136,-0.06906794756650925,0.04369302139902119,-0.01448889380089836,-0.08755901918804034,
-0.02021464705467224,-0.14940011501312256,-0.5728132724761963,-0.7380800247192383,0.0008595922845415771,0.0551685206592083,0.025334123889799675,-0.02035482655324992,-0.09463240439634062,
-0.16624826192855835,-0.2412655830383301,0.18799312114715577,-0.47262948751449585,-0.19987617433071136,0.010760310105979443,-0.03427799104036859,-0.023787141964484285,-0.10031736624419152,
0.10212754011154175,-0.10774818658828736,1.0562057495117188,-0.15844303369522095,-0.351077139377594,-0.21767233312129974,-0.07107447774020953,-0.025206041338470212,-0.09645937404067301,
0.26994261741638187,0.10236490964889527,1.3160161972045898,-0.10071901232004166,-0.05187100172042847,-0.18265175819396973,-0.0939360478854033,-0.035843925228542343,-0.09467261986849344,
0.15695842504501345,0.16146782636642457,1.1968122482299806,-0.03773525729775429,0.1446702927350998,-0.11387563496828079,-0.10275907077320429,-0.05521441659212691,-0.09932912623125074,
0.011462236195802689,0.05022519826889038,1.21610803604126,0.22019189596176147,0.07030151784420013,-0.09090586751699448,-0.10979799476364173,-0.06890097059589546,-0.1154910881702239,
0.013885444402694702,0.018257737159729004,1.129521942138672,0.33064693212509155,0.009115324355661869,-0.10189063102006912,-0.10628127165962413,-0.06349018529677213,-0.1232094430564124,
0.01300865113735199,0.027122417092323305,0.8290404319763184,0.35694563388824463,0.0987972766160965,-0.0993606299161911,-0.09454175624849058,-0.061233950225925496,-0.12920633104178159,
-0.009953487664461136,0.05749965906143189,0.5339380741119385,0.37026143074035645,0.1452028602361679,-0.09230325371026993,-0.07782151504875172,-0.06201021480621473,-0.1346010013322331,
-0.04974398910999298,0.047335180640220645,0.11329042911529541,0.3391690254211426,0.09446963667869568,-0.10448721796274185,-0.03939296313260854,-0.05496684541304731,-0.14665558590121244,
-0.05683214664459229,0.02486608773469925,-0.08987353444099427,0.3025505840778351,0.03308377414941788,-0.10814905911684036,-0.019237011508721313,-0.0477890129149258,-0.15249891556674794,
-0.09066011309623719,-0.004678457975387573,-0.20465753078460694,0.25954052805900574,0.04580036923289299,-0.09290246665477753,-0.0009904297460674864,-0.04294066171183411,-0.15811458702656075,
-0.1713696599006653,-0.06815574765205383,-0.39363429546356205,0.19289490580558777,0.042205099016427994,-0.050158727914094925,0.030814580247593357,-0.03835955147396693,-0.1692684421070146,
-0.20360472202301028,-0.09875447750091554,-0.46204347610473634,0.14142931997776031,0.025360608473420143,-0.030051864683628082,0.04337422423334745,-0.03521767865149214,-0.1733325039833073,
-0.22505359649658205,-0.11344493627548219,-0.5300403594970703,0.05847185477614403,0.06823749840259552,0.0003081737086176872,0.05356096069818776,-0.03258861611815672,-0.17591092445613354,
-0.26451523303985597,-0.15796815156936647,-0.7443248271942139,-0.06822803616523743,0.0717661902308464,0.046780336648225784,0.0668729675342987,-0.02857369966652564,-0.17829153978008383,
