-0.17661941051483154,-0.08457220196723939,-0.26200284957885744,0.039606377482414246,-0.0003459298750385642,0.07748691737651825,0.08567075365918024,0.01925028527783032,-0.23199645219682083,
-0.1556124210357666,-0.10086790323257447,-0.2654449939727783,0.0009239615174010396,-0.0038746183272451162,0.08221402764320374,0.08881840814113011,0.018797901831241165,-0.22947733569484424,
-0.0974439024925232,-0.09706668257713319,-0.32155785560607913,-0.0479450449347496,-0.015525948256254196,0.0964619442820549,0.09240349290267891,0.01633809356770967,-0.2218663226902499,
-0.09649987220764161,-0.08699421882629395,-0.33571474552154545,-0.08076850324869156,-0.014194367453455925,0.11670196801424026,0.09215885497624962,0.014883379153840687,-0.21779606156269224,
-0.09681597352027893,-0.07091676592826844,-0.32759349346160893,-0.11372512578964233,-0.008468571119010448,0.13334673643112183,0.0902475721175438,0.012866165634507128,-0.21338218103269097,
-0.0764376699924469,-0.032691684365272526,-0.2935202121734619,-0.16978466510772705,-0.01173094380646944,0.12935198843479156,0.08223057055216208,0.00817756005782216,-0.20233179216416963,
-0.058003008365631104,-0.0204320028424263,-0.2914994239807129,-0.2207176238298416,-0.02025306038558483,0.11530380696058273,0.07616735005472805,0.006125077368051292,-0.19581723096521803,
-0.04216670691967011,-0.011906199902296067,-0.25814337730407716,-0.23762868344783783,-0.014327525161206722,0.1084461659193039,0.06813120185976486,0.004109960931059283,-0.1894520146972047,
-0.022803254425525665,-0.013281910121440888,-0.1831071376800537,-0.23243552446365356,-0.00980015192180872,0.1102437973022461,0.05793960080428739,0.0019967386371054414,-0.18352285536450888,
-0.032034081220626835,-0.04730850756168366,0.022493286430835726,-0.21139656007289886,0.003981706686317921,0.15152280032634735,0.03397776193322068,-0.00117147125986766,-0.17270392537002702,
-0.060269349813461305,-0.03648850023746491,0.12607178688049317,-0.2133273482322693,0.01789672300219536,0.18161652982234955,0.02231082054242955,-0.0019909300294531263,-0.16702928190504784,
-0.036997404694557194,-0.021714788675308228,0.17645456790924074,-0.1791723072528839,0.003582232864573598,0.17336072027683258,0.01139063771359016,-0.0023131914954651507,-0.1600405359698832,
0.0846564292907715,0.03239535689353943,0.38789651393890384,-0.08090166747570038,-0.022183852270245552,0.12822014093399048,-0.010084641593718071,-0.0009344234239384114,-0.1420082188974284,
0.1376780867576599,0.07723107933998108,0.496980094909668,0.013840293511748314,0.029148578643798828,0.10531695187091827,-0.01846132201361983,-0.0008246249913591259,-0.13353983092303628,
0.20330474376678467,0.1039124608039856,0.5735756397247315,0.06410745531320572,0.047657549381256104,0.10098931193351746,-0.023784489489755655,-0.0016671473519571955,-0.12641894841281992,
0.19000003337860108,0.1458080291748047,0.5414045333862305,0.13128571212291718,-0.006204884499311447,0.06590216606855392,-0.023512013347936837,0.0013552503878396479,-0.11558699540756463,
0.19359215497970583,0.17194554805755616,0.5300522327423096,0.19853052496910095,-0.05181151628494263,0.02821844071149826,-0.01976569300020327,0.00392401150590228,-0.11078416840201766,
0.20910484790802003,0.14536770582199096,0.5183864116668702,0.22988924384117126,-0.02764333225786686,0.013970526866614819,-0.013929258165880191,0.00466528562923065,-0.10688751687746113,
0.14812129735946655,0.07619401812553406,0.41249752044677734,0.251127690076828,0.0031828037463128567,0.004782106727361679,0.005420297322069172,0.0006071361540640941,-0.10344356030996475,
0.12275805473327638,0.042023766040802005,0.370006799697876,0.2943374812602997,-0.010399318300187588,-0.009132910519838333,0.017327329324365058,-0.0003970325154592781,-0.10289508798944445,
0.1346229076385498,0.012614227831363678,0.30785722732543946,0.3426738679409027,-0.056072529405355453,-0.03709610179066658,0.030211989142149346,-8.796057314315985e-05,-0.10252094406171845,
0.15867134332656863,-0.011164961010217668,0.2687703609466553,0.3469349145889282,-0.048083048313856125,-0.059866130352020264,0.04412603168341626,0.0004971100841080841,-0.10236456349092507,
0.11107215881347657,-0.04028243720531464,0.05041512250900269,0.2805556058883667,0.07135972380638123,-0.05893402546644211,0.0777492139397885,-0.0032008940804690196,-0.10630187626508913,
0.06618128418922424,-0.07597524523735047,-0.07446904182434082,0.2662411332130432,0.10052134096622467,-0.0402253195643425,0.0942846467551354,-0.005605051424981709,-0.10966747625760055,
0.029023727774620058,-0.12223033905029297,-0.10444780588150025,0.28861168026924133,0.024354934692382812,-0.039825841784477234,0.10946686388224483,-0.0026305357018999265,-0.11205487744460989,
0.0014169014990329744,-0.18481338024139404,-0.16382715702056885,0.2648429572582245,0.0019178021466359496,-0.042355842888355255,0.1370112470413106,0.007168303274418521,-0.11273556424191003,
-0.00755721926689148,-0.19010859727859497,-0.2901294708251953,0.1974649727344513,0.04432864487171173,-0.022981349378824234,0.151694736207693,0.008652565037951103,-0.11427253605386681,
-0.00867796391248703,-0.1734424948692322,-0.368318247795105,0.16510756313800812,0.006977808196097612,0.0031842095777392387,0.1651119792285188,0.009772390190300172,-0.1160409638001904,
-0.02608221173286438,-0.1627063512802124,-0.38763582706451416,0.1422043889760971,-0.012729584239423275,0.00704579334706068,0.17608704726909113,0.011964389472998023,-0.11668079370201588,
-0.010138938575983048,-0.1295099973678589,-0.4282889842987061,0.09746327996253967,0.006445175968110561,0.029482925310730934,0.19362073585535863,0.013565607371606631,-0.11601655000565067,
-0.03227961361408234,-0.10370391607284546,-0.45892362594604497,0.006982377730309963,-0.014660376124083996,0.04785873740911484,0.20068326564484962,0.012941079006451932,-0.11600427960635255,
-0.036808595061302185,-0.08357843160629273,-0.5404069900512696,-0.035162147134542465,-0.024181175976991653,0.03867083042860031,0.2063606009318664,0.01245216528484901,-0.11492395905046336,
0.011836379766464233,-0.06650899052619934,-0.46215801239013676,-0.09202063828706741,-0.002809308934956789,0.04486268013715744,0.20788235636173735,0.008731462152114329,-0.11213300110913349,
-0.0009262449108064175,-0.08089881539344788,-0.4627279281616211,-0.14741438627243042,-0.031305134296417236,0.05291874706745148,0.2058234525541427,0.0067255553306357204,-0.11121091252982404,
-0.040789765119552616,-0.06586980819702148,-0.39743230342864994,-0.1569351851940155,-0.04954778775572777,0.06909744441509247,0.1951705919077938,0.003137603329760986,-0.108126368512148,
-0.033186215162277224,-0.05659324526786805,-0.387370228767395,-0.20300787687301636,-0.034966979175806046,0.0776861384510994,0.18759180439196643,-0.0003365228480474927,-0.10681339101226013,
0.061258202791213995,-0.0943324625492096,-0.40269403457641606,-0.2940213978290558,0.0185625609010458,0.0518534779548645,0.16794358574320611,-0.007569252968006657,-0.10259079193568295,
0.04925894737243652,-0.11166058778762818,-0.3382973432540894,-0.346419095993042,0.03307678923010826,0.03307819366455078,0.15381707559660435,-0.008801297465995787,-0.09991018439012318,
0.03187181353569031,-0.12376829385757447,-0.2605111122131348,-0.339028000831604,0.007510305382311344,0.023092884570360184,0.13735091042551245,-0.008464707556547591,-0.09732049581418699,
-0.04124622941017151,-0.14438961744308473,-0.11641331911087037,-0.35560619831085205,-0.057337671518325806,0.053253185003995895,0.10235717166642254,-0.008459021223981927,-0.09421024087874612,
-0.015035082399845124,-0.14530409574508668,-0.0624355673789978,-0.3914256989955902,0.0007192444172687829,0.05984450504183769,0.08465303538316445,-0.011671694948868053,-0.09266601954834673,
-0.03149203062057495,-0.12051042318344117,0.058505582809448245,-0.39242440462112427,0.07981512695550919,0.0869421660900116,0.06200745901805689,-0.013650615396610818,-0.090540473646556,
-0.042595273256301885,-0.08384572267532349,0.41081862449646,-0.32784274220466614,0.06250458210706711,0.09459875524044037,0.02197777573975718,-0.00871530498109167,-0.08171949271972628,
0.012684214115142823,-0.045869874954223636,0.5438282489776611,-0.2586005628108978,0.01070609875023365,0.07509110122919083,0.0047508583326944095,-0.005546354463726577,-0.07673014705390742,
0.005035902932286263,-0.003121338039636612,0.6958184242248535,-0.14781303703784943,-0.023448942229151726,0.10092376172542572,-0.009774547922072562,-0.003923158026191493,-0.07273178625272389,
0.012423817068338394,0.05418266654014588,0.7609292030334474,-0.061992671340703964,0.015233472920954227,0.13401354849338531,-0.020422404624515805,-0.004475819841202993,-0.0684784188930362,
0.10631127357482911,0.17018182277679444,0.7174235343933106,0.046264830976724625,-0.003674971405416727,0.14273540675640106,-0.029163814899971354,-0.0033043480895840363,-0.055833447318697126,
0.2191408157348633,0.1989661455154419,0.6877639770507813,0.12968836724758148,-0.01093208510428667,0.07901926338672638,-0.028397587313587196,-0.0022810609038383424,-0.048358651835636125,
0.30697958469390874,0.185158109664917,0.6082117080688477,0.18608079850673676,-0.004740235861390829,0.02209419757127762,-0.023997404688054242,-0.00226284297503686,-0.04242688632902719,
0.26872308254241944,0.09881204962730408,0.3766384840011597,0.24693402647972107,0.03394217789173126,-0.018186114728450775,-0.006597104738812158,-0.0024367041512539695,-0.038515739445887535,
0.21667537689208985,0.05984733104705811,0.21049995422363282,0.24613508582115173,0.04892246052622795,-0.032633762806653976,0.005471132822327981,-0.0011482881302832398,-0.03913189263085902,
0.16331599950790407,0.04080235660076142,0.04630391895771027,0.21803873777389526,0.015300052240490913,-0.058799322694540024,0.018359700377938333,0.0013244438678907341,-0.040398099644147104,
0.08219037055969239,0.010219804197549821,-0.06412498354911804,0.22875796258449554,-0.008202345110476017,-0.07990487664937973,0.04362001886653367,-0.005780836294277848,-0.044465049665169766,
0.03976542949676514,-0.016420410573482515,-0.1395665168762207,0.20332476496696472,0.01230399589985609,-0.04914536327123642,0.05522463416182131,-0.005559804143868623,-0.048541696789854115,
0.0451654464006424,-0.010862796008586884,-0.23261544704437256,0.1515262871980667,0.042197976261377335,-0.045084040611982346,0.06652038286852764,-0.004988521349229788,-0.051685378455476425,
0.0676433801651001,-0.013648933172225952,-0.25987336635589603,0.1249612420797348,0.015899263322353363,-0.06119616702198982,0.08336627882763398,-0.0006795642266822895,-0.05543610677507395,
0.06198633909225464,-0.030762442946434022,-0.26320173740386965,0.0996612086892128,-0.024647364392876625,-0.0838996171951294,0.08968048075500683,0.0008428317144036083,-0.05826088424974011,
0.05877090692520142,-0.05052803158760071,-0.2989985942840576,0.054653238505125046,-0.03010675683617592,-0.09215644747018814,0.09525056965191725,0.0012382986664108589,-0.062268237779818256,
0.03964756727218628,-0.06143059134483338,-0.3088725090026856,0.011842922307550907,-0.02018648013472557,-0.08762907236814499,0.0993087361251381,0.0012085061357752257,-0.06704866763785834,
0.017345328629016877,-0.06209522485733032,-0.2848421573638916,-0.02843739092350006,0.005113550461828709,-0.0841003879904747,0.10170277809000713,0.0019303753397512536,-0.07630815656059646,
0.009998944401741029,-0.05944480299949646,-0.26447932720184325,-0.05546847730875015,-0.0009451411315239966,-0.0846995934844017,0.1003172246034921,0.0034819318739890896,-0.08033219906140564,
0.013661237061023714,-0.06352980136871338,-0.27103605270385744,-0.07930377125740051,-0.03689781576395035,-0.0888940766453743,0.09791776768276615,0.005016831655211915,-0.08427780498881003,
-0.013550543785095216,-0.05083617568016052,-0.2908569097518921,-0.11665460467338562,-0.07145233452320099,-0.07844116538763046,0.09021536602436157,0.004867551799190954,-0.09362271246246595,
-0.008075176924467088,-0.06092399954795838,-0.3035249710083008,-0.16545702517032623,-0.04941467195749283,-0.05993219465017319,0.08480394077006212,0.0027162616573850563,-0.09852811178811026,
0.012157231569290161,-0.06309455633163452,-0.28515841960906985,-0.20214207470417023,-0.03749702498316765,-0.05027823522686958,0.07746133375551885,0.0006072696211031545,-0.1026574462021254,
0.04598443806171418,-0.06374387145042419,-0.241997766494751,-0.24508553743362427,-0.0588688962161541,-0.07005220651626587,0.05782842648612613,-0.0023328380265712225,-0.10880929054560345,
0.06584232449531556,-0.07398768663406373,-0.20968413352966309,-0.269386887550354,-0.110667385160923,-0.10920067876577377,0.04586344799655337,-0.004604634275053637,-0.11233520096495779,
0.029463183879852296,-0.10942931175231935,-0.09497799277305603,-0.23403342068195343,-0.17065508663654327,-0.09561855345964432,0.03274860901383733,-0.007939729824514385,-0.11762074034582869,
0.0471083015203476,-0.08174752593040467,0.11867693662643433,-0.2728489935398102,0.0013185457792133093,-0.0774424821138382,0.006556739315944813,-0.022802480956728512,-0.12852400761596347,
0.049894469976425174,-0.061222714185714726,0.19409580230712892,-0.2869637608528137,0.17528954148292542,-0.06565798819065094,-0.006211947042377255,-0.02560142388787342,-0.1326118576434616,
-0.01437206268310547,-0.007213966548442841,0.3208007574081421,-0.21958577632904053,0.13594134151935577,-0.04248848930001259,-0.02062622062723458,-0.020361742899400258,-0.13663665003854503,
-0.02622170150279999,0.03818358182907105,0.41368861198425294,-0.1393580436706543,0.030347000807523727,-0.07198300212621689,-0.03422594342510968,-0.011447288461307957,-0.1402068590379402,
0.011988078802824022,0.16381547451019288,0.4662703037261963,-0.05387058109045029,-0.08263760805130005,-0.1099330484867096,-0.05123295867990653,-0.005520856822825445,-0.1473281661775089,
-0.025303667783737185,0.1825110197067261,0.4884197235107422,0.005451335571706295,-0.07285049557685852,-0.09182355552911758,-0.055007975157102096,-0.0094416871778262,-0.15218025152992884,
-0.02264644205570221,0.19696215391159058,0.4746885776519776,0.024692673236131668,0.0024503893218934536,-0.09035881608724594,-0.056183030958845,-0.014768407759875351,-0.15653286552512657,
0.029180434346199036,0.11000618934631348,0.4606456279754639,0.10239040106534958,0.045260705053806305,-0.09967987984418869,-0.05358881756780575,-0.01859881837665563,-0.16530459281954843,
0.0008338029496371747,0.08804718852043153,0.4058866500854492,0.15532052516937256,0.017297545447945595,-0.08882787823677063,-0.04917450670915568,-0.017120641933666306,-0.17074822332857356,
-0.006049160659313203,0.09245218038558961,0.30472784042358403,0.1869455724954605,0.008043061941862106,-0.0880289301276207,-0.04200434443392617,-0.016297965239562964,-0.17567759679894662,
-0.006964567303657532,0.1052304744720459,0.21424968242645265,0.1910734623670578,0.009973852895200253,-0.09728341549634933,-0.0330742644013899,-0.016368325415125135,-0.18022648336193525,
-0.05330445170402527,0.09003257751464844,0.08349884152412415,0.18454872071743011,0.005180163308978081,-0.0916241928935051,-0.013236603068394205,-0.016023336740644715,-0.18978623933380093,
-0.0759363889694214,0.06524057984352112,0.04918086528778076,0.18135292828083038,0.02149202488362789,-0.07551206648349762,-0.003590646705987128,-0.01589408045133875,-0.19461028569648522,
-0.08410238027572632,0.040552356839179994,0.009632986783981324,0.17343002557754517,0.00464753108099103,-0.06605784595012665,0.006641846960747908,-0.014070321981716047,-0.1991254740874536,
-0.07938112020492555,0.004452306777238846,-0.02339914292097092,0.18308398127555847,-0.027177246287465096,-0.06113100424408913,0.027585014718485908,0.0004985880615194741,-0.20833929755414818,
-0.08779701590538025,-0.0012443664483726025,-0.05970542430877686,0.1748281866312027,-0.024647241458296776,-0.04501887783408165,0.0368050971182524,1.851454599165786e-05,-0.21164150845336716,
-0.111752188205719,-0.014512178301811219,-0.11100990772247316,0.1507265716791153,-0.030306460335850716,-0.02571095898747444,0.04606248639742516,-0.0009456461821834486,-0.21462463780129223,
-0.10590757131576539,-0.02628464698791504,-0.1671379804611206,0.13055312633514404,-0.01918776147067547,-0.01685594767332077,0.062314281232601826,-0.00318743249306639,-0.21833340914047936,
-0.1162495255470276,-0.04164772927761078,-0.1979218363761902,0.11031309515237808,-0.024181189015507698,0.002718285657465458,0.0692560298736468,-0.0041113041258372006,-0.21956019212636774,
-0.13071098327636718,-0.057716923952102664,-0.2381180763244629,0.08727674931287766,-0.03316935524344444,0.025554891675710678,0.07547164646514906,-0.004897876115253738,-0.22025242625218192,
