-0.10169756412506104,-0.009126165509223938,-0.2389382839202881,0.05367066338658333,-0.023052014410495758,0.0058113932609558105,0.07400382483541565,-0.014881580684795667,-0.26362316498513594,
-0.12632013559341432,-0.04175509810447693,-0.25712625980377196,0.013989564031362534,-0.006207521539181471,0.03091168776154518,0.0812163866012429,-0.018716498284166806,-0.26337488378958845,
-0.1132962703704834,-0.038729417324066165,-0.278503155708313,-0.016769947484135628,0.020290933549404144,0.0388345904648304,0.0834854672564842,-0.019585722775163537,-0.2626656260209063,
-0.11171594858169556,-0.05628020763397217,-0.2710941076278687,-0.03774234279990196,0.02428567409515381,0.05341539904475212,0.08427690134121087,-0.020235820600053415,-0.2612061228794849,
-0.1266100883483887,-0.06472896933555604,-0.27497730255126956,-0.07436080276966095,0.013965924270451069,0.08703780174255371,0.08201596801150914,-0.019371981724468607,-0.25647798824252277,
-0.1406293749809265,-0.07386465072631836,-0.2966763734817505,-0.1077834740281105,0.018959352746605873,0.10554677248001099,0.0793163315475681,-0.018967489386862314,-0.25298953407091507,
-0.12359501123428346,-0.04368188977241516,-0.2988240480422974,-0.1643090695142746,0.047255437821149826,0.09582623839378357,0.07515704825911805,-0.019380723248652868,-0.2484465156588719,
-0.10536924600601197,-0.022765289247035983,-0.29813590049743655,-0.1986638456583023,0.004445123020559549,0.0875704437494278,0.06198793154150655,-0.01879602152024085,-0.2375613042146728,
-0.1456254005432129,-0.0327003687620163,-0.2302330017089844,-0.21497571468353271,-0.005941205658018589,0.11613284051418304,0.05237911974343025,-0.017615561378916636,-0.23274650992276222,
-0.13985369205474854,-0.06119239330291748,-0.1728134870529175,-0.2498631328344345,0.05178281292319298,0.13410918414592743,0.041966528486590556,-0.01805612629814602,-0.22818772931606712,
-0.11105173826217651,-0.06704487204551697,-0.12316334247589111,-0.2901434600353241,0.09246259927749634,0.14496156573295593,0.03081928313790111,-0.019023355236751586,-0.2226076342056086,
-0.058787268400192265,-0.02473663240671158,0.09059852361679077,-0.26211369037628174,0.07801494747400284,0.12898260354995728,0.00289686040417313,-0.012257369379026644,-0.2086919241191072,
-0.04362049996852875,0.022262124717235567,0.3073769807815552,-0.1643090695142746,0.02561725489795208,0.14908947050571442,-0.012360961875524348,-0.007051284072193595,-0.2017953838708371,
-0.05116203427314758,0.059963530302047735,0.5117345333099366,-0.11264374852180481,0.016029875725507736,0.1585436910390854,-0.025930205726270562,-0.002594385907864286,-0.1954594269096153,
0.08517968058586121,0.16034919023513794,0.7298226356506348,-0.03494485095143318,0.018293369561433792,0.13544294238090515,-0.042307942883626735,0.00179597188090391,-0.1804328618725272,
0.17100791931152345,0.1890623211860657,0.893074893951416,0.1496122032403946,-0.018990885466337204,0.09815869480371475,-0.04643614299016563,0.003882355146273424,-0.17301727442241233,
0.2371623754501343,0.17231943607330324,0.9250474929809571,0.23563231527805328,0.04053076356649399,0.06693312525749207,-0.04568584712479867,0.005277630444066357,-0.1669280747239788,
0.3432550191879273,0.12698280811309814,0.6414744853973389,0.3037426769733429,0.06796132773160934,0.0125380614772439,-0.02827238012677567,0.006142691370536378,-0.1576986667458927,
0.2827908992767334,0.10859206914901734,0.5027620792388916,0.34369009733200073,0.017294684424996376,-0.022083032876253128,-0.015043005480178211,0.009836859503496826,-0.15562133798295671,
0.20262980461120605,0.08957293033599854,0.3409038066864014,0.35820433497428894,0.015097575262188911,-0.03679699823260307,0.00044199807225523454,0.01322112412760681,-0.15513671576869803,
0.05389980077743531,0.030312663316726687,0.06344332695007325,0.31779083609580994,0.0688934326171875,-0.021483823657035828,0.0357084313459729,0.01526607782948965,-0.1575876398164013,
-0.004907814040780068,-0.016020102798938753,-0.044713261723518374,0.3108666241168976,0.05111682787537575,0.001419362612068653,0.053223680693167234,0.017298006709927188,-0.15898216664829934,
-0.028887328505516053,-0.0573814332485199,-0.07283110618591308,0.3000142574310303,0.0066420393995940685,0.024255972355604172,0.06932292858771376,0.020952552383739675,-0.1592396576788523,
-0.04400084912776947,-0.07491631507873535,-0.1353966236114502,0.2843681871891022,0.014764680527150631,0.036972563713788986,0.08515838696300944,0.023848847889016873,-0.1586411628585074,
-0.025781017541885377,-0.0770919919013977,-0.18206425905227663,0.2586686611175537,0.022820744663476944,0.038237567991018295,0.10075535575225393,0.024537860751112264,-0.15752119719525,
-0.025781017541885377,-0.0770919919013977,-0.18206425905227663,0.2586686611175537,0.022820744663476944,0.038237567991018295,0.10075535575225393,0.024537860751112264,-0.15752119719525,
0.02282543182373047,-0.09027407169342042,-0.3333597183227539,0.17584434151649475,-0.010402192361652851,0.034375984221696854,0.1405637415599983,0.025617358898700406,-0.1519349583755466,
0.001988000236451626,-0.10300159454345703,-0.4030631065368653,0.10294032096862793,0.004311773460358381,0.04802468419075012,0.16029918835121051,0.024940793513760707,-0.14961995214267793,
-0.002505221404135227,-0.0961421847343445,-0.45355963706970215,0.06618869304656982,-0.025781946256756783,0.04090072959661484,0.16836435771025182,0.023826478138108936,-0.14804870193644895,
0.014205972850322724,-0.09433057308197022,-0.4352963447570801,0.03962366282939911,-0.042826179414987564,0.035707563161849976,0.1737682217669581,0.022685302645808786,-0.14592187008242544,
0.03393186628818512,-0.09167559742927552,-0.4159865856170655,-0.003586128819733858,-0.022785890847444534,0.044495996087789536,0.17741114458673438,0.020633396574110955,-0.14452463798550702,
0.028483423590660098,-0.08824287056922914,-0.47108020782470705,-0.07109726220369339,0.027880750596523285,0.04702599719166756,0.18111348512103895,0.015287984358155532,-0.1433454982676492,
0.04052757918834687,-0.0841838002204895,-0.43634915351867676,-0.08694306761026382,0.009504937566816807,0.028117556124925613,0.17957700732868975,0.013944250721179587,-0.14115250903749346,
0.03393586277961731,-0.08454830050468445,-0.399819827079773,-0.13641129434108734,-0.043558549135923386,0.03930282965302467,0.1761325483579891,0.013834241740992622,-0.13846455141308345,
0.007339303195476533,-0.08868199586868286,-0.4671029090881348,-0.2025904357433319,-0.020921746268868446,0.028184905648231506,0.1664418475502468,0.012090392893475483,-0.13560208999636894,
0.031756818294525146,-0.06637278199195862,-0.4455259799957276,-0.28095394372940063,0.03773437812924385,0.01120725180953741,0.158230293696598,0.008841550546382911,-0.135184352617651,
0.01492001861333847,-0.11602165699005128,-0.45668921470642093,-0.31171345710754395,0.0005167012568563223,-0.0021751332096755505,0.14750480981903,0.007667799015820536,-0.13426634079698146,
0.007435595989227295,-0.17776343822479249,-0.3912101268768311,-0.28707921504974365,-0.08383892476558685,0.024789374321699142,0.13366374678712425,0.008924187483963552,-0.13292188659864415,
-0.05754146575927735,-0.14047815799713134,-0.1350849986076355,-0.35319218039512634,-0.003078566398471594,0.05668072775006294,0.10254969568121737,0.007395453815713729,-0.13297397238151504,
-0.03438347578048706,-0.10212770700454712,-0.23080134391784668,-0.45672255754470825,0.08633707463741302,0.04389755427837372,0.08842333156265993,0.00273362264470029,-0.13232045151372537,
-0.019599522650241855,-0.08697217106819154,-0.14925841093063355,-0.40013039112091064,0.019092248752713203,0.043032027781009674,0.07042592278622424,0.0018754805499495058,-0.1296800417960931,
-0.0485994815826416,-0.06624981760978699,0.1322709560394287,-0.357919305562973,-0.06393179297447205,0.06240652874112129,0.04620935969098591,0.005920691960621978,-0.1266983424399275,
-0.06431044936180115,-0.027389034628868103,0.4087557792663574,-0.30086106061935425,-0.04422440752387047,0.10028998553752899,0.005361291017282875,0.00716127398964793,-0.12182230905949192,
-0.03643708527088165,0.059676140546798706,0.5518661499023437,-0.25512126088142395,0.0041119689121842384,0.12119580805301666,-0.01175387594027758,0.003442573728326212,-0.11782328025329424,
0.013861151039600374,0.1300797462463379,0.6806567192077637,-0.13294877111911774,-0.04049598053097725,0.10654841363430023,-0.02709963825204807,0.0015276958762888424,-0.11256522345015205,
0.1766908407211304,0.2271388053894043,0.9713615417480469,0.014723517000675201,-0.0865020826458931,0.07059574127197266,-0.050477014929203576,0.0021849629233140102,-0.10061112818349661,
0.2703840255737305,0.2363548517227173,0.9578901290893556,0.14488551020622253,0.023419886827468872,0.022392529994249344,-0.05418094129994475,-0.0003495222854556181,-0.09528406969877226,
0.33922178745269777,0.19158926010131838,0.839493465423584,0.2121303379535675,0.08600417524576187,-0.0029740817844867706,-0.052324261930981684,-0.003403171332426081,-0.09148907468511544,
0.3242123365402222,0.14450916051864623,0.6515380859375001,0.24608564376831055,0.08227574825286865,-0.03799464926123619,-0.046041642792471284,-0.0030313805639610907,-0.09001994349683343,
0.2312495470046997,0.08960144519805908,0.2355736494064331,0.26053330302238464,0.02195514738559723,-0.0753454864025116,-0.024829249014186955,0.0048347288955434805,-0.09138128066576773,
0.15403190851211548,0.06052014231681824,0.06166170239448548,0.21792271733283997,0.012168031185865402,-0.07554522901773453,-0.011781865346703587,0.008014343586627556,-0.09425254022694003,
0.07922235727310181,0.0339550793170929,-0.0841906487941742,0.19668400287628174,0.014098823070526123,-0.0638938918709755,0.002940190639121943,0.005599682644145488,-0.09776187762529302,
0.016325415670871736,-0.00516175925731659,-0.18077466487884522,0.16652369499206543,-0.005608569364994764,-0.04531834274530411,0.025145393909048543,0.007378254624546322,-0.10514942551169522,
0.007903742790222169,-0.0031568873673677444,-0.23536322116851807,0.12291347235441208,-0.017992110922932625,-0.07128596305847168,0.034760355470670946,0.008188607641240452,-0.10792729475347455,
0.043857425451278687,-0.00021488042548298836,-0.2809639930725098,0.08622843027114868,-0.024117382243275642,-0.10291100293397903,0.04317842235835312,0.008266590484770827,-0.11023951173802735,
0.026565620303153993,-0.01884831786155701,-0.30823645591735843,0.033298101276159286,-0.019789744168519974,-0.08972835540771484,0.05521073762795726,0.007582360767255432,-0.1181278517640279,
-0.017220643162727357,-0.04647473394870758,-0.30608816146850587,0.006599911488592625,-0.02198685333132744,-0.06855622678995132,0.05860930637462553,0.007410224444270957,-0.12346996542240495,
-0.0291635274887085,-0.060271501541137695,-0.28866515159606937,-0.021895911544561386,-0.018791059032082558,-0.05524042248725891,0.060280406508511596,0.007295756905605381,-0.1281277594396073,
0.004075127094984055,-0.06498415470123291,-0.2805696487426758,-0.05485253036022186,-0.016127897426486015,-0.07521412521600723,0.060334033374067265,0.006433912663479978,-0.1351819854105938,
0.024810807406902315,-0.05411491394042969,-0.27941274642944336,-0.07349465787410736,-0.03829871118068695,-0.07821018248796463,0.05856812164868895,0.006138366158708833,-0.13836430459411772,
-0.002235220745205879,-0.046635061502456665,-0.26546828746795653,-0.11776971071958542,-0.01965658739209175,-0.0581698939204216,0.05565978018524994,0.005921960079697085,-0.14229732615379445,
-0.023472370207309724,-0.036534324288368225,-0.28942041397094725,-0.13461421430110931,-0.008937363512814045,-0.0413254052400589,0.05197983731851841,0.0048799204285618295,-0.14655322371495838,
0.009758195281028748,-0.033451637625694274,-0.25707340240478516,-0.17409557104110718,-0.008338152430951595,-0.03380197286605835,0.04038355347688453,0.0035204625619165634,-0.152822016120165,
0.04547205269336701,-0.03797307014465332,-0.2700776815414429,-0.23308460414409637,0.0005834380281157792,-0.07508096843957901,0.033226078317682234,0.00329653686699663,-0.15471408985313098,
0.10586892366409302,-0.041073793172836305,-0.2825927495956421,-0.23241880536079407,-0.036101605743169785,-0.1267462968826294,0.02470435140592902,0.00306213728567793,-0.15644192262693762,
0.06078869700431824,-0.04462954998016358,-0.03375209867954254,-0.2272922247648239,-0.04349187761545181,-0.09638625383377075,0.0013369508195321693,0.002451308930869099,-0.1645895914036348,
-0.030203846096992493,-0.058407872915267944,0.03740435242652893,-0.2489304095506668,0.0366026945412159,-0.043389350175857544,-0.010688975039019204,-0.000549267454116332,-0.1709392121732882,
-0.043883442878723145,-0.02432869672775269,0.11798553466796875,-0.24753224849700928,0.08920012414455414,-0.07894255220890045,-0.022177037258358047,-0.0029895068743744425,-0.17583789041689618,
0.1511172652244568,0.17850310802459718,0.42032599449157715,-0.11510655283927917,-0.07132191210985184,-0.22208747267723083,-0.0475657797199198,0.0009001943771855108,-0.18164587526408885,
0.14682724475860595,0.23727192878723147,0.6421460628509522,0.010727811604738235,-0.13470515608787537,-0.2093043029308319,-0.059232457252592824,0.003285592904395178,-0.1881739287922405,
0.01516651511192322,0.22456538677215576,0.7655673503875733,0.053271811455488205,-0.042360033839941025,-0.14052815735340118,-0.06626347833274296,-0.0010004905245054958,-0.19806920139550335,
-0.06528077721595764,0.1333465099334717,0.6708499431610108,0.1375608593225479,0.051516395062208176,-0.09924915432929993,-0.06531658413796491,-0.016559893784438905,-0.21568835653046392,
-0.02631252408027649,0.11243597269058228,0.6535515308380128,0.2147243618965149,0.025683989748358727,-0.10484474897384644,-0.061388052766003676,-0.01782275372113587,-0.2218019694153738,
-0.009244632720947266,0.0985305428504944,0.5438071250915527,0.257601261138916,0.001515803742222488,-0.1022481694817543,-0.054348724270047194,-0.016333125626755284,-0.22730299738339585,
-0.06351187825202942,0.07943704724311829,0.25315773487091064,0.2534733712673187,0.021289775148034096,-0.08640236407518387,-0.03153738891552541,-0.015624971073110535,-0.23815690434190195,
-0.09352442622184753,0.06853938698768616,0.11483502388000488,0.24022413790225983,0.03913295269012451,-0.06150180473923683,-0.017992754676567906,-0.0157129215870018,-0.24319933702703767,
-0.12329524755477905,0.05400570034980774,0.028704589605331423,0.2262425422668457,0.018892928957939148,-0.04632178694009781,-0.0047726440962301345,-0.01473634483006476,-0.24767277377852104,
-0.11440773010253907,0.015522174537181854,-0.08018035888671876,0.20546987652778625,-0.007072891108691692,-0.05244705453515053,0.023752242889658774,0.000940342119625546,-0.25442585722011113,
-0.09754109382629395,-0.01631629467010498,-0.11960209608078004,0.18962407112121582,-0.0004149882006458938,-0.037333618849515915,0.0349720044437547,0.0015854818531309382,-0.2567119844588738,
-0.11551778316497803,-0.041352069377899175,-0.1507023334503174,0.17557589709758759,-0.005474994424730539,-0.00630779005587101,0.0454936751018263,0.0016178008360257545,-0.2593392736094971,
-0.15864711999893188,-0.08299415111541748,-0.2080070972442627,0.1491440236568451,-0.024316860362887383,0.024718038737773895,0.06462541539127334,0.0019515640273468672,-0.2626172342257572,
