-0.08252735733985901,-0.06174393892288208,-0.23329701423645022,0.0821085125207901,0.19546984136104584,-0.07132880389690399,0.19624186146562686,-0.03599729572508104,-0.31678308840507663,
-0.09471111297607422,-0.07445942163467408,-0.28913719654083253,0.004610520787537098,0.21124906837940216,-0.03417770564556122,0.2043331062746679,-0.027092941860522274,-0.31668896842875094,
-0.09396973848342896,-0.07424919605255127,-0.2834850549697876,-0.011035551317036152,0.15392452478408813,-0.017599526792764664,0.20795504114814545,-0.01696731494605095,-0.3133680599980414,
-0.08596937060356141,-0.06586723327636719,-0.24250478744506837,-0.008905022405087948,0.084549181163311,-0.0017537185922265053,0.2082092806878505,-0.00741258262595972,-0.30835805199632477,
-0.09066009521484375,-0.0654455065727234,-0.20742995738983155,-0.04479111731052399,0.046465978026390076,0.03646264225244522,0.20720283096398961,0.004836055461792093,-0.3008469364075649,
-0.0949224591255188,-0.07002477645874024,-0.22819082736968996,-0.13121069967746735,0.04846334829926491,0.07641006261110306,0.20646155215427106,0.006918739537911528,-0.2985319084567588,
-0.08554100394248963,-0.0770511269569397,-0.2447149991989136,-0.17015942931175232,0.03781070560216904,0.091124027967453,0.20395649540683625,0.007626605464000226,-0.29548650435904195,
-0.04775714576244355,-0.06320409178733825,-0.17157688140869143,-0.2272176593542099,0.02742437645792961,0.10044509172439575,0.1903317517220775,0.006844712279266781,-0.2863606836007851,
-0.027115616202354434,-0.056210589408874516,-0.15545901060104372,-0.2965264320373535,0.03907570615410805,0.08679638803005219,0.18090901912630036,0.0054865783864309296,-0.2813652297357689,
-0.017570361495018005,-0.04832017421722412,-0.1403420925140381,-0.3493236005306244,0.06184573471546173,0.08466585725545883,0.1691561066843993,0.0040752058988456925,-0.27632047632174234,
-0.04305756986141205,-0.06666024327278137,-0.06374331116676331,-0.3560480773448944,0.058982837945222855,0.11209642142057419,0.13770204403063066,0.004076130351092884,-0.2664630103515827,
-0.053593778610229494,-0.07119936347007752,0.002376859076321125,-0.3193630278110504,0.03295043483376503,0.14658436179161072,0.118513762869967,0.005911250374611016,-0.26081409555010604,
-0.03724462687969208,-0.06960033774375916,0.0353603333234787,-0.33773884177207947,0.0285562202334404,0.15077883005142212,0.0943246028133614,0.010860852251210912,-0.254656667978116,
-0.015958040952682495,-0.038847774267196655,0.009674353897571564,-0.3808809518814087,0.02902209386229515,0.12108664959669113,0.05972350518242318,0.010971384463537147,-0.23952720672058322,
-0.036115750670433044,-0.03093860447406769,0.06946592330932617,-0.2967250645160675,-0.05799669399857521,0.1509140580892563,0.041554176610899524,0.011723053247524049,-0.23234841526580302,
-0.07158623933792115,-0.031103038787841798,0.20190627574920655,-0.13447196781635284,-0.1163199245929718,0.20184701681137085,0.022615364189849805,0.012283445044131064,-0.22615323273951904,
-0.04447332322597504,-0.0007424106355756522,0.3438172817230225,-0.07328584045171738,-0.029034819453954697,0.19179357588291168,-0.002727396210316126,0.004315778708867734,-0.2095578631813993,
0.03743050992488861,0.019552111625671387,0.2567993879318237,-0.08573611825704575,0.02342945523560047,0.14758510887622833,-0.007266128772913552,-0.000283681631589037,-0.19896416886876322,
0.08938974142074585,0.04176102280616761,0.23910877704620362,-0.01529550738632679,0.007184171583503485,0.12235165387392044,-0.01110362676839785,-0.0013748995317243737,-0.18930702313773856,
0.08797324299812317,0.06082648038864136,0.30467188358306885,0.026782440021634102,-0.030965611338615417,0.12022111564874649,-0.01781996308809449,0.001105838255336138,-0.17499832369047294,
0.08190430402755738,0.05695567131042481,0.24351119995117188,0.0331074483692646,-0.0030024193692952394,0.10151240974664688,-0.017283621828058753,0.0007580768062309965,-0.16884779333299563,
0.09408863186836243,0.07307881116867065,0.21454448699951173,0.05467905476689339,-0.005199527367949486,0.08307001739740372,-0.015912377379345977,-0.0003462247322084903,-0.16270815436238278,
0.10213260650634766,0.07734360098838806,0.2167599439620972,0.08443988114595413,-0.012856115587055683,0.07727764546871185,-0.014306330364181769,-0.0005139700908580172,-0.15734289007127583,
0.10366071462631227,0.06334713101387024,0.22237315177917483,0.11659754812717438,0.004121536388993263,0.07055316120386124,-0.008457958909368582,-0.0008310649700855292,-0.14880272796960822,
0.10090392827987671,0.059982681274414064,0.2033355474472046,0.13943415880203247,0.0034557462204247713,0.0666915774345398,-0.003583245628556903,-0.001131143160375906,-0.14487772469784163,
0.08511810898780824,0.057889634370803834,0.17743442058563233,0.15248364210128784,-0.0009384696604683995,0.059168145060539246,0.002352776384136304,-0.0009176144808995524,-0.14125697616499402,
0.08423207998275757,0.05014012455940247,0.14812278747558594,0.1588086485862732,6.021578155923635e-05,0.04492023587226868,0.009303904392144844,-0.0007204988760528383,-0.13781632331938146,
0.09494834542274476,0.04744113385677338,0.10689779520034791,0.16353575885295868,-0.0037347886245697737,0.02954047918319702,0.024804011587531725,-0.0010791201634240142,-0.13197643744102944,
0.08428779244422913,0.03498759865760803,0.09947085976600648,0.17851604521274567,-0.009460585191845894,0.029873374849557877,0.03293446543669057,-0.0013371537670708003,-0.1300812682142966,
0.059509640932083135,0.024964119493961337,0.10104715824127197,0.19356290996074677,-0.010192954912781715,0.03519969806075096,0.0412493625561778,-0.0016939409073824026,-0.12862256836034264,
0.04512697756290436,-0.0015452727675437927,0.07090803384780885,0.19635923206806183,-0.008461900055408478,0.040526021271944046,0.05961345736795501,-0.003165650316333015,-0.12557468403256186,
0.043375912308692935,-0.0039513006806373594,0.05612317323684693,0.19848975539207458,-0.003801367711275816,0.032336801290512085,0.06957106217736587,-0.004061182882792782,-0.12381865249425078,
0.049960726499557497,-0.011447007209062577,0.03992740213871002,0.20534594357013702,-0.00812876783311367,0.027806727215647697,0.07956482837708065,-0.005024320707483961,-0.12194929591730773,
0.04097596108913422,-0.015778066217899324,0.016183729469776153,0.21553254127502441,-0.005465607158839703,0.021947773173451424,0.09980592014983866,-0.006520478598938816,-0.11911339902867527,
0.03832952976226807,-0.029763326048851013,-0.004041978344321251,0.2292478233575821,-0.006530871614813805,0.017686715349555016,0.11035636659024674,-0.007446733108154038,-0.11807355690328392,
0.0333064079284668,-0.049846243858337407,-0.023130139708518984,0.24089914560317993,-0.008927716873586178,0.026408566161990166,0.12138202865550665,-0.008120714590589755,-0.11720368853256287,
0.009968734532594682,-0.06282363533973694,-0.046158394217491155,0.23444098234176636,-0.009859822690486908,0.034531205892562866,0.13297849255956276,-0.008795165451177802,-0.11651644165409174,
-0.009385803341865541,-0.04216223061084748,-0.09490487575531006,0.228115975856781,-0.029700374230742455,0.02787330560386181,0.15714324069188068,-0.010838017395213456,-0.114429197512565,
0.011162888258695602,-0.034760376811027525,-0.09760746955871583,0.20927411317825317,-0.037823013961315155,0.010895654559135437,0.16888224665200102,-0.012455914505441671,-0.11329000127633246,
0.036112180352211,-0.03911469876766205,-0.10420241355895997,0.17957986891269684,-0.003401657100766897,0.005369594320654869,0.18042633239085698,-0.014486948304487846,-0.11284022549350807,
0.03679834306240082,-0.050421833992004395,-0.11366015672683716,0.16147036850452423,0.04280418902635574,0.009697232395410538,0.20109467538133435,-0.017603595170654483,-0.1136659968251958,
0.022419685125350954,-0.0448168158531189,-0.10318262577056886,0.18037880957126617,0.03647918254137039,0.00923117808997631,0.20966855163805934,-0.017109793458687007,-0.11293272678161562,
0.01671394407749176,-0.034946346282958986,-0.09068470597267152,0.20188383758068085,0.010646517388522625,-0.0158025361597538,0.21785466303565398,-0.015706462802486654,-0.11111664969553811,
0.03459317982196808,-0.04359383583068848,-0.08282197117805482,0.19356146454811096,0.0181699488312006,-0.03890545666217804,0.22671167875468842,-0.014505272045040806,-0.10941690307878152,
0.04535257518291474,-0.045411527156829834,-0.1355657696723938,0.13890008628368378,0.09819794446229935,-0.03337939828634262,0.24685943420179773,-0.01217441272251199,-0.10974672151872472,
0.03112587928771973,-0.05437946319580078,-0.16825268268585206,0.08104290068149567,0.14094167947769165,-0.018798593431711197,0.25600628222339644,-0.009272046417076475,-0.10979128058121945,
0.02798064947128296,-0.06750333905220032,-0.19502830505371094,0.07245420664548874,0.09407004714012146,-0.023525703698396683,0.26304392255300885,-0.004617221103105159,-0.10729698602755744,
0.009404233843088151,-0.03617883920669556,-0.15605939626693727,0.09415896981954575,0.01630573533475399,-0.02578939124941826,0.27154744458520946,0.0057645431929734085,-0.09903435420117235,
0.006766587495803833,-0.03103485405445099,-0.15401540994644167,0.07738105952739716,0.017903631553053856,-0.017600171267986298,0.27571330209924316,0.008917221442676633,-0.09735095158535723,
0.004133424162864685,-0.03459201753139496,-0.18693809509277345,0.040229953825473785,0.06790448725223541,-0.00927779171615839,0.2804536008843299,0.010561340301671827,-0.09745003160157432,
0.029920050501823427,-0.03791453242301941,-0.21276001930236818,0.007206758949905634,0.08235213160514832,-0.011874374002218246,0.28762852133852995,0.013736564800469439,-0.09611871571759636,
0.05215683579444885,-0.034910288453102116,-0.2024838447570801,-0.0057761515490710735,0.04080681875348091,-0.03584282472729683,0.28907187417784425,0.016574897158730003,-0.09317901122531333,
0.0702136754989624,-0.028700712323188785,-0.19212998151779176,-0.03540313243865967,0.003788765287026763,-0.04336496815085411,0.28954019269526743,0.019656785581509687,-0.0904414312316404,
0.029803919792175296,-0.022939419746398928,-0.20532069206237794,-0.06955817341804504,0.005120346322655678,-0.0282515287399292,0.2881347054855727,0.02457825626107839,-0.09048317698162613,
0.012437938898801805,-0.014380867779254914,-0.19842549562454226,-0.10264795273542404,0.02030036598443985,-0.019795991480350494,0.2854689453424496,0.026105901305093715,-0.09155152743869938,
0.017832069098949434,-0.016744084656238556,-0.19138848781585693,-0.11776138842105865,-0.008994407951831818,-0.017265988513827324,0.28146187184932986,0.02744639421380063,-0.09194396645632384,
0.03363302946090698,-0.057962810993194586,-0.18451991081237795,-0.1487872153520584,-0.08163212984800339,0.0013095596805214882,0.2707476378163294,0.02980055654661934,-0.09211808747939385,
0.009806386381387712,-0.03872046172618866,-0.19009982347488405,-0.18693700432777405,-0.08323002606630325,0.006635881960391998,0.26421906147644725,0.02925833436045894,-0.09366124990305483,
0.001733437366783619,-0.027432039380073547,-0.19076255559921265,-0.24905523657798767,-0.055866044014692307,0.02115011215209961,0.2564333367202171,0.026527078246461694,-0.09650078234553575,
0.0015779085457324983,-0.028629735112190247,-0.1810198426246643,-0.30538108944892883,-0.04840919375419617,0.04139013588428497,0.2357453522843281,0.0202506787705922,-0.10140087613596431,
0.03305552005767822,-0.03492534756660461,-0.13897929191589356,-0.3423990309238434,-0.02237679250538349,0.027075644582509995,0.22204358288808357,0.01729553328699265,-0.10206095305686537,
0.05628271102905274,-0.017593501508235933,-0.09919236302375795,-0.3930656611919403,-0.003801243845373392,-0.0019528120756149292,0.1900508177917213,0.0116850290750502,-0.1016894095795096,
0.044694861769676214,-0.024135302007198337,-0.049967977404594424,-0.38913750648498535,-0.04294971376657486,0.008233779110014439,0.17134446998761158,0.0109377210020767,-0.10159057285007715,
0.01807296574115753,-0.040455305576324464,0.022442717850208283,-0.37222641706466675,-0.10646610707044601,0.03932618722319603,0.1510390759946104,0.0106162300716254,-0.10194702510891421,
-0.0076704233884811405,-0.05822165608406067,0.07877302765846253,-0.33860400319099426,-0.14761194586753845,0.07388069480657578,0.13091861106370833,0.008830845307985547,-0.1028098162061657,
0.01717558652162552,-0.04161839187145233,0.17266006469726564,-0.2551138997077942,-0.12950244545936584,0.057835157960653305,0.09355691280000264,-0.003533462719403983,-0.1024204558201488,
0.04712383449077606,-0.003078892081975937,0.20779635906219485,-0.22055940330028534,-0.07184501737356186,0.026076961308717728,0.07747293301085875,-0.01180808652644992,-0.10085320462606326,
0.06645079255104065,0.007134736329317094,0.19781521558761597,-0.22049282491207123,-0.06318973749876022,0.043520666658878326,0.06418787593764722,-0.018895789387333488,-0.09946009859018545,
0.0443957805633545,0.0008135517127811909,0.18675087690353395,-0.2077096551656723,-0.08216476440429688,0.06828805804252625,0.052638607166254237,-0.023457661235445876,-0.09868641687149457,
0.012608298659324647,-0.018389275670051577,0.24240844249725343,-0.11429928243160248,-0.07564001530408859,0.08153728395700455,0.030163871737294217,-0.030675776149194707,-0.09524144971479037,
0.005844402685761452,0.001115421671420336,0.30671923160552983,-0.04439302161335945,-0.04647812247276306,0.0793369710445404,0.02017020784026705,-0.035368673789332186,-0.09181726256794344,
0.025404843688011172,0.0014009542763233187,0.3297462940216065,-0.021023781970143318,-0.04880838841199875,0.0877259224653244,0.013221924503851084,-0.039654070700398766,-0.0879656901174099,
0.029163578152656557,0.003740907832980156,0.2681483030319214,0.0181912649422884,-0.04647812247276306,0.10716699808835983,0.00697872407480993,-0.04517234932479958,-0.07987294307089243,
0.03507627546787262,0.00638883113861084,0.2777182817459107,0.08157449960708618,0.017704064026474953,0.10437068343162537,0.0056310003470437155,-0.04797123189865852,-0.07509787468356414,
0.05162980556488037,0.019012427330017092,0.2922075748443604,0.11805980652570724,0.06996859610080719,0.08479645103216171,0.0056303530205264974,-0.05045896790822239,-0.06965359730278367,
0.08150978684425354,0.038473621010780334,0.24141359329223633,0.1473545879125595,0.10745259374380112,0.0648227408528328,0.012254292419254985,-0.04870669547345673,-0.05907368871729225,
0.0946278214454651,0.02950929403305054,0.2111520051956177,0.17092356085777283,0.09613415598869324,0.04638034850358963,0.018101452192791002,-0.044573860284729774,-0.05482190886477357,
0.1150564432144165,0.030732962489128116,0.1920761227607727,0.19342727959156036,0.08015519380569458,0.012691359035670757,0.025036604541988725,-0.03940054230337437,-0.05108500315284946,
0.12256261110305787,0.0333465576171875,0.12364976406097412,0.1936935931444168,0.09193968027830124,-0.019266575574874878,0.04229134254311875,-0.03042626167886242,-0.04598615511569288,
0.10752121210098267,0.02827819585800171,0.08133949637413025,0.19016490876674652,0.1013273224234581,-0.01880052126944065,0.05218654396675251,-0.026448945925084007,-0.04534373765582353,
0.08201462626457215,0.014985336363315583,0.05002033114433289,0.1924285888671875,0.10139390081167221,-0.012941567227244377,0.06204054080486993,-0.021770437653065106,-0.04542845759346135,
0.09128190279006959,0.007037486135959625,0.013955409824848176,0.2080746591091156,0.06424280256032944,-0.03877422958612442,0.08143011384431942,-0.01197092912914591,-0.04487516923807462,
0.10481175184249879,0.01394137591123581,0.004356502369046211,0.22045835852622986,0.03315039724111557,-0.06627137213945389,0.0915254499165462,-0.00869234743606508,-0.04448304610694049,
0.09313139915466309,0.011741077899932862,-0.013228879868984224,0.20161649584770203,0.035280924290418625,-0.0699332132935524,0.10330189833549586,-0.012459587106100668,-0.04546901848300241,
0.05495022535324097,-0.01961501091718674,-0.08221182823181153,0.17045751214027405,0.06351043283939362,-0.05774925276637077,0.1262908975111962,-0.010965426737618869,-0.050686253333538565,
0.049331530928611755,-0.025573331117630008,-0.09494539499282838,0.1768490970134735,0.06118016690015793,-0.060412414371967316,0.13603645986656027,-0.0076185810724016,-0.0528877586797188,
0.047559100389480594,-0.03149643242359162,-0.08564290404319763,0.19795465469360352,0.036545928567647934,-0.07845532894134521,0.14473562610706697,-0.0035066662983634454,-0.05422355108128806,
0.060614049434661865,-0.03982208073139191,-0.10150091648101807,0.19715569913387299,0.019568277522921562,-0.09716403484344482,0.16309157231335,0.004569221874774922,-0.057263214617636116,
0.05485920906066895,-0.04117648601531983,-0.1332414746284485,0.1528140753507614,0.04047409072518349,-0.11174484342336655,0.1732155862009857,0.008044205527337747,-0.06025901877016114,
0.04801358878612519,-0.0515695869922638,-0.16364982128143313,0.1181943416595459,0.055187832564115524,-0.11387280374765396,0.18290363745842567,0.011622500333996153,-0.06414097446066147,
0.039756318926811224,-0.05576156377792359,-0.1823974609375,0.09562405198812485,0.05192545801401138,-0.10847990214824677,0.19116498823121772,0.01612140039639358,-0.06788554760054342,
0.028422972559928896,-0.0670360565185547,-0.17264875173568728,0.06180190667510033,0.020300421863794327,-0.10415226221084595,0.20689014182474816,0.03231962104441777,-0.07708336387170402,
0.02663603723049164,-0.06580584645271302,-0.18364310264587402,0.0321742407977581,0.005586455576121807,-0.1032867357134819,0.20990223948627942,0.03657273107028183,-0.08055881562242344,
0.023580956459045413,-0.06415897011756898,-0.20427420139312746,-0.01503029279410839,0.004654348827898502,-0.10002436488866806,0.21171759094647577,0.040132953619277476,-0.08443876440753242,
0.0014254635199904442,-0.06891677975654602,-0.1906429648399353,-0.060969822108745575,-0.019713575020432472,-0.07818644493818283,0.20970592461019083,0.04665895465898761,-0.09228804551654272,
-0.0059182848781347275,-0.06290466785430908,-0.1708245038986206,-0.0810101106762886,-0.07137890160083771,-0.04642824828624725,0.2061855618121353,0.04846141052577371,-0.09606514897505289,
-0.006771891564130783,-0.049273133277893066,-0.18389841318130495,-0.11443278193473816,-0.11332368850708008,-0.025322694331407547,0.20182616189786853,0.047919600331198894,-0.10007470872921569,
0.02167590707540512,-0.02220403105020523,-0.19844802618026736,-0.1573762595653534,-0.1116592139005661,-0.02931743673980236,0.19113120709098105,0.041872330764417105,-0.10772714993027424,
0.049881988763809205,-0.020390671491622925,-0.16679432392120364,-0.2157660573720932,-0.1176513284444809,-0.05068930611014366,0.18002141499840252,0.03711187785868113,-0.11338135704922839,
0.05050840973854065,-0.017466723918914795,-0.11961395740509034,-0.23693819344043732,-0.16472269594669342,-0.05102219805121422,0.16887655735278292,0.033494751357255784,-0.11854877446355588,
0.055245041847229004,-0.018181969225406647,-0.07698216438293458,-0.24319662153720856,-0.17464298009872437,-0.05508352071046829,0.1566354464995465,0.02843813785360837,-0.12448287237356243,
0.08120381236076356,-0.007285837829113007,-0.00865517184138298,-0.2338089793920517,-0.1381576657295227,-0.07392538338899612,0.1311536482927795,0.011847839353580608,-0.13730106109232468,
0.044063419103622437,-0.0002496656961739063,0.01728193014860153,-0.2145676463842392,-0.11745158582925797,-0.08477776497602463,0.11893517175238918,0.0026364211055683465,-0.1436169953098111,
0.02654486894607544,-0.011114757508039474,0.04956346154212952,-0.19792288541793823,-0.13715897500514984,-0.08151539415121078,0.10768987861595035,-0.001449605000221655,-0.14978108082374045,
0.017292726039886474,-0.0200634703040123,0.09426977038383484,-0.20824262499809265,-0.14881031215190887,-0.07625564932823181,0.08731987266833638,-0.012035792334383216,-0.16187235824014287,
0.014767274260520935,-0.006756722927093506,0.13604999780654908,-0.17874811589717865,-0.11718527227640152,-0.06859906017780304,0.07704941466322414,-0.018246630875815708,-0.167437963612223,
0.015714025497436526,0.008629893511533737,0.16580344438552858,-0.11596409976482391,-0.0912194550037384,-0.05661483854055405,0.06783441937456794,-0.023654779961410712,-0.17236102254918134,
0.018822123110294343,0.026636239886283875,0.14997926950454712,-0.11117041110992432,-0.09075339883565903,-0.061408527195453644,0.06090578936293394,-0.028105819033588445,-0.17648859031837374,
0.01017586886882782,0.010897484421730042,0.07340905666351319,-0.17954707145690918,-0.14987558126449585,-0.062074318528175354,0.049841946673894445,-0.03648257996970023,-0.18424905550028975,
-0.02830675542354584,0.005937908962368965,0.1217460036277771,-0.1504531353712082,-0.17391042411327362,-0.04283503443002701,0.04186205997175122,-0.04287002316886934,-0.18849355738290785,
-0.056349176168441775,0.027150467038154602,0.22171621322631838,-0.04599064216017723,-0.12117983400821686,-0.030251599848270416,0.03365738454809599,-0.051131729157851094,-0.19210232803911523,
0.012242949753999711,0.05037668943405152,0.10046865940093995,-0.05151670053601265,-0.09454822540283203,-0.03358055278658867,0.027800233090738525,-0.06408661257405178,-0.19678883725366736,
0.02853272557258606,0.06761741638183594,0.05555546879768372,-0.07941331714391708,-0.10619955509901047,-0.05881400406360626,0.025920052725885986,-0.06870359172430594,-0.19891546011723085,
0.029195797443389893,0.07460045218467713,0.0884970247745514,-0.058773815631866455,-0.1309669464826584,-0.09323535859584808,0.02270579537510242,-0.07374680099737153,-0.20185873038931065,
-0.001123255118727684,0.07196954488754273,0.1340154528617859,-0.03840063512325287,-0.13609354197978973,-0.09942720830440521,0.020012292339295672,-0.07952123614206101,-0.20630791044337882,
-0.05377649068832398,0.0250860333442688,0.14957267045974731,-0.021755876019597054,-0.12197878211736679,-0.07312849164009094,0.01856368132052721,-0.09266566987433231,-0.2173166428293527,
-0.04451524913311005,0.03201356530189514,0.1672452449798584,-0.0029140107799321413,-0.07657188922166824,-0.0674692764878273,0.018606267511414643,-0.09896096169550973,-0.22183166078514205,
-0.04325908720493317,0.03798741698265076,0.1692744255065918,0.009336530230939388,-0.04268316179513931,-0.08111798018217087,0.019377845657174233,-0.10350374358383238,-0.2257921112712897,
-0.06775286197662354,0.03671564757823944,0.18503445386886597,0.03936367109417915,-0.043482109904289246,-0.09463351964950562,0.023182530791538713,-0.10787862388508836,-0.23461258499601306,
-0.08909260034561158,0.03315748870372772,0.18775782585144044,0.06686080992221832,-0.03163104131817818,-0.08997298777103424,0.02674145358966379,-0.10967483839247166,-0.2398420549227534,
-0.10177118778228761,0.0250293105840683,0.170156991481781,0.08470398932695389,-0.02490655891597271,-0.0776558667421341,0.031509652071929434,-0.1111092097786347,-0.2450499662180542,
-0.1030358910560608,0.01831268072128296,0.15195029973983765,0.10261374711990356,-0.01997970975935459,-0.07725639641284943,0.036949300768176666,-0.11207644075306826,-0.24972525975192275,
-0.08907740712165833,0.021874749660491945,0.15526646375656128,0.12971141934394836,-0.009260487742722034,-0.0903058797121048,0.043027226085928336,-0.11279515306190366,-0.2540353256065861,
-0.07297099828720092,0.024498926103115083,0.13172461986541747,0.17884673178195953,-0.011857070028781891,-0.11766986548900604,0.0591770574196938,-0.11271003565419932,-0.26373099141081835,
-0.0831730604171753,0.020876096189022066,0.09267216920852661,0.16925935447216034,0.040340885519981384,-0.11673776060342789,0.0698170222764817,-0.11230102972489052,-0.26974072950758327,
-0.08841482400894166,0.0028772255405783657,0.0073743492364883425,0.15680907666683197,0.06850381940603256,-0.09742984175682068,0.09131439567091164,-0.0916265983855515,-0.2819126811132301,
-0.09077835679054261,-0.0013609417714178563,-0.011129047721624374,0.17165620625019073,0.0314192958176136,-0.07958666235208511,0.1004174905103883,-0.08549178116989324,-0.2856718809337064,
-0.0854057013988495,0.0019359244033694267,-0.011795274913311005,0.2028151899576187,-0.032097093760967255,-0.079520083963871,0.10967741326640817,-0.08112995749504875,-0.2888982016148483,
-0.09004536271095276,-0.0013316072523593904,-0.03304695188999176,0.19635909795761108,-0.06771720945835114,-0.07958280295133591,0.12019848728976021,-0.07917813199611821,-0.2927509643891538,
-0.10029573440551759,-0.008491890877485276,-0.10446434020996094,0.16173799335956573,-0.05872904136776924,-0.07738569378852844,0.1426666914100044,-0.08142375677808557,-0.30283962130013997,
-0.09811258912086487,-0.004075197130441666,-0.10377373695373536,0.14456060528755188,0.03874265402555466,-0.07858411222696304,0.15240030977369776,-0.08252882659438976,-0.30799332276366986,
-0.0925361454486847,-0.007045169919729233,-0.09913939833641053,0.14436087012290955,0.11637379974126816,-0.08710622787475586,0.1611165645919537,-0.08093391158520959,-0.31177911635503486,
-0.07243060469627381,-0.01850128620862961,-0.09438570141792298,0.1554795652627945,0.13994276523590088,-0.08990254998207092,0.16882697616923084,-0.07574223707148918,-0.3135863344187869,
-0.08899804949760437,-0.051107490062713624,-0.11750019788742067,0.15874193608760834,0.10838431864976883,-0.07492227107286453,0.18448082431958096,-0.059597986521649,-0.3142046696114453,
-0.10350033044815064,-0.055272054672241215,-0.13689080476760865,0.15201745927333832,0.06497479230165482,-0.06020830571651459,0.19261639131619482,-0.052584744963076566,-0.3142683418208486,
-0.10721462965011597,-0.07169415950775147,-0.16140977144241334,0.13956718146800995,0.0865463986992836,-0.05974225327372551,0.20834479757601151,-0.04272459279291329,-0.31501467935157706,
