-0.20287053585052492,-0.1586910605430603,-0.62134108543396,0.034880153834819794,0.04167618975043297,0.023102350533008575,0.08512821154527056,0.036700692316504024,-0.18242030005605697,
-0.21695091724395754,-0.16496092081069946,-0.6842105388641357,-0.025906497612595558,0.029558803886175156,0.04114526882767677,0.08973233923569682,0.03859005841673509,-0.1818945678257166,
-0.21042654514312745,-0.20008695125579834,-0.7656350612640381,-0.1474798023700714,0.006122986786067486,0.07270372658967972,0.09043695324771593,0.04110528830497645,-0.17768615451136383,
-0.2229759454727173,-0.21521480083465577,-0.8318941116333008,-0.32038551568984985,0.028426960110664368,0.1207737922668457,0.08608765331322524,0.050678926486848894,-0.17441092569272187,
-0.20450000762939455,-0.2717237234115601,-0.8868049621582031,-0.41253089904785156,-0.03948364779353142,0.14500854909420013,0.07633008888490661,0.052920920570308276,-0.16946625230869258,
-0.1895993709564209,-0.3149753570556641,-0.5958084106445313,-0.4884975850582123,-0.19980594515800476,0.2302297055721283,0.03614398326958695,0.06137363740808257,-0.157042116592781,
-0.20877771377563478,-0.2816067695617676,-0.3615811109542847,-0.590696394443512,-0.28935474157333374,0.30047059059143066,0.0143233902265217,0.05322981684948882,-0.1477943614553946,
0.05508074164390564,-0.20226821899414063,0.07742644548416139,-0.5446903109550476,-0.2842947542667389,0.2693116068840027,-0.0222452495449617,0.04235124131509967,-0.1365366083289609,
0.3505492925643921,-0.03349754214286804,0.9330150604248048,-0.3064039349555969,-0.3143218755722046,0.1326914280653,-0.05079346226005977,0.029578492374903516,-0.11998023968933104,
0.8273148536682129,0.11400240659713745,2.422934150695801,0.11830367892980576,0.11005284637212753,0.044873692095279694,-0.09139909444002955,0.004797654275971986,-0.09431710559831856,
0.5673969268798829,0.04219634830951691,2.28737735748291,0.363514244556427,0.3650505244731903,0.15213251113891602,-0.09139758364528658,0.002112917315837948,-0.09176089290266197,
0.39047040939331057,-0.051110082864761354,1.8352811813354493,0.5776989459991455,0.184554785490036,0.1647159457206726,-0.08001962678054586,0.0162702897660913,-0.09086630743960188,
0.36823663711547855,-0.09231737852096558,1.254637622833252,0.6306958794593811,0.06178305670619011,0.11364983022212982,-0.05855093164218589,0.03490205806973666,-0.08649645877749382,
0.34772434234619143,-0.0918501079082489,0.041901254653930665,0.5366197228431702,0.1400134116411209,0.08854953199625015,0.004278793437841735,0.0490919091461909,-0.07388415645517002,
0.3917176961898804,-0.1550482988357544,-0.18289602994918824,0.5078575611114502,0.08888071775436401,0.028828147798776627,0.03356373580316587,0.05195257177170097,-0.06882597612525088,
0.38987283706665044,-0.2345233201980591,-0.3233444452285767,0.4567914605140686,0.03535118326544762,-0.012650586664676666,0.061138097568106634,0.058106670185909585,-0.06410075304633789,
0.16711431741714478,-0.3087673664093018,-0.648932933807373,0.2997298836708069,0.09287573397159576,0.022766370326280594,0.11026013956497825,0.06375347810465432,-0.06191077168675858,
0.07495559453964233,-0.3183014869689942,-0.714397668838501,0.21956872940063477,0.05625726655125618,0.025829005986452103,0.12953658225497278,0.06703352905367703,-0.06071440554291046,
0.1225406289100647,-0.28572380542755127,-0.6705852031707764,0.16117891669273376,0.03122355043888092,-0.010190249420702457,0.15628952108342478,0.07259276345152307,-0.0549157388212337,
0.062448841333389286,-0.2535385847091675,-0.7405000686645509,0.07156354188919067,0.05199620872735977,0.0282258503139019,0.16552195792476251,0.07425330990709456,-0.05447820485005469,
0.04427134692668915,-0.20104756355285647,-0.7874968528747559,-0.016054457053542137,0.050930943340063095,0.047334033995866776,0.17174773958642414,0.0757576129872982,-0.05317374684518994,
0.08383718729019166,-0.177765691280365,-0.7997906684875489,-0.08549638837575912,0.039079874753952026,0.012712935917079449,0.17482834910051825,0.07717256967938273,-0.0499328064961826,
0.13565416336059571,-0.2452024221420288,-0.8808340072631836,-0.21539206802845,0.016909059137105942,-0.026768427342176437,0.18739843498723635,0.08474994836286306,-0.03969689200675228,
0.08416160941123962,-0.3307722806930542,-0.9133537292480469,-0.36539462208747864,-0.07204052060842514,0.02070242166519165,0.18369954281121093,0.08853977028487862,-0.03809000650029609,
0.04787613153457642,-0.40406618118286136,-0.8662236213684082,-0.4608023762702942,-0.05526260659098625,0.011980568058788776,0.1707807029806273,0.09050208190837611,-0.03883416681579632,
0.03394244909286499,-0.4385809898376465,-0.5569603919982911,-0.5050108432769775,-0.13648901879787445,0.06364589184522629,0.12881678257228238,0.08695213011642709,-0.0401608769147121,
-0.021543341875076297,-0.3775334119796753,-0.3545531988143921,-0.5738535523414612,-0.2300325483083725,0.1257641315460205,0.10323192902781894,0.08142348941210614,-0.04024630534685798,
0.12536689043045043,-0.3237251996994019,-0.10588208436965943,-0.6422967910766602,-0.25207021832466125,0.0685061663389206,0.07687936422634291,0.07066392614420654,-0.037725273660399634,
0.2240051031112671,-0.2271194934844971,0.46030883789062504,-0.4777134358882904,-0.21851438283920288,0.08029065281152725,0.04486594146587947,0.05687303052780391,-0.035316620589664977,
0.3840048789978028,-0.0036218978464603426,1.5555854797363282,-0.2634621262550354,0.08149071782827377,0.08887934684753418,-0.010843467178110227,0.03280404199035193,-0.029455539576520175,
0.4990578174591065,0.12066931724548341,1.7150451660156252,-0.009662868455052376,0.17110610008239746,0.046069029718637466,-0.027072847609943447,0.03144831241398244,-0.02490635711207495,
0.4394545555114746,0.25079805850982667,1.7137437820434571,0.18175183236598969,0.08568520098924637,0.017772942781448364,-0.036124602422001245,0.03932447775416952,-0.02200704453690692,
0.5027307033538818,0.23728733062744142,1.1020010948181154,0.33561596274375916,0.031556446105241776,-0.047208189964294434,-0.026432950891460957,0.052330416740134424,-0.02026475495930716,
0.4970296859741211,0.1518537998199463,0.755247163772583,0.36923837661743164,0.06591122597455978,-0.08648981153964996,-0.01185725677085647,0.05434226070547572,-0.021554747890413024,
0.43485326766967775,0.05360440015792847,0.4282556533813477,0.37356603145599365,0.08448677510023117,-0.10633036494255066,0.005663296552532673,0.05646118847166344,-0.02498327949233554,
0.3463134527206421,-0.021959321200847627,0.17819435596466066,0.36011719703674316,0.03794800862669945,-0.12550486624240875,0.02374215134203766,0.06055454629754977,-0.029521530868890505,
0.17138601541519166,-0.13904763460159303,-0.19383087158203127,0.3181058466434479,-0.02450311928987503,-0.12350749969482422,0.05855757872170257,0.06749092947744546,-0.04087500923289969,
0.11719483137130737,-0.18903729915618897,-0.3154176235198975,0.26976945996284485,-0.034756287932395935,-0.10646326839923859,0.0741676386073543,0.06834376976492998,-0.04745906366420848,
0.0776170313358307,-0.22741940021514895,-0.4003159523010254,0.20638620853424072,-0.035954710096120834,-0.09228193759918213,0.08813725651095682,0.06830481813530512,-0.05379763841983463,
0.04475923776626587,-0.2442257642745972,-0.5566378593444824,0.13201743364334106,0.006456129718571901,-0.07730165868997574,0.10967156973693154,0.06803554899504018,-0.06459973633546123,
0.049594157934188844,-0.2442054033279419,-0.7287455558776856,-0.013191420584917068,0.05645697936415672,-0.07803402841091156,0.11684489645428237,0.06880541395702033,-0.06891375092894418,
0.06335285305976868,-0.2547630310058594,-0.8699150085449219,-0.11412522196769714,-0.02763233333826065,-0.08961877226829529,0.12000562189764047,0.07214406330522095,-0.07184721381491693,
0.07119477987289428,-0.26138873100280763,-0.8448970794677735,-0.16885319352149963,-0.028631018474698067,-0.12250881642103195,0.11769847859950713,0.07569139015025095,-0.07478810504015836,
0.059180790185928346,-0.292258358001709,-0.8071488380432129,-0.25926750898361206,0.02316746488213539,-0.07490481436252594,0.10089299141050048,0.07697563506523172,-0.0859357827572166,
0.031782642006874084,-0.3052996873855591,-0.7862731933593751,-0.3896292448043823,-0.05033578351140022,-0.04594292864203453,0.08798452889649805,0.07888842856922772,-0.09088801387273715,
0.08327994942665101,-0.2798092126846314,-0.7745585918426514,-0.4566743075847626,-0.17603699862957,-0.0710432231426239,0.07185043786575655,0.07994696687684424,-0.09366103283563748,
0.11406441926956178,-0.24283685684204104,-0.5651834964752197,-0.49509042501449585,-0.2962121367454529,-0.05759425833821297,0.050638239998982114,0.07705119535134193,-0.09695819998398969,
0.19990063905715943,-0.16066761016845704,0.24415271282196047,-0.4898972511291504,-0.2679160237312317,0.026228737086057663,0.00034648694602170457,0.05415380003129488,-0.10527537532492615,
0.4496013164520264,-0.025402462482452395,0.8849071502685547,-0.38317108154296875,0.007654552347958088,-0.13575804233551025,-0.025638874721035987,0.03746805306705359,-0.10494949217419493,
0.6496634483337402,0.14103089570999147,1.3903416633605958,-0.13096973299980164,0.061716724187135696,-0.1836283653974533,-0.04933528786289241,0.027473965803880573,-0.1039841811994909,
0.26351075172424315,0.16784527301788332,1.6799819946289063,0.13441428542137146,0.05113065615296364,-0.15200333297252655,-0.07692798756973931,0.027392915598158887,-0.12091171126519851,
0.18111975193023683,0.16023744344711305,1.4529725074768067,0.28781238198280334,0.05605750530958176,-0.13582462072372437,-0.07555735919702203,0.027922521377486097,-0.1298116546449676,
0.17135664224624636,0.12057548761367798,1.1304804801940918,0.3640453517436981,0.06378067284822464,-0.15559859573841095,-0.0663217006659759,0.028847814608632488,-0.13751382801811032,
0.16696287393569947,0.07449511885643005,0.7931986331939698,0.41597700119018555,0.09374123811721802,-0.18755652010440826,-0.051621247702516776,0.03049148167381613,-0.14506516147472487,
0.07241293191909791,-0.05328661799430848,0.17011884450912476,0.39853331446647644,0.1254328489303589,-0.167383074760437,-0.013876287001323534,0.03669275285430298,-0.16327251356689812,
-0.009023921936750412,-0.10642046928405763,-0.06855435967445374,0.367309033870697,0.10326182097196579,-0.13402454555034637,0.004147819579884572,0.04292356212231104,-0.17312373817999713,
-0.04582626819610596,-0.1574618697166443,-0.21683545112609864,0.3195718824863434,0.09633760899305344,-0.09767239540815353,0.022698446440983386,0.049229625156074854,-0.18083495169144637,
-0.12486144304275514,-0.2040674924850464,-0.47158536911010746,0.2389446645975113,0.06591098755598068,-0.04161284863948822,0.05588682743829441,0.06065748215836948,-0.19136021400910927,
-0.14166319370269775,-0.17809510231018066,-0.4799826145172119,0.1998627781867981,0.061117298901081085,-0.00020069535821676254,0.06863319278322964,0.0650741927023574,-0.1937416885645926,
-0.1428330659866333,-0.162390673160553,-0.5287082195281982,0.12982164323329926,0.06764204055070877,0.01850801147520542,0.08008879514031672,0.06857604777529522,-0.194328791016581,
