-0.1575374245643616,-0.07048996090888977,-0.07753338813781739,0.13382919132709503,0.044403865933418274,0.024790354073047638,0.09343909857411718,-0.037319166859228654,-0.27138684172523264,
-0.15629087686538698,-0.07933300137519837,-0.0826159119606018,0.1354270875453949,0.004922501742839813,0.03697431832551956,0.10918544746643961,-0.0340589112582136,-0.2707516162954595,
-0.13616623878479003,-0.06815443634986877,-0.07328705787658692,0.14701184630393982,-0.031962279230356216,0.038505636155605316,0.1156295827947802,-0.03300099538285981,-0.26854615852102254,
-0.1388518214225769,-0.06187369823455811,-0.07633587121963502,0.13030050694942474,-0.023773059248924255,0.045895908027887344,0.12232045889217172,-0.03343151034424986,-0.26667969340223485,
-0.1358881711959839,-0.061074042320251466,-0.10115319490432739,0.10286994278430939,-0.0020017167553305626,0.060343556106090546,0.1295477189529768,-0.03533531721840535,-0.26535860231800773,
-0.1278861165046692,-0.06720682382583619,-0.13588732481002808,0.07876832783222198,0.007319347001612186,0.07705489546060562,0.14232742234453732,-0.03940070702398803,-0.2619582810148864,
-0.12216427326202393,-0.07201271653175355,-0.13554316759109497,0.07410779595375061,-0.01378620509058237,0.08238121122121811,0.14666952892855561,-0.040670563816292166,-0.25874423925577483,
-0.12187926769256592,-0.07926247715950013,-0.13605256080627443,0.051470935344696045,-0.006462512072175741,0.08670885115861893,0.1502888683080115,-0.04204682049092504,-0.25506306258011047,
-0.11948376893997192,-0.08799711465835572,-0.1844556212425232,-0.014175989665091038,0.033218588680028915,0.11740177869796753,0.15654795986207937,-0.04685235443443614,-0.2480892449249246,
-0.12439931631088258,-0.08743848204612732,-0.1909603238105774,-0.031220220029354095,0.04000965133309364,0.13451258838176727,0.1574507433173549,-0.048856666314534426,-0.24366660463179196,
-0.11637040376663209,-0.0791249990463257,-0.16179734468460083,-0.04447034001350403,0.02596162259578705,0.12778644263744354,0.15590495518959585,-0.050218106859110476,-0.23762306702332125,
-0.09435850381851196,-0.05576996803283692,-0.1667708992958069,-0.07862538844347,0.025295831263065338,0.1142709031701088,0.150296789573547,-0.05313000236081597,-0.2237618871987408,
-0.10152246952056886,-0.06089777350425721,-0.1655434846878052,-0.1069214716553688,0.04047584906220436,0.14123541116714478,0.1464772718776094,-0.054831370822569024,-0.21757623836865644,
-0.13410811424255373,-0.07185293436050415,-0.15470279455184938,-0.15951889753341675,0.05718718469142914,0.17499098181724548,0.14148597453830908,-0.05619854664929691,-0.21163091282026364,
-0.1385524034500122,-0.08623952865600587,-0.14973477125167847,-0.19979920983314514,0.08268695324659348,0.18557703495025635,0.13519212211247258,-0.05730762464634975,-0.20465270955287942,
-0.10108668804168702,-0.08021052479743958,-0.07982859015464783,-0.20053158700466156,0.07409825921058655,0.1707964986562729,0.11570454712044187,-0.05857093432034044,-0.18589705561005326,
-0.09473360776901246,-0.08032760620117188,-0.031557667255401614,-0.20539185404777527,0.04307243227958679,0.18251439929008484,0.10334782861318957,-0.05745685278726074,-0.17547266912067777,
-0.07597125172615052,-0.06628674864768982,0.02592507302761078,-0.22030554711818695,0.06444429606199265,0.19503125548362732,0.07450842496689548,-0.050488049310233006,-0.15596878870970587,
-0.05521432757377625,-0.06597604155540467,0.08795388936996461,-0.216976597905159,0.09660197049379349,0.20887969434261322,0.0618616782369239,-0.05017027820352783,-0.14588962983737408,
-0.04562740921974182,-0.059618967771530154,0.1835074782371521,-0.16184917092323303,0.0732327327132225,0.2052178531885147,0.04886111947123773,-0.04801328999787506,-0.13521618706354063,
0.011603956669569017,-0.04214601814746857,0.30627145767211916,-0.09453777223825455,0.0443374328315258,0.1998249590396881,0.03597476928648944,-0.04451285280691261,-0.12411998326274151,
0.07779910564422608,-0.017942409217357635,0.4270207405090332,-0.023830844089388847,0.03328531235456467,0.1852441430091858,0.02480078603204867,-0.04119902677731887,-0.11308657767970721,
0.17144107818603516,0.03402606248855591,0.5883628368377686,0.11645116657018661,0.08528353273868561,0.15981096029281616,0.012222832331231335,-0.03735568497138842,-0.09249529329407764,
0.22089030742645266,0.047932553291320804,0.6134637355804444,0.1796346753835678,0.12589673697948456,0.13317935168743134,0.011907094568891666,-0.035646500290930555,-0.08328315084238093,
0.30901398658752444,0.05986363291740418,0.537879467010498,0.2717800438404083,0.11977147310972214,0.0944303497672081,0.022777646477300892,-0.027175035615574238,-0.06693931185982895,
0.29749901294708253,0.06812145709991456,0.4672404766082764,0.3180524706840515,0.07316615432500839,0.06606768071651459,0.03277014025997994,-0.021048706180626358,-0.06011751459962866,
0.2835371494293213,0.0434709906578064,0.3547956228256226,0.3196503520011902,0.051328230649232864,0.05075450241565704,0.04605150209234835,-0.015547710476122507,-0.054498733999470916,
0.26605727672576907,0.027837684750556948,0.24504446983337402,0.31472352147102356,0.049996647983789444,0.017797885462641716,0.061598632897761726,-0.011698266967933938,-0.05007975331547796,
0.24444503784179689,0.000918557308614254,0.07945584654808045,0.2992106080055237,0.05658797174692154,-0.028075063601136208,0.09394570777771628,-0.007548247619592329,-0.04395092165771351,
0.1987195372581482,-0.0371707022190094,0.020759311318397523,0.2951492667198181,0.045735590159893036,-0.021017687395215034,0.10980255155144039,-0.005109473532945298,-0.043029666836586565,
0.07895590066909791,-0.05951839089393616,-0.05871060490608215,0.29534900188446045,0.0003952746628783643,-0.022282689809799194,0.1376680986151137,-0.006448759499879617,-0.04377454703045424,
0.07841084003448487,-0.08313323855400086,-0.0979893445968628,0.247611865401268,0.00012895854888483882,-0.038527972996234894,0.1527673981450056,-0.004469139457958058,-0.04404072541753937,
0.06917764544487,-0.07348678708076477,-0.15578255653381348,0.19128599762916565,0.043205589056015015,-0.05630457401275635,0.1676462445635292,-0.0041361030602017936,-0.0451717619608512,
0.07364229559898376,-0.09071369171142579,-0.1927719831466675,0.17936836183071136,0.04653453826904297,-0.04804877191781998,0.18104934845553808,-0.003680621933872675,-0.04678909265121595,
-0.00011439805384725333,-0.11185312271118164,-0.11261833906173707,0.19661232829093933,0.00878423172980547,-0.04225639998912811,0.20108477379118272,0.0024943606282541854,-0.049009512900131745,
-0.00975494757294655,-0.1265813708305359,-0.1211592435836792,0.18642573058605194,0.0003952746628783643,-0.03266901522874832,0.21056172372823476,0.005545376416257886,-0.04965511102839513,
-0.021301235258579257,-0.1345961093902588,-0.14562357664108277,0.1453464776277542,0.027759255841374397,-0.020485054701566696,0.2205156929424929,0.00753581891055151,-0.05087587378163813,
-0.02570547461509705,-0.10439614057540894,-0.19313372373580934,0.11718353629112244,0.02043556235730648,-0.01822136715054512,0.2386512877556245,0.010162362527459811,-0.05267421489888859,
-0.007589210569858552,-0.11911218166351319,-0.18111083507537842,0.10812878608703613,0.000861327804159373,-0.01322794146835804,0.2455578908499793,0.011934329648574578,-0.052335918198861645,
-0.033251750469207766,-0.10456987619400025,-0.17426254749298098,0.09554535150527954,0.005655018147081137,-0.003973456099629402,0.25162012851338866,0.013368861722493417,-0.05222655383405552,
-0.02837750017642975,-0.11436169147491455,-0.20861268043518066,0.04121686890721321,0.021900301799178123,0.012338405475020409,0.2625223155019531,0.014359277788174547,-0.05289276176942153,
-0.011275117099285126,-0.10864217281341554,-0.21783993244171143,0.03808765485882759,-0.0026007816195487976,0.01240498572587967,0.2667042637177608,0.014772186484219218,-0.05239524141904981,
-0.007171034067869187,-0.08154394030570984,-0.1674960494041443,0.04348055645823479,-0.010257369838654995,-0.006370300892740488,0.2690492315161287,0.015104601816337907,-0.05122617590885952,
0.031395018100738525,-0.06773784756660461,-0.17294182777404787,-0.004056871868669987,0.01863792911171913,-0.00743556534871459,0.2731229162636294,0.014301396622076171,-0.050757205451898185,
0.020134742558002475,-0.07611454129219056,-0.20209503173828125,-0.02209978923201561,0.022432934492826462,-0.0025087175890803337,0.2748630599628646,0.014409743600625604,-0.05127990228183729,
0.0018427437171339989,-0.07145799994468689,-0.18267652988433838,-0.0115137230604887,-0.011522372253239155,0.017198674380779266,0.2749008732920379,0.015217430633872302,-0.05099099897787143,
-0.036811727285385135,-0.04239155352115631,-0.15014808177948,-0.030621904879808426,-0.03469187393784523,0.026453161612153053,0.27386678044063495,0.016297941909165125,-0.0501619247463772,
-0.005588816478848457,-0.018569438159465792,-0.20248312950134278,-0.06830563396215439,-0.02896607667207718,0.0231242086738348,0.27230355549871255,0.014674474140146528,-0.0498334981337744,
0.028992828726768494,-0.0174456924200058,-0.20382676124572754,-0.10991787165403366,0.011047976091504097,0.005213807336986065,0.2702488803340913,0.012307246145307526,-0.05050292228063893,
0.0540735125541687,-0.032940417528152466,-0.20657885074615479,-0.13461868464946747,0.017040088772773743,-0.006237785331904888,0.2668934134318543,0.010345997574246884,-0.050914501563530876,
-0.007616796344518662,-0.010384026169776918,-0.16935631036758425,-0.13049077987670898,-0.029032599180936813,-0.012229898013174534,0.255805765529603,0.010532596926701304,-0.050005156879721825,
-0.016371624171733858,-0.015254220366477967,-0.1537450194358826,-0.14720211923122406,-0.04194893315434456,-0.015625428408384323,0.24899761222872205,0.011115972343349642,-0.049997964749577524,
-0.01525615304708481,-0.030111837387084964,-0.16885639429092408,-0.19354112446308136,-0.016449162736535072,0.0035493317991495132,0.24229221023174813,0.010681956171594878,-0.05131843375039201,
-0.023550871014595035,-0.06663718819618225,-0.18196420669555666,-0.22643116116523743,-0.006662046071141958,0.008742496371269226,0.22675051792800321,0.008776613360067614,-0.05488185805804125,
-0.017750838398933412,-0.03979922533035279,-0.1347041130065918,-0.20432692766189575,-0.03269444778561592,-0.013494899496436119,0.2161214065990309,0.008177278285051706,-0.05479731988904509,
0.0006474604830145836,-0.0347132533788681,-0.08214253187179565,-0.2123829871416092,-0.03648945316672325,-0.012562792748212814,0.20461419708711417,0.007634281137964461,-0.05456585198010673,
-0.009223943948745728,-0.04609652161598206,-0.09018155336380006,-0.23914775252342224,-0.022774171084165573,0.001219065859913826,0.19389227658189087,0.006809422377031665,-0.05559717806575601,
-0.007962628453969956,-0.0753357470035553,-0.10103745460510255,-0.25233039259910583,-0.015117582865059376,0.012670658528804779,0.17216617358554995,0.004519568495877217,-0.0586455414402736,
-0.017020367085933685,-0.06732062101364136,-0.07402262687683106,-0.24753671884536743,-0.06165632605552673,0.008276442065834999,0.15963889279555732,0.003589763169642405,-0.05886113372041122,
-0.020966407656669617,-0.06375630497932434,-0.04256413280963898,-0.2509988248348236,-0.09401372820138931,0.009874340146780014,0.14677148039526958,0.0026607357546811453,-0.058731568626574436,
0.031214281916618347,-0.08601289987564087,-0.007051339745521546,-0.26438120007514954,-0.09973952919244766,0.019261982291936874,0.12118823225474573,-0.0033611347912736902,-0.0604368581011062,
0.055486935377120974,-0.08802491426467896,0.017312142252922057,-0.2714385986328125,-0.08103081583976746,0.02159224823117256,0.10128305256054372,-0.012477736489340625,-0.06230123468303117,
0.0652630090713501,-0.08022595047950745,0.05900933146476746,-0.26757699251174927,-0.08056476712226868,0.026851993054151535,0.08688744484283713,-0.01826540019038157,-0.06337711062950543,
0.09911277890205383,-0.061827588081359866,0.182034432888031,-0.24287618696689606,-0.07870054990053177,0.017464349046349525,0.05941004886998973,-0.02698393542546588,-0.06399902160625517,
0.1257628083229065,-0.026996296644210816,0.2570392370223999,-0.20366114377975464,-0.051203418523073196,-0.006437522359192371,0.04601812871715482,-0.03125911003893653,-0.06435779073186201,
0.14750173091888427,0.010557606816291809,0.3251609086990357,-0.16085082292556763,-0.026768913492560387,-0.025745440274477005,0.03375921122312108,-0.03527377257564474,-0.06497264533847213,
0.1455923557281494,0.0840726375579834,0.4377194404602051,-0.09793365001678467,-0.03382629156112671,-0.05430784448981285,0.013619376192948241,-0.04034264706323029,-0.06668175987122907,
0.14470970630645752,0.10379563570022583,0.4929697036743164,-0.009582793340086937,-0.04288111627101898,-0.0878627747297287,0.006368795716202377,-0.0416169277946235,-0.06847303743105447,
0.1415496826171875,0.10870218276977539,0.5135765075683594,0.055065445601940155,-0.004997649230062962,-0.10750359296798706,0.0020539573378285676,-0.04337893966342956,-0.07138059990749465,
0.13014529943466188,0.10904873609542848,0.5039263248443604,0.09015259146690369,0.03368476405739784,-0.11582596600055695,0.0009533594257465326,-0.04567584829182937,-0.07537848198839131,
0.05910499691963196,0.09470076560974122,0.4092779636383057,0.14827609062194824,0.051394786685705185,-0.13207124173641205,0.0071032751889366814,-0.046605184649041224,-0.08613291941878395,
0.03664814829826355,0.07528218626976013,0.36208126544952396,0.20320378243923187,0.014976059086620808,-0.1389954686164856,0.013124335797618887,-0.0442919200511144,-0.09211324885796192,
-0.008798231929540634,0.055504292249679565,0.29754731655120853,0.2166527509689331,-0.019245561212301254,-0.12314966320991516,0.021163645363630034,-0.04131892173327828,-0.09858213555720544,
-0.11635078191757203,-0.0007343420758843422,0.10783464908599855,0.20726510882377625,-0.01897924393415451,-0.07914092391729355,0.04301200600460522,-0.038262354269162725,-0.11238536100312939,
-0.14303077459335328,-0.013436679542064667,0.03832923769950867,0.18442849814891815,0.013577899895608425,-0.048847466707229614,0.05471851249027287,-0.03848514781687754,-0.11829152102871664,
-0.11694421768188477,-0.01766718775033951,-0.012620115280151369,0.1696479469537735,0.0211013313382864,-0.03546508029103279,0.06455295723546615,-0.028546092745935985,-0.12076672774142966,
-0.10115728378295899,-0.0141139954328537,-0.04345211982727051,0.16884900629520416,-0.006528967060148716,-0.028607439249753952,0.07446714259814184,-0.027377989943430953,-0.12331862231595944,
-0.08825283646583558,-0.025419116020202637,-0.0656497597694397,0.15626557171344757,-0.03901953250169754,-0.035132184624671936,0.0921744303172863,-0.02459385195285711,-0.1264142904291787,
-0.08219627737998964,-0.03485894799232483,-0.087024986743927,0.13742370903491974,-0.018246876075863838,-0.02095085009932518,0.1007864136313386,-0.024857396592626174,-0.12806935587651605,
-0.10213590860366822,-0.04054586589336395,-0.104191792011261,0.12144473940134048,0.020036065950989723,0.002618124708533287,0.10900749273347789,-0.02605147414522811,-0.13029580310401723,
-0.11459625959396363,-0.058854824304580694,-0.11370720863342286,0.11458709836006165,0.01737290434539318,0.03031500242650509,0.12311121852868727,-0.026718465783988836,-0.13260845233428373,
-0.1058021903038025,-0.06224569082260132,-0.11579320430755616,0.0890207514166832,-0.0004702752339653671,0.0355081632733345,0.12915778079560003,-0.025811125612394452,-0.1317228303621512,
-0.08930051922798157,-0.06427953839302063,-0.13729887008666994,0.07483941316604614,0.01324500422924757,0.03584106266498566,0.13491808477354988,-0.025448320994351806,-0.13001952718845158,
-0.07228491306304932,-0.04576670527458191,-0.15137553215026855,0.0547325499355793,0.026427652686834335,0.045162126421928406,0.14398113669991283,-0.026623349990551996,-0.1265804942776562,
-0.07087750434875488,-0.046818244457244876,-0.16183190345764162,0.037422001361846924,0.0234981756657362,0.057013191282749176,0.1474299845042746,-0.026699405665276243,-0.12448805151665221,
-0.07516185641288758,-0.04094048440456391,-0.16758376359939575,0.02144303359091282,0.009050525724887848,0.06766583025455475,0.15015412086453395,-0.026580894788133823,-0.12191841779730853,
-0.06476988196372986,-0.03545287847518921,-0.1520488977432251,0.013386283069849014,0.005921423900872469,0.07778456807136536,0.15338256288951377,-0.027246452177842426,-0.11574344316899973,
-0.06399322748184204,-0.029252004623413087,-0.14427295923233033,-0.010182693600654602,0.014510118402540684,0.09169958531856537,0.1540262638372734,-0.028568344600241814,-0.11241458514861052,
-0.05940223336219788,-0.025288954377174377,-0.15323004722595215,-0.0207021813839674,0.0023927355650812387,0.1008874848484993,0.15427408280451527,-0.030147178415829343,-0.10866347831546198,
-0.060490077733993536,-0.019611866772174837,-0.14902030229568483,-0.02702718786895275,-0.010789912194013596,0.10221906751394272,0.1537162073267462,-0.03168104080536067,-0.10444706256561492,
-0.03322514593601227,-0.016303600370883943,-0.13929576873779298,-0.04693431779742241,-0.009125436656177044,0.09942274540662766,0.15080820867627073,-0.0359087371765938,-0.09527018613160744,
-0.024970500171184542,-0.010828274488449098,-0.1518117904663086,-0.07090277224779129,-0.01012412179261446,0.09695932269096375,0.14880107562998224,-0.03890193122214227,-0.09095917114946055,
-0.026016050577163698,-0.005503612756729126,-0.15559474229812623,-0.07989093661308289,-0.025304140523076057,0.10175301134586334,0.1460406840433985,-0.041711911520078075,-0.08660904280778428,
-0.025461658835411072,-0.01093696877360344,-0.12216646671295167,-0.09413885325193405,-0.023439927026629448,0.09556116163730621,0.1379054945222906,-0.046996711137455224,-0.07797191385658135,
-0.020140941441059115,-0.009134602546691895,-0.12004557847976685,-0.11204861104488373,-0.013985705561935902,0.09589406102895737,0.13309721934540605,-0.050316377350882145,-0.07384552280689599,
-0.02544364631175995,-0.02138497978448868,-0.11904889345169067,-0.12436573207378387,-0.006129380315542221,0.10787828266620636,0.1277613486155455,-0.053457640965434865,-0.06976826556372152,
-0.05302318334579468,-0.04003943800926209,-0.0944154977798462,-0.15013180673122406,0.016241174191236496,0.12632067501544952,0.11478541463517156,-0.058560421969115116,-0.06100947426052004,
-0.045038002729415896,-0.04486636221408844,-0.08207126259803772,-0.17716288566589355,0.03821225464344025,0.12685330212116241,0.10716610424528648,-0.06066970977549523,-0.055687922885954484,
-0.0355616420507431,-0.0428545355796814,-0.06778305172920228,-0.182356059551239,0.03015618957579136,0.1261875182390213,0.09853723089726196,-0.06213495003672599,-0.04944087156860033,
-0.03609389960765839,-0.03831271231174469,0.03278538286685944,-0.16591103374958038,-0.006795170716941357,0.1357748955488205,0.07787319901327323,-0.062033263971099394,-0.035848139435190995,
-0.0257483184337616,-0.045265913009643555,0.08216217756271363,-0.14999864995479584,0.003524579107761383,0.14735965430736542,0.06742044137112176,-0.06237187014264192,-0.029524240120869176,
-0.0003745247842743993,-0.04279450178146363,0.12509467601776122,-0.13668283820152283,0.069837287068367,0.14436359703540802,0.05755879919412903,-0.06390877884413816,-0.02275726864555002,
0.02505566477775574,-0.03158746063709259,0.19670438766479492,-0.10485807806253433,0.0854833647608757,0.14409728348255157,0.039193868471821505,-0.06481257958893967,-0.008565713398025091,
0.010921863466501237,-0.012411297112703324,0.24263880252838135,-0.053525641560554504,0.04040936380624771,0.14982306957244873,0.030905704845541313,-0.06166042046732989,-0.0016140421536928469,
0.010935012251138687,0.0034217689186334613,0.2793366193771362,-0.014377172105014324,0.013444853946566582,0.13677358627319336,0.023950207451827396,-0.05790236907161225,0.006112853514251763,
0.030480679869651795,0.02062593996524811,0.27687740325927734,-0.0006618922925554216,0.012712485156953335,0.15308544039726257,0.018983145764438006,-0.05561833409976246,0.01396037569387695,
0.03097782135009766,0.010241612792015076,0.26017107963562014,0.03602391108870506,0.046667665243148804,0.17532426118850708,0.014330246584463023,-0.05461017457983261,0.02858244318328155,
0.058998739719390875,0.019511143863201144,0.2662598848342896,0.06658368557691574,0.057386886328458786,0.17505794763565063,0.013166950207703034,-0.0540463664627027,0.0367426230826266,
0.0967691719532013,0.022104071080684663,0.2550217628479004,0.09108476340770721,0.0736987516283989,0.16593661904335022,0.013181685790444056,-0.052373286731502246,0.04564983153912342,
0.1759942412376404,0.041803330183029175,0.22032520771026612,0.112656369805336,0.10432510823011398,0.13224762678146362,0.01703982519466546,-0.047293946105090676,0.0638801599234511,
0.20582568645477295,0.053102153539657596,0.19853987693786623,0.15073958039283752,0.11617617309093475,0.09729363024234772,0.02057895158303679,-0.043794007712768715,0.0723863132599506,
0.2215829372406006,0.058883738517761235,0.18284730911254884,0.1686493456363678,0.10911879688501358,0.07478992640972137,0.02512284925351611,-0.039268991320654395,0.07990998676094764,
0.20850203037261963,0.042844286561012274,0.08292518854141236,0.17031382024288177,0.08954456448554993,0.037771981209516525,0.03874113301357999,-0.028771938827814668,0.09128490304088024,
0.20193269252777102,0.034492251276969914,0.02792703211307526,0.15133880078792572,0.07456427812576294,0.014602478593587875,0.04706769381511205,-0.023852274222539712,0.09545526534335744,
0.1888199806213379,0.017806890606880187,-0.01597568839788437,0.13542640209197998,0.05712057277560234,0.001885884441435337,0.05560106196372677,-0.019678930656310115,0.09847479531458651,
0.15121231079101563,0.0018284756690263749,-0.037860053777694705,0.13695771992206573,0.03348501771688461,0.0004211459308862686,0.06481830464152324,-0.02899917858618657,0.1002043271634935,
0.0714260995388031,-0.0027720009908080104,-0.04003453254699707,0.1470111608505249,-0.013253459706902504,-0.011030447669327259,0.0864989257284097,-0.037217663662889346,0.1020819241051257,
0.07138893604278565,-0.0030535880476236345,-0.06961852908134461,0.12876850366592407,-0.012787407264113426,-0.03153678774833679,0.09407963493528579,-0.0374812470338176,0.10164990630656077,
0.07222962379455566,-0.01156502217054367,-0.08764486312866211,0.10559899359941483,0.009716304950416088,-0.0405915342271328,0.10139377403585051,-0.03792910088713398,0.10032222993128867,
0.03948491215705872,-0.017547905445098877,-0.06073688864707947,0.08928713202476501,0.019836317747831345,-0.03273520991206169,0.11320256380532503,-0.03626335969996677,0.09666424740460973,
0.05538627505302429,-0.016641530394554137,-0.03410950303077698,0.09927398711442947,0.029756592586636543,-0.04658364877104759,0.11801957656513862,-0.03465649878391689,0.09534217215610458,
0.07812669277191163,-0.017878881096839907,-0.02863111197948456,0.10473346710205078,0.04134134203195572,-0.06862130761146545,0.12277712143928785,-0.034514931831285206,0.09409752100549508,
0.05756369233131409,-0.02810167968273163,-0.0736163854598999,0.11012636870145798,0.049863457679748535,-0.08766290545463562,0.13379171688907446,-0.02877687517163879,0.0896657526908575,
0.04612901210784912,-0.03792270720005036,-0.10704642534255981,0.0885547623038292,0.039277393370866776,-0.08613158762454987,0.13964240241006298,-0.024680475985948164,0.08672402997301372,
0.045569613575935364,-0.03928808867931366,-0.1251858115196228,0.06312157213687897,0.03747975826263428,-0.09784950315952301,0.14499245456962997,-0.020621772294104963,0.08368469529053874,
0.04801721572875977,-0.037981241941452026,-0.13917673826217652,0.042682018131017685,0.030688663944602013,-0.11522624641656876,0.152527356378574,-0.012815944387737914,0.07687146201069048,
0.024428629875183107,-0.03676108121871948,-0.13888907432556152,0.02743542194366455,0.007452584337443113,-0.11482676863670349,0.1549900281493666,-0.008605933393855573,0.07257045267146964,
0.005360446870326996,-0.03810415863990784,-0.14324874877929689,0.002867760369554162,-0.0035995347425341606,-0.10843518376350403,0.1568869644092296,-0.00499100278101182,0.06781206281050858,
0.01500760316848755,-0.03308397233486176,-0.12780487537384033,-0.013577260076999664,-0.016316130757331848,-0.1184886172413826,0.1578821225210122,0.0002287319141144601,0.05789499270189202,
0.0021352589130401614,-0.0352125883102417,-0.11411335468292237,-0.02509543113410473,-0.030630620196461678,-0.13087230920791626,0.15725095188785132,0.00241009470905364,0.05229305275131309,
-0.022596393525600434,-0.033328893780708316,-0.11289249658584595,-0.03634728863835335,-0.05040459334850311,-0.12221704423427582,0.1561797275736098,0.004363210069158187,0.04593653731113732,
-0.0338914155960083,-0.04457437992095947,-0.0797178328037262,-0.045069143176078796,-0.06724908947944641,-0.09518595784902573,0.15248317134223105,0.005872004554934221,0.03262130966494033,
-0.011351001262664796,-0.03149848580360413,-0.08090387582778931,-0.06510942429304123,-0.03968536853790283,-0.10750307887792587,0.15014589081991445,0.005066031665367224,0.02665107236212505,
-0.004811171442270279,-0.03086780905723572,-0.0442854255437851,-0.05705336853861809,-0.0497388020157814,-0.11456045508384705,0.1470667106506738,0.005179423751746401,0.02104030419497644,
-0.0007368620950728655,-0.05592534542083741,-0.02336900383234024,-0.045601774007081985,-0.07250882685184479,-0.1082354485988617,0.14094336346194503,0.005786146783383104,0.008672730177396915,
0.00633162409067154,-0.059701031446456915,-0.036886104941368104,-0.059250473976135254,-0.061123814433813095,-0.11542598158121109,0.13847703057599792,0.004891625142533083,0.0021278697941044004,
-0.01807330995798111,-0.035793089866638185,-0.05089007616043091,-0.08681418746709824,-0.0025342702865600586,-0.1166909784078598,0.1356329174973989,0.004019529039520435,-0.004572111599083368,
-0.0319331169128418,-0.02412320822477341,-0.06592196822166443,-0.09054261445999146,-0.003333218628540635,-0.10843518376350403,0.13193390218532225,0.004758637178184059,-0.010738362297982779,
-0.006441041827201843,-0.056456094980239874,-0.030593550205230715,-0.07689391076564789,-0.07224251329898834,-0.09392095357179642,0.12261189946570679,0.008661285545143782,-0.021342848248970845,
0.011180166155099869,-0.03463285565376282,-0.04628459215164185,-0.0944041982293129,-0.07470593601465225,-0.09771595895290375,0.11849178301481376,0.007658130244903068,-0.02698237383600236,
0.012840063869953157,-0.009348209202289582,-0.05623515248298645,-0.110050268471241,-0.06678303331136703,-0.10870149731636047,0.11411117887169993,0.0056552283642491655,-0.03282584424391059,
0.02345792055130005,-0.028873613476753237,-0.031167268753051758,-0.11637527495622635,-0.09175016731023788,-0.12108519673347473,0.10322933407276418,0.002440518185469785,-0.04539076402332825,
0.005650240182876587,-0.033148205280303954,-0.026728889346122744,-0.14407216012477875,-0.12503968179225922,-0.11116492003202438,0.0972773215015977,0.00016282451326413708,-0.05251291642426092,
-0.0034697413444519046,-0.01592741459608078,-0.01126793920993805,-0.1618487685918808,-0.13176415860652924,-0.1118972897529602,0.09062736746140473,-0.0037330350217705003,-0.05982020011400072,
-0.0005744830239564181,-0.0028736365959048274,0.03290092051029205,-0.1598511040210724,-0.13922105729579926,-0.13087180256843567,0.08283181680667029,-0.008513639801698517,-0.06700387132294129,
-0.004022916778922081,-0.015433602035045624,0.11458144187927247,-0.1473342478275299,-0.13422763347625732,-0.1364644318819046,0.06720171962579033,-0.019144367983600166,-0.08265946575999109,
-0.016991725564002993,-0.015281213819980622,0.15969873666763307,-0.11224710196256638,-0.12270946055650711,-0.11555862426757812,0.060076501869729036,-0.024530583435175876,-0.09096894420265306,
-0.007884076982736589,-0.009456756711006166,0.19742016792297365,-0.08215337991714478,-0.12017945945262909,-0.10224281996488571,0.05399539725336287,-0.02982479531200085,-0.09843700735126118,
0.029726198315620424,0.02710244953632355,0.15913774967193606,-0.08814549446105957,-0.13329552114009857,-0.13147100806236267,0.04611909975014809,-0.040284214477900954,-0.11116873852057418,
0.02727937996387482,0.025072315335273744,0.19380983114242556,-0.05811835452914238,-0.14994028210639954,-0.15796945989131927,0.04266767917439471,-0.045958280220352504,-0.11851513709899564,
0.009283056855201722,0.01673111766576767,0.221406364440918,-0.022032519802451134,-0.13515973091125488,-0.15530630946159363,0.04024789982178796,-0.05230162288256798,-0.12723282436068312,
-0.022146697342395785,0.02221895605325699,0.1887390732765198,-0.026027262210845947,-0.10466654598712921,-0.14598524570465088,0.039897745201495166,-0.058816427657337814,-0.13637552944223055,
-0.04034013748168946,0.0189567431807518,0.16500917673110962,-0.024495944380760193,-0.08522547036409378,-0.14205707609653473,0.04078395859630222,-0.06861592894324788,-0.15330154249445102,
-0.04068777859210968,0.016813109815120696,0.19159547090530396,0.0030011937487870455,-0.07896704226732254,-0.15044604241847992,0.041037572494893176,-0.07211774595279492,-0.1611789808894641,
-0.0483445018529892,-0.0005688612349331379,0.20111553668975832,0.02643701247870922,-0.09661048650741577,-0.15843552350997925,0.04228875469410929,-0.07509397734883536,-0.1692991067451361,
-0.06587201952934266,-0.014421197772026063,0.204382061958313,0.044213611632585526,-0.0810975655913353,-0.16216394305229187,0.04476047078117046,-0.07825041111091414,-0.1777941254832089,
-0.11770601272583009,-0.030185484886169435,0.19700586795806885,0.06471995264291763,-0.021709075197577477,-0.13859497010707855,0.053148878385821344,-0.08432352019661395,-0.19581354747667815,
-0.14585433006286622,-0.03496885895729065,0.19618972539901736,0.09368183463811874,-0.004798002075403929,-0.11289546638727188,0.058167950757038456,-0.08481509591287589,-0.20388552475500138,
-0.15273174047470095,-0.03849864602088929,0.17749104499816895,0.10539974272251129,-0.0014690508833155036,-0.10264229029417038,0.0638151070414283,-0.08426511952316948,-0.21056046889425356,
-0.16360087394714357,-0.03013692796230316,0.11983391046524049,0.1270379275083542,-0.034758564084768295,-0.09039175510406494,0.07704337671908681,-0.08221253197798647,-0.22152414253279112,
-0.1616488337516785,-0.031019750237464908,0.09428006410598755,0.13236424326896667,-0.01871301978826523,-0.08280174434185028,0.08441451372620401,-0.08228720330251615,-0.22667956352122412,
-0.15914076566696167,-0.031315505504608154,0.0588367760181427,0.13702477514743805,-0.00473142322152853,-0.06921961903572083,0.09229097667257717,-0.08242105750721992,-0.23157882712012187,
-0.149396288394928,-0.03486388027667999,0.0031269665807485583,0.13342951238155365,0.004389903973788023,-0.04371985048055649,0.103704351891085,-0.06371206110974686,-0.24167870050791507,
-0.12661854028701783,-0.040373709797859196,-0.031565341353416446,0.12364067137241364,-0.002067980356514454,-0.03247120976448059,0.11105641512587755,-0.062227864438307155,-0.2441526063034498,
-0.12349554300308228,-0.0413789838552475,-0.03197367191314698,0.1336275190114975,-0.012321150861680508,-0.02607962116599083,0.11785806482898153,-0.06130078834634901,-0.24587260631552507,
-0.12597684860229494,-0.05169337391853333,-0.0701956331729889,0.11312118917703629,-0.0031998236663639545,-0.0024440670385956764,0.13161293871153013,-0.060915774127584685,-0.24893965676350097,
-0.12206071615219116,-0.05200433135032654,-0.09577973484992981,0.09434590488672256,0.0008614968392066658,0.016863852739334106,0.13804640645146402,-0.06100578205666809,-0.24964168229177375,
