-0.17415874004364015,-0.09476858973503113,-0.2932846307754517,0.16179335117340088,0.08846812695264816,0.02751307189464569,0.07187571292331535,0.00886458312929415,-0.25597302469284156,
-0.159903085231781,-0.1466291666030884,-0.41587462425231936,0.09508116543292999,0.0014493373455479741,0.03616834431886673,0.09067839851032791,0.01710998833264863,-0.2518447021715403,
-0.16203542947769167,-0.16177682876586916,-0.43603162765502934,0.04041978716850281,-0.0163272637873888,0.05634179338812828,0.0966218774320664,0.01800457722121802,-0.24967577625725454,
-0.20890450477600098,-0.16185469627380372,-0.4850311279296875,-0.031818460673093796,-0.0018130351090803742,0.11985818296670914,0.10075296016144465,0.016964109263163378,-0.24791661746297153,
-0.2105787754058838,-0.16034550666809083,-0.5131289958953857,-0.10771854966878891,-0.027379382401704788,0.1641332358121872,0.1012560187787982,0.01320058178442674,-0.2394091794392439,
-0.16150243282318116,-0.1604608416557312,-0.5206233024597168,-0.16917257010936737,-0.08803261816501617,0.1676589697599411,0.0973087053214283,0.010162251939798993,-0.23205929819863425,
-0.14327381849288942,-0.1458628058433533,-0.49201169013977053,-0.2343534380197525,-0.12045660614967346,0.18643425405025482,0.09055786736990219,0.0051040417939459,-0.2247977935299037,
-0.13361252546310426,-0.11015712022781372,-0.4499249935150147,-0.34966832399368286,-0.07085523009300232,0.20154769718647003,0.06974894224925156,-0.009957466818390581,-0.20993301983442555,
-0.10453211069107056,-0.11578904390335083,-0.35711345672607425,-0.44334501028060913,-0.06040232256054878,0.19801899790763855,0.05368522304385797,-0.016499012159660667,-0.20097469405951032,
-0.033453232049942015,-0.11903958320617676,-0.09870560169219972,-0.3824251890182495,-0.1279134452342987,0.20527611672878265,0.03272754255665994,-0.02078656230285268,-0.19119978044174946,
0.021775829792022708,-0.06656036376953126,0.23044040203094485,-0.34061357378959656,-0.11206764727830887,0.18896424770355225,0.008077892302208836,-0.02491417816959312,-0.18162509920238232,
0.25097506046295165,0.07672632336616517,0.5897244930267335,-0.2667108476161957,0.030744370073080063,0.15993580222129822,-0.030733228122897277,-0.03636376732255804,-0.16180137955426102,
0.2891879081726074,0.11992048025131226,0.8760534286499024,-0.09859881550073624,0.04439307004213333,0.1219191700220108,-0.047684506242414,-0.03654328502545088,-0.15307816609364436,
0.30557210445404054,0.16376910209655762,1.0304644584655762,0.06438665091991425,-0.0006809324258938432,0.060200419276952744,-0.05928784172396887,-0.032775199450862505,-0.1458898176526522,
0.2952786207199097,0.16949961185455323,1.0734177589416505,0.19268444180488586,0.017162246629595757,0.060932788997888565,-0.06378458939629227,-0.02981977242505352,-0.14065286154310805,
0.236543607711792,0.14371213912963868,0.8709063529968262,0.30333879590034485,0.078481525182724,0.04315618425607681,-0.05246677299699319,-0.027645153393934124,-0.13450192913423334,
0.2587349653244019,0.11322755813598634,0.7423439502716065,0.3831670582294464,0.09872155636548996,-0.02395547553896904,-0.03958166421683733,-0.024402674179129464,-0.1319246779269213,
0.2658842086791992,0.0595667839050293,0.5759390354156494,0.44168999791145325,0.09432733803987503,-0.061705783009529114,-0.023189285849739165,-0.01996394725454958,-0.13091618814463868,
0.10431668758392335,-0.057544201612472534,0.17782444953918458,0.44535186886787415,0.08800233155488968,-0.04040049389004707,0.018755592812830183,-0.010027432514729193,-0.13524198199277446,
0.034838780760765076,-0.0912813425064087,-0.032385882735252385,0.4028744399547577,0.11003998667001724,-0.01902862824499607,0.04029765806061947,-0.0060992329453398286,-0.13759962707156348,
0.042314112186431885,-0.13951714038848878,-0.16192158460617068,0.3770417869091034,0.0929291769862175,-0.009108352474868298,0.06225511956914074,-0.0010206810153997868,-0.13838971288472787,
0.04846444129943848,-0.2196579933166504,-0.32891683578491215,0.346814900636673,0.0664307251572609,-0.0008525531738996506,0.10192597393489157,0.009305903520815234,-0.13711337470607868,
0.04434840381145477,-0.21339025497436526,-0.4243849277496338,0.2940177321434021,0.052715446799993515,0.007336667738854885,0.12000781543577982,0.01272841246446559,-0.13601919914417795,
0.03082277774810791,-0.18355133533477785,-0.47361593246459965,0.21778473258018494,0.06123756244778633,0.02038615569472313,0.13624141004452547,0.015224100094531871,-0.13473171108483753,
0.026097947359085084,-0.17529704570770266,-0.5500847816467286,0.13655832409858704,0.04039832949638367,0.005672191269695759,0.15064359659098656,0.017488062902258152,-0.13309688793150187,
0.03507159352302552,-0.15150071382522584,-0.5222533226013184,0.09221627563238144,-0.0031442889012396336,-0.01949545182287693,0.16914028960628916,0.021414119671822836,-0.1293815851052251,
0.006652175635099411,-0.17278810739517214,-0.5338565826416016,0.03136304020881653,-0.0034771841019392014,0.0037406282499432564,0.17486874906361047,0.022537073323718602,-0.1295054154805705,
-0.02275945246219635,-0.18171626329421997,-0.5761716842651368,-0.051328111439943314,0.011170201934874058,0.03736303746700287,0.17890329873678623,0.0226997849604339,-0.13036109002043123,
-0.0034100770950317386,-0.14979155063629152,-0.5797889232635498,-0.1276942640542984,-0.023317735642194748,0.049613580107688904,0.1779215509608844,0.021991775517676698,-0.12831483901954813,
0.04002316892147065,-0.13198858499526978,-0.5696682453155518,-0.2239009588956833,-0.024915631860494614,0.004672734998166561,0.1727554997981668,0.02019346661027167,-0.12645631018694278,
0.06129580140113831,-0.14883352518081666,-0.6212975025177002,-0.3098544776439667,-0.086234912276268,0.00587115716189146,0.16490415056402566,0.01820339114301107,-0.12551465798781827,
-0.0037685036659240723,-0.1678337097167969,-0.47437705993652346,-0.339415580034256,-0.1439589411020279,0.02817513421177864,0.13734715354066512,0.01325011991765833,-0.1277920199434553,
0.06130581498146057,-0.17394169569015505,-0.4505946159362793,-0.43781936168670654,-0.1187254786491394,0.012262743897736073,0.12067655760644044,0.006554379915345637,-0.1292154535449913,
0.09032329320907594,-0.18342783451080324,-0.43370485305786133,-0.5460103154182434,-0.06499620527029037,0.006936422549188137,0.10191103090996845,-0.0007103608574125723,-0.13087180633568576,
0.10114217996597291,-0.18624738454818726,-0.246478271484375,-0.5071281790733337,-0.09389150142669678,-0.0009864824824035168,0.07818466614712731,-0.006006601051448953,-0.13218313237908055,
0.11257270574569703,-0.13074084520339965,0.28792407512664797,-0.47097572684288025,-0.1542786806821823,-0.06456945836544037,0.023136760781720778,-0.014536973001715336,-0.13376811646003606,
0.12163969278335572,-0.08637272715568543,0.5723244667053223,-0.35732531547546387,-0.0868341252207756,-0.024289142340421677,-0.0016330308000656565,-0.02144154351010704,-0.13634762311117363,
0.0452873557806015,0.0020683648064732554,0.856114959716797,-0.24653781950473785,0.042062871158123016,0.030239082872867584,-0.024016687221687823,-0.029044111132114185,-0.13953679375885705,
0.026895251870155335,0.12912871837615966,0.9766993522644043,-0.14440558850765228,0.06443342566490173,0.016590382903814316,-0.0415677739384871,-0.03284067265889,-0.14005614228443095,
0.08729276061058044,0.24809761047363282,1.1507539749145508,0.06931308656930923,0.000517557724379003,-0.006978594698011875,-0.06295772815988628,-0.02789861505927171,-0.13859098458911495,
0.14007138013839723,0.3043055295944214,0.9876117706298828,0.17530690133571625,0.050718143582344055,-0.050454698503017426,-0.06351722196345383,-0.02711983177364797,-0.13845123423233424,
0.1410723328590393,0.2909876823425293,0.8177291870117188,0.2593962252140045,0.06356789916753769,-0.06803156435489655,-0.05831315353800204,-0.026639533824172636,-0.13962644796564727,
0.04780973792076111,0.1771787405014038,0.4049265384674072,0.3007417917251587,0.043860506266355515,-0.07575473189353943,-0.03569746183815035,-0.021707970514641323,-0.14646773656133039,
0.002761790156364441,0.13283793926239015,0.21175036430358887,0.3043370544910431,0.004046246409416199,-0.08547526597976685,-0.020534843290057492,-0.019486766915221887,-0.15048900091692616,
-0.041121798753738406,0.09547316431999207,0.07379710674285889,0.28123340010643005,0.027548767626285553,-0.06843245029449463,-0.004760588874991569,-0.018779047040667227,-0.15470278951599967,
-0.08597446084022523,0.04256916046142578,-0.04321688115596772,0.25593337416648865,0.026416923850774765,-0.03341188281774521,0.01256985528733807,-0.01648307410883161,-0.15910143445844785,
-0.12013182640075684,-0.049573078751564026,-0.18864060640335084,0.2254401445388794,-0.03077446110546589,-0.015235809609293938,0.04038245960133136,-0.013329880201926216,-0.16428298427564095,
-0.1480509877204895,-0.07372779846191406,-0.24121429920196535,0.1972772181034088,-0.05094790831208229,0.009331852197647095,0.05257035037708393,-0.0132940130907606,-0.16534531095973534,
-0.1817141652107239,-0.10107321739196778,-0.30439789295196534,0.15599822998046875,-0.025980770587921143,0.05160953477025032,0.06381901955009626,-0.015281122718101931,-0.166291709311171,
-0.21885502338409424,-0.14284558296203614,-0.4214846134185791,0.07110996544361115,-0.0037433761171996593,0.08889379352331161,0.08206410204927148,-0.02000490123898371,-0.16458049852616582,
-0.19738937616348268,-0.16516807079315188,-0.4496293067932129,0.008991730399429798,-0.07112135738134384,0.09928011894226074,0.08726572897053374,-0.021056437280638322,-0.16079730310445842,
-0.17357779741287233,-0.1927389979362488,-0.4238255023956299,-0.02562936395406723,-0.07058872282505035,0.11206329613924026,0.08925713095370426,-0.02374461458736525,-0.1565685325501368,
-0.15784138441085815,-0.20942764282226564,-0.39689354896545415,-0.07256758213043213,-0.01952260546386242,0.14528623223304749,0.08913303897568553,-0.02883427131948384,-0.1527403877708503,
-0.19156451225280763,-0.22231848239898683,-0.43077564239501953,-0.17183691263198853,0.04239588975906372,0.19914865493774414,0.08363471911916003,-0.03737131894875857,-0.14194177812496858,
-0.18468431234359742,-0.20661394596099855,-0.4046206951141358,-0.23022672533988953,0.035671405494213104,0.21739131212234497,0.07598827454059892,-0.03850077661920562,-0.1327168142006027,
-0.17772233486175537,-0.17036551237106323,-0.34767720699310306,-0.27297043800354004,0.03167666494846344,0.2416260838508606,0.06511666884503786,-0.03864725379098019,-0.122080489389798,
-0.19455262422561648,-0.11522263288497925,-0.2014101266860962,-0.31451576948165894,-0.00014810860739089549,0.2860342860221863,0.036664694991295335,-0.039128084563731604,-0.09829068790417261,
-0.14822431802749633,-0.11614580154418946,-0.03479012548923493,-0.3021986484527588,-0.026047350838780403,0.3067403733730316,0.019086693130303298,-0.03852843326832043,-0.08472262089130081,
-0.04008447825908661,-0.07775357365608215,0.1261662483215332,-0.30486178398132324,0.024552712216973305,0.2778450548648834,0.0009656338142669871,-0.03909289519075533,-0.06967794558942147,
0.13240476846694946,-0.024344471096992493,0.532160234451294,-0.21850880980491638,0.030744561925530434,0.28403690457344055,-0.03370609119270241,-0.03786986116798653,-0.04050064705693106,
0.21234736442565919,0.032706475257873534,0.7366239547729493,-0.08947865664958954,0.10211727768182755,0.2711205780506134,-0.047977531197271335,-0.03445400718840025,-0.026673403647982458,
0.34246788024902347,0.08894529342651368,0.7890640258789063,0.04574335366487503,0.12202440947294235,0.20900234580039978,-0.056972534879727386,-0.029364003031132513,-0.012623673632101687,
0.41480584144592286,0.11906397342681885,0.8717219352722169,0.18296273052692413,0.10045280307531357,0.1640615165233612,-0.06166275917181926,-0.021378238926518814,-0.0005295939411721425,
0.4665081024169922,0.12881925106048583,0.5827986240386963,0.23469462990760803,0.13747075200080872,0.12258278578519821,-0.052234952986297545,-0.00656851087651522,0.016570734274268164,
0.4867386341094971,0.13212549686431885,0.37955703735351565,0.26558607816696167,0.14759095013141632,0.045282214879989624,-0.04082648370215478,0.0005786710146232798,0.02271290688971561,
0.4649338722229004,0.13203303813934328,0.2638815641403198,0.28116557002067566,0.07808244973421097,-0.014239437878131866,-0.02840130510186527,0.008874792039973222,0.026728200187831695,
0.42468881607055664,0.0998138964176178,0.1417943835258484,0.27024659514427185,0.0256181787699461,-0.047262635082006454,-0.014790706806128654,0.016339606593046976,0.0284138208293459,
0.33522741794586186,0.02740702331066132,-0.03678720891475678,0.2453460395336151,0.031610291451215744,-0.07555872946977615,0.013172637634668288,0.022824970181042313,0.025881455841127773,
0.2981669664382935,-0.011214206367731095,-0.0641183078289032,0.23755629360675812,0.049187153577804565,-0.09393453598022461,0.026051343874906416,0.018209994888152906,0.022663240423594765,
0.24880375862121584,-0.03610388934612274,-0.11161469221115113,0.2211778610944748,0.03154371306300163,-0.11217719316482544,0.03784126725120398,0.0029927726452382477,0.01885234455978547,
0.2293146848678589,-0.054578101634979254,-0.17367528676986696,0.19867414236068726,0.006976050324738026,-0.13567958772182465,0.04986945378103387,0.006077124853189292,0.01435861817893272,
0.2515798568725586,-0.05728273391723633,-0.27962210178375246,0.14927250146865845,-0.019788717851042747,-0.20319072902202606,0.07139961370935478,0.010878254700559736,0.002902559771295859,
0.21969163417816162,-0.07366260886192322,-0.3356134176254273,0.09813980758190155,-0.0179910846054554,-0.22003522515296936,0.08015529099945547,0.012393749219930125,-0.0056886731820525215,
0.15937361717224122,-0.10698871612548828,-0.3746879816055298,0.03289236128330231,-0.0033436990343034267,-0.21284468472003937,0.0870256481544968,0.014147267797031921,-0.01611592435197752,
0.06396756768226623,-0.16760288476943971,-0.4029239177703858,-0.031556136906147,-0.05887060984969139,-0.19280439615249634,0.09339097997405837,0.019238774088762935,-0.03768386297841219,
0.04047456383705139,-0.17159647941589357,-0.364080023765564,-0.05346063897013664,-0.10421092808246613,-0.19533440470695496,0.09235933654323587,0.0209240997776965,-0.04785469663805498,
0.05033402442932129,-0.17265316247940066,-0.34758920669555665,-0.10519254207611084,-0.09269275516271591,-0.19486834108829498,0.08984569561384989,0.0201345234553339,-0.058231047087266674,
0.006467511504888535,-0.1674489736557007,-0.40003361701965334,-0.18828317523002625,-0.13090911507606506,-0.16623936593532562,0.08089129575552648,0.015873361518115425,-0.08023242544066693,
0.025537079572677614,-0.1556855916976929,-0.3702629089355469,-0.2282305806875229,-0.15307994186878204,-0.18135280907154083,0.07292907291595095,0.012597524093995557,-0.09045104888357515,
0.061723476648330694,-0.14814187288284303,-0.3143876314163208,-0.2867535650730133,-0.14335939288139343,-0.20425598323345184,0.06283145441576256,0.007826841711548948,-0.1002211944381382,
0.05356382727622986,-0.10543930530548096,-0.1956633806228638,-0.34467729926109314,-0.09975013881921768,-0.23335102200508118,0.037225396131866394,-0.004157655963636814,-0.12162898292286622,
0.028805094957351687,-0.11148656606674195,-0.034825244545936586,-0.3227062225341797,-0.13024333119392395,-0.22915653884410858,0.020530171426155736,-0.009035827919039993,-0.13334394397377117,
-0.03436528742313385,-0.08819239139556885,0.1550009846687317,-0.3130522668361664,-0.13563622534275055,-0.2298223376274109,0.0032647425481873507,-0.013960589764043742,-0.1454538685888297,
-0.054261714220047,-0.025234892964363098,0.3183119297027588,-0.26444941759109497,-0.0854356661438942,-0.25352421402931213,-0.01247954148821699,-0.02089324892775649,-0.15697955102228744,
-0.09922229647636414,0.036639586091041565,0.8048152923583984,-0.07849422097206116,-0.03696613013744354,-0.23501524329185486,-0.040439137864571,-0.03483982250637033,-0.18039561027632395,
-0.14973154067993164,0.05676070451736451,0.8947896957397461,0.02590170130133629,0.023620786145329475,-0.1979307234287262,-0.04812276533752632,-0.03969924511184394,-0.19280332089844437,
-0.17661914825439454,0.0849496066570282,0.7761627197265626,0.11165548861026764,0.0613710954785347,-0.17256411910057068,-0.04928273106551782,-0.042612587775677675,-0.20413585996145736,
-0.1594542145729065,0.14109783172607424,0.5548678398132324,0.1805647760629654,0.06470004469156265,-0.18368281424045563,-0.04049286414059827,-0.041381130646448404,-0.2234903038746257,
-0.1699394464492798,0.12421514987945557,0.42114005088806156,0.2227758914232254,0.056111350655555725,-0.18022070825099945,-0.031446086707415284,-0.038852974653476494,-0.2329846100256282,
-0.20930750370025636,0.09585556983947754,0.3033437490463257,0.23848854005336761,0.048587922006845474,-0.1348138153553009,-0.02036911439407014,-0.03666974790885172,-0.24269346012825938,
-0.257549262046814,0.05613576173782349,0.18204157352447511,0.24001985788345337,0.03533869609236717,-0.10065875947475433,-0.007907410754581987,-0.03425632361951001,-0.25184397664868036,
-0.2961884498596192,0.024580539762973787,-0.01102399080991745,0.21145744621753693,0.03400711342692375,-0.06204292178153992,0.017674547405392756,-0.029562895100561683,-0.264462732838528,
-0.2971618890762329,0.005726945400238038,-0.055227613449096685,0.20193664729595184,0.015032090246677399,-0.031882625073194504,0.029845274560398545,-0.022920676041435866,-0.2687960014542237,
-0.24201836585998537,-0.013713200390338898,-0.08869733810424806,0.18316136300563812,0.010704453103244305,0.007332424633204937,0.04180552598945738,0.011289047135975963,-0.27379305388293623,
-0.2257028341293335,-0.0540964961051941,-0.17581554651260378,0.15633001923561096,0.031144216656684875,0.046414315700531006,0.061665355666672916,0.014233791617002778,-0.2746869442074982,
