-0.15742857456207277,-0.05672744512557984,-0.3208575963973999,0.15952973067760468,0.08228716254234314,0.001023571938276291,0.08207606441944677,-0.004309007499892996,-0.32706510173602527,
-0.16982382535934448,-0.05061604380607605,-0.3275258779525757,0.13795757293701172,0.06011644005775452,0.024125467985868454,0.09068177929950616,0.00013956611276245512,-0.32684030372467815,
-0.15808528661727905,-0.043822753429412845,-0.39981286525726323,0.08356250822544098,0.019702967256307602,0.03151573985815048,0.1057436659619134,0.0064858456328920275,-0.32326499442767853,
-0.13086973428726198,-0.03106326758861542,-0.393553900718689,0.05227036401629448,0.03581509366631508,0.025523625314235687,0.11083167576023437,0.007348937015251385,-0.32116777848981415,
-0.11924585103988648,-0.037026727199554445,-0.4141129493713379,-0.008982342667877674,0.06284617632627487,0.04836023226380348,0.1147568797283708,0.007877259976948655,-0.319381917462013,
-0.11587517261505127,-0.060756349563598634,-0.47646508216857913,-0.10598798841238022,0.05172748118638992,0.06846710294485092,0.11712189569505783,0.011375950363177552,-0.31415716169960756,
-0.09661229848861695,-0.05184332728385926,-0.4774702072143555,-0.1509954184293747,0.0377458855509758,0.06140971928834915,0.11392953662998889,0.01304504165815294,-0.3099992915029325,
-0.09379199147224426,-0.04407084882259369,-0.43364949226379396,-0.19660204648971558,0.039343781769275665,0.05515129119157791,0.10780658255738892,0.01399907509168853,-0.30596943042130764,
-0.1304440140724182,-0.05147475600242615,-0.44001183509826663,-0.23854683339595795,0.005255318246781826,0.08904001861810684,0.10006718516205751,0.014887206010080117,-0.30247640399403203,
-0.20713486671447756,-0.0805448591709137,-0.37100067138671877,-0.28615081310272217,-0.014318916015326977,0.13764269649982452,0.07854675654627871,0.015237655494564368,-0.29481259463129067,
-0.14612284898757935,-0.08263496756553651,-0.3841592311859131,-0.39147883653640747,-0.02117655612528324,0.12705664336681366,0.06561171240490837,0.013103646808165469,-0.28877206941803624,
-0.11516002416610718,-0.07807981371879578,-0.37501556873321534,-0.4133167564868927,-0.06298818439245224,0.15828220546245575,0.049683726323109946,0.011095381442298586,-0.2822424956096992,
-0.16520657539367678,-0.06665127873420716,-0.09546188712120057,-0.4428112804889679,-0.0711774080991745,0.22978807985782623,0.00887588801975674,0.005623940074102083,-0.26808420069335226,
-0.09484727382659913,-0.08268347382545471,-0.01514589786529541,-0.5176461338996887,-0.07244240492582321,0.26114681363105774,-0.018943714472408245,0.009603897352093962,-0.25797363446828137,
-0.004302475228905678,-0.08166904449462892,0.17970689535140993,-0.39787042140960693,-0.1524703949689865,0.2785239517688751,-0.04259743820308023,0.007397301910760419,-0.24513131627672471,
0.18083301782608033,0.041877612471580505,1.1258131980895996,-0.12782591581344604,-0.155999094247818,0.25648629665374756,-0.0894545734100624,0.0024107464063453624,-0.2161601055268301,
0.46562037467956546,0.1574687361717224,1.3732530593872072,0.0650535374879837,-0.005397326312959194,0.0809839591383934,-0.1015075129303753,-0.0021476812906534425,-0.19961220183723866,
0.6294635295867921,0.3178091287612915,1.5188141822814942,0.2384253293275833,0.12589651346206665,-0.01315879076719284,-0.10546620527778221,-0.004395120406807376,-0.18730900563718064,
0.34243826866149907,0.14863479137420654,1.2327830314636232,0.41738978028297424,0.1358833760023117,0.009677817113697529,-0.09018222331867648,0.0026170956419303477,-0.18624546036958142,
0.24681756496429444,0.0056931089609861376,0.9453164100646974,0.5033432841300964,0.04047562554478645,0.031648896634578705,-0.07261591548450542,0.010021938240847955,-0.18834212973200226,
0.182976508140564,-0.08276816010475159,0.630245065689087,0.519254744052887,0.02995629422366619,0.02558840438723564,-0.04987192223621497,0.01566904539815694,-0.1885497547981903,
0.16712861061096193,-0.14835469722747804,0.11359817981719972,0.48596519231796265,0.03621472418308258,0.004283115267753601,0.002344274772222382,0.019457749795640272,-0.18598226213283806,
0.1575463891029358,-0.13309415578842163,-0.045187813043594365,0.46785569190979004,-0.0014024266274645925,-0.032268770039081573,0.02433844532173972,0.01797645512929595,-0.18533267578165283,
0.14978302717208863,-0.14300957918167115,-0.15222713947296143,0.44315487146377563,0.001327313482761383,-0.05597090348601341,0.048787676796689015,0.019117698785840517,-0.18553671605549135,
0.11516294479370118,-0.14452087879180908,-0.23103363513946534,0.4193861484527588,0.015974698588252068,-0.05517195537686348,0.07240351472735353,0.01936664087356494,-0.1872924852616445,
0.09917159676551819,-0.17842704057693481,-0.2849613904953003,0.3573344945907593,0.018304964527487755,-0.03413298353552818,0.09494662674298991,0.020000896158933426,-0.1899444152992424,
0.03205998241901398,-0.18264726400375367,-0.42711496353149414,0.28130125999450684,0.008850743994116783,-0.004438736941665411,0.13503214759212953,0.02323968094585068,-0.19373754390757772,
0.03337624371051789,-0.1555940389633179,-0.4206092357635498,0.2323656678199768,0.007386005017906427,-0.027341924607753754,0.15084815927229184,0.024141619249324637,-0.19408082250463765,
0.04932556450366974,-0.13445765972137452,-0.4703827857971192,0.1673179566860199,0.02243286557495594,-0.04631694406270981,0.1772345500216093,0.025609276777481302,-0.19498533533644652,
0.022449485957622528,-0.1357970952987671,-0.4458922386169434,0.137290820479393,0.032020244747400284,-0.026143498718738556,0.18675241209458185,0.027335589101979644,-0.1964403564176084,
-0.012882401049137116,-0.13726178407669068,-0.4431393623352051,0.08842181414365768,0.017572594806551933,-0.01575717143714428,0.19484799229098188,0.029510064194913237,-0.1975713932688344,
-0.01940004974603653,-0.12659103870391847,-0.45770878791809083,0.052668873220682144,-0.012254808098077774,-0.007035319227725267,0.20169994603260613,0.03152999829784912,-0.1977758476260922,
-0.02531850636005402,-0.10778692960739136,-0.45963239669799805,0.032695163041353226,-0.003999008797109127,-0.0003108372911810875,0.20956194376411644,0.0329678587166297,-0.19840157675965917,
-0.0462734192609787,-0.08634346723556519,-0.4951520442962647,-0.05339151993393898,0.028491556644439697,0.014935760758817196,0.21170987230951965,0.032674963513025276,-0.19887709988705307,
-0.030050501227378845,-0.0824066460132599,-0.5372326850891114,-0.11158158630132675,0.011314167641103268,0.019063659012317657,0.21223319278602332,0.03279248498577034,-0.19830259060539548,
0.001670479215681553,-0.07419002652168274,-0.4763344287872315,-0.14287373423576355,-0.015916654840111732,0.01673339307308197,0.20476222320130164,0.03347184556958147,-0.19564123633938246,
0.001670479215681553,-0.07419002652168274,-0.4763344287872315,-0.15625612437725067,-0.02077692560851574,0.010674702934920788,0.20476222320130164,0.03347184556958147,-0.19564123633938246,
0.045670327544212345,-0.0922751009464264,-0.46269016265869145,-0.20792144536972046,-0.006662169937044382,0.0027517983689904213,0.19024817264789115,0.03134378897265598,-0.19515057010202078,
0.06289026737213135,-0.09354979395866395,-0.4703393936157227,-0.26677730679512024,0.01790549047291279,-0.022548232227563858,0.18105085783378738,0.030421631382088223,-0.19535868362634223,
0.05808156728744507,-0.11803271770477296,-0.5015366554260254,-0.3524645268917084,0.020768389105796814,-0.042322203516960144,0.1572114752153806,0.031090772323776092,-0.19600089451594063,
0.01605675965547562,-0.17744961977005005,-0.46846647262573243,-0.44214585423469543,-0.08529210835695267,-0.00010994356125593185,0.14107703669941998,0.033631401444059315,-0.19721321951876436,
0.01390528976917267,-0.19804153442382813,-0.44962673187255864,-0.5288317203521729,-0.11718346178531647,-0.03399866819381714,0.12198912039454653,0.03422148502604994,-0.19861979866536233,
0.03445760607719422,-0.19886293411254885,-0.3745902538299561,-0.6786345839500427,-0.12450715899467468,-0.027340766042470932,0.07328003447997468,0.025310470803255512,-0.20306783943322423,
-0.0004219322465360165,-0.23544385433197024,-0.1824630856513977,-0.6625890135765076,-0.20892935991287231,0.03657510131597519,0.04156224123782347,0.019751990334267923,-0.20626672756571307,
0.018637728691101075,-0.26967854499816896,0.1517592191696167,-0.5568615198135376,-0.33143478631973267,0.0715290904045105,0.004478272546945671,0.012932410001135685,-0.20780119525851237,
0.24006760120391846,-0.24542715549468996,0.9043790817260743,-0.35233074426651,-0.22963543236255646,0.08824042975902557,-0.0587725333485689,-0.012455975795908073,-0.2010831341591418,
0.23682847023010256,-0.04592597484588623,1.2330236434936523,-0.14866548776626587,0.06943755596876144,0.09549754112958908,-0.08284866139987748,-0.027739239699601726,-0.19445074900642365,
0.2825812816619873,0.17732142210006716,1.3299129486083985,-0.06470933556556702,0.16797451674938202,0.021994292736053467,-0.09856420524335563,-0.034059006524029635,-0.18801033046259927,
0.3171325445175171,0.3581530094146729,1.2444078445434572,0.07330898940563202,0.05365832895040512,-0.07507792860269547,-0.10652111763704485,-0.029162685021684304,-0.18474253701813725,
0.28675031661987305,0.40178747177124025,1.2069138526916505,0.3037390112876892,-0.043680209666490555,-0.15543882548809052,-0.10818431946129675,-0.01755018247572018,-0.1897692609104665,
0.19831773042678835,0.28001520633697513,1.0331836700439454,0.39295491576194763,0.06890492141246796,-0.12894035875797272,-0.09802473224330169,-0.020932744842266784,-0.1958283829378403,
0.143004047870636,0.1530160188674927,0.760151243209839,0.41039860248565674,0.12829342484474182,-0.08666267991065979,-0.08125742623724876,-0.02458174721616521,-0.20294817305822288,
0.0470479041337967,0.02853253185749054,0.2431792497634888,0.4209181070327759,0.07269992679357529,-0.07760792970657349,-0.039777145099216676,-0.017812046425615537,-0.2159090044334971,
0.017986470460891725,0.00868116244673729,0.0821601688861847,0.4162575602531433,0.0523267462849617,-0.07820714265108109,-0.01864663255397147,-0.01286260136282848,-0.22032257806255232,
-0.012513972818851471,-0.0057171985507011415,-0.07001673579216004,0.3536067008972168,0.08894520998001099,-0.06948529183864594,0.0031473395331373458,-0.00975098476902984,-0.22437809430447728,
-0.05692260265350342,-0.050523322820663456,-0.31176598072052003,0.2627929151058197,0.10439154505729675,-0.04178841784596443,0.043346731370276205,-0.0024445299741067904,-0.23140320921357915,
-0.07759566903114319,-0.08040999174118042,-0.30867121219635013,0.2417539358139038,0.060249652713537216,-0.019284702837467194,0.05855400130801944,0.003380688421860124,-0.23336855051798597,
-0.08494460582733154,-0.10754793882369995,-0.29308009147644043,0.22204653918743134,0.042739368975162506,0.0024200594052672386,0.07160537712697489,0.008527351909747447,-0.2342229886963214,
-0.09840588569641114,-0.10873103141784668,-0.3225749731063843,0.18849071860313416,0.0505291149020195,0.012207177467644215,0.08386670984771079,0.011830068560465597,-0.23434240273476598,
-0.09827117919921875,-0.06808030009269715,-0.3987557649612427,0.14621302485466003,0.060715705156326294,0.016135338693857193,0.10551530986932205,0.016246902556343836,-0.2324838753855699,
-0.08947483897209169,-0.05167794823646546,-0.40647091865539553,0.10187139362096786,0.06277965009212494,0.019996922463178635,0.11406981335594252,0.01862404631932844,-0.2307790111373025,
-0.08074072003364563,-0.0510843575000763,-0.4307712078094483,0.049939755350351334,0.04686726629734039,0.025123506784439087,0.12142449402391702,0.021237335516581163,-0.22880398437202773,
-0.07679224014282227,-0.06552324891090393,-0.45617079734802246,-0.009648477658629417,0.07622861862182617,0.04855932667851448,0.13023947012628895,0.02570438627520847,-0.22444611601988362,
-0.10303480625152589,-0.07104559540748596,-0.45458593368530276,-0.054988794028759,0.10785365104675293,0.05415196344256401,0.13152223016139764,0.027491185205198814,-0.2218508202794601,
-0.10107202529907228,-0.061499834060668945,-0.4821232795715332,-0.1265612542629242,0.11997103691101074,0.054418276995420456,0.129518986740887,0.03376117800843542,-0.2133943968033424,
-0.10383918285369874,-0.07296378016471863,-0.48758873939514163,-0.23095716536045074,0.09546995162963867,0.056948285549879074,0.1255441876947674,0.0381411027888133,-0.20862477743305938,
-0.08621919751167298,-0.10778882503509522,-0.524641752243042,-0.3071235716342926,0.09480416774749756,0.04862590506672859,0.11867996838282971,0.04247232662929434,-0.20378042841196273,
-0.07701629400253296,-0.13521558046340942,-0.5130208492279053,-0.34960100054740906,0.09613574296236038,0.06227460876107216,0.10753676902700497,0.04604188247803113,-0.19941908993888285,
-0.15542553663253786,-0.09619278311729432,-0.4159925937652588,-0.44167980551719666,0.13994474709033966,0.07525751739740372,0.07612411205341281,0.05374997485769072,-0.1913018138143606,
-0.15378030538558962,-0.11516871452331544,-0.42093720436096194,-0.59068363904953,0.0920744240283966,0.11041124910116196,0.057403688090898575,0.05883115394722813,-0.1865533171526091,
-0.17199807167053224,-0.1668628215789795,-0.3872336149215698,-0.5940791964530945,-0.05067100748419762,0.14143706858158112,0.034501995609560084,0.0654287105358602,-0.18134754140793508,
-0.1840340256690979,-0.2446067571640015,0.03884366154670715,-0.5464085936546326,-0.30546897649765015,0.22785665094852448,-0.025396426752464823,0.07214430776257737,-0.16952082931223802,
-0.1765777111053467,-0.25389528274536133,0.2592721700668335,-0.4462071657180786,-0.4449520409107208,0.35528889298439026,-0.05221591660270212,0.06456461961014434,-0.159916884110969,
-0.10997185707092286,-0.2626216888427734,0.5858386039733887,-0.27436670660972595,-0.35420480370521545,0.4378468990325928,-0.07659864242219655,0.050180233720403256,-0.1441540557070197,
0.5165069580078125,-0.14594261646270754,1.3298406600952148,0.02457314357161522,-0.005863322876393795,0.33351755142211914,-0.1110301872328734,0.021791550668739595,-0.09565525934918466,
0.8310158729553223,0.07959831953048707,1.4586685180664063,0.21199311316013336,0.09780021756887436,0.1346459984779358,-0.11635588792140142,0.02044523607873841,-0.07219329572745695,
0.7968525886535645,0.22192783355712892,1.2430703163146974,0.28589582443237305,0.013111700303852558,0.10941255837678909,-0.11204797406521054,0.027120703120430297,-0.059039580185658656,
0.5257760047912597,0.19120098352432252,0.7025887489318848,0.3254437744617462,0.017705652862787247,0.047494061291217804,-0.0870943575595306,0.03769377149481829,-0.04841245609196842,
0.5487014770507813,0.1340963363647461,0.5110068321228027,0.36272650957107544,0.061048850417137146,-0.03500018268823624,-0.0709033220415362,0.03908782962365418,-0.04432537465918508,
0.5215044975280761,0.07070673704147339,0.3680593013763428,0.37178125977516174,0.04946409910917282,-0.07954155653715134,-0.05369800468642501,0.040802151574407246,-0.043354160382479044,
0.3364502668380738,-0.030804771184921267,0.08316449522972108,0.3637917637825012,0.020302483811974525,-0.08779735118150711,-0.017208493140232456,0.04598892432454051,-0.04934828447517453,
0.2078887939453125,-0.04077906012535096,-0.018379639089107513,0.3353625237941742,-0.0016020173206925392,-0.05723757669329643,-0.001305001310534019,0.037086146222388254,-0.05473144672908919,
0.1492871403694153,-0.07236149311065675,-0.11815924644470216,0.29301828145980835,-0.012853872962296009,-0.04412151128053665,0.016386652816816092,0.037283659941568036,-0.05887588717377036,
0.14407594203948976,-0.08307945132255555,-0.18660017251968386,0.2880248427391052,-0.015916507691144943,-0.05577284097671509,0.032908531306786316,0.03733522727852983,-0.06168162992800714,
0.1547849178314209,-0.08126775026321412,-0.23341886997222902,0.27783825993537903,-0.019778091460466385,-0.07681181281805038,0.062151426605988255,0.03672387588811662,-0.06670266194068554,
0.1555269479751587,-0.08350391983985901,-0.2971398115158081,0.24647952616214752,-0.03276100009679794,-0.0829370841383934,0.07636809355073865,0.036584697973882675,-0.0701246491085813,
0.1272660493850708,-0.0704552710056305,-0.3546105623245239,0.16545285284519196,-0.02383941225707531,-0.0762791782617569,0.08981234264422198,0.03650547907504392,-0.07436267131909244,
0.11165760755538941,-0.07087411284446717,-0.42790112495422367,0.12344148755073547,-0.013919137418270111,-0.08380261063575745,0.10156185308796134,0.036145096661972735,-0.07890846620980246,
0.11281211376190187,-0.05252413153648377,-0.40111627578735354,0.08828776329755783,-0.018646249547600746,-0.0997815802693367,0.11636836599254115,0.03686552952931178,-0.08729189013353739,
0.1143350124359131,-0.05493866801261902,-0.4252786636352539,0.044012703001499176,-0.03322705253958702,-0.11609344184398651,0.12144401043490619,0.03780418405076749,-0.0918952199891856,
0.11707137823104859,-0.06579220294952393,-0.4430426597595215,0.010590032674372196,-0.06265498697757721,-0.1117658019065857,0.12490033016368146,0.03885748479668011,-0.09716700181170161,
0.07077133655548096,-0.05535744428634644,-0.45646352767944337,-0.05971742421388626,-0.0565962940454483,-0.10790421813726425,0.12670025739129084,0.039239443205297826,-0.10972675608565739,
0.061514782905578616,-0.04874669909477234,-0.4895203590393067,-0.10818695276975632,-0.0589931383728981,-0.10630632191896439,0.12502422394691717,0.038354064980668144,-0.11615945966218147,
0.0741817831993103,-0.07168904542922974,-0.48737535476684574,-0.15732228755950928,-0.07910000532865524,-0.11429580301046371,0.12078686753115658,0.03781097851938575,-0.1223475420352152,
0.11975007057189942,-0.10745493173599244,-0.48253746032714845,-0.21018603444099426,-0.06904657185077667,-0.13979557156562805,0.11443372398832684,0.03681089270942675,-0.1285554723833362,
0.20229594707489015,-0.10473250150680542,-0.5161430358886719,-0.33402302861213684,-0.07690289616584778,-0.16189980506896973,0.09538852321984957,0.03357804261321678,-0.1428665503975531,
0.20496480464935304,-0.11134319305419922,-0.541847562789917,-0.4058617949485779,-0.11598479002714157,-0.23007673025131226,0.08124037662330834,0.03264388142048118,-0.1510055010513318,
0.24662811756134034,-0.13257718086242676,-0.4885120868682862,-0.42470166087150574,-0.12710382044315338,-0.26649174094200134,0.0625637128594773,0.03045421895577597,-0.1604424499810333,
0.15508137941360475,-0.18526734113693238,-0.3267326593399048,-0.610457181930542,-0.053933460265398026,-0.26642516255378723,0.018624342512653033,0.02148057694919052,-0.1863368050216799,
0.04574126601219178,-0.21574554443359376,-0.24660081863403321,-0.6857580542564392,-0.11898116767406464,-0.2469840794801712,-0.007489038271628211,0.01661076840140039,-0.20031590461858215,
-0.06270257234573365,-0.24938099384307863,0.16135382652282715,-0.4052605926990509,-0.2732447683811188,-0.21895430982112885,-0.046746713881295344,0.012547968043220187,-0.21370587653644516,
0.05796542763710022,-0.07361189723014831,1.4029087066650392,-0.15505659580230713,-0.12370828539133072,-0.27208438515663147,-0.10678046813938413,-0.010745039120045912,-0.23304507797580354,
0.17491263151168823,0.07337025403976441,1.458817481994629,-0.058450423181056976,0.1447383612394333,-0.2728167474269867,-0.1194263558372914,-0.026772656667650507,-0.2407645181131874,
0.04691477715969086,0.130717670917511,1.4022451400756837,0.1333637535572052,0.14527098834514618,-0.1933879554271698,-0.12493446272102418,-0.03450317559250638,-0.25344629176122224,
-0.14858003854751586,0.11262700557708741,1.387943458557129,0.30154237151145935,0.061847470700740814,-0.157901331782341,-0.12586316227166913,-0.03313107625100319,-0.2689364609393331,
-0.18684859275817872,0.0582524836063385,0.9291701316833496,0.39475300908088684,0.06044930964708328,-0.135597363114357,-0.10565771159272105,-0.028658627077919517,-0.29118286986092223,
-0.16671301126480104,0.03440990447998047,0.6139307022094727,0.39009249210357666,0.07849222421646118,-0.12467840313911438,-0.08690537570463176,-0.02873751281608793,-0.29911180070652427,
-0.14116729497909547,0.02290748953819275,0.3081226825714112,0.38876089453697205,0.047532979398965836,-0.11828681826591492,-0.06613188446842545,-0.027079055454496345,-0.30655909409395354,
-0.16937109231948855,-0.008231540024280549,-0.04640008807182312,0.3594661355018616,0.025695057585835457,-0.10683523118495941,-0.02535730634015287,-0.016876506646775945,-0.3198865926595867,
-0.18231658935546877,-0.03523281216621399,-0.1613560676574707,0.30640265345573425,0.0737651139497757,-0.06775333732366562,-0.005759751402002656,-0.015601071765910978,-0.32567313985153323,
-0.2180039405822754,-0.05763939023017883,-0.23767120838165284,0.2814355194568634,0.09973093867301941,-0.03013618476688862,0.012513199056421108,-0.013983507598533949,-0.3309567225611681,
-0.21151344776153566,-0.07708424925804139,-0.2870198249816895,0.2692515552043915,0.07396485656499863,-0.008431421592831612,0.04339847952964422,-0.005344080046672086,-0.3360862456043661,
-0.18216042518615724,-0.06888223290443421,-0.3264494895935059,0.22863833606243134,0.04480323940515518,-0.003770889714360237,0.057525899229343265,-0.0006498661959293465,-0.3361641749830472,
