-0.14399471282958984,-0.08123608827590943,-0.08318527936935426,0.1394207924604416,-0.013652877882122993,0.025653956457972527,0.1399119809057059,-0.06188519083191562,-0.23773122615183073,
-0.14881325960159303,-0.10164387226104737,-0.10361388921737671,0.11285576224327087,0.011980048380792141,0.05448266863822937,0.15396805472850747,-0.06485866674108284,-0.2371700966677728,
-0.15023354291915894,-0.10586639642715455,-0.13563938140869142,0.0835609957575798,0.01604137010872364,0.06593426316976547,0.16020492693590216,-0.06589014682592352,-0.23532445128859855,
-0.14252135753631592,-0.10581002235412598,-0.15286779403686523,0.052202269434928894,-0.009524977765977383,0.07498901337385178,0.1650001308620821,-0.06668702798983608,-0.23227356675596958,
-0.14719913005828858,-0.09980849027633668,-0.17136932611465455,0.025504078716039658,-0.028100525960326195,0.08743929117918015,0.17085883466981758,-0.06973274038323608,-0.2256515558871439,
-0.1469675660133362,-0.09513217210769653,-0.1466369152069092,0.007727478630840778,-0.008193396963179111,0.10381773114204407,0.17200858028369595,-0.07292726170286529,-0.2227515624558438,
-0.13443526029586791,-0.09763707518577576,-0.13846837282180788,-0.011380703188478947,0.013178471475839615,0.108211949467659,0.17235606814213733,-0.07646721873815279,-0.21936391079679396,
-0.09392575025558472,-0.08631066083908082,-0.1297163486480713,-0.026427563279867172,0.01983637362718582,0.10028904676437378,0.1699299046561697,-0.08189242620804411,-0.20975604419718602,
-0.08748801350593567,-0.07341374158859253,-0.127669358253479,-0.06058446317911148,0.008584821596741676,0.09642399102449417,0.16747532071818896,-0.08379371490872323,-0.20462834639472144,
-0.10172197818756104,-0.06641243696212769,-0.11465065479278565,-0.0625152587890625,-0.0049972995184361935,0.11013926565647125,0.16400444543557896,-0.08535508894678012,-0.19988194417268745,
-0.10219467878341676,-0.06400884985923767,-0.0856637716293335,-0.08768212795257568,0.01231324765831232,0.12545245885849,0.15514166291235418,-0.09019690888741065,-0.19026272259230562,
-0.09380595088005067,-0.06249275803565979,-0.07726740837097168,-0.10559188574552536,0.03934433311223984,0.12179059535264969,0.14975681863664067,-0.09294862186538802,-0.18462094980471125,
-0.07840324640274049,-0.05714795589447022,-0.05561643838882446,-0.11118452996015549,0.037946172058582306,0.11499954015016556,0.14310689453207917,-0.09490141866358077,-0.1781101789814772,
-0.06841114759445191,-0.053431570529937744,-0.032669082283973694,-0.11764269322156906,0.027759581804275513,0.10900742560625076,0.13575092657572504,-0.0957369568658948,-0.17129617123251023,
-0.06375967264175415,-0.047101110219955444,-0.014576035737991334,-0.1430758684873581,0.06837278604507446,0.09256240725517273,0.12048904046619803,-0.09697433183439098,-0.15873002707233153,
-0.0833799183368683,-0.04880537688732148,-0.006931868195533753,-0.18002723157405853,0.13049101829528809,0.10214978456497192,0.1121956173659192,-0.0970301983331244,-0.1530283483966506,
-0.0981168568134308,-0.056385093927383424,0.04927119910717011,-0.18741750717163086,0.13408629596233368,0.11593164503574371,0.088423149260652,-0.08503493979013811,-0.13949628709415582,
-0.09039244651794434,-0.060342770814895634,0.11644945144653321,-0.1629830002784729,0.10485810041427612,0.10308188945055008,0.07680408767250095,-0.07968460935263645,-0.13200974641560223,
-0.06828296184539795,-0.05911091566085816,0.17244522571563722,-0.1227027028799057,0.09520413726568222,0.093561090528965,0.06580895343732883,-0.07471330289628153,-0.12474210383308101,
-0.054382783174514775,-0.059968316555023195,0.21127157211303713,-0.11251610517501831,0.10792072862386703,0.09542530030012131,0.05630634709995376,-0.07050952396145681,-0.11847890410280305,
0.01137683242559433,-0.06819828152656555,0.25656723976135254,-0.09973293542861938,0.20066532492637634,0.09689003974199295,0.04166786646665166,-0.06189468474774206,-0.10720183585162445,
0.036695241928100586,-0.061610263586044316,0.29078519344329834,-0.06817447394132614,0.259454607963562,0.08969950675964355,0.03493773203438049,-0.055190386970683965,-0.10118859540665608,
-0.00360722690820694,-0.035757172107696536,0.3119860172271729,-0.05252839997410774,0.20832191407680511,0.12312217801809311,0.02926143919738241,-0.04474510836795633,-0.09526599781438698,
-0.0064550466835498815,0.06729214191436768,0.3898025035858155,-0.01391256507486105,0.09620282053947449,0.10374768078327179,0.021682230070173968,-0.021084068190287106,-0.08276155101190297,
0.03926129937171936,0.1291649341583252,0.4877623558044434,0.09674178063869476,0.011247983202338219,0.04249497875571251,0.01931547319698536,-0.013642435919444152,-0.07590936435793362,
0.07383608222007752,0.1074179768562317,0.5715102195739746,0.1872226893901825,-0.0002701888151932508,0.032774440944194794,0.01978092803549769,-0.010549551549766422,-0.071365536432636,
0.06896927356719972,0.06093500852584839,0.5517866134643555,0.1962108612060547,0.00325849954970181,0.04023129120469093,0.025078177085309107,-0.010185427449328655,-0.06926303975213155,
0.06896927356719972,0.06093500852584839,0.5517866134643555,0.1962108612060547,0.00325849954970181,0.04023129120469093,0.025078177085309107,-0.010185427449328655,-0.06926303975213155,
0.18555407524108888,0.026706868410110475,0.23357555866241456,0.33376479148864746,0.01244613528251648,0.03577358275651932,0.06981026924142487,-0.00446942939063424,-0.05336310120581161,
0.1694643497467041,0.021801805496215822,0.1189613699913025,0.3278392553329468,0.04919775575399399,0.009208548814058304,0.08502720263088094,-0.003739743779329332,-0.049664773238006575,
0.12583976984024048,-0.025104862451553345,-0.03475260138511658,0.26745206117630005,0.09027702361345291,0.0221248809248209,0.10214915163382204,-0.004400561802662913,-0.047936138969600646,
0.06669107675552369,-0.0809398114681244,-0.15599294900894167,0.23296412825584412,0.01996956579387188,0.019461719319224358,0.1335117279677766,0.0009045083787988974,-0.044123338021809,
0.03811816871166229,-0.09670395255088807,-0.10903925895690919,0.2780381441116333,-0.08176318556070328,0.015466976910829544,0.1456865618803361,0.003622919678184749,-0.04161352955757407,
0.014585602283477784,-0.09945939779281616,-0.09409607648849488,0.23689229786396027,-0.05027130991220474,0.01087302528321743,0.1581699864117839,0.0026784996559880026,-0.04104255350736186,
0.025512123107910158,-0.10343900918960572,-0.16630536317825317,0.19215118885040283,0.005455337464809418,0.005546702072024345,0.17215550748457473,-0.0011002294834620186,-0.04233706495455031,
0.026585254073143008,-0.0969596803188324,-0.15916340351104738,0.1733759045600891,0.005921390373259783,-0.01422726921737194,0.19536602799291625,-0.004782547753497944,-0.043457028799308975,
0.019362816214561464,-0.0990861713886261,-0.13081778287887574,0.18189801275730133,-0.02204180136322975,-0.031937289983034134,0.20445187842992707,-0.004116843326304579,-0.043093855383847315,
-0.012927249073982239,-0.0960811495780945,-0.12336368560791017,0.173309326171875,-0.027767598628997803,-0.013827795162796974,0.21327977123747052,-0.003508174730880198,-0.04376273596883035,
-0.06719827055931092,-0.11498290300369263,-0.18373610973358157,0.12264267355203629,-0.016049688681960106,0.0076772309839725494,0.23151409636293316,-0.0036373599564777596,-0.04720811875507699,
-0.03797703981399536,-0.1041341781616211,-0.18055304288864138,0.11658398061990738,-0.022241538390517235,-0.012363055720925331,0.2390070587468147,-0.004577092544210269,-0.04784751789735293,
-0.015650682151317596,-0.10272356271743775,-0.14067595005035402,0.1094600260257721,-0.024904699996113777,-0.022616226226091385,0.24498548394037953,-0.0053592658128213035,-0.048301904616724144,
-0.02111282050609589,-0.10870301723480225,-0.15010504722595217,0.08895368874073029,0.002592439064756036,-0.012829110026359558,0.2509149189172874,-0.005712830286629867,-0.04958201388577442,
-0.035303592681884766,-0.11243604421615601,-0.19058622121810914,0.050737325102090836,0.019570091739296913,0.006212492473423481,0.2614797082715985,-0.005421318056932887,-0.052116862664305014,
-0.04378733336925507,-0.1016266942024231,-0.19778952598571778,0.04035099595785141,-0.005064149387180805,0.006811704486608505,0.26513372804230945,-0.0046083446619583,-0.05153437613617966,
-0.03353170156478882,-0.0766946017742157,-0.1788503170013428,0.022374657914042473,-0.001468881731852889,-0.0004454096779227257,0.26761014214077394,-0.004388258339180289,-0.050738231205280315,
-0.025425371527671815,-0.049145862460136414,-0.1915245532989502,-0.004457654431462288,0.017040247097611427,0.0023491084575653076,0.2711438573110367,-0.004945462065539005,-0.05078757296882941,
-0.014088377356529236,-0.04896669089794159,-0.17621034383773804,-0.027427418157458305,0.029889998957514763,0.009206748567521572,0.27145094418442267,-0.004640176184888199,-0.05042588115888707,
-0.01755499690771103,-0.05123403072357178,-0.15299984216690066,-0.02469767816364765,0.011114711873233318,0.00914017017930746,0.2706152411948441,-0.00400763299303908,-0.04934808566491948,
-0.02359519600868225,-0.05507267713546753,-0.12966537475585938,-0.018039776012301445,-0.014984266832470894,0.012402542866766453,0.26924180612605403,-0.003364448390831816,-0.04796215314155666,
-0.022890977561473846,-0.03698176443576813,-0.13232059478759767,-0.030490053817629814,-0.025037700310349464,0.0032146358862519264,0.26694309051240006,-0.003962313058867399,-0.046977565395873694,
0.0019412903115153314,-0.03909457325935364,-0.1357998013496399,-0.0619819350540638,0.0005286468658596277,-0.007304850034415722,0.26589261080588567,-0.005050238079410267,-0.04751769654909421,
0.008548177033662797,-0.03576355278491974,-0.15000534057617188,-0.07902616262435913,0.021101567894220352,-0.009302221238613129,0.26417221306656935,-0.005875113335896845,-0.048318088866542534,
-0.02221582978963852,-0.010790891945362091,-0.10684375762939453,-0.07509800046682358,0.018172090873122215,-0.017225125804543495,0.2574613651835081,-0.004905201970813335,-0.0483636500507692,
-0.018171803653240205,-0.026360234618186953,-0.10223108530044556,-0.07649616152048111,-0.00912531279027462,-0.02321723848581314,0.25344451475115437,-0.003677823763118329,-0.04794452647375565,
-0.017310535907745363,-0.046378761529922485,-0.10637599229812622,-0.11777515709400177,-0.013719265349209309,-0.017957493662834167,0.24965742208046277,-0.0024771813663234943,-0.04803531894474892,
-0.0445344090461731,-0.03552287220954895,-0.12266341447830201,-0.15672388672828674,0.007918918505311012,-0.011366170831024647,0.24052725948488388,-0.001834200785622323,-0.05030139805426488,
-0.04554349184036255,-0.05119958519935608,-0.08153191208839417,-0.14187677204608917,-0.003000041702762246,-0.008236956782639027,0.23329817253007118,-0.0013715680092004862,-0.05091284418442281,
-0.03654096722602845,-0.061970704793930055,-0.0538449227809906,-0.1323559731245041,-0.02090979926288128,-0.005174321122467518,0.22539642655908412,-0.0007642497386724332,-0.05107032695715432,
-0.0594319224357605,-0.03243398070335388,-0.06408367156982422,-0.1601194143295288,-0.012787159532308578,-0.007105113007128239,0.2113439600157256,-0.0009985100456623424,-0.05229060689807975,
-0.04868263006210327,-0.042115533351898195,-0.10057128667831422,-0.19533972442150116,-0.01478452980518341,-0.0063727437518537045,0.20438587939675054,-0.0017747274844876321,-0.05312814430073556,
-0.04404047131538391,-0.06643291711807252,-0.08548707962036134,-0.19826920330524445,-0.03362639248371124,0.006010955199599266,0.19594914024464322,-0.0020542574380083105,-0.05377774581691289,
-0.05035176873207092,-0.06155545115470887,-0.045061707496643066,-0.20672474801540375,-0.044412195682525635,0.006743324920535088,0.1759916014421924,-0.0037689625283054548,-0.0551733615560054,
-0.03786541819572449,-0.05414504408836365,-0.04908086657524109,-0.2227037101984024,-0.03808718919754028,0.00847437884658575,0.16572955422986232,-0.005930807752194481,-0.05591852327887534,
-0.03723753392696381,-0.06826748251914978,-0.04331710934638977,-0.22822976112365723,-0.04028429836034775,0.015798073261976242,0.15502886576082228,-0.007997397774392258,-0.05665501707101228,
-0.02537869215011597,-0.07090740203857422,-0.02757479548454285,-0.23841635882854462,-0.0424148254096508,0.013401228003203869,0.14371443843759307,-0.009939694404750945,-0.0571137776111007,
-0.03453843891620636,-0.05792304873466492,-0.04083489775657654,-0.2766993045806885,-0.05293431133031845,0.014200176112353802,0.12020125038082163,-0.014324953047817918,-0.05740053724536733,
-0.033282598853111266,-0.06577379703521728,-0.06256188750267029,-0.33488938212394714,-0.06871354579925537,0.008674115873873234,0.10755131513761138,-0.016676116159599196,-0.05745258104019758,
-0.008226735889911652,-0.07541543841362,-0.044831812381744385,-0.38182759284973145,-0.10659700632095337,0.015465176664292812,0.0931482227582768,-0.019566756222634638,-0.05769754829015147,
-0.015499886870384217,-0.06825029253959657,0.013449044525623323,-0.33615440130233765,-0.1585286557674408,0.016530442982912064,0.07294208201602918,-0.022286388542050325,-0.05768874963298237,
0.08351006507873536,-0.047467377781867985,0.3885294198989868,-0.2310260832309723,-0.16605208814144135,-0.0037095826119184494,0.03568126538349959,-0.034118518578449566,-0.05812470642961011,
0.1409623146057129,-0.007404065132141114,0.518132495880127,-0.15239624679088593,-0.08708935230970383,-0.026479609310626984,0.021065737333705585,-0.04289215638490755,-0.05856171394289957,
0.20332143306732178,0.04136573076248169,0.6450093269348145,-0.051329292356967926,0.005122600123286247,-0.08114099502563477,0.00973218427532949,-0.05105344055838323,-0.05916453867150674,
0.16372658014297486,0.09598664045333863,0.7437375068664551,0.07849981635808945,0.026760784909129143,-0.08899731934070587,-0.0025618479535996636,-0.057657159687361306,-0.06353665183211427,
0.055423855781555176,0.09707725644111634,0.6379838943481446,0.14847438037395477,-0.020843220874667168,-0.08007572591304779,-0.0013025457418933374,-0.056359543470683955,-0.06824708569405015,
-0.0036895092576742176,0.08819620013237,0.5051443099975587,0.193681538105011,-0.0412164032459259,-0.07648046314716339,0.0038007318871473754,-0.055224173889008514,-0.07283259624373671,
-0.03845544755458832,0.05319267511367798,0.272924017906189,0.20799602568149567,-0.014118739403784275,-0.08207309991121292,0.021380703503296083,-0.05737942753439123,-0.0811576141084404,
-0.04556415677070618,0.024921113252639772,0.1881543040275574,0.21818262338638306,0.0018602273194119334,-0.07674677670001984,0.03236247417084869,-0.05877353185468887,-0.08533485489801113,
-0.058304011821746826,-0.009344277530908584,0.12297697067260743,0.21165788173675537,-0.008792417123913765,-0.05996886268258095,0.043802586138506475,-0.05887999069795808,-0.08963979734397785,
-0.11371318101882935,-0.04503957033157349,-0.0015918876975774766,0.19647786021232605,-0.005197149235755205,-0.03506830334663391,0.0635676333891211,-0.05034104859938121,-0.09638925339215346,
-0.1365566611289978,-0.04719286262989045,-0.034787139296531676,0.18489310145378113,0.009783131070435047,-0.00783748272806406,0.07420642708792044,-0.04987044521047542,-0.09895823380007672,
-0.14749356508255004,-0.05576040744781494,-0.05619890093803406,0.1702457219362259,0.020435776561498642,0.011803331784904003,0.08443712507399807,-0.049710054211252824,-0.10066061073163614,
-0.12343647480010987,-0.05183773636817932,-0.09537846446037293,0.15246911346912384,-0.0018681981600821018,0.017395969480276108,0.10292097813429667,-0.048397207115797286,-0.1006810692709044,
-0.11421492099761964,-0.06059538722038269,-0.1031304955482483,0.14727595448493958,-0.02104295790195465,0.011070962063968182,0.11107172472548883,-0.04782399067894676,-0.09962345647386595,
-0.11627860069274903,-0.053393781185150146,-0.1023092269897461,0.1389535814523697,-0.014984266832470894,0.0046793753281235695,0.1187222963637467,-0.04831044872988468,-0.09885237511162229,
-0.13413926362991332,-0.07169779539108277,-0.11662071943283081,0.11591578274965286,0.012446529231965542,0.022453276440501213,0.13348042925418385,-0.050375944074107774,-0.09873820834703911,
-0.1377024531364441,-0.08271483778953553,-0.12345808744430542,0.09307917952537537,0.043605513870716095,0.04216066747903824,0.1400965447258243,-0.05091464820647484,-0.09844204604708454,
-0.1363895297050476,-0.07628024220466614,-0.1281613826751709,0.08449048548936844,0.0382126122713089,0.057007793337106705,0.14567452023932606,-0.050742720335678074,-0.09699811709119446,
-0.12077829837799073,-0.0764535129070282,-0.11959705352783204,0.08235995471477509,0.028159180656075478,0.06140200421214104,0.15012927897265974,-0.04984529564060559,-0.09424235363550075,
-0.09001930952072144,-0.06648544073104859,-0.1259843349456787,0.06551545858383179,0.018039168789982796,0.07065649330615997,0.15770072336883112,-0.049292278154341854,-0.08733170249829733,
-0.08171745538711549,-0.0647713303565979,-0.1445004463195801,0.030228571966290474,0.0288915503770113,0.06952464580535889,0.16114975002669588,-0.04986828396017608,-0.08380132456607209,
-0.07779279947280884,-0.06405367851257325,-0.17202314138412478,0.011386708356440067,0.04154156520962715,0.07977782189846039,0.1639225190597064,-0.050774343263639915,-0.08018645105861992,
-0.08645851612091066,-0.0727069914340973,-0.16214210987091066,-0.004791995510458946,0.03728050738573074,0.10314705967903137,0.16549239222708914,-0.051636206032524556,-0.07209408170646457,
-0.08475794196128845,-0.06454805731773376,-0.15076539516448975,-0.013913322240114212,0.021567856892943382,0.11626312136650085,0.1648356678406199,-0.05197780167299538,-0.06700861811826865,
-0.06326455473899842,-0.05167205333709717,-0.13503555059432984,-0.03175650164484978,0.023432070389389992,0.11359997093677521,0.1636154369127038,-0.052984852145130136,-0.06137292741703194,
-0.013390754163265229,-0.0387172281742096,-0.13003113269805908,-0.0613841712474823,0.049664206802845,0.09675547480583191,0.1597648594716702,-0.056756650207406986,-0.04978456970219622,
-0.021505074203014375,-0.031225240230560305,-0.12317487001419068,-0.0776294469833374,0.04393840953707695,0.10347995162010193,0.15661540049609599,-0.05788378314001083,-0.04418742485364212,
-0.043831866979599,-0.035440224409103396,-0.10733952522277833,-0.08375471830368042,0.022366805002093315,0.11093680560588837,0.15240098138021643,-0.058034056937184164,-0.038564641686436044,
-0.04547125399112702,-0.0416612446308136,-0.09327284693717958,-0.10259658843278885,0.013378635980188847,0.10960522294044495,0.14227313377564804,-0.05939447782843613,-0.026951234042488025,
-0.02303551584482193,-0.036975765228271486,-0.08175727128982545,-0.10612527281045914,0.019437327980995178,0.10474495589733124,0.13656847461417748,-0.061138547377917955,-0.021339415388537633,
-0.015230029821395874,-0.04189636409282685,-0.05356009602546692,-0.11051949113607407,0.029357602819800377,0.10700863599777222,0.13028180913986911,-0.06278447204646093,-0.015844084622091654,
-0.015939290821552276,-0.04543291330337525,-0.038650047779083256,-0.11604554951190948,0.046801306307315826,0.10481153428554535,0.12380765641026732,-0.06406248726913423,-0.010466471270451194,
-0.009657616913318635,-0.04984782040119171,-0.03734341263771057,-0.13588610291481018,0.06511054188013077,0.08517071604728699,0.11017628634438534,-0.06492201893640724,0.001023713117492046,
-0.01969926506280899,-0.05535842776298523,-0.02663269340991974,-0.1432763785123825,0.07176844775676727,0.07638229429721832,0.10273223713994516,-0.06402676836021788,0.006824367124817441,
-0.05287317037582398,-0.05820007920265198,-0.019056697189807893,-0.14380769431591034,0.02789265103638172,0.0912984311580658,0.09478629597854925,-0.06221517830694263,0.0121013700503525,
-0.14170142412185668,-0.08068986535072327,-0.0060055948793888096,-0.1525961309671402,-0.040151115506887436,0.15554720163345337,0.07790325547577329,-0.057403737428535544,0.021810815146335632,
-0.09927306175231934,-0.06928040981292725,0.01198607459664345,-0.16238324344158173,-0.010190553963184357,0.16759800910949707,0.06407105497863792,-0.05105858293622836,0.02796819038793288,
-0.036758151650428776,-0.04479406177997589,0.049979040026664735,-0.1543271839618683,0.010382366366684437,0.164801687002182,0.053163553234466754,-0.05198490162736545,0.03543270932566027,
-0.0003928656689822674,-0.023131899535655975,0.09970948696136475,-0.1375492662191391,-0.011522134765982628,0.16513457894325256,0.04359728091285569,-0.05434993288240329,0.04365210206636429,
0.07738747596740723,-2.1472346270456912e-05,0.22428503036499026,-0.10579107701778412,-0.021309250965714455,0.15075351297855377,0.0251460752577407,-0.055839381346679096,0.060458486233844276,
0.10746028423309327,0.02294568866491318,0.29118211269378663,-0.0358830951154232,0.019503692165017128,0.1526843011379242,0.017034715979437575,-0.05761246792119894,0.06830108120047425,
0.09796203970909119,0.06074500679969788,0.37182776927948,0.02377171628177166,0.06970427930355072,0.15374957025051117,0.009913778069572308,-0.05919167419251064,0.07555769500893036,
0.12068766355514526,0.07519279718399048,0.3974197387695313,0.040416471660137177,0.09999773651361465,0.13603954017162323,0.005465013116593014,-0.05906661395673767,0.08311466777337474,
0.21135411262512208,0.09838346242904664,0.3321346044540405,0.10626313090324402,0.09047693759202957,0.08477368950843811,0.0045435919989522434,-0.05224296263213756,0.09836121403655342,
0.20168752670288087,0.10212734937667847,0.31704368591308596,0.14208266139030457,0.05299294367432594,0.06453365832567215,0.0064198936834963674,-0.046739274789521425,0.10448238683324801,
0.18387625217437745,0.06504749655723573,0.2111764907836914,0.15886056423187256,0.07369901984930038,0.05960681661963463,0.01690640008534482,-0.03874019677159055,0.11293061793319738,
0.18402808904647827,0.03852843046188355,0.168501615524292,0.1687808483839035,0.11151590943336487,0.05527917668223381,0.024127887061637838,-0.03616672782276131,0.11615551333115855,
0.18231176137924196,0.015125490725040436,0.13322367668151855,0.17390742897987366,0.1261633038520813,0.04416048154234886,0.03189076055422028,-0.032692811485406724,0.1194748662521098,
0.18106493949890137,0.007372328639030457,0.09129631519317627,0.18129770457744598,0.1063227429986,0.03164362534880638,0.04006983623779476,-0.02792060116926707,0.12298203016457467,
0.16218160390853884,0.005666089430451393,0.04164266586303711,0.188022181391716,0.06331269443035126,0.017928343266248703,0.057420803963460054,-0.01646678029454537,0.12913678208022547,
0.15234084129333497,-0.00045757726766169074,0.0196532741189003,0.17037874460220337,0.07389876246452332,0.0012170085683465004,0.06672426907286556,-0.012295168618599394,0.1312266184763788,
0.12984536886215212,0.0017372580245137216,-0.02820177972316742,0.16884742677211761,0.09353957325220108,-0.03180618956685066,0.08637160740346804,-0.02547401772696283,0.13309213882213006,
0.09528359770774841,-0.006946852803230286,-0.030687397718429568,0.17736953496932983,0.05465741828083992,-0.0404614619910717,0.09551650013989507,-0.03219314437573168,0.13340929470995475,
0.059633380174636846,-0.014562997221946717,-0.03898587226867676,0.17690375447273254,0.009716530330479145,-0.054375965148210526,0.10418838636442114,-0.02799818794346589,0.13334336093134777,
0.0617106556892395,-0.03522442877292633,-0.055422973632812504,0.15360109508037567,0.005322314333170652,-0.055640965700149536,0.11320215229474045,-0.024288798064093963,0.13253428868003894,
0.04037810266017914,-0.051098561286926275,-0.11449017524719239,0.11132341623306274,0.033751558512449265,-0.05983544513583183,0.1311686069862193,-0.020854885625179127,0.1281483139823842,
0.041540756821632385,-0.05210294723510742,-0.11001553535461427,0.10992525517940521,0.027093658223748207,-0.06722571700811386,0.1382220047636865,-0.019132314461196565,0.125865546598883,
0.027472427487373354,-0.045600500702857975,-0.09994207024574281,0.10666288435459137,-0.005530067253857851,-0.0746825709939003,0.14405757599038269,-0.016251333113175944,0.12383996549215373,
0.027812713384628297,-0.04643393158912659,-0.09536415338516235,0.08961865305900574,-0.013852446340024471,-0.08992917090654373,0.14972527841507988,-0.013092396900754977,0.12159858367392787,
0.03234348893165589,-0.04511395692825318,-0.10865827798843385,0.06751441210508347,0.01411074586212635,-0.09359101951122284,0.16055521732374603,-0.009625265459838342,0.11461563093773354,
0.024179486930370333,-0.0578949511051178,-0.10297627449035646,0.05526386946439743,0.016973644495010376,-0.09851786494255066,0.16481105705202118,-0.007649632872259193,0.11037363681018783,
0.020982663333415988,-0.06907352805137634,-0.10709342956542969,0.05546360835433006,-0.016915081068873405,-0.09498917311429977,0.16841506414308774,-0.004822906354001124,0.10650044433441148,
-0.0023445622995495797,-0.06745929718017578,-0.09768452644348145,0.040483325719833374,-0.029897991567850113,-0.09811839461326599,0.17416412438057283,0.001021754350936301,0.09841912723156684,
0.0011587045155465603,-0.05414647459983826,-0.12542980909347534,0.015050138346850872,-0.03276088833808899,-0.09831812977790833,0.17701611989673102,0.0024093465162744847,0.0935812479016931,
0.0046125691384077076,-0.04723986089229584,-0.1331864595413208,0.005129863508045673,-0.04114984720945358,-0.10324497520923615,0.17915548110351873,0.0037579691338847847,0.08856865714058554,
0.00969405621290207,-0.038726651668548585,-0.10677145719528199,-0.010849103331565857,-0.060124870389699936,-0.11536236107349396,0.18044887286415204,0.006252372052249777,0.07815481609790535,
-0.002139435149729252,-0.04720216393470764,-0.10101554393768311,-0.017640164121985435,-0.06045776605606079,-0.11363130807876587,0.18037078756427596,0.007185404127464122,0.07217131281277409,
-0.009555278718471527,-0.0606539249420166,-0.09652856588363648,-0.03235413134098053,-0.06178934499621391,-0.1113676205277443,0.1797274308761172,0.007729591726200749,0.06556010378224705,
-0.012258365750312805,-0.06523004770278931,-0.1021466374397278,-0.04806677997112274,-0.0671156644821167,-0.11462999135255814,0.17878081821220054,0.00819317897581071,0.05892485709943836,
-0.01410910189151764,-0.05995422601699829,-0.09166380763053894,-0.052660733461380005,-0.0767696276307106,-0.12202025949954987,0.1751263433842855,0.008872660135242596,0.045819367456378365,
-0.0077455870807170875,-0.06179410815238953,-0.0720271646976471,-0.06457838416099548,-0.07184278219938278,-0.12441710382699966,0.17230087450805778,0.008937290114161786,0.03887028053846283,
-0.010244879871606827,-0.0533719539642334,-0.07721579074859619,-0.07949208468198776,-0.06305434554815292,-0.13460369408130646,0.1693971201565968,0.008743479171310192,0.031519760417480176,
0.012187911570072174,-0.04899786710739136,-0.06400127410888672,-0.08788049221038818,-0.056662850081920624,-0.1504484862089157,0.16229075623809386,0.008940011826118699,0.01682189260497719,
0.019485202431678773,-0.05751652121543885,-0.05608072876930237,-0.09413892030715942,-0.06032469496130943,-0.1606350690126419,0.15783681647499803,0.009763915601844367,0.009104688715265673,
0.007928729057312012,-0.06922603249549866,-0.052999258041381836,-0.09427207708358765,-0.08149682730436325,-0.14405688643455505,0.15300186929718929,0.01090479187041032,0.000736626317184551,
-0.0045209798961877825,-0.08185937404632569,-0.04770731627941132,-0.10259445756673813,-0.10120421648025513,-0.14152689278125763,0.14273532986321358,0.012105897869701773,-0.016479971626653624,
0.01847050189971924,-0.08528538346290589,-0.07016522884368896,-0.15153004229068756,-0.11345475912094116,-0.138996884226799,0.1376208369776934,0.011048935625242236,-0.02491268813159672,
0.015146668255329133,-0.06834790110588074,-0.09746736884117127,-0.18461981415748596,-0.14061900973320007,-0.15084795653820038,0.13194811381697408,0.009316496642916249,-0.03354300249226867,
0.023025429248809817,-0.05184112191200257,-0.08748143911361694,-0.18987956643104553,-0.16958087682724,-0.17062193155288696,0.12463457168191433,0.007007100110214069,-0.0422537791565286,
0.04802135527133942,-0.049317133426666264,0.005716245621442795,-0.17836138606071472,-0.18136537075042725,-0.17967666685581207,0.10444619882418596,-0.002573112767361478,-0.06130507847394316,
0.04378456771373749,-0.03667012155056,0.04651923179626465,-0.19886772334575653,-0.1587950736284256,-0.17721325159072876,0.09437207325885465,-0.009017893920605048,-0.07224142519302477,
0.05111885070800781,-0.02365480959415436,0.030502551794052125,-0.27836307883262634,-0.15686428546905518,-0.21276645362377167,0.08564000503024037,-0.015286613568436285,-0.0835100455214957,
0.07089959979057313,-0.013760890066623689,0.04144744277000428,-0.24241042137145996,-0.15440087020397186,-0.2804773151874542,0.06501010730085044,-0.03061385269927027,-0.10469254706887143,
0.0043488781899213794,-0.016716961562633515,0.24151432514190674,-0.13168948888778687,-0.13076530396938324,-0.2664291262626648,0.051590370626218164,-0.03615934263745355,-0.11818281031445742,
-0.08092573285102844,-0.03743243813514709,0.34340991973876955,-0.13275475800037384,-0.0739733949303627,-0.2237519919872284,0.04095796463636835,-0.04184218989415963,-0.13340300940754896,
-0.13233976364135744,-0.03827708959579468,0.238397216796875,-0.12230184674263,-0.0848257765173912,-0.20717380940914154,0.030897860715427047,-0.05078458394212533,-0.16109118256471014,
-0.1320122718811035,-0.04331777393817902,0.29582378864288333,-0.0524604469537735,-0.06032469496130943,-0.21336565911769867,0.02563675338675073,-0.053445243411450884,-0.17241040447323666,
-0.11617518663406373,-0.04918127059936524,0.3443992614746094,0.008725682273507118,-0.04694231227040291,-0.16676034033298492,0.021275468134117674,-0.05686092214300532,-0.183409043221253,
-0.16755921840667726,-0.04789124727249146,0.3343702793121338,0.0257699117064476,-0.05346705764532089,-0.12075422704219818,0.020036495591649776,-0.05952324673844744,-0.1946603754657196,
-0.1596715569496155,-0.03364253342151642,0.2389470100402832,0.04188203811645508,-0.018579646944999695,-0.11642658710479736,0.02386197060553562,-0.0634181942819418,-0.21192041748833906,
-0.1416450619697571,-0.014646814763545991,0.23026816844940187,0.07663629204034805,-0.017181487753987312,-0.10504157841205597,0.026523434015319966,-0.0653094004145439,-0.2181496751454509,
-0.13706244230270387,-0.02844071686267853,0.2359048366546631,0.10839448869228363,-0.01964491233229637,-0.09991499781608582,0.02986395070260681,-0.06586303149634244,-0.2242055540813342,
-0.13298015594482424,-0.04646207392215729,0.21232306957244873,0.1428142637014389,-0.01278701238334179,-0.08280713856220245,0.04040586320401337,-0.06653958485114021,-0.23520668688872293,
-0.14282456636428834,-0.06010892987251282,0.1878111243247986,0.15706217288970947,0.0026593224611133337,-0.06809317320585251,0.04753652047723794,-0.06677468189121627,-0.24026239839285543,
-0.16310163736343386,-0.05558234453201294,0.13539210557937623,0.16338717937469482,0.0190377626568079,-0.05584263429045677,0.05575043686721039,-0.06674189808952298,-0.2446317461159823,
-0.1820520877838135,-0.04442209005355835,0.09626336097717286,0.1777016818523407,0.026494614779949188,-0.04192761704325676,0.06439912503929222,-0.06617002118128279,-0.24829965382318506,
-0.19525682926177979,-0.04532188773155213,0.054453867673873904,0.18482562899589539,-0.012387537397444248,-0.028012599796056747,0.08219970648126307,-0.06296742769772616,-0.25328857943858346,
-0.18076488971710206,-0.05934407711029053,0.02129935920238495,0.20127065479755402,-0.04328020662069321,-0.022153645753860474,0.09040284512654706,-0.05760664132793708,-0.2554347993073628,
-0.1533558487892151,-0.0547371506690979,0.004559003189206124,0.24441386759281158,-0.04294731467962265,0.0006163828074932098,0.09320522822480724,-0.03967661463354508,-0.2595956913899445,
-0.14809980392456054,-0.06018401980400086,-0.001163169927895069,0.23056542873382568,0.005522220395505428,0.024717990309000015,0.11016731060773921,-0.030207243157431285,-0.2646449664538551,
