-0.18548543453216554,-0.04136700630187989,-0.08573395609855652,0.17258533835411072,0.02196556143462658,0.01947740465402603,0.0470262392936056,-0.016807837730210193,-0.2831399869613871,
-0.18563302755355837,-0.06287395358085633,-0.1503590703010559,0.15314427018165588,-0.004399734083563089,0.029597420245409012,0.05639706018146112,-0.015173725015986595,-0.2827422592664595,
-0.20803573131561282,-0.08793532848358154,-0.2520849943161011,0.12964187562465668,-0.010058950632810593,0.0511690229177475,0.07245066871489449,-0.01543780738237122,-0.27997235658397757,
-0.20809524059295656,-0.10840003490447998,-0.3225765705108643,0.05647151917219162,0.03521478548645973,0.09078354388475418,0.07911254364947434,-0.016526986070367962,-0.2777400782441228,
-0.18617188930511475,-0.13283367156982423,-0.3452133655548096,0.02651095762848854,0.04260505735874176,0.11581726372241974,0.08345264463146423,-0.016718753988247632,-0.2739550569396559,
-0.12920744419097902,-0.15614856481552125,-0.3605031251907349,-0.014035669155418873,0.026160040870308876,0.12254174798727036,0.08623266571018054,-0.01565067676298853,-0.2621647769885887,
-0.13508800268173218,-0.17136962413787843,-0.3844655990600586,-0.06390336155891418,-0.01365421898663044,0.1287335902452469,0.08552478384250885,-0.01589113914470015,-0.2557523128899275,
-0.15904577970504763,-0.1817568063735962,-0.35839223861694336,-0.09679339826107025,-0.011656847782433033,0.17234285175800323,0.08266188392876685,-0.01776215015087733,-0.24960329443764392,
-0.10225600004196167,-0.13613898754119874,-0.34882957935333253,-0.17056392133235931,0.04853075370192528,0.20909269154071808,0.07190850734202983,-0.02268188643498685,-0.23350079532049922,
-0.06408077478408813,-0.1009211540222168,-0.29829623699188235,-0.21896687150001526,0.048930227756500244,0.19344660639762878,0.06283743002525231,-0.022791635814508368,-0.22267970403937076,
-0.04991762638092041,-0.07476677894592286,-0.22084486484527588,-0.22742241621017456,-0.015718011185526848,0.171275794506073,0.05175273527362158,-0.021713036849052302,-0.21197031216034556,
0.028372034430503845,-0.04622712433338166,-0.020872201025485995,-0.23155032098293304,-0.043081991374492645,0.1677471101284027,0.02739857696588746,-0.023891629479256462,-0.19397741444459285,
0.08066610693931581,-0.014383316040039062,0.0758316457271576,-0.25924721360206604,0.059582870453596115,0.15156839787960052,0.014684470167360896,-0.027015941463420914,-0.1853822544308553,
0.1155694603919983,0.0026542099192738535,0.1795148015022278,-0.27802249789237976,0.17343300580978394,0.13019654154777527,0.0013593105901083945,-0.02643059532698998,-0.17729967332137697,
0.1512731909751892,0.04533832669258118,0.5160255432128906,-0.17808735370635986,0.1593182533979416,0.08565516024827957,-0.02681063277265542,-0.010697654013089341,-0.16469189346415497,
0.05837535858154297,0.06871405243873596,0.5540219783782959,-0.04180008918046951,0.057186026126146317,0.09883780777454376,-0.03544576054857152,-0.002586483730459126,-0.1611540323966932,
0.025295889377593996,0.1114895224571228,0.47866640090942386,-0.005248202010989189,0.020967034623026848,0.12467046827077866,-0.03862874068765229,0.0019318154030123985,-0.1570903409590351,
0.07480573654174805,0.15682063102722169,0.4553869724273682,0.012262082658708096,0.018303873017430305,0.12753337621688843,-0.03944532236362992,0.004088110258629411,-0.15144072042049078,
0.23330423831939698,0.16344983577728273,0.5940790176391602,0.0984819233417511,-0.03768908977508545,0.11275282502174377,-0.038211407137269116,0.007320779261497605,-0.13885091609907613,
0.30859453678131105,0.18039274215698242,0.6074002265930176,0.1876312494277954,-0.0428156740963459,0.06661355495452881,-0.033789772140563154,0.006367312969197942,-0.13282462271505932,
0.322793459892273,0.22721576690673828,0.5650779724121094,0.2399623692035675,-0.008727213367819786,-0.012016274966299534,-0.025614111290925612,0.004415697437577647,-0.12837881930928907,
0.3530325412750244,0.18864046335220339,0.5169192314147949,0.2893639802932739,0.00891622994095087,-0.07706398516893387,-0.014711185554751352,0.0029233326495138236,-0.12653593003304092,
0.13280184268951417,0.04244619905948639,0.38206884860992435,0.36473146080970764,-0.008394317701458931,-0.06734345108270645,0.013351520429096018,0.003234512007828756,-0.13221612515953912,
0.07748196721076966,-0.025727716088294984,0.24274396896362305,0.3776477873325348,0.01790439896285534,-0.0315239280462265,0.031368924654399125,0.00317964671946619,-0.13576458832097546,
0.03555682301521301,-0.04844682812690735,0.11082143783569337,0.3826411962509155,0.009582019411027431,-0.01953970640897751,0.05074139125143531,0.003750282291762897,-0.13796829049289291,
0.04757230281829834,-0.07535776495933533,0.03838105499744415,0.3867025375366211,0.008649913594126701,-0.024333395063877106,0.06978712454879835,0.00464401003168243,-0.13894998883359813,
0.06612678170204163,-0.10688810348510742,-0.2078737258911133,0.3434261679649353,0.03414968401193619,-0.041244469583034515,0.10555062629172378,0.004027645465012932,-0.13985894928774664,
0.046883863210678105,-0.1348049283027649,-0.3053097009658814,0.28656765818595886,0.04593417048454285,-0.0465707927942276,0.1237250995752581,0.006296763873351782,-0.14106074244381417,
-0.00858466476202011,-0.16289072036743166,-0.35145294666290283,0.25634148716926575,0.07016882300376892,-0.023000527173280716,0.13968206420047397,0.008799093392585673,-0.14271114436803675,
-0.04102740585803986,-0.16722255945205688,-0.4303330898284912,0.2056082785129547,0.06797171384096146,0.0015005534514784813,0.16672075708876616,0.015839747274990847,-0.14238283181611197,
-0.014383083581924439,-0.17238848209381105,-0.4945872306823731,0.13443529605865479,-0.009326537139713764,-0.009285248816013336,0.17791551322165874,0.018994832056650156,-0.1404677403655053,
-0.008129417896270752,-0.15951846837997438,-0.4741836071014405,0.11273052543401718,-0.06518634408712387,-0.029325537383556366,0.18588679342407813,0.019996312600743114,-0.1399344710877472,
-0.02811921536922455,-0.13927825689315795,-0.48042397499084477,0.0526762418448925,-0.020511813461780548,0.004030557349324226,0.19206218933159072,0.018689755035005782,-0.14195201394992935,
-0.07896103858947755,-0.13469436168670654,-0.5524874210357666,-0.0580446831882,0.02888982556760311,0.05196745693683624,0.19911183552331438,0.016237004799925323,-0.14457328576948023,
-0.01633484959602356,-0.12366403341293336,-0.5283230304718017,-0.11483658850193024,-0.024240238592028618,0.020408999174833298,0.19754268058505342,0.015902021888948084,-0.14188405383145872,
0.013532182574272156,-0.09913496375083924,-0.444448184967041,-0.13114845752716064,-0.06119159981608391,-0.005090769845992327,0.19266202835062238,0.015097142983270233,-0.1401259342268618,
-0.01456936150789261,-0.11597102880477905,-0.4633684635162354,-0.20232143998146057,-0.019113654270768166,0.006227664649486542,0.17956178607345621,0.010695580474492651,-0.1427327041137626,
-0.06441550850868226,-0.10927085876464844,-0.4513746738433838,-0.2836810350418091,-0.015385228209197521,0.02926401048898697,0.1698870615892743,0.009426668656964744,-0.14336396851435748,
-0.05684881806373596,-0.12395484447479249,-0.4013375282287598,-0.3163047432899475,-0.08915479481220245,0.03978349640965462,0.15698906009883856,0.008492173853569006,-0.14256830035001822,
-0.010401099920272827,-0.12567137479782106,-0.31661989688873293,-0.342603474855423,-0.10906192660331726,0.021274525672197342,0.14159192299748996,0.005745108936399536,-0.1419321993882235,
0.02968662679195404,-0.08864383697509766,-0.23256547451019288,-0.4304877817630768,-0.0376892015337944,0.024603478610515594,0.10742067992084088,-0.004938046605642877,-0.14322447181852205,
0.016168521344661714,-0.10780606269836426,-0.11457310914993286,-0.4413401484489441,-0.03762262314558029,0.028997693210840225,0.08684896593332236,-0.00781215271336858,-0.14316473089601245,
0.05721778869628907,-0.11142793893814087,0.052382224798202516,-0.4208338260650635,-0.07703740894794464,-0.00529050687327981,0.06013930957537345,-0.011404765107183103,-0.14073160286379716,
0.08242385387420655,-0.0895672082901001,0.410709285736084,-0.3234286904335022,-0.11498745530843735,-0.0059562972746789455,0.0168417259637857,-0.018053231050014856,-0.14078067409512138,
0.07626451253890992,0.0003010000102221966,0.5029619216918946,-0.29060524702072144,-0.0016699485713616014,0.01608136296272278,-0.0008516514791951435,-0.024093407132745482,-0.14148828640052916,
0.10835541486740113,0.07142859101295472,0.5732657432556153,-0.22029776871204376,0.07502909004688263,0.02240636944770813,-0.01612714269736762,-0.02739876053337395,-0.1410407747778772,
0.139744508266449,0.16799849271774292,0.7034965038299561,-0.13853873312473297,0.042871423065662384,-0.026129741221666336,-0.030224195027855193,-0.02576736009277715,-0.14008396469218357,
0.13458467721939088,0.25308439731597904,0.7847069263458253,0.03669513761997223,-0.042682282626628876,-0.05855771526694298,-0.04706236688776287,-0.020633698683990523,-0.1415604195453128,
0.0990334153175354,0.2569251537322998,0.6907803535461426,0.11059786379337311,-0.029499633237719536,-0.05795850232243538,-0.047373490414400275,-0.022129385861268284,-0.14439189517332723,
0.13794752359390258,0.25288655757904055,0.5788818359375,0.13256894052028656,0.02669306844472885,-0.08419064432382584,-0.04351266241309921,-0.024958167489579023,-0.1467889265864572,
0.13033801317214966,0.19226946830749514,0.46047463417053225,0.2093345671892166,0.05518889054656029,-0.10942409187555313,-0.029934404322892585,-0.025046599734498357,-0.154516497569871,
0.06118708848953247,0.1521255135536194,0.3745033979415894,0.25960174202919006,0.029223071411252022,-0.11188751459121704,-0.019927177662535878,-0.022795048785092274,-0.16013256755556937,
-0.007220392674207688,0.10713509321212769,0.2552131414413452,0.2866993844509125,-0.009858819656074047,-0.09484328329563141,-0.00741237418124386,-0.020631858048945892,-0.16601533017389075,
-0.0911553978919983,0.021538381278514863,0.030988454818725586,0.25886934995651245,0.021766219288110733,-0.06461641192436218,0.021468208187993384,-0.020044013832361145,-0.17639664470503832,
-0.11793179512023927,-0.017415517568588258,-0.038299030065536505,0.23123906552791595,0.0390101857483387,-0.032059263437986374,0.035480116934017224,-0.014798291362258081,-0.1799529224640775,
-0.13032306432724,-0.05195010900497437,-0.068448007106781,0.2267116904258728,0.02402990683913231,-0.0007671192288398743,0.047687322886077195,-0.012579338175793252,-0.18192881255400484,
-0.14386632442474365,-0.07677114605903626,-0.1263455629348755,0.220719575881958,-0.005131708923727274,0.02147027477622032,0.059438019873860416,-0.010594341462570546,-0.18259256099018614,
-0.13683748245239258,-0.10531840324401856,-0.2564375638961792,0.17884136736392975,-0.023108046501874924,0.03345450386404991,0.08203180031817915,-0.010391454021756395,-0.18112567836223403,
-0.12115409374237061,-0.11488651037216187,-0.3446323394775391,0.12278182059526443,-0.023840414360165596,0.04210977628827095,0.09201935019402235,-0.011932244881549151,-0.17985387162645497,
-0.1264989495277405,-0.11586799621582032,-0.3663824081420899,0.0822351947426796,-0.035092271864414215,0.05835505574941635,0.09953714196418599,-0.013593017703665621,-0.178501499684403,
-0.12165900468826295,-0.1205485463142395,-0.3964877605438233,0.05427200347185135,-0.05400071665644646,0.07227007299661636,0.10903186969356231,-0.018367671571825266,-0.17441109537231161,
-0.11520475149154663,-0.12903281450271606,-0.45475487709045415,-0.0332794189453125,-0.010591189377009869,0.08352193236351013,0.11201997825420115,-0.022086891214123668,-0.17191681587331376,
-0.11551522016525269,-0.14006991386413575,-0.5013565063476563,-0.134879007935524,0.025561224669218063,0.09976721554994583,0.11257124788684843,-0.02527638372917775,-0.16883948329594678,
-0.1283959150314331,-0.1573660135269165,-0.47935442924499516,-0.15085797011852264,-0.014319614507257938,0.12333618849515915,0.10888478291137484,-0.026542984703405697,-0.16450949505346357,
-0.1555252552032471,-0.13735389709472656,-0.36431374549865725,-0.1837480217218399,-0.07663758844137192,0.158023864030838,0.09323317065120947,-0.030103222645346112,-0.1533558580680262,
-0.12855614423751832,-0.10964500904083252,-0.33240454196929936,-0.2396078258752823,-0.04601123183965683,0.1573580652475357,0.0838521183044054,-0.03549315355419426,-0.14690161188700723,
-0.07797778844833375,-0.08282634615898132,-0.2578498125076294,-0.2926712930202484,0.011379890143871307,0.16321702301502228,0.07243991837287171,-0.04112754999509935,-0.1395842863322546,
-0.17039060592651367,-0.07968192100524903,-0.016909128427505495,-0.2764914333820343,-0.028634296730160713,0.2247382402420044,0.04169910256904138,-0.04331697970603468,-0.12327827564984616,
-0.1490025281906128,-0.07308051586151124,0.136603581905365,-0.23208323121070862,-0.07117830216884613,0.23592351377010345,0.024955428613479016,-0.044261480484821585,-0.11269896920684777,
-0.06425823569297791,-0.07341649532318116,0.2137544870376587,-0.22043189406394958,-0.05100484937429428,0.24664272367954254,0.010246876600235197,-0.04728017705347973,-0.1008195385990391,
0.03212210536003113,-0.02962700426578522,0.37433829307556155,-0.18874028325080872,0.005187849048525095,0.2686138153076172,-0.016561255077438025,-0.05305961944498368,-0.0758352175324497,
0.10594311952590943,0.005365611240267754,0.4880969047546387,-0.09386516362428665,0.0649758130311966,0.2905183434486389,-0.02909137020700822,-0.0524635518247442,-0.062279224303324124,
0.20995249748229983,0.03224872946739197,0.5244522571563721,-0.016566911712288857,0.06763897091150284,0.2736738324165344,-0.03876659422108291,-0.049070271680090746,-0.04791160086925829,
0.38017189502716064,0.10190443992614746,0.4733926296234131,0.04681631922721863,0.06757239252328873,0.19025029242038727,-0.04728371169096234,-0.03833918794350859,-0.02048617308057605,
0.3826242208480835,0.1365061044692993,0.41374187469482426,0.08909400552511215,0.05425659194588661,0.1501031368970871,-0.0465645898123194,-0.033434221535233975,-0.01036851374666637,
0.38161318302154545,0.15487552881240846,0.4011715412139893,0.13543300330638885,0.06031528487801552,0.10249913483858109,-0.04402519354394435,-0.029145117088312644,-0.002391809009730987,
0.42168564796447755,0.14977251291275026,0.3821628570556641,0.18064016103744507,0.0728321373462677,0.058090925216674805,-0.03948002694528486,-0.02540948011524534,0.004327977468069043,
0.4164540767669678,0.1003645658493042,0.2723921060562134,0.20534098148345947,0.09140768647193909,-0.0024294089525938034,-0.02360022181385698,-0.01770612145740805,0.0114288531989464,
0.3821073293685913,0.07410272359848023,0.20870127677917483,0.23476891219615936,0.06996923685073853,-0.04737025499343872,-0.01324673797393167,-0.013166627191548262,0.011961076663697688,
0.3351598739624024,0.03270270526409149,0.17118351459503175,0.26779210567474365,0.060714758932590485,-0.0701402798295021,-0.0022523916960451437,-0.00884694724624944,0.010580248431793077,
0.30819795131683353,0.002268291637301445,0.07769466638565065,0.2560076415538788,0.06963634490966797,-0.09410873055458069,0.010363259087183984,-0.005550027496366877,0.007900634645389775,
0.24526510238647461,-0.03453575372695923,-0.10045753717422486,0.22684600949287415,0.0373455211520195,-0.11015427857637405,0.03599443827221643,-0.01134363438170009,-0.0013496857100853848,
0.2095522165298462,-0.04408470988273621,-0.13806393146514892,0.2230510115623474,0.001459423452615738,-0.12360323965549469,0.0479881419541299,-0.00804000910184794,-0.006523277515950139,
0.21198437213897706,-0.05040489435195923,-0.17490228414535525,0.2098017781972885,-0.001004000660032034,-0.12992824614048004,0.05948605922588556,-0.0061954277124262195,-0.012088401679483517,
0.15374034643173218,-0.056504666805267334,-0.3173189401626587,0.14155827462673187,0.010447591543197632,-0.1386501044034958,0.08156822659499816,-0.003355880280940561,-0.024842693953831665,
0.16099752187728883,-0.05292468070983887,-0.3542726516723633,0.09328848123550415,-0.009060063399374485,-0.17640040814876556,0.09000148062020298,-0.0010986713063249724,-0.031212461409096313,
0.13639789819717407,-0.06262039542198182,-0.35748038291931156,0.06266213208436966,-0.06245644390583038,-0.2043635994195938,0.09593343080843716,0.0014923359356705259,-0.03866609583565786,
0.02797923982143402,-0.10511590242385865,-0.3832608222961426,0.021716028451919556,-0.09454753994941711,-0.19510911405086517,0.10323268924171522,0.0035211816095436486,-0.058849785256105694,
-0.02947726845741272,-0.13554201126098633,-0.413666582107544,-0.061707496643066406,-0.09641174972057343,-0.1507674902677536,0.10484707614062883,0.0024874169947022916,-0.06998696959179307,
-0.05667209029197693,-0.15148845911026002,-0.41678838729858403,-0.11843282729387283,-0.09561280161142349,-0.10675875097513199,0.1038023024307908,0.0006769926085775838,-0.07995578967395736,
-0.02702133655548096,-0.1357873558998108,-0.37426016330719,-0.16237498819828033,-0.0902199000120163,-0.11594665795564651,0.0995045550771918,-0.0017897078705612945,-0.08798799272278714,
0.03766829371452332,-0.08621565699577333,-0.3391885042190552,-0.21344110369682312,-0.11365572363138199,-0.154362753033638,0.08495320499486934,-0.007576941121643927,-0.10163001768117354,
-0.0023020965978503226,-0.07892183661460878,-0.26699836254119874,-0.23101796209812164,-0.13023389875888824,-0.14137984812259674,0.07485604568940596,-0.010456842883413274,-0.1101348181855037,
-0.014187882840633393,-0.06861509680747986,-0.22389106750488283,-0.27209722995758057,-0.09694438427686691,-0.12686561048030853,0.06413632247635027,-0.014998446061027208,-0.11913884796296392,
0.02755655348300934,-0.08255153298377992,-0.09275801777839661,-0.30811646580696106,-0.043880894780159,-0.1489698588848114,0.03926850697517073,-0.023976422557958267,-0.13456043236826262,
0.020305003225803378,-0.08587924838066102,0.06278554201126099,-0.25705036520957947,-0.08749016374349594,-0.1435103714466095,0.022739548817900836,-0.02668665598689902,-0.14108179388044328,
-0.010490135848522188,-0.07236290574073792,0.17261590957641604,-0.2344134896993637,-0.11558651179075241,-0.13225851953029633,0.008439881184981362,-0.028990557074724112,-0.14896545861990276,
-0.016690507531166077,0.02272164672613144,0.30360443592071534,-0.21171005070209503,-0.08249673247337341,-0.139848530292511,-0.014921460745530623,-0.039708128605673,-0.16285003166030138,
-0.028950205445289614,0.04798774123191834,0.3820653915405274,-0.15964524447917938,-0.04021904617547989,-0.12566718459129333,-0.025334074031522547,-0.04481011183176087,-0.16973531525680333,
-0.029825860261917116,0.07041900753974915,0.4166873931884766,-0.09845911711454391,-0.01645033434033394,-0.12000797688961029,-0.03402425776993374,-0.04848105852224355,-0.17629738026550554,
-0.006083770096302033,0.09643110036849976,0.4103272438049317,-0.08181436359882355,0.006186534650623798,-0.12560060620307922,-0.0404293513983893,-0.05103292008443729,-0.18235949044264355,
0.0008815108798444272,0.17087295055389407,0.38074464797973634,-0.03128087520599365,0.02662629634141922,-0.15662644803524017,-0.04755383109739389,-0.05327591142400568,-0.19495819613236082,
-0.015900197625160217,0.1789286255836487,0.36994709968566897,0.015058126300573349,0.009249169379472733,-0.17333777248859406,-0.04898019721019461,-0.053171667040079536,-0.202445855319611,
-0.042537024617195135,0.1691489100456238,0.35666434764862065,0.05720265209674835,0.006785745732486248,-0.16741223633289337,-0.04843915264552338,-0.05331211301426445,-0.21096442624023629,
-0.07195091247558594,0.15746073722839357,0.3381551027297974,0.08842821419239044,0.014642070978879929,-0.14557431638240814,-0.04592288654828007,-0.05418562269509913,-0.2198730815440301,
-0.09810640215873719,0.11750123500823975,0.27589263916015627,0.10593733191490173,0.05359099432826042,-0.11847884207963943,-0.03581032450750826,-0.05498950510660279,-0.23595249972103996,
-0.11071790456771852,0.11261997222900391,0.27353882789611816,0.1467502862215042,0.05086125433444977,-0.10849198698997498,-0.029617349431191178,-0.053507683852424895,-0.2427527119844161,
-0.11157180070877076,0.11140819787979127,0.274325704574585,0.18370163440704346,0.04240571707487106,-0.11315251886844635,-0.02270966736872249,-0.05121411028807415,-0.2488500437181975,
-0.1660299301147461,0.06358386874198914,0.14504609107971192,0.20880194008350372,0.006919095292687416,-0.09617486596107483,-0.003900284159377994,-0.047057933060717975,-0.2604748683633434,
-0.2079500436782837,0.024543973803520205,0.0538369357585907,0.1960187554359436,0.004588829353451729,-0.06461641192436218,0.0073054117445429155,-0.04594843260080498,-0.26582929054273646,
-0.23944380283355715,-0.005610870569944382,-0.014392749965190889,0.1815711110830307,0.029422808438539505,-0.007558180019259453,0.018415179090892825,-0.04136729990705377,-0.2709384957490027,
-0.23279635906219484,-0.057191616296768194,-0.11547644138336183,0.15500608086585999,0.022964641451835632,0.05276241898536682,0.03644363651519403,-0.019470324454225335,-0.2768634324638797,
