-0.1955926299095154,-0.009977135807275772,-0.1295599579811096,0.17266300320625305,0.009912943467497826,0.03913892060518265,0.044402975141776435,0.02730842228223868,-0.2776749019888696,
-0.19010897874832156,-0.04481181502342224,-0.19758681058883668,0.1062171459197998,0.04892825335264206,0.06883316487073898,0.05548809553312471,0.026861961763517978,-0.2775810696228701,
-0.1539850950241089,-0.06182493567466736,-0.29118900299072265,0.07525789737701416,0.04639824852347374,0.08767502754926682,0.07337751362936468,0.026867876998580106,-0.2735254012022013,
-0.14953746795654296,-0.09442079067230225,-0.2836779117584229,0.053220234811306,-0.02557367831468582,0.11930007487535477,0.0786351836170169,0.028748746631528863,-0.2692000516221702,
-0.1637884616851807,-0.12066344022750855,-0.3015277147293091,0.021728353574872017,-0.06525477766990662,0.1561848521232605,0.08299349238632087,0.03023589014730175,-0.264295506390517,
-0.1306553602218628,-0.13500233888626098,-0.36707234382629395,-0.058432795107364655,-0.020180776715278625,0.1874770075082779,0.08939225802356573,0.024949789299555422,-0.25332269788249095,
-0.07581495642662049,-0.13681060075759888,-0.4110305786132813,-0.1321357786655426,0.023761380463838577,0.15958039462566376,0.09036078564935214,0.019625454154117684,-0.2460928895058807,
-0.010662923008203507,-0.1425957441329956,-0.4195182800292969,-0.16662372648715973,-0.010793134570121765,0.1399395763874054,0.08853258107024713,0.015563535657276755,-0.23741440594389124,
0.005419517681002618,-0.14932507276535034,-0.3033602237701416,-0.17135083675384521,-0.047811076045036316,0.16683749854564667,0.0761194809622637,0.012745883584124654,-0.22130019976960955,
-0.01825145035982132,-0.13484175205230714,-0.25562865734100343,-0.21622510254383087,-0.011791819706559181,0.20165833830833435,0.06778910336148405,0.009815692134173278,-0.21446066181327833,
-0.026409599184989932,-0.12535440921783447,-0.23832733631134034,-0.32261836528778076,0.06084589660167694,0.20026017725467682,0.0592872897380313,0.005758563289532973,-0.20670670943180613,
0.020615676045417787,-0.12998030185699463,-0.24416413307189944,-0.32727891206741333,0.033615075051784515,0.16297592222690582,0.04942750737471706,0.0026162232850279526,-0.1973639446113628,
0.09971877932548523,-0.08075181841850282,0.17848665714263917,-0.2272772192955017,-0.055867139250040054,0.1254253387451172,0.00023614092885261255,0.002736264866239004,-0.16934838354986323,
0.06588666439056397,-0.008669913560152055,0.2531670808792114,-0.2266779989004135,-0.00779707869514823,0.15278932452201843,-0.01347926600385597,0.0006464885988925508,-0.16327633060936259,
0.2345974683761597,0.13505816459655762,0.37467308044433595,-0.26602619886398315,0.100327268242836,0.11723611503839493,-0.03681134818365902,0.0004273259180316538,-0.14863509745705483,
0.2410580635070801,0.21028285026550295,0.6311270236968994,-0.13906000554561615,-0.021445779129862785,0.07622343301773071,-0.050164214376928536,0.005928591254458498,-0.14314583660179594,
0.24374344348907473,0.22937614917755128,0.8795798301696778,0.06120971962809563,-0.12510932981967926,0.02608943171799183,-0.05977451936821007,0.008348491200126578,-0.1389797185293554,
0.2541055202484131,0.2040855884552002,0.8662656784057617,0.10328766703605652,-0.02177867479622364,0.011242305859923363,-0.057383763639506216,-0.0012694772524083975,-0.1333758860889188,
0.22780294418334962,0.1168258547782898,0.9442756652832032,0.2578175961971283,0.07109907269477844,0.0071144066751003265,-0.051603725398684075,-0.0015536503813156947,-0.13269152650444604,
0.1998708724975586,0.03566235005855561,0.8605328559875489,0.38465186953544617,0.055452797561883926,0.0017238203436136246,-0.04092107115292919,0.0017101324959130867,-0.13265662770218276,
0.15997833013534546,-0.010972085595130921,0.6148643016815186,0.41341400146484375,0.05884832516312599,-0.0028035538271069527,-0.023980035976340786,0.004877308507730922,-0.13275853628632214,
0.10538076162338257,-0.05398961305618286,0.2130807161331177,0.40615689754486084,0.07049965113401413,-0.02417542226612568,0.01738368868931881,0.010905050699081379,-0.13303105505143173,
0.08236709237098694,-0.07034661769866944,0.10576103925704956,0.419672429561615,0.030818555504083633,-0.036425963044166565,0.03813431380457203,0.014561848760599981,-0.13383535565830432,
0.08201127052307129,-0.1045545220375061,0.0010647361166775226,0.4021621644496918,0.045266203582286835,-0.05220519378781319,0.05398569260110658,0.01292434935177959,-0.13576954667483293,
0.08367047309875489,-0.1371994495391846,-0.1341051459312439,0.372933954000473,0.05705069378018379,-0.0486765019595623,0.07521694397099805,0.015061655046672439,-0.137519192112656,
0.046798089146614076,-0.18395494222640993,-0.26681408882141117,0.3415086567401886,0.04932752624154091,-0.03369622305035591,0.11383397732115,0.021723711884127216,-0.14061819451868843,
0.03236548900604248,-0.17899081707000733,-0.34678757190704346,0.29064229130744934,0.016637222841382027,-0.03622622787952423,0.13148787970757575,0.024892087152200308,-0.14120512768885654,
0.00870659425854683,-0.1781408190727234,-0.39657828807830814,0.22998878359794617,5.904377030674368e-05,-0.037158332765102386,0.1474691600999902,0.027027317420104103,-0.1420363036932914,
-0.03537530601024628,-0.17811707258224488,-0.4390537738800049,0.16846977174282074,-0.001072799670509994,-0.01299014501273632,0.17213529279920275,0.02920015196699917,-0.14504918325652544,
-0.011190088838338852,-0.18078538179397585,-0.4349729061126709,0.12592576444149017,0.011577215977013111,0.0026559261605143547,0.18089772429182888,0.029548792148622462,-0.1458140650467504,
0.02479989677667618,-0.17264682054519653,-0.45262947082519533,0.07685703039169312,0.009713003411889076,-0.01325646135956049,0.18803298979916735,0.02984291363799928,-0.14562066305609575,
0.028530749678611758,-0.17529785633087158,-0.4629577159881592,0.04603093862533569,-0.03249810263514519,-0.015853043645620346,0.19322545316537937,0.030589932675413718,-0.1453028436668277,
-0.038349401950836186,-0.16763436794281006,-0.505448865890503,-0.022745195776224136,-0.041619427502155304,0.021164897829294205,0.19838925729192008,0.02975079755688415,-0.14778527192559182,
-0.058011299371719366,-0.1609806299209595,-0.5339637756347656,-0.10723398625850677,0.001257466385141015,0.06257705390453339,0.19803332307197644,0.02749810161302172,-0.14878163007924855,
-0.024269334971904755,-0.1450432538986206,-0.5181798458099366,-0.17154933512210846,0.0019898356404155493,0.06364231556653976,0.19448604824982813,0.025422895606322375,-0.14725186880314137,
0.08446627855300903,-0.12111986875534059,-0.4893963813781739,-0.24325494468212128,-0.027304936200380325,0.001790398731827736,0.17875021624367537,0.022109166441131475,-0.14189761003544946,
0.054868608713150024,-0.12640984058380128,-0.4433640956878662,-0.285399466753006,-0.0861608013510704,-0.012191196903586388,0.16672822228340195,0.020861680218139198,-0.14206830897818926,
0.03517857789993286,-0.13959732055664062,-0.39880964756011966,-0.33153873682022095,-0.08110079169273376,0.013508307747542858,0.15268996308394117,0.018059714191961333,-0.14437102342783448,
0.039026996493339544,-0.15849918127059937,-0.30063843727111816,-0.41043487191200256,-0.03149941563606262,0.04566597938537598,0.11940587602941596,0.010261864775558852,-0.14679797863329822,
0.1485449552536011,-0.16877964735031128,-0.2021446466445923,-0.4786801338195801,-0.04428230598568916,-0.028306536376476288,0.09865904534539666,0.00787917949754721,-0.14530990182306489,
0.1663593888282776,-0.14867552518844604,-0.0004420299548655749,-0.4228869080543518,-0.10040842741727829,-0.07884001731872559,0.07307055658894522,0.004248321136334268,-0.14591460316485094,
0.09439831972122192,-0.1400584578514099,0.23853540420532227,-0.3457218110561371,-0.10999581217765808,-0.03789391368627548,0.049426242322974864,0.0014311775417100428,-0.14964974954685314,
0.06518546938896179,-0.031372961401939396,0.4106917381286621,-0.3843376338481903,0.03814253211021423,0.014437200501561165,0.01169466378775274,-0.00838956438290684,-0.15553070852897188,
0.06882314682006836,0.04974898397922516,0.6398615837097168,-0.28713226318359375,0.09719812870025635,0.015169570222496986,-0.007481865066258355,-0.008268076285730964,-0.15499588403583442,
0.07773228883743287,0.12679792642593385,0.8755975723266602,-0.11675650626420975,0.014773290604352951,-0.013326254673302174,-0.025623644785658303,-0.003556265156509698,-0.15431529280422282,
0.08537891507148743,0.2573062896728516,0.7986662864685059,0.025323141366243362,-0.03176544979214668,-0.0434199757874012,-0.042348139323931805,0.00034241374022503965,-0.1552160431611268,
0.0933195471763611,0.2978428602218628,0.6960179805755615,0.0754571482539177,0.020166192203760147,-0.05334025248885155,-0.04241317187895713,-0.0015612929395925265,-0.1568296298976766,
0.11768758296966553,0.25198719501495365,0.5778891086578369,0.17752279341220856,0.04586569964885712,-0.07990528643131256,-0.03557930982100959,-0.0014934978009034472,-0.16210251494317743,
0.08592758178710938,0.17425440549850466,0.48856434822082523,0.23950786888599396,0.005452226847410202,-0.08150318264961243,-0.028400532319336307,0.0007175293587546276,-0.16612925751561847,
-0.004254763200879097,0.08975542187690735,0.23770291805267335,0.26241105794906616,0.03361515700817108,-0.0644589513540268,-0.005624195749961752,0.002063270680879943,-0.1745990389550922,
-0.039700523018836975,0.06640399694442749,0.11772421598434449,0.25282368063926697,0.03288278728723526,-0.02664205990731716,0.007692110813452135,0.0031825119965972594,-0.17818465478562137,
-0.035490196943283085,0.0470948338508606,-0.015981315076351168,0.25149208307266235,0.010512232780456543,-0.027707325294613838,0.0347924969414736,0.007827947619508158,-0.18153203514739105,
-0.040339314937591554,0.024117596447467804,-0.08385295271873475,0.23824287950992584,-0.034961242228746414,-0.04275418445467949,0.04758746477402605,0.008963497906835646,-0.1825787968420061,
-0.11050136089324952,-0.03538649678230286,-0.20875484943389894,0.21107862889766693,-0.06492181122303009,-0.015190467238426208,0.07217161805897129,0.0072571009748069225,-0.1868728956745284,
-0.16287089586257936,-0.09008743166923523,-0.3285822868347168,0.1284540593624115,-0.0360930860042572,0.0528533011674881,0.0936587387581022,0.0016918971589959945,-0.1903444274435489,
-0.15138312578201296,-0.09897211194038391,-0.3148807525634766,0.07858636230230331,-0.02597307413816452,0.08734123408794403,0.10118576081971886,-0.001262751402695402,-0.1892940742097822,
-0.0899974822998047,-0.10948560237884522,-0.32366974353790284,0.03557809814810753,-0.049542345106601715,0.06590612977743149,0.11006505043272724,-0.006724373868922224,-0.182573974794664,
-0.07041618227958679,-0.11861338615417481,-0.34643054008483887,-0.006832739803940058,-0.049475762993097305,0.04100557416677475,0.11217223877216939,-0.01039947500661308,-0.17977270955691457,
-0.10671168565750122,-0.14902104139328004,-0.3610759735107422,-0.029203293845057487,-0.05233866348862648,0.06903534382581711,0.11281227978511928,-0.013471879719980803,-0.17840136456973232,
-0.14393012523651125,-0.18997323513031006,-0.4063551425933838,-0.11509024351835251,-0.022777574136853218,0.11570724099874496,0.11006293668315657,-0.020380031351863323,-0.17433115989587236,
-0.15358108282089233,-0.19054614305496217,-0.41004486083984376,-0.17301400005817413,-0.007397818844765425,0.13721227645874023,0.10553749572969914,-0.023666259093104502,-0.1699245853262655,
-0.13985518217086793,-0.1797797203063965,-0.33536365032196047,-0.1751445233821869,-0.03336364030838013,0.17349785566329956,0.09760155658016062,-0.02621323694413061,-0.16406904137618095,
-0.07721370458602905,-0.15055679082870485,-0.3034081935882569,-0.2750796377658844,0.018235107883810997,0.19373787939548492,0.07824611838407475,-0.032965254278397506,-0.14894049190436137,
-0.04248306751251221,-0.13994210958480835,-0.2424640417098999,-0.32587942481040955,0.08734413981437683,0.17822496592998505,0.06528859578627974,-0.035920747854475785,-0.13926907587818876,
-0.07670602798461915,-0.12840007543563844,-0.047739851474761966,-0.31815627217292786,0.08002044260501862,0.1924062967300415,0.04856086450824668,-0.03478189376829279,-0.12936803832953028,
-0.05328774452209473,-0.06362259984016419,0.228920316696167,-0.2656254172325134,0.0420038215816021,0.21064893901348114,0.010676482138583304,-0.025765507513576837,-0.10930260589093264,
-0.0011882666498422624,-0.015936343371868136,0.3211951494216919,-0.24771566689014435,0.06424121558666229,0.17948995530605316,-0.004220044062588314,-0.023455428603700278,-0.0985981366226236,
0.032806554436683656,0.01947721093893051,0.41328482627868657,-0.18892638385295868,0.07722412794828415,0.19500286877155304,-0.017596086300241145,-0.02036499760305918,-0.08895853482519804,
0.04915426075458527,0.055200386047363284,0.5540756225585938,-0.12327945977449417,0.10026047378778458,0.21990342438220978,-0.029859874677405474,-0.0161680787353091,-0.08011215734560821,
0.18533215522766114,0.14795147180557253,0.6184022903442383,-0.014356170780956745,0.06903490424156189,0.1990641951560974,-0.04500509165263579,-0.004376085170449603,-0.05986473046101565,
0.298002290725708,0.1786510705947876,0.5454919338226318,0.027921512722969055,0.07615885883569717,0.12103357166051865,-0.04702518202258376,0.001106811866193315,-0.04983644493983097,
0.3257060289382935,0.18406628370285036,0.5286039352416992,0.10015975683927536,0.06510674208402634,0.09180537611246109,-0.046575915655239435,0.0058288768497266495,-0.042337508922456496,
0.23466145992279053,0.13639405965805054,0.42373380661010746,0.14783033728599548,0.08081939071416855,0.08920878916978836,-0.03827612406496254,0.014301405973542975,-0.033238789243177025,
0.19999208450317385,0.08790386319160462,0.3577495098114014,0.18078696727752686,0.07356227934360504,0.11197882145643234,-0.030525793856726206,0.018886468623582016,-0.029135029116160442,
0.19756028652191163,0.046495398879051214,0.28366005420684814,0.2123454213142395,0.049926724284887314,0.10372301936149597,-0.021404867555187394,0.023600207482736186,-0.024185303288407036,
0.22497103214263917,0.035612308979034425,0.23171072006225588,0.2428390383720398,0.043202176690101624,0.06271111220121384,-0.011202136125965437,0.027099633219800398,-0.018575264663561696,
0.26954116821289065,0.017032448947429658,0.058796620368957525,0.23964324593544006,0.056384824216365814,0.025626588612794876,0.013122686118905406,0.03177884197389788,-0.010716463906669995,
0.3141768217086792,0.016465900838375094,0.009315809607505799,0.23425033688545227,0.09047328680753708,-0.006198184564709663,0.02567140225753275,0.03422994987292998,-0.008804769938333717,
0.3392791509628296,0.0043174587190151215,-0.046920600533485415,0.22985611855983734,0.09593276679515839,-0.045146916061639786,0.037817816711312,0.03739801626534272,-0.007868449774913818,
0.2736123323440552,-0.023074719309806827,-0.18441792726516726,0.21973611414432526,0.011177662760019302,-0.0801009014248848,0.06149081354661434,0.03380043748438967,-0.009735295352485412,
0.2760158061981201,-0.022752703726291658,-0.2543513774871826,0.16560736298561096,-0.004268671851605177,-0.1355612426996231,0.07244588940201407,0.03599509822849587,-0.013005021956978051,
0.24035353660583497,-0.028922298550605775,-0.33687491416931153,0.11147861182689667,-0.012657629325985909,-0.15626731514930725,0.08189666712745056,0.037079145342633416,-0.0186094034246546,
0.16551529169082643,-0.07308455705642701,-0.32498035430908206,0.08178436011075974,-0.018649742007255554,-0.1620596945285797,0.09298677798302796,0.040477658554192664,-0.03361639086541774,
0.15693792104721072,-0.08128444552421571,-0.3374022722244263,0.03551193326711655,-0.05134004354476929,-0.18296551704406738,0.09607481150382702,0.04201002865197877,-0.04186746213043489,
0.13840148448944092,-0.09585095047950745,-0.3203852891921997,0.012475591152906418,-0.0899558812379837,-0.19408421218395233,0.09735497048616532,0.042979922623560804,-0.05100322412884144,
0.10485031604766847,-0.1002057671546936,-0.32420780658721926,-0.039056576788425446,-0.08203297853469849,-0.1896899938583374,0.09738265674866785,0.04259897839441974,-0.06130548080848419,
0.021619571745395662,-0.10925450325012208,-0.34241974353790283,-0.0881253182888031,-0.07996902614831924,-0.164389967918396,0.09249577518744848,0.04012479723323804,-0.08258250967409997,
0.03335617780685425,-0.10996457338333131,-0.34563612937927246,-0.13599564135074615,-0.11179380118846893,-0.17251260578632355,0.08726921379264958,0.03858882702006372,-0.09206485102158628,
0.055978196859359744,-0.11332839727401733,-0.3277743816375733,-0.1584327667951584,-0.16479070484638214,-0.18949025869369507,0.08040445080661003,0.03632678466046376,-0.10138709397606699,
0.045647794008255006,-0.10729957818984986,-0.2714272975921631,-0.1874612271785736,-0.1452830582857132,-0.1836313009262085,0.07191632440413538,0.032126090985181543,-0.11181443274180285,
-0.016168788075447083,-0.10099200010299683,-0.20454087257385256,-0.25164341926574707,-0.06858401000499725,-0.12577411532402039,0.05220932078424887,0.020725292750410913,-0.13342094431532933,
0.03262729644775391,-0.09731573462486268,-0.1614933252334595,-0.28333503007888794,-0.05074083432555199,-0.1542033702135086,0.04023260322992008,0.017247564342474892,-0.14144371754646498,
0.09205250144004823,-0.09646173119544983,-0.014956749975681305,-0.23573102056980133,-0.103205107152462,-0.19135446846485138,0.023473188872310535,0.012710335015722333,-0.14812267655489272,
-0.021572837233543397,-0.05448851585388184,0.15472060441970825,-0.22800785303115845,-0.11472328007221222,-0.1619265377521515,-0.0029997026896891586,0.004589948144981254,-0.16661162897425996,
-0.017456257343292238,-0.029933512210845947,0.2174912214279175,-0.24658361077308655,-0.039156049489974976,-0.14747928082942963,-0.014431412103923874,-0.0019118315656491485,-0.1750848111787084,
-0.011986133456230164,-0.016184100508689882,0.38209517002105714,-0.14564980566501617,-0.018982602283358574,-0.1382913738489151,-0.026635203352162583,-0.005523640742059645,-0.18254242085892863,
-0.018673257529735567,0.015267498791217804,0.5140981674194336,-0.07267919182777405,-0.032165251672267914,-0.13482925295829773,-0.03758588806589666,-0.006991914332658169,-0.18967483690334466,
-0.018253520131111145,0.10032466650009156,0.4433929443359375,-0.03080098330974579,-0.015986546874046326,-0.11352396011352539,-0.04789394077952156,-0.011472190976152766,-0.20294487019544777,
-0.0030081003904342653,0.14849265813827514,0.42233920097351074,0.010744329541921616,0.008314797654747963,-0.12830451130867004,-0.049770639137783346,-0.013586613125335687,-0.2086871839305549,
0.010174727439880371,0.17715296745300294,0.41520018577575685,0.05488622561097145,-0.00872943364083767,-0.16339166462421417,-0.05015229738808454,-0.014692748051170103,-0.21456551871569146,
-0.03309744596481323,0.16441278457641603,0.40441055297851564,0.10229049623012543,-0.036626044660806656,-0.17038245499134064,-0.048620894124989475,-0.015503092458356838,-0.22170405348410346,
-0.1256866455078125,0.1436900496482849,0.3249278783798218,0.14044028520584106,0.001190842129290104,-0.1522063910961151,-0.0391228885393182,-0.02044131543382729,-0.23829840760524973,
-0.1487644076347351,0.12059966325759888,0.2661523580551148,0.14709818363189697,0.027090085670351982,-0.12397687137126923,-0.0318316504944998,-0.022111930650137192,-0.2462603456330079,
-0.13688886165618896,0.10101038217544556,0.22740576267242432,0.16800399124622345,0.020498761907219887,-0.13016872107982635,-0.024033824675467285,-0.02193536929932133,-0.25328236350395317,
-0.1640392303466797,0.05586734414100647,0.16892309188842775,0.19909639656543732,0.002122948644682765,-0.11552133411169052,-0.006784911457569841,-0.020151698215506098,-0.2663154382101178,
-0.1746578812599182,0.05227160453796387,0.10092188119888307,0.19403639435768127,0.03747641295194626,-0.08183234930038452,0.003620950104904516,-0.02002909065579035,-0.27224209919204084,
-0.17092441320419313,0.030930402874946597,0.057447153329849246,0.20715247094631195,0.047196950763463974,-0.06418890506029129,0.014022158196257973,-0.018743434971251013,-0.27691937756513585,
-0.1955718755722046,0.004006011784076691,0.027387571334838868,0.2092829942703247,0.007915323600172997,-0.03888887166976929,0.02422063046286746,-0.016290637860491262,-0.28059372081346395,
-0.25532782077789307,-0.03747921288013458,-0.11559816598892213,0.1990298181772232,-0.04641316086053848,0.016171984374523163,0.04358777988451098,0.01073016259670044,-0.28645063577775126,
-0.25867576599121095,-0.05090295672416687,-0.196802020072937,0.14143896102905273,-0.008063643239438534,0.053922295570373535,0.05399136987956516,0.008966808769709652,-0.286765228750072,
