-0.1960582137107849,-0.06345082521438598,-0.17113285064697267,0.19562335312366486,0.095723956823349,0.003892173059284687,0.04836752247637532,0.015705514791096477,-0.26114257261590573,
-0.15972303152084352,-0.0974906623363495,-0.24851734638214112,0.1610022634267807,0.03680151700973511,0.028592992573976517,0.06884286037893275,0.0267750901559232,-0.25906230052458634,
-0.13293681144714356,-0.09656054377555848,-0.30006322860717777,0.0978187620639801,0.1017160639166832,0.05169591307640076,0.07820390681044749,0.029059164227724348,-0.2577367761106006,
-0.12297143936157227,-0.10314334630966188,-0.3531857252120972,0.08283847570419312,0.10684265196323395,0.056622762233018875,0.08628582082150209,0.03087907272840159,-0.2556183034072273,
-0.1490548372268677,-0.12759865522384645,-0.3733758687973023,0.011598916724324226,0.0226201843470335,0.09916676580905914,0.0957322515944713,0.038566201512165735,-0.24710963629062635,
-0.14435549974441528,-0.13986793756484986,-0.3993525266647339,-0.057443536818027496,0.016028860583901405,0.12273574620485306,0.09806243126562887,0.04030897666144431,-0.24196568385902303,
-0.13421808481216432,-0.1444843053817749,-0.45991010665893556,-0.1374715268611908,0.031009141355752945,0.1693410575389862,0.0991777135898974,0.03986691463091098,-0.2367262795209,
-0.12733060121536255,-0.14931809902191162,-0.47350525856018066,-0.18294499814510345,0.031075719743967056,0.20263056457042694,0.0977020420231976,0.03869659338586001,-0.23072144131325548,
-0.07724391222000122,-0.1574055075645447,-0.4270963191986084,-0.2595125436782837,-0.01046932302415371,0.22379961609840393,0.08596774317530735,0.036683881162363485,-0.21317836686036257,
-0.0757410764694214,-0.1503321170806885,-0.4120405673980713,-0.30924707651138306,-0.04422489181160927,0.23538435995578766,0.07665329260281747,0.035192465333892996,-0.20253314884198742,
-0.06658307313919068,-0.1297581434249878,-0.35250768661499027,-0.3860792815685272,-0.03763356804847717,0.22819383442401886,0.0648975859168717,0.03239910130387832,-0.1915241906546265,
0.03195306658744812,-0.09854711890220642,-0.1890834450721741,-0.4267590641975403,-0.03789988160133362,0.2295919954776764,0.034096956917013733,0.02460125733924161,-0.16900070979060208,
0.06155313849449158,-0.05997982621192932,0.08021591901779175,-0.3720310926437378,-0.04602252319455147,0.24983200430870056,0.011776730565390706,0.020759799794704548,-0.15821218226754732,
0.08683311343193055,-0.033313611149787904,0.33679108619689946,-0.2836141586303711,-0.023518813773989677,0.24756833910942078,-0.009131442218848304,0.018715202451025936,-0.1468140355953318,
0.2850483894348145,0.09183351993560791,0.7525798320770264,-0.1493908315896988,0.01642860472202301,0.16840586066246033,-0.042772519966504684,0.01659154977151177,-0.12171269143290088,
0.3906802892684937,0.1713943123817444,1.0140981674194336,0.05314257740974426,0.029744409024715424,0.11607475578784943,-0.05511805085229534,0.018071395961984968,-0.11059507729470267,
0.39411301612854005,0.21568913459777833,1.2001734733581544,0.2405625432729721,0.02148861065506935,0.12273265421390533,-0.06204828665356306,0.020502046489106963,-0.10241967443967726,
0.3045083045959473,0.1440075993537903,1.0454774856567384,0.36007189750671387,0.017493868246674538,0.06860390305519104,-0.05170951924742738,0.025431885830299657,-0.09083575444030367,
0.308884859085083,0.07998788952827454,0.8314264297485352,0.45867544412612915,0.004843853414058685,0.015540417283773422,-0.03655533664976491,0.026954013248617494,-0.08519809273187282,
0.23678972721099856,0.0013871625997126102,0.6495836734771729,0.48637232184410095,-0.02618197351694107,0.012810677289962769,-0.017854749181723615,0.028154414074339607,-0.0817592095856684,
0.09144323468208314,-0.12484838962554932,0.22140965461730958,0.48683837056159973,-0.0009485220070928335,0.023263584822416306,0.02884812857286748,0.028059544021439772,-0.07990595201311478,
0.11542319059371949,-0.1484723448753357,0.07505846619606019,0.46832939982414246,0.06975840777158737,-0.013621197082102299,0.053910130229699114,0.02645013631032648,-0.07912418670278795,
0.14320194721221924,-0.15622565746307374,-0.05266726613044739,0.43344199657440186,0.054178912192583084,-0.06022651866078377,0.07361349093424067,0.022314631733370085,-0.07855190925338096,
0.14413634538650513,-0.19232951402664186,-0.17703812122344972,0.4145335555076599,0.020623082295060158,-0.08372890949249268,0.09773487835709746,0.02518626532777464,-0.07791600524298363,
0.08683239817619325,-0.23888878822326662,-0.34054093360900883,0.32631632685661316,0.057374704629182816,-0.07174469530582428,0.14177403854131002,0.03237641011231989,-0.08150623082336719,
0.042201471328735356,-0.2533025979995728,-0.4520438671112061,0.2537451982498169,0.056043125689029694,-0.04145123064517975,0.16163263118398252,0.03542102064030065,-0.08499184772148634,
0.04738542139530182,-0.25570292472839357,-0.48056554794311523,0.22145436704158783,-0.07005754858255386,-0.07567285001277924,0.1923172792253344,0.04374923091439129,-0.08723975781610724,
0.08789817094802857,-0.2587507486343384,-0.5024643421173096,0.1343676894903183,-0.06865917891263962,-0.13433142006397247,0.20430317884707105,0.04575629702153385,-0.08876137618491428,
0.07818507552146912,-0.23429534435272217,-0.5781920433044434,-0.002185903489589691,0.03686858341097832,-0.048044998198747635,0.21436252716567805,0.04489896976704033,-0.0952418120680546,
-0.017608800530433656,-0.2418827295303345,-0.6759794712066651,-0.06516966223716736,0.0162956602871418,0.04130405932664871,0.22132496151426787,0.0455136900084474,-0.10337437009152883,
-0.07921362519264222,-0.21136043071746827,-0.5876422882080078,-0.1232265755534172,-0.06140206381678581,0.05042538419365883,0.2215923147299885,0.050144016320997874,-0.10590498431387804,
0.015015865862369538,-0.18113855123519898,-0.5857962131500244,-0.2394069880247116,-0.04322598874568939,0.014672447927296162,0.21779822413198788,0.04784488410823255,-0.10399703582026586,
0.05736971497535706,-0.1592839598655701,-0.6175717353820801,-0.3393421173095703,-0.030442817136645317,0.02053140103816986,0.21148952113083275,0.043961468258190445,-0.1038894431749351,
-0.007232490181922913,-0.1942787766456604,-0.5495661735534668,-0.3987971842288971,-0.07505077123641968,0.0472295917570591,0.18600467962520578,0.03932775942396698,-0.1051819737220699,
-0.009988387674093248,-0.20762805938720705,-0.4563229560852051,-0.4307551085948944,-0.1414300501346588,0.06493961811065674,0.16736378126990473,0.036649300891353424,-0.10535372342135997,
0.0038202863186597826,-0.2377867937088013,-0.4140958309173584,-0.564046323299408,-0.11832714080810547,0.06853488087654114,0.147177160099842,0.032180954178448316,-0.1054264009854739,
0.11482104063034058,-0.18826781511306764,-0.3188604593276978,-0.6372166872024536,-0.034038081765174866,0.009346124716103077,0.10014825942686645,0.01709818649804378,-0.10516291513430917,
0.16162163019180298,-0.1977824330329895,-0.06928566098213196,-0.5454041957855225,-0.15088427066802979,0.0038200654089450836,0.06945422332810763,0.01239949724581592,-0.10391643432858137,
0.1463374972343445,-0.1870171904563904,0.2790999412536621,-0.47789305448532104,-0.17092455923557281,-0.029802344739437103,0.037122427089494626,0.010165933797608473,-0.10408966294703292,
0.2087280035018921,-0.08327119946479798,0.5229093074798584,-0.3800884783267975,-0.09402579069137573,-0.06036211922764778,0.008173153719382403,0.003992106213077788,-0.10488854636085093,
0.2524417877197266,0.1572028160095215,1.1421154022216797,-0.1852116584777832,0.05717518553137779,-0.10277295857667923,-0.03993392585586065,-0.01242251429056889,-0.10795844749639139,
0.24946043491363526,0.2105912208557129,1.3001730918884278,0.045151785016059875,0.07581730931997299,-0.0863279327750206,-0.056273933509562835,-0.015305265120593643,-0.11165424079320442,
0.1726092576980591,0.19643698930740358,1.3679553985595705,0.1970185488462448,0.07901310175657272,-0.06848476082086563,-0.06566256007604117,-0.01385426078167822,-0.11739245624988365,
0.10687206983566284,0.16122202873229982,0.9645796775817872,0.3005489408969879,0.11370077729225159,-0.0743437111377716,-0.06002181001915726,-0.00799809670502267,-0.12744274466898098,
0.08237379789352417,0.130342173576355,0.679837989807129,0.36686164140701294,0.06729519367218018,-0.07381107658147812,-0.04780460051609546,-0.0038821591766023786,-0.13172396973751563,
0.030323460698127747,0.08825746774673462,0.4541599273681641,0.38497114181518555,0.03247436508536339,-0.06801870465278625,-0.03228614817036279,0.0011880685240572087,-0.13618609763809866,
-0.02370305061340332,0.057062387466430664,0.2468916416168213,0.3771142065525055,0.03626947104930878,-0.06435801833868027,-0.014131697609125521,0.0047508597612813935,-0.14027741213371808,
-0.061451596021652226,-0.02438500374555588,-0.056504195928573614,0.3241173028945923,0.06196897476911545,-0.03932430222630501,0.0245319707107387,0.008944281028000562,-0.14705669090952078,
-0.10284274816513062,-0.08700805902481079,-0.1219009280204773,0.3073393702507019,0.01949155516922474,0.0015552211552858353,0.04217161696676732,0.012100760297215588,-0.14959308940921462,
-0.14190291166305544,-0.13399829864501953,-0.1794376850128174,0.27265170216560364,0.015363655053079128,0.046762384474277496,0.05868988058819225,0.01552440367188982,-0.1510980431216544,
-0.1415626883506775,-0.17102142572402956,-0.32474632263183595,0.19795003533363342,0.05391291528940201,0.06973214447498322,0.08953261132274529,0.017377140678589444,-0.1497965541357271,
-0.10447212457656861,-0.1605061173439026,-0.3783313035964966,0.1364310085773468,0.0688931941986084,0.060810551047325134,0.1024323637469739,0.017733078271423335,-0.14651926226810655,
-0.09219335317611695,-0.14534584283828736,-0.4011138916015625,0.10300834476947784,0.04792080074548721,0.04330027103424072,0.11264141972175647,0.019172569783848455,-0.14224130322610562,
-0.0814816951751709,-0.1508745551109314,-0.4095173358917237,0.06872013956308365,0.021555505692958832,0.06374002993106842,0.1203514876465512,0.02130812148704547,-0.13798091840917445,
-0.12315306663513184,-0.20900425910949708,-0.482411003112793,-0.043998152017593384,0.024817878380417824,0.12659063935279846,0.1310776487768267,0.02373626491636461,-0.131620502772187,
-0.11770043373107911,-0.2242778778076172,-0.5509854316711426,-0.11923245340585709,0.02768077701330185,0.15169093012809753,0.133510069711556,0.022828394719203848,-0.127419972596033,
-0.09101428985595704,-0.22109174728393555,-0.5434621334075928,-0.19559860229492188,0.0022475868463516235,0.17126516997814178,0.13206571500357647,0.021341891744170498,-0.12120167147736645,
-0.06987550258636475,-0.21000027656555176,-0.5480970859527589,-0.2504597306251526,-0.011867167428135872,0.17213070392608643,0.12741585401696987,0.019782602043260503,-0.11373764172670946,
0.0007863884791731835,-0.14802924394607545,-0.4696226119995117,-0.298662930727005,-0.024650339037179947,0.1641412079334259,0.10880950556886586,0.013946264130403502,-0.09789343101572463,
-0.026527658104896545,-0.1224684476852417,-0.41174912452697754,-0.3985980749130249,-0.03377166762948036,0.18864229321479797,0.09573650679684596,0.01060535654171147,-0.0902010806283712,
-0.06341965198516845,-0.11806422472000122,-0.3723906993865967,-0.4534591734409332,-0.02371823415160179,0.2176707535982132,0.08084322809461893,0.007187388323645541,-0.0827993604089792,
-0.04017095863819123,-0.13063421249389648,-0.0164271354675293,-0.40305885672569275,-0.04608878865838051,0.2387763112783432,0.03861625262206949,0.001033955065566685,-0.06510247272456321,
-0.021507745981216433,-0.11008539199829102,0.2982257127761841,-0.31098005175590515,-0.0544777438044548,0.24463526904582977,0.015509116908393178,-0.0011990733332441223,-0.05430392856198579,
0.05340562462806702,-0.07200598120689393,0.5297524929046631,-0.20698362588882446,-0.01619480364024639,0.2676050066947937,-0.005381800753173323,-0.0036039053476447174,-0.04263739542832327,
0.2008631467819214,0.015843559801578522,0.8893940925598145,-0.03174760937690735,0.02834656648337841,0.2645423710346222,-0.0367713439730536,-0.00663439562128519,-0.01798152250686083,
0.30498197078704836,0.06090715527534485,0.9685589790344239,0.10733652859926224,0.09838761389255524,0.22073441743850708,-0.045407519860501004,-0.005029451512907146,-0.004689518959969084,
0.40747594833374023,0.11892064809799195,0.9218241691589356,0.19588662683963776,0.12535211443901062,0.13864247500896454,-0.047814614318969134,-0.001762447007873241,0.008159316281718136,
0.517749547958374,0.20288207530975344,0.6936744689941406,0.30421072244644165,0.10884052515029907,0.042502354830503464,-0.03669982724001403,0.01071600357200616,0.0279920535236733,
0.4832332611083985,0.18214949369430544,0.5265164852142334,0.33683446049690247,0.10131709277629852,-0.01908324845135212,-0.024834666658327967,0.01743387844020676,0.033030914548617375,
0.44733896255493166,0.12594324350357056,0.3383430242538452,0.3555431663990021,0.07282126694917679,-0.039989061653614044,-0.009708473731893368,0.023182896179596218,0.03552328756424201,
0.30698363780975346,-0.003341042995452881,0.049069678783416754,0.3321073353290558,0.03720148652791977,-0.05789882317185402,0.02451121015406825,0.03325278534094548,0.03416229977111662,
0.26981918811798095,-0.04577741920948029,-0.09543273448944092,0.2787109613418579,0.016229093074798584,-0.09225360304117203,0.041675324538172645,0.026326620780592964,0.03197318248460073,
0.24911837577819826,-0.07907326221466066,-0.19731404781341555,0.24635353684425354,0.0137656694278121,-0.101108618080616,0.05780002270676798,0.028323642616029633,0.029004351977236928,
0.21770200729370118,-0.10363932847976685,-0.2681078672409058,0.19968163967132568,-0.01732673868536949,-0.10497020184993744,0.07205765927127719,0.030008389797552326,0.024885619056848343,
0.1795561671257019,-0.13109796047210695,-0.41484913825988773,0.12857523560523987,-0.05307967588305473,-0.11875205487012863,0.09591623975477111,0.03362322918090285,0.01515948180371234,
0.17636187076568605,-0.13732360601425173,-0.4570194244384766,0.05793489143252373,-0.04289308190345764,-0.13759391009807587,0.10452175157098027,0.033956758764416416,0.009575302582768173,
0.18380603790283204,-0.14754818677902223,-0.4761535167694092,-0.015568356029689312,-0.048219405114650726,-0.13027022778987885,0.110639725770864,0.03353016168545737,0.003097025157515492,
0.1187307357788086,-0.16641266345977784,-0.4736677169799805,-0.08208080381155014,-0.09755446761846542,-0.12474416941404343,0.11399439583681317,0.03402587942736444,-0.011374428453041022,
0.10928629636764527,-0.16815359592437745,-0.4530052185058594,-0.14126956462860107,-0.10294736921787262,-0.15244103968143463,0.11122858592107016,0.033279215910164264,-0.01846209128841727,
0.11771627664566041,-0.18036185503005983,-0.4486887931823731,-0.1998591125011444,-0.12438581138849258,-0.12833943963050842,0.10625768605133787,0.030846748431358022,-0.02617483357438716,
0.07833687067031861,-0.18016334772109988,-0.4124907970428467,-0.27229708433151245,-0.1275816112756729,-0.11009678244590759,0.08926651413516631,0.02491494230982045,-0.043620157447876826,
0.12239307165145874,-0.14654364585876464,-0.3588042974472046,-0.31803688406944275,-0.10594342648983002,-0.14272050559520721,0.0770003346855643,0.02004788026413029,-0.05115308460764866,
0.1723925232887268,-0.13839226961135864,-0.24835724830627443,-0.3446684777736664,-0.08603629469871521,-0.1985803097486496,0.062193784201177535,0.015150829049875218,-0.05818301355842578,
0.1997527360916138,-0.11863174438476563,-0.1514412045478821,-0.37389668822288513,-0.07398548722267151,-0.21935296058654785,0.04593163161838,0.010820621815556406,-0.06602068950288739,
0.1352868437767029,-0.01853974610567093,0.09917882680892945,-0.38328662514686584,-0.05707404762506485,-0.26909175515174866,0.006923203720924264,-0.003624031215526024,-0.08675919139146053,
0.12980518341064454,0.037534260749816896,0.28241639137268065,-0.30745309591293335,-0.057473521679639816,-0.3258836567401886,-0.012122202135706485,-0.007093118348993899,-0.09858914891421608,
0.11285015344619752,0.03513851463794709,0.5346922874450684,-0.17143213748931885,-0.023385057225823402,-0.31290075182914734,-0.031199281495275007,-0.010945273888415851,-0.11240202292114213,
-0.00591174066066742,0.08206104636192323,0.8763511657714844,-0.04020486772060394,0.06456584483385086,-0.3139660358428955,-0.059172887859276005,-0.021210362021175908,-0.14411412036169813,
-0.07048298120498657,0.09825113415718079,0.9201240539550781,0.11392558366060257,0.11030563712120056,-0.29206153750419617,-0.0651635655058467,-0.02416899012679497,-0.15973732864491258,
-0.16793413162231446,0.10019568204879761,0.9212072372436524,0.1964835822582245,0.10457983613014221,-0.2507159411907196,-0.065966724228877,-0.02431400486725348,-0.17600506950566913,
-0.2361376762390137,0.06492622494697571,0.7695479393005371,0.2971510589122772,0.08453954756259918,-0.20284560322761536,-0.06079810116951154,-0.022517477648185787,-0.19207489446484946,
-0.31173243522644045,-0.004841449856758118,0.4909258365631104,0.33882951736450195,0.09299508482217789,-0.12894289195537567,-0.038784707854662454,-0.016198741177716375,-0.21909660544206935,
-0.2996603727340698,-0.01065446510910988,0.2874605655670166,0.3457537591457367,0.06643005460500717,-0.09571995586156845,-0.022460072157233047,-0.012829123250691373,-0.22889345356664378,
-0.26409235000610354,-0.021893768012523653,0.14508248567581178,0.34309059381484985,0.0286797434091568,-0.08846283704042435,-0.005135690267591739,-0.008530372618012906,-0.2360497513184898,
-0.2212787389755249,-0.026535210013389588,0.010500989854335785,0.3168584406375885,0.03926580771803856,-0.061498332768678665,0.012604175315926168,-0.004415905326999201,-0.24125445842927065,
-0.20322966575622559,-0.0553655743598938,-0.20906693935394288,0.24448706209659576,0.057774778455495834,0.0037491144612431526,0.045653573782758236,0.013021052875982054,-0.24964919289829138,
-0.19968630075454713,-0.07438250184059143,-0.28870453834533694,0.2121962308883667,0.029079217463731766,0.03344336152076721,0.06090320488666988,0.0159583958570716,-0.25170750155344873,
