-0.1947839617729187,0.02795955836772919,-0.2358576774597168,0.21066084504127502,0.01570839434862137,0.00994220469146967,0.019357699674646983,0.0050885436300113175,-0.3703129210321336,
-0.15681849718093874,0.032558032870292665,-0.26342196464538575,0.18968844413757324,0.024896299466490746,0.006213778629899025,0.03027611734244956,0.005582334357106161,-0.3699267923691224,
-0.1350085735321045,0.02724035680294037,-0.3128468275070191,0.15786367654800415,0.026560775935649872,0.009209834970533848,0.04056350363305463,0.006623063197064174,-0.3693172154548661,
-0.14537110328674316,0.02275517135858536,-0.34754242897033694,0.1274370551109314,0.032353151589632034,0.022392481565475464,0.049695982028069394,0.007905969840304068,-0.36886949809254493,
-0.14264942407608033,-0.003456784784793854,-0.4281800746917725,0.06977961212396622,0.03907763212919235,0.046294353902339935,0.06375662018886173,0.010648994130133782,-0.3665786810889358,
-0.14070800542831421,-0.014683571457862855,-0.4495464324951172,0.02370692789554596,0.052326858043670654,0.07179412245750427,0.06803772186748747,0.012136696924735704,-0.3642055274448366,
-0.14278900623321533,-0.02222370058298111,-0.4788886547088623,-0.02962411381304264,0.060849178582429886,0.08737130463123322,0.07059838557383377,0.013778669470673372,-0.3607705485476741,
-0.12112549543380738,-0.0008450239896774293,-0.49984245300292973,-0.09507130086421967,0.020568866282701492,0.09822368621826172,0.06924032826435499,0.01759642075137375,-0.3510322488402966,
-0.11085489988327027,0.0012818630784749985,-0.4993462562561035,-0.15113084018230438,-0.01059011835604906,0.09855657815933228,0.06533200575582988,0.018185422233258575,-0.34578625205223074,
-0.09371954202651978,-0.028544768691062927,-0.5235296249389648,-0.22443434596061707,-0.01518407091498375,0.10501474142074585,0.059459663158375115,0.017311009026208156,-0.3408332216869978,
-0.09119102358818054,-0.07026054859161378,-0.495075273513794,-0.3053944706916809,0.008251747116446495,0.12678608298301697,0.03919885896600694,0.014243053273981773,-0.33060001705875225,
-0.12556674480438232,-0.08847005367279054,-0.4319331169128418,-0.40499669313430786,-0.012986963614821434,0.15821139514446259,0.024711915581802055,0.013853534554993647,-0.3245386158673783,
-0.11213841438293458,-0.12088627815246583,-0.42342934608459476,-0.5262370705604553,0.01324517372995615,0.19569538533687592,0.007305496103340454,0.013387003023571943,-0.3172997094402288,
-0.12347131967544556,-0.10900975465774537,-0.1496172070503235,-0.5508047342300415,-0.023573029786348343,0.23750701546669006,-0.04173785871883009,0.014618460106362356,-0.2985926967417573,
-0.10407476425170899,-0.16020565032958986,0.14030624628067018,-0.5548660755157471,-0.18609243631362915,0.22965069115161896,-0.07247459202757096,0.019570147735568227,-0.28750769365863416,
0.03053550720214844,-0.2502630710601807,0.4299965858459473,-0.3570597767829895,-0.40440505743026733,0.2900378406047821,-0.09949657171099632,0.018039479638237127,-0.2742209696336446,
0.29565091133117677,0.03139719069004059,1.4130077362060547,-0.07037048041820526,-0.23795749247074127,0.3225284218788147,-0.1416917430506831,-0.0027072683659652504,-0.2360966380237154,
0.7228656768798829,0.2870712995529175,1.4432258605957031,0.07903286069631577,0.1651119440793991,0.14036820828914642,-0.14764974331770736,-0.009343541121722752,-0.21412034674010447,
0.8092156410217286,0.45211682319641117,1.5213659286499024,0.2574646472930908,0.12543083727359772,0.02492017298936844,-0.14774084690569692,-0.003384841410576462,-0.20398652690612498,
0.6705617904663086,0.3944266319274903,1.4300334930419922,0.3980129659175873,-0.0056632705964148045,-0.034202005714178085,-0.14083164499025183,0.006856890768420755,-0.20335304739582544,
0.3976102113723755,0.14955494403839112,0.8734339714050293,0.5040068030357361,0.03195388242602348,-0.0721520483493805,-0.1052566480596716,0.010339804328198081,-0.20653726816825918,
0.3134931087493897,0.007431697845458985,0.5688373565673829,0.5233812928199768,0.09320658445358276,-0.05783756077289581,-0.08073752428856122,0.009392000588712418,-0.20973579901507272,
0.23561685085296633,-0.1053632140159607,0.32594263553619385,0.5245131850242615,0.0994650200009346,-0.04878281429409981,-0.05476591712403917,0.011678344770645447,-0.21384620758538653,
0.12218331098556519,-0.19095216989517214,-0.06301370859146119,0.4944194257259369,0.02855834923684597,-0.05311045050621033,-0.007571291635297172,0.017593216164184203,-0.22089642163735457,
0.04483989477157593,-0.20720434188842773,-0.17310782670974734,0.45986488461494446,0.015908334404230118,-0.010100397281348705,0.01771189972466876,0.020039073249079137,-0.22369044354758794,
-0.006511355191469193,-0.20911989212036133,-0.26782186031341554,0.3990124464035034,0.04959719628095627,0.022458162158727646,0.04224308384814835,0.020779951680230536,-0.22555248799145067,
0.021883229911327365,-0.15817048549652102,-0.3927976131439209,0.340955525636673,0.026893751695752144,0.029781853780150414,0.08478685045638545,0.024323317647468038,-0.2234541700156323,
0.0648156762123108,-0.12732261419296265,-0.39776999950408937,0.3073996901512146,-0.031096583232283592,-0.005172135308384895,0.10272314188160309,0.025981723451962754,-0.2211023133726721,
0.08990784287452698,-0.09346189498901368,-0.4459418773651123,0.25713253021240234,-0.019445253536105156,-0.027809005230665207,0.11950721589676361,0.025597773807421682,-0.22046435284686652,
0.07472981214523315,-0.06001307368278504,-0.48098134994506836,0.17544004321098328,0.06457748264074326,-0.03373453766107559,0.14664274976458752,0.024509376445275177,-0.2233847612608315,
0.04915658831596375,-0.03819269835948944,-0.4648888111114502,0.1382889449596405,0.06397826969623566,-0.04505297541618347,0.15626571406343157,0.027541439096512008,-0.22372632503708287,
0.04199154078960419,-0.04713126122951508,-0.46549296379089355,0.12450709939002991,-0.009591557085514069,-0.04258955270051956,0.16400619794558066,0.03188431234786771,-0.22363428861616672,
0.021536564826965334,-0.05812386274337769,-0.4680827617645264,0.09754259139299393,-0.03176237642765045,-0.03872796520590782,0.17064395769777324,0.03471522818144048,-0.2246738596444114,
-0.011536841094493867,-0.06940718293190003,-0.5605983734130859,0.0041987900622189045,0.049464039504528046,-0.0075689805671572685,0.1810121491274406,0.03491160801743559,-0.22939192585767484,
-0.022037807106971743,-0.08109483718872071,-0.5833488941192627,-0.06051602587103844,0.03528270497918129,0.007011827081441879,0.18270323102157263,0.03661604055455663,-0.22936734022158178,
0.00018622812349349262,-0.06954836249351502,-0.5510441303253174,-0.08202105015516281,-0.04234844073653221,8.760765194892883e-05,0.1812494570899567,0.038800042438658,-0.22777660908848113,
0.021224445104599,-0.05130604505538941,-0.49199700355529785,-0.1078537106513977,-0.08782191574573517,-0.0016434472054243088,0.17351588987454172,0.03726688113732097,-0.22844712457914196,
0.039150291681289674,-0.08083961009979249,-0.5580077648162842,-0.19467277824878693,-0.028699737042188644,-0.0053718723356723785,0.16847584006251032,0.03341854099972294,-0.23087072040758783,
0.051436555385589604,-0.13241991996765137,-0.60176739692688,-0.28082603216171265,0.01284557580947876,-0.004240029025822878,0.16085921967572755,0.030632873919743647,-0.2325964787314937,
0.009683775156736374,-0.1646590232849121,-0.5896643161773681,-0.3721058666706085,-0.030497372150421143,0.021193159744143486,0.1351707465221227,0.030751737217811236,-0.23307985489699978,
0.02547273933887482,-0.13300613164901734,-0.5212652206420899,-0.39387720823287964,-0.09188323467969894,-0.004572924226522446,0.11717577332581432,0.02966593152740574,-0.23261056112670025,
0.08945409059524537,-0.14032480716705323,-0.4408498287200928,-0.47104230523109436,-0.06658320873975754,-0.02294873632490635,0.09730503373588337,0.02614995089306666,-0.23319957145079867,
0.09902519583702088,-0.15899401903152466,-0.4591843605041504,-0.5721758604049683,0.014842947013676167,-0.04784929007291794,0.07632155266718962,0.02173239766656536,-0.23512519862378659,
0.02382592260837555,-0.22700064182281496,-0.10672788619995117,-0.5709774494171143,-0.030563950538635254,-0.017822150141000748,0.02195332774732447,0.02031384907188912,-0.23934017830306734,
0.0030136173591017723,-0.25530753135681156,0.13733110427856446,-0.5689135193824768,-0.20573337376117706,0.03397633135318756,-0.011991830391807137,0.018950622765437106,-0.24090023453618936,
0.06681479811668396,-0.24543581008911133,0.31198170185089114,-0.5700456500053406,-0.13469350337982178,0.09755866229534149,-0.04024200155720911,0.011020986086070638,-0.23929187983595257,
0.09847944378852845,-0.152105450630188,0.6142022132873536,-0.4463418424129486,-0.041682589799165726,0.13584160804748535,-0.06975342072545347,0.0014493064609096059,-0.23516290571461823,
0.29566910266876223,0.20635521411895752,1.2159768104553224,-0.21744313836097717,-0.009391764178872108,0.008342765271663666,-0.12023835475763517,-0.002612544974997672,-0.22250692186973395,
0.3766633033752442,0.34007732868194585,1.3804838180541994,-0.042939506471157074,-0.03935232385993004,-0.05777021124958992,-0.13493695834843772,-0.0020093081555153797,-0.21928020787870017,
0.2408843517303467,0.3820553779602051,1.410476875305176,0.11605121940374374,0.0005950906197540462,-0.038728609681129456,-0.1417939732911664,-0.0038526734711357155,-0.22061108099860735,
0.22452311515808107,0.334375262260437,1.237479305267334,0.3047361671924591,0.0499301515519619,-0.04711756482720375,-0.13565037880339958,-0.007334466627647782,-0.22411209508853192,
0.24654119014739992,0.2777229070663452,0.9862565040588379,0.3902236521244049,0.013910896144807339,-0.08133918792009354,-0.12259118886382929,-0.006102526653233438,-0.22688403649832434,
0.2184677839279175,0.2094803333282471,0.7106896400451661,0.45427268743515015,0.004456674214452505,-0.12075397372245789,-0.10477882239059035,-0.005558321775277818,-0.23049999861370782,
0.15117751359939577,0.15096569061279297,0.4403861045837403,0.4447518587112427,0.04626830667257309,-0.12488187104463577,-0.08349661440394034,-0.006875626188137838,-0.23526824340525362,
0.02461095750331879,0.05173639059066773,-0.027025836706161502,0.3956831395626068,0.08288677036762238,-0.11742501705884933,-0.03510269172617458,-0.007209873830411942,-0.2480773242582159,
-0.004510040953755379,0.012583456933498383,-0.13451567888259888,0.3406888544559479,0.045269619673490524,-0.11163264513015747,-0.014132675125898551,-0.0037038472727695094,-0.25434457823599477,
-0.04802501797676087,-0.03080061972141266,-0.24182159900665284,0.2908877432346344,0.0261614378541708,-0.07854286581277847,0.005059247467987758,-0.0001797219122123771,-0.26036738298138895,
-0.12677340507507326,-0.044344770908355716,-0.32086522579193116,0.2458137422800064,0.07389860600233078,-0.026145171374082565,0.03648659930604882,0.003653139129268372,-0.2693869026025511,
-0.10649139881134034,-0.0471620112657547,-0.376845121383667,0.19654525816440582,0.08568309247493744,-0.007303306832909584,0.049709650215985356,0.006876175910625208,-0.27096623157915223,
-0.058888256549835205,-0.025840622186660767,-0.3867557525634766,0.16891495883464813,0.07256702333688736,-0.03333570808172226,0.060807786231463545,0.0114022911440499,-0.27074896351959843,
-0.01938140690326691,-0.005507330596446991,-0.3905918121337891,0.12677043676376343,0.07349912822246552,-0.04778335615992546,0.07041571633477882,0.015542149537127634,-0.27055909444175985,
-0.06606538891792298,-0.02533966302871704,-0.4081027984619141,0.10020540654659271,0.09467125684022903,-0.024280959740281105,0.08500764626424204,0.02384841007770865,-0.2728142597464611,
-0.0850814163684845,-0.03212902843952179,-0.408773946762085,0.05806088075041771,0.115510493516922,0.004148285835981369,0.09017822388311285,0.028730309240216193,-0.27288773588237525,
-0.083714497089386,-0.03213624954223633,-0.43785195350646977,0.007860292680561543,0.09547020494937897,0.0021509146317839622,0.09435482265850455,0.03425633051815866,-0.2714673201078806,
-0.06420066952705383,-0.03726786971092224,-0.4798733711242676,-0.027757834643125534,0.07063595205545425,-0.00117495097219944,0.09695645013038134,0.039655389629512615,-0.26948774948376114,
-0.08267369270324708,-0.038206249475479126,-0.46678876876831055,-0.08182001113891602,0.07949096709489822,0.009277955628931522,0.0958186098638166,0.0474509448936504,-0.26696688253743117,
-0.11446425914764405,-0.03233711123466492,-0.48316583633422855,-0.16191458702087402,0.1480007916688919,0.03710798919200897,0.09292255461128585,0.05066042173815837,-0.26576438341594055,
-0.15075980424880983,-0.024902330338954927,-0.48930315971374516,-0.2364165186882019,0.17343397438526154,0.053486429154872894,0.08756268657408005,0.05558495390949163,-0.2632985189270403,
-0.1235592246055603,-0.04995292127132416,-0.4061039924621582,-0.25359389185905457,0.1630476415157318,0.040969572961330414,0.06821470966195106,0.07068652641806149,-0.25430450083626666,
-0.15347232818603518,-0.05415939092636109,-0.3559872150421143,-0.29147735238075256,0.134152352809906,0.04529720917344093,0.056146453876444374,0.07862110375171666,-0.2504092208240379,
-0.1626500964164734,-0.06708596348762512,-0.40382080078125004,-0.3892153799533844,0.12243443727493286,0.05282064154744148,0.043746673200350285,0.08589805018819525,-0.24690567492147092,
-0.16831345558166505,-0.08866780996322632,-0.4336431980133057,-0.4661141335964203,0.07929123193025589,0.11813466995954514,0.028744712982231753,0.0921609636849875,-0.2438021480526169,
-0.2483332633972168,-0.13182047605514527,-0.3069001197814942,-0.573972225189209,-0.06305473297834396,0.2563527524471283,-0.019142126589471457,0.11822659869566322,-0.23574440658584342,
-0.10325560569763184,-0.1383897304534912,-0.19706096649169924,-0.6671828627586365,-0.19348305463790894,0.28964224457740784,-0.06205608299801187,0.1528417875403238,-0.23125219101582659,
0.05331060290336609,-0.17102344036102296,-0.022195848822593692,-0.605730414390564,-0.40540409088134766,0.2984306812286377,-0.09194015174247253,0.15102177964061533,-0.21867559618674967,
0.3735276460647583,-0.19565525054931643,0.8784052848815919,-0.34181109070777893,-0.4815704822540283,0.32705965638160706,-0.13742967175937298,0.13161156974374286,-0.17500505787100792,
0.5943492889404297,-0.13322030305862428,1.1389610290527343,-0.16697458922863007,-0.1451466828584671,0.28358355164527893,-0.14849298311915946,0.11540529240129528,-0.14794134474245324,
0.751096248626709,0.012384065985679628,1.3578411102294923,0.037223298102617264,0.14993157982826233,0.18984028697013855,-0.15430399164016162,0.10595470486682458,-0.12364971440854239,
0.7464104652404786,0.14530276060104372,1.4491865158081056,0.1631242334842682,0.08082254230976105,0.16707025468349457,-0.1559189635831473,0.10916179488461182,-0.10970814486775196,
0.6155388355255127,0.18996341228485109,1.1478164672851563,0.33143603801727295,-0.05586419627070427,0.10774833709001541,-0.14143242538010042,0.12732001638058948,-0.0977238108031253,
0.6660839557647705,0.15104317665100098,0.8877171516418457,0.3751118779182434,0.04973014444112778,0.03584298864006996,-0.12389231749456045,0.1282422900667254,-0.09014869118874017,
0.6611698627471925,0.12217470407485963,0.6215410232543945,0.4050724506378174,0.10845284163951874,-0.009763645939528942,-0.10402973329278987,0.12852466661606227,-0.08558669648310055,
0.4992196083068848,-0.005580133199691773,0.2508851528167725,0.4214508831501007,0.037745919078588486,-0.038991838693618774,-0.06466353658202481,0.13735246404447493,-0.08729095478200515,
0.40975432395935063,-0.036012640595436095,0.1009187936782837,0.4129287600517273,-0.03961891308426857,-0.03539657220244408,-0.044417206234233564,0.14033726118373172,-0.08971033964157112,
0.2874882698059082,-0.04116049706935883,-0.0632039725780487,0.3562013506889343,-0.0551980659365654,-0.01129882037639618,-0.026203926814929956,0.12291605027787396,-0.09474178431950162,
0.24261968135833742,-0.052159196138381964,-0.18104705810546876,0.3187839388847351,-0.03975173085927963,0.0005522472783923149,-0.00643396330957046,0.12027281244586754,-0.09623581312702593,
0.24802961349487307,-0.06378590464591981,-0.26439495086669923,0.26898282766342163,-0.051869116723537445,-0.006172234658151865,0.027736255924609675,0.11541998605550795,-0.09706365420331212,
0.27458374500274657,-0.043366950750350956,-0.26899404525756837,0.24874280393123627,-0.07537151128053665,-0.05643939971923828,0.04180566341330193,0.11302766929803448,-0.09749018063761368,
0.26600370407104496,-0.028198596835136414,-0.25088398456573485,0.24188517034053802,-0.06651650369167328,-0.07195231318473816,0.0539375353422471,0.10991078001151701,-0.09968733020604867,
0.22588164806365968,-0.022365550696849826,-0.27029170989990237,0.22171172499656677,-0.046875689178705215,-0.06283098459243774,0.06528034534823904,0.10677653965944334,-0.10366543038967709,
0.20319571495056155,-0.008263849467039109,-0.37192392349243164,0.14760926365852356,-0.03455856814980507,-0.061166513711214066,0.08614624967256888,0.10271577701551511,-0.11214341962336372,
0.2261046648025513,0.0016288598999381065,-0.4024388313293457,0.0906841903924942,-0.06039123237133026,-0.08413627743721008,0.09402212769938101,0.10186010671647654,-0.11567530105746013,
0.23434498310089114,0.0037463854998350146,-0.40323734283447266,0.05493124946951866,-0.06931281834840775,-0.09951603412628174,0.09898564391937499,0.10074724069223816,-0.11991634623198151,
0.2214219570159912,-0.005433581024408341,-0.4037920951843262,0.03375912085175514,-0.08089756965637207,-0.08340391516685486,0.10156618076939926,0.09915920429974326,-0.12547696749640033,
0.19617658853530884,-0.017652124166488647,-0.43633680343627934,-0.012047250755131245,-0.08302810043096542,-0.08613364398479462,0.10262558829499696,0.09491291574005054,-0.1373063807815769,
0.22351861000061035,-0.014362570643424988,-0.4724602222442627,-0.0706367939710617,-0.08655679225921631,-0.12341789901256561,0.10143095620781811,0.09200590444836108,-0.14283544524979513,
0.24529030323028567,-0.02478463351726532,-0.49793772697448735,-0.1488671451807022,-0.07750204205513,-0.16802585124969482,0.09806457207894419,0.08948965681420452,-0.14914132093024593,
0.28630616664886477,-0.08848392963409424,-0.5333041191101074,-0.21484696865081787,-0.06092386320233345,-0.19046297669410706,0.08162962489802304,0.08574811062264157,-0.1667120994419372,
0.2981043577194214,-0.11167379617691041,-0.5595919609069825,-0.3354881703853607,-0.02024407871067524,-0.22155538201332092,0.06843432385869126,0.08476858209939209,-0.17715755873905586,
0.27678375244140624,-0.11812679767608643,-0.5716325759887696,-0.4070606231689453,-0.07983230799436569,-0.24399252235889435,0.051437526878194584,0.08506410569843371,-0.18809301901421197,
0.22572672367095947,-0.12594287395477297,-0.4100787162780762,-0.5121889114379883,-0.18236401677131653,-0.26030439138412476,0.005633199661620584,0.08142595330714462,-0.21326128469544428,
0.23660056591033937,-0.1736618518829346,-0.30673646926879883,-0.6355598568916321,-0.1762387454509735,-0.267162024974823,-0.02193310940966185,0.07307420986718785,-0.2265366453044182,
0.22988016605377198,-0.2421565055847168,-0.08864312767982484,-0.6310324668884277,-0.10979287326335907,-0.2280135601758957,-0.05425602289191067,0.061163889638640445,-0.2394888385365602,
0.10546886920928955,-0.24780070781707764,0.3257114171981812,-0.4998047351837158,-0.16645169258117676,-0.11436225473880768,-0.08909373124462606,0.04995604877717669,-0.25115499536907876,
-0.033803290128707884,0.06910858750343322,1.206501865386963,-0.25805628299713135,-0.22670571506023407,-0.17541523277759552,-0.1477967352043553,0.02998148906101263,-0.2621463259277003,
0.2582871913909912,0.26596267223358155,1.512204933166504,-0.06710762530565262,0.02203352563083172,-0.28140902519226074,-0.16580713401399666,0.01566056487432778,-0.261035323569924,
0.21639108657836914,0.3580705881118775,1.5754281044006349,0.12171050161123276,0.1684408187866211,-0.23220713436603546,-0.1751706668681038,0.0034667563967710814,-0.26758729228856454,
0.04413528442382813,0.3047461032867432,1.5336851119995119,0.27990224957466125,0.1944066435098648,-0.19885104894638062,-0.1774865920537387,-0.001887585200632262,-0.28078403252467055,
-0.06317933201789856,0.10424002408981324,0.9639020919799806,0.40380582213401794,0.037013810127973557,-0.13420280814170837,-0.15819452059119762,0.002133294241501495,-0.30899287331745945,
-0.12115280628204346,0.07918108701705934,0.6037367820739746,0.4094650447368622,0.05299277603626251,-0.1048414558172226,-0.13990299915546264,0.0035094878846287365,-0.3192688359682404,
-0.10215237140655518,0.11878623962402345,0.2796496391296387,0.3535386621952057,0.14666947722434998,-0.10051382333040237,-0.11922836434264573,0.002501171819869324,-0.32589618076788945,
-0.006804335862398148,0.11183220148086548,-0.058814340829849245,0.3494773507118225,0.07729411870241165,-0.13047437369823456,-0.07341179168333627,0.011624640665426655,-0.3376828748227357,
-0.00830957069993019,0.06854003667831421,-0.1141033411026001,0.3404891788959503,0.0177058894187212,-0.10870303958654404,-0.05620353998904356,0.01704791676073017,-0.34483360287657266,
-0.08842186331748964,0.039511856436729435,-0.2107032060623169,0.280701220035553,0.04240671172738075,-0.05004691332578659,-0.03871766079639177,0.019029986297459934,-0.351831795082839,
-0.16959209442138673,0.024728144705295566,-0.3777989387512207,0.21918219327926636,0.06963752955198288,-0.01928740367293358,-0.0072854288733908154,0.021175377575166958,-0.36034185264922247,
-0.15008498430252076,0.033738312125206,-0.38320422172546387,0.20173849165439606,0.04706724360585213,-0.017356611788272858,0.0046811771119113586,0.024332336059307992,-0.36172419035005055,
-0.12280397415161133,0.045227897167205815,-0.3576062679290772,0.19135215878486633,0.0031916615553200245,-0.015425819903612137,0.015049550465517123,0.027863886086337546,-0.36249023746109116,
-0.11409735679626465,0.03243951797485352,-0.449293851852417,0.13296236097812653,0.04413776472210884,-0.000978170894086361,0.03493506633910321,0.03044062027011101,-0.3640912696480547,
-0.12705732583999635,0.03614077568054199,-0.5197997570037842,0.032694339752197266,0.13555078208446503,0.01187158189713955,0.04295638914503117,0.03131856638922465,-0.36427863623728063,
