-0.17886296510696412,-0.07261203527450562,-0.037907412648200994,0.12130744010210037,-0.03262726962566376,0.031172815710306168,0.12257257121484168,-0.04763609386499278,-0.2357491304815673,
-0.17147591114044192,-0.07943874001502992,-0.049757313728332524,0.10845769196748734,-0.01584935374557972,0.050347574055194855,0.12883782618908218,-0.049855340182283145,-0.23553994184207233,
-0.1665218234062195,-0.08289629220962524,-0.07322754859924317,0.09946952015161514,-0.0334927961230278,0.06978864967823029,0.1346561692900341,-0.05187771568574013,-0.23435162319885183,
-0.16687543392181398,-0.08679475784301759,-0.08513519763946534,0.08994872123003006,-0.0461428128182888,0.0722520723938942,0.1397830827156585,-0.05376449126910123,-0.23225221586024825,
-0.13682818412780762,-0.09211894869804382,-0.12972441911697388,0.06617959588766098,-0.040749844163656235,0.06892234832048416,0.1487960892688834,-0.06028698552831075,-0.2273827397147702,
-0.14311131238937377,-0.0969842255115509,-0.13071458339691164,0.048336416482925415,-0.04101616144180298,0.09329027682542801,0.15218319436796318,-0.06384569518915043,-0.22517592746042153,
-0.1516008257865906,-0.0979950487613678,-0.11953771114349365,0.030293500050902367,-0.02596929855644703,0.10800424218177795,0.1545748183104363,-0.06749173035978732,-0.22268842818009418,
-0.11958974599838257,-0.10159002542495728,-0.13841477632522584,0.006591365672647953,-0.014317968860268593,0.1106674000620842,0.1572229424086736,-0.07547146310377711,-0.2153001527184688,
-0.10389910936355591,-0.09550286531448365,-0.13398391008377075,-0.019441034644842148,-0.0005361104849725962,0.10081370174884796,0.15697959940703168,-0.07909375822060495,-0.21060566334039624,
-0.09152551889419556,-0.09100167751312256,-0.1319325089454651,-0.03328946977853775,-0.006062169559299946,0.10940239578485489,0.15590869016163042,-0.08223520727114213,-0.2058943282901197,
-0.09245315194129944,-0.0890606939792633,-0.10028021335601807,-0.050466861575841904,0.007519952021539211,0.11080055683851242,0.15098519093859492,-0.08738622867825598,-0.1963746080108646,
-0.08830450177192689,-0.07729710340499879,-0.11039409637451172,-0.08568716794252396,0.02283312939107418,0.11339714378118515,0.14754767990585899,-0.09037176362163156,-0.19115052215668746,
-0.11478462219238282,-0.08309100866317749,-0.10859761238098145,-0.090147964656353,0.004790212027728558,0.13463585078716278,0.14309493065397202,-0.09229458200314211,-0.18561504436309473,
-0.12627770900726318,-0.0846835732460022,-0.06442552208900452,-0.08069373667240143,-0.004597431048750877,0.13616716861724854,0.13707266893139744,-0.09373024532938067,-0.17957288320095854,
-0.07613820433616639,-0.07010850906372071,-0.02800557315349579,-0.10333061218261719,0.015109960921108723,0.12298452109098434,0.12422092065773585,-0.0987819983929277,-0.1663209757232066,
-0.07191617488861084,-0.07256356477737427,-0.012871095538139345,-0.11984220892190933,0.06517738848924637,0.12771163880825043,0.1177450430324722,-0.10126163795077762,-0.1598353243046223,
-0.073313969373703,-0.0795571267604828,0.015793418884277346,-0.12257194519042969,0.08468504250049591,0.14242559671401978,0.10986695226100776,-0.10206061397848157,-0.1530996013207853,
-0.05766295194625855,-0.06092197895050049,0.035061785578727724,-0.1292964369058609,0.081622414290905,0.14369060099124908,0.08266876795504724,-0.0897789644939395,-0.13440008274504017,
-0.01758728325366974,-0.046589607000350954,0.04935066103935242,-0.1292298436164856,0.11371350288391113,0.11193240433931351,0.0730447383328213,-0.08682801710467013,-0.12565939755206665,
0.03435855209827423,-0.045335215330123906,0.07919592261314393,-0.12816458940505981,0.18675069510936737,0.06319655478000641,0.06421959341480309,-0.08388296940233933,-0.117727203833311,
0.06573148369789124,-0.024739593267440796,0.09696335196495057,-0.14054828882217407,0.2097204476594925,0.04541995748877525,0.05590848858902444,-0.07899601715733941,-0.11088623587230807,
-0.057710987329483036,0.018555958569049836,0.16099506616592407,-0.12077431380748749,0.11378008127212524,0.09102658927440643,0.0404049816583387,-0.060977046349530266,-0.10155712802667062,
-0.05082087516784668,0.00010181480320170522,0.26470973491668703,-0.07709847390651703,0.0767621397972107,0.11586056649684906,0.0326720983715515,-0.05238531834327665,-0.09739921146010917,
0.041096928715705874,0.01807794123888016,0.375829029083252,-0.005992070306092501,0.14147694408893585,0.08476816117763519,0.026001224276202838,-0.04753551128724398,-0.09190222102611606,
0.10034818649291993,0.11425172090530396,0.49468903541564946,0.06564648449420929,0.141943097114563,0.08323594927787781,0.019178277842007506,-0.037949744346630766,-0.08051161953236086,
0.07608363032341003,0.10196167230606079,0.47485146522521976,0.14021499454975128,0.0493316613137722,0.0897606909275055,0.020310888791998563,-0.030126853772164768,-0.0759645191429063,
0.09263026714324951,0.08818002939224244,0.4535420894622803,0.18928374350070953,0.027693476527929306,0.06745670735836029,0.023985990731152686,-0.02431744256984279,-0.07106907657070691,
0.13328242301940918,0.08065809011459352,0.4063452243804932,0.21511641144752502,0.050130609422922134,0.054140906780958176,0.030520244366810417,-0.02188898638572605,-0.06624815935369542,
0.1212547779083252,0.05752516388893128,0.2856395959854126,0.2450769692659378,0.06770747900009155,0.05001300573348999,0.04977364407363114,-0.019100492072850014,-0.059144018933890645,
0.13339353799819947,0.02913174629211426,0.21788780689239504,0.2499372363090515,0.05991772562265396,0.023447975516319275,0.06133428427179489,-0.016639056837264573,-0.05584941703637836,
0.1261508584022522,0.015603841841220857,0.15071321725845338,0.2571277618408203,0.05565666779875755,0.0036740032956004143,0.073729053116324,-0.013812536807930532,-0.052729639516396296,
0.05275341868400574,-0.010591402649879456,0.0597922682762146,0.2666485607624054,0.040676385164260864,-0.00032073818147182465,0.09924272356829553,-0.00851335050934264,-0.04926133472071849,
0.04485704302787781,-0.027749365568161013,0.012974242866039277,0.25686144828796387,0.030822690576314926,-0.007378115318715572,0.11253936503311815,-0.006218644165775543,-0.0483363630209098,
0.038838467001914984,-0.04616212248802185,-0.040510067343711854,0.23315931856632233,0.030689531937241554,-0.015567336231470108,0.1260286381998286,-0.0044109330573168975,-0.04762878603333031,
-0.00019849336240440607,-0.08455491662025452,-0.09968609213829041,0.2198435217142105,0.014710566028952599,-0.011772330850362778,0.1514889150148055,-0.000973380528287728,-0.04713955491790058,
-0.032818141579627993,-0.09008411169052125,-0.09211257100105286,0.22570247948169708,0.008785032667219639,0.009066903963685036,0.16280533537514832,0.00035621908222777256,-0.047288661595084214,
-0.03922272324562073,-0.1051986575126648,-0.1116422176361084,0.19347822666168213,0.01664135791361332,0.021450603380799294,0.17420271252511807,0.0010210411762352793,-0.04722161300141955,
-0.006898463517427445,-0.1261043906211853,-0.1566224217414856,0.1589237004518509,0.023432418704032898,0.01186322420835495,0.18568389543423386,0.0011735320825142326,-0.04664546113546675,
0.010406211763620377,-0.11013609170913696,-0.16214274168014528,0.1547958105802536,-0.0007357686990872025,-0.008709696121513844,0.20445304291963146,0.0016589817658686572,-0.0439815786672738,
-0.013901905715465547,-0.1251830577850342,-0.17272483110427858,0.13142657279968262,-0.011721308343112469,-5.442183464765549e-05,0.21243414018523765,0.0023179514881039223,-0.04360219773379631,
-0.0368946373462677,-0.12240997552871705,-0.20124454498291017,0.10193204879760742,-0.01704763062298298,0.005338478833436966,0.22020464216591415,0.0024598651416014037,-0.044005461969474725,
-0.0029037801548838617,-0.15387779474258423,-0.2389939308166504,0.05599252134561539,-0.010988938622176647,-0.0038494267500936985,0.23275042879135363,0.0013400342630438425,-0.044719560692429244,
-0.010559941828250886,-0.12905045747756957,-0.23686103820800783,0.03468723222613335,0.011115298606455326,-0.01064048707485199,0.23691402849216722,0.0006589899096723901,-0.04522087109300862,
-0.013537096977233888,-0.12915009260177612,-0.2196624517440796,0.015448235906660557,0.01990334689617157,0.01339891366660595,0.23965174472789358,0.000507631558384373,-0.04572122069827229,
-0.026780036091804505,-0.1360628128051758,-0.20693752765655518,-0.008719950914382935,0.01803913526237011,0.03157498687505722,0.24149315515844635,0.0011435540686815023,-0.045804006460541856,
0.005119763687252999,-0.10172309875488282,-0.21155261993408203,-0.01977207139134407,0.00585517194122076,0.017393654212355614,0.24262893160347804,0.0014380674335146356,-0.04343908711521094,
0.00871652439236641,-0.07106335759162903,-0.20640153884887696,-0.03914656490087509,-0.024771180003881454,0.002280215732753277,0.24185530808801545,0.0010861714584002836,-0.04176314348177239,
0.003215831518173218,-0.06547205448150635,-0.22313950061798096,-0.07902740687131882,-0.0011356259929016232,-0.0022471584379673004,0.24078187008567473,0.0006894772768485089,-0.04095526011116522,
0.0003200369887053967,-0.09320381879806519,-0.2521951675415039,-0.13874879479408264,0.029557306319475174,0.012866280972957611,0.23575470101740106,-0.0006207512442541826,-0.041943524108580814,
0.009282928705215455,-0.0966881275177002,-0.21650919914245606,-0.14846932888031006,0.013112286105751991,0.004810218699276447,0.23023645732774278,-0.00013846359836893374,-0.041232922638534814,
-0.013084451854228974,-0.05161853432655335,-0.1850396990776062,-0.1469380110502243,-0.03509093075990677,-0.0076400600373744965,0.22323455040962728,0.00057583990229239,-0.03977744305075627,
-0.02486279308795929,-0.06404269337654114,-0.16946767568588259,-0.16165196895599365,-0.08209572732448578,8.310750126838684e-05,0.2081947679992069,0.0003274796640977478,-0.03973271307828452,
-0.0029150666669011116,-0.07796218395233155,-0.18043332099914552,-0.22783152759075165,-0.015916168689727783,0.009404171258211136,0.20059888784465502,-0.0024351113606609445,-0.042023420812095855,
0.013410449028015137,-0.09412540793418885,-0.19234435558319093,-0.279230535030365,0.01870492473244667,0.012000754475593567,0.19195636309972733,-0.005594123678724036,-0.04414708093718273,
0.008403293788433075,-0.09950759410858155,-0.16336961984634402,-0.2726392149925232,-0.03449172154068947,0.001348108984529972,0.18077716262876545,-0.006791405603206714,-0.04449945522271261,
-0.015894857048988343,-0.05041105151176453,-0.01071743294596672,-0.22290468215942383,-0.09900680184364319,-0.006974269635975361,0.15281434408057287,-0.006747113756154228,-0.043426149770067236,
-0.005989425256848336,-0.056343215703964236,-0.0055650208145380025,-0.26225289702415466,-0.10606417804956436,-0.007506901398301125,0.14005579528028045,-0.009640200184849098,-0.045078047963999605,
0.013794209063053132,-0.056000775098800665,-0.048490050435066226,-0.28196027874946594,-0.07057755440473557,-0.017427176237106323,0.12890685339981026,-0.014579149901770127,-0.04768761596294861,
0.009340990334749222,-0.031489530205726625,0.1147769570350647,-0.22723232209682465,-0.09820785373449326,-0.001315052155405283,0.1021004263940432,-0.0233888041998286,-0.05223617755005618,
0.02214954197406769,-0.045993256568908694,0.1780988097190857,-0.21218545734882355,-0.11225602775812149,-0.00284636951982975,0.08885318083682572,-0.026716729016201812,-0.05387749531251621,
0.06985290050506592,-0.03180671930313111,0.20141215324401857,-0.1944088637828827,-0.07084386795759201,-0.03740088641643524,0.07753251301139708,-0.031629183542787744,-0.05527468985054738,
0.07270247340202332,0.011982204020023347,0.31248848438262944,-0.15459460020065308,-0.03063013404607773,-0.04352615773677826,0.057207054399591756,-0.04100344248271801,-0.05957358285124473,
0.06652083396911622,0.030507573485374452,0.3511225700378418,-0.10725726187229156,-0.01857927441596985,-0.042927589267492294,0.04835722264254885,-0.043272329986444875,-0.062155144443753904,
0.06148496866226197,0.047187510132789615,0.362371826171875,-0.07183721661567688,-0.015450060367584229,-0.052315231412649155,0.041045241261436737,-0.04443848313774278,-0.06458758457727498,
0.08001405596733094,0.06852706670761109,0.33743689060211185,-0.03601769730448723,-0.005796101875603199,-0.06396655738353729,0.031737717690363494,-0.045652767317179155,-0.06945538629523414,
0.06758416295051575,0.07947667241096497,0.3155738353729248,-0.006789504084736109,-0.0006695165066048503,-0.06629683077335358,0.02923568721745394,-0.04601159655426178,-0.07246262924261515,
0.05452947616577149,0.08916849493980408,0.2946312427520752,0.015447891317307949,-0.0016016229055821896,-0.07694946974515915,0.027996145435394394,-0.04602218805640974,-0.07578355114443507,
0.04674593806266785,0.10219889879226685,0.27094852924346924,0.036087390035390854,-0.0080597884953022,-0.0886673778295517,0.02794921370796751,-0.04581351033062669,-0.07919188135559396,
0.024354404211044314,0.09390661120414734,0.2453075408935547,0.061054524034261703,-0.017647167667746544,-0.09912028908729553,0.030882354736506395,-0.04532040859967714,-0.08728603610473924,
0.000215890072286129,0.08401548862457275,0.21451318264007568,0.08056218177080154,-0.015383481048047543,-0.10351449996232986,0.03409142642584241,-0.04545281139225023,-0.09212767946114724,
-0.027157881855964662,0.07182470560073853,0.19576113224029543,0.10246668010950089,-0.02057664655148983,-0.09319475293159485,0.037986595807285146,-0.045757612748250506,-0.09729802371237774,
-0.09320102334022523,0.034908768534660344,0.15115909576416017,0.12030985951423645,-0.03442508727312088,-0.08127710968255997,0.048130204104419406,-0.04611683707111999,-0.10783181563686202,
-0.08356923460960389,0.01618531793355942,0.11891379356384278,0.12869882583618164,-0.04168219864368439,-0.0856713205575943,0.05444419859984645,-0.0467414011758788,-0.11242761464446407,
-0.08460915684700013,0.006084712594747544,0.08897618055343628,0.12929803133010864,-0.041615620255470276,-0.07894684374332428,0.061295934350445024,-0.04774291636818658,-0.11692407465579015,
-0.12156665325164795,-0.013282251358032227,0.04176925420761109,0.12510354816913605,-0.0300308670848608,-0.06256839632987976,0.07580871538243865,-0.049934624059167675,-0.12627476291312437,
-0.14770411252975466,-0.013228999078273775,0.02754468321800232,0.13349251449108124,-0.037287984043359756,-0.033539943397045135,0.08273023924112399,-0.04936218955989058,-0.1303371987152987,
-0.17166866064071656,-0.01643878072500229,0.015714016556739808,0.13189461827278137,-0.044678255915641785,-0.018293347209692,0.08935697968954001,-0.04732761787616421,-0.13352672626449918,
-0.15751991271972657,-0.047277030348777775,-0.030617517232894898,0.11671458929777145,-0.04940536618232727,-0.002580696251243353,0.10159352726216929,-0.036920763659632025,-0.13672808593485486,
-0.13726457357406616,-0.05681178569793702,-0.03904050886631012,0.10825905948877335,-0.03855298459529877,-0.0027138544246554375,0.1081947950850518,-0.03905116730725051,-0.13795816102892036,
-0.1276087760925293,-0.05818593502044678,-0.035352325439453124,0.1175801232457161,-0.04461167752742767,0.010868268087506294,0.1142363916763011,-0.04130191631176104,-0.13896489289237124,
-0.16242517232894899,-0.06430639028549194,-0.03257606625556946,0.12450434267520905,-0.03702166676521301,0.026714075356721878,0.12561401935581903,-0.04487435939231057,-0.14028257718213902,
-0.14704289436340331,-0.08244245648384095,-0.06655657291412354,0.09387688338756561,0.0021269831340759993,0.044155724346637726,0.13192242095922782,-0.04737392161795091,-0.14031382362266281,
-0.1387025594711304,-0.10233899354934693,-0.09816149473190308,0.07257159799337387,0.04540335386991501,0.06432916969060898,0.13798800071277537,-0.04949694567733159,-0.1396187676484564,
-0.15477259159088136,-0.1223904848098755,-0.11387041807174683,0.06438237428665161,0.05286020413041115,0.09562131762504578,0.14624205330883164,-0.05046210878958738,-0.1345067052010313,
-0.14577361345291137,-0.1415231466293335,-0.12405936717987061,0.051998674869537354,0.027427013963460922,0.12172029167413712,0.14901062919611555,-0.04974721824695915,-0.12975416922542146,
-0.1275513768196106,-0.15419007539749147,-0.14233770370483398,0.026898382231593132,0.02669464610517025,0.13090819120407104,0.15133667985716487,-0.049845549157134184,-0.1240515450133596,
-0.0853984534740448,-0.1573254704475403,-0.15769139528274537,-0.00033244010410271585,0.06564337760210037,0.12931029498577118,0.1530381393874009,-0.051354152839159936,-0.11787738528471563,
-0.07485263347625733,-0.1538279414176941,-0.16869580745697021,-0.02569904923439026,0.08401919156312943,0.15427742898464203,0.1530793236683136,-0.05427862909962152,-0.1043195386245438,
-0.08461671471595765,-0.14107089042663576,-0.15890958309173586,-0.03721722215414047,0.06045021116733551,0.16706059873104095,0.15111385682787953,-0.053762556034581965,-0.09621443436089124,
-0.06915330290794373,-0.12448596954345703,-0.15487477779388428,-0.05692461505532265,0.06064995005726814,0.15694059431552887,0.14831376574605623,-0.05345199059084638,-0.0872119015880722,
-0.02143005579710007,-0.1101604700088501,-0.161359441280365,-0.10326361656188965,0.07649575918912888,0.14955031871795654,0.1411232482016833,-0.05516472552893189,-0.06919927692118277,
-0.03599796891212464,-0.1146450161933899,-0.1431073546409607,-0.10372967272996902,0.021301744505763054,0.18383851647377014,0.13583368617139582,-0.055119688758709436,-0.060472645408587614,
-0.06302231550216675,-0.12398194074630738,-0.09095845818519593,-0.11065389215946198,-0.014118299819529057,0.20993749797344208,0.1291202075458563,-0.05477036956404896,-0.05178872023324988,
0.02637384831905365,-0.10032004117965698,-0.031033581495285036,-0.11957548558712006,0.004057775251567364,0.18390509486198425,0.1150325809269981,-0.0602746014334497,-0.03308020128861316,
0.0810876190662384,-0.058326512575149536,0.02612285912036896,-0.10745809972286224,0.0435391403734684,0.16033612191677094,0.10482517895690342,-0.06637728954758228,-0.023859598532030825,
0.09048775434494019,-0.04300666451454163,0.05266151428222657,-0.13562102615833282,0.0736328586935997,0.16226691007614136,0.09696150048629278,-0.06876627268975982,-0.014829156803647218,
0.0782544493675232,-0.025636932253837588,0.04445675909519196,-0.16664685308933258,0.09041077643632889,0.1504824310541153,0.08954524418283512,-0.06910996660218494,-0.006082264169043662,
0.0475886344909668,0.002543552778661251,0.06817947626113892,-0.17104105651378632,0.06690838187932968,0.12491608411073685,0.0717475206255723,-0.06591293112594689,0.011901512010242499,
0.02204040735960007,-0.0004123616963624954,0.146813440322876,-0.10026756674051285,0.025030169636011124,0.134237140417099,0.061057494099095236,-0.06314200588628387,0.019932537086128674,
0.002544176205992699,-0.0093085415661335,0.2309565305709839,-0.03535301238298416,-0.017314093187451363,0.16213375329971313,0.0509117687644295,-0.0607858994504401,0.026991855365388617,
0.038206765055656434,-0.017267109453678132,0.2454924821853638,-0.025098254904150963,-0.013985401019454002,0.17219015955924988,0.038845383582720994,-0.06077600932303051,0.041612733082459545,
0.11443960666656494,-0.003212634101510048,0.2347876310348511,0.012518895789980888,0.039610717445611954,0.15048539638519287,0.035836503996604534,-0.06282220480968194,0.05018479107604756,
0.1428680419921875,0.025313743948936464,0.2740005970001221,0.06351843476295471,0.03561597317457199,0.13963301479816437,0.032935508347794074,-0.06372269115311617,0.058930384834021826,
0.13635941743850707,0.05272578597068787,0.24870209693908693,0.09201426059007645,0.047134146094322205,0.12758220732212067,0.032384382184825714,-0.061411389540163966,0.07467547736604235,
0.18148616552352906,0.06410711407661439,0.2277686357498169,0.10759375244379044,0.09720157831907272,0.090497687458992,0.03476886942041279,-0.06050525142445833,0.08198011742820886,
0.22314980030059817,0.06959251165390015,0.2102850914001465,0.13355956971645355,0.12057081609964371,0.05308026820421219,0.03811388246498503,-0.05873689147214869,0.08883391738883341,
0.21872584819793703,0.06023275852203369,0.18711409568786622,0.1579274982213974,0.10259447991847992,0.03983104228973389,0.04243485944963747,-0.054896427332679944,0.09445882253377862,
0.15095696449279786,0.01637971252202988,0.12462319135665895,0.1940133273601532,0.015043055638670921,0.05640922486782074,0.05493829958178354,-0.04417219016478629,0.10186555197198016,
0.12289001941680909,-0.0005245696753263474,0.10038594007492066,0.18808779120445251,0.010515681467950344,0.06446528434753418,0.06318596307573592,-0.04061553697050043,0.1046942502061542,
0.13684496879577637,-0.0014246947132050991,0.054171741008758545,0.1609235554933548,0.055989157408475876,0.036036036908626556,0.07255262890879284,-0.040100339855037505,0.10761434749819519,
0.2141211748123169,0.009904474020004272,0.006087463349103928,0.15526433289051056,0.08535050600767136,-0.01696086674928665,0.09049498845814027,-0.03967687889965564,0.11383112631008677,
0.20249702930450442,-0.002366598136723042,0.022908936440944674,0.17670278251171112,0.06957127898931503,-0.03819957748055458,0.09809923505903563,-0.03634874010104429,0.11580407257316476,
0.17278655767440798,-0.022813382744789126,0.018535159528255463,0.17450568079948425,0.06244732439517975,-0.03633536398410797,0.10598946435414171,-0.032003451042910025,0.11642404706702271,
0.09511368274688721,-0.032499301433563235,-0.053137159347534185,0.14021746814250946,0.07749418169260025,-0.042127735912799835,0.12248519330633498,-0.03107215899664315,0.11592175382917548,
0.09533025622367859,-0.03268985152244568,-0.07461037039756775,0.13462483882904053,0.05325941741466522,-0.0539788082242012,0.13080891037325965,-0.027177653316004552,0.1155140990336123,
0.09778752326965333,-0.027526053786277774,-0.07099956870079041,0.13848641514778137,0.004390411078929901,-0.08800068497657776,0.13801058222444465,-0.022745260522983375,0.11517267166934708,
0.15794457197189332,-0.0334014356136322,-0.09380410313606263,0.12450482696294785,0.027293596416711807,-0.14286181330680847,0.15206765435811512,-0.0163326142957558,0.11139108002140957,
0.14635245800018312,-0.04920570254325867,-0.1385345458984375,0.09341241419315338,0.05519020929932594,-0.15231603384017944,0.15930643894639168,-0.01348289234200187,0.10675040487597438,
0.10593760013580322,-0.07276611328125,-0.1646931767463684,0.06877817958593369,0.050995729863643646,-0.15058498084545135,0.1658324221718496,-0.008822508644684559,0.10120030621612482,
0.08054157495498658,-0.08792669773101808,-0.17654342651367189,0.05339842289686203,0.022766221314668655,-0.1519831418991089,0.17097681655297367,-0.0027879760331984455,0.09579293736906623,
0.05605664849281311,-0.11477997303009034,-0.1959579348564148,0.009920730255544186,-0.03655543178319931,-0.1449953019618988,0.17798457453920385,0.009413186764555817,0.08512638093479066,
0.05163565874099732,-0.10920178890228271,-0.19533542394638062,0.001332035637460649,-0.041815176606178284,-0.1534508317708969,0.1797855740533577,0.013452837820089155,0.07868857228631111,
0.053071075677871705,-0.09171220660209656,-0.1715527653694153,-0.020639043301343918,-0.037554118782281876,-0.1516532003879547,0.18015894052579257,0.015972765846302264,0.0714998025635906,
0.0076111964881420135,-0.09978164434432985,-0.19670048952102662,-0.06791015714406967,-0.05892598628997803,-0.1425984501838684,0.17903980948160594,0.02085265448643328,0.056235904146479734,
-0.00278330072760582,-0.11513432264328004,-0.19080798625946047,-0.08049359172582626,-0.09148313105106354,-0.1366063505411148,0.17662802064068817,0.023114324356960723,0.048714791186171016,
-0.009397715330123901,-0.11968388557434083,-0.15976808071136475,-0.09127939492464066,-0.09913972020149231,-0.12775133550167084,0.17267536093340227,0.024395007741843323,0.04094545024593172,
-0.009792394191026689,-0.13696926832199097,-0.14201451539993287,-0.12130653858184814,-0.08129654079675674,-0.11596684157848358,0.16308688630081644,0.023456403858601763,0.024366838035148754,
0.009682753682136537,-0.11820367574691773,-0.1433444857597351,-0.1492031365633011,-0.06272099167108536,-0.12941581010818481,0.1575435556690014,0.02206913233103345,0.01658392651185502,
0.025684437155723574,-0.09898865818977357,-0.13238883018493652,-0.15339761972427368,-0.07929916679859161,-0.14060108363628387,0.15095545046215542,0.021089382662360975,0.009346226848012486,
0.041411963105201725,-0.11443568468093873,-0.06898702383041382,-0.16604763269424438,-0.08708891272544861,-0.1376716047525406,0.13477517169403358,0.020650903225681878,-0.0057636306276041835,
0.018422715365886688,-0.09625696539878846,-0.06703190207481384,-0.17437002062797546,-0.08815418183803558,-0.11829710751771927,0.12646181298591364,0.019707975694318428,-0.014211552112579936,
-0.00271512009203434,-0.06024371385574341,-0.029156273603439333,-0.18409055471420288,-0.07750153541564941,-0.13447581231594086,0.11760658914415928,0.01823184672897585,-0.022416070956918888,
0.052657204866409305,-0.06287304759025573,0.020628802478313446,-0.190881609916687,-0.08109679818153381,-0.1648358553647995,0.0933066989103692,0.009886327087146074,-0.03841345742692279,
0.05381134748458863,-0.060064882040023804,0.05622409582138062,-0.1727721244096756,-0.09321418404579163,-0.1635708510875702,0.08293274496235065,0.007710871832112613,-0.04668087779172573,
0.02962859869003296,-0.048257464170455934,0.11839357614517212,-0.15665999054908752,-0.07510469108819962,-0.16816480457782745,0.07305573400316401,0.005780788436476075,-0.05569509688655959,
0.030953922867774965,-0.03135949969291687,0.1957486391067505,-0.13116022944450378,-0.038685962557792664,-0.17715297639369965,0.0554927384216709,0.0002575527438220863,-0.07395197759903549,
0.028636890649795535,-0.027579864859580996,0.21012744903564454,-0.10113309323787689,-0.025370154529809952,-0.17855113744735718,0.04788985316207642,-0.0015188756336369678,-0.08303506068992567,
0.003938410431146622,-0.022739069163799287,0.20782499313354494,-0.1107870489358902,-0.032494112849235535,-0.16170664131641388,0.04138777464625481,-0.002199742852369005,-0.09223889988202269,
-0.031587517261505126,-0.009630325436592103,0.16622282266616822,-0.10739152133464813,-0.046808600425720215,-0.16443638503551483,0.03611882535533089,-0.0024523797338527544,-0.10145899664814166,
-0.029253664612770083,0.03696789145469666,0.2204288959503174,-0.041543688625097275,-0.07184251397848129,-0.18134525418281555,0.025194932358531322,-0.0043073516514051235,-0.11844899504625157,
-0.04020568132400513,0.042026606202125553,0.2559793472290039,-0.00865364819765091,-0.08276147395372391,-0.1768844723701477,0.020684323275685576,-0.006321882354599737,-0.12731536247085629,
-0.051748383045196536,0.03907437026500702,0.23139808177947999,-0.011849441565573215,-0.05905933678150177,-0.16263654828071594,0.018590725587190444,-0.009349502860097088,-0.13675648167704144,
-0.0653955340385437,0.034232798218727115,0.19275140762329102,-0.004658906254917383,-0.040616944432258606,-0.14306232333183289,0.018249585051772186,-0.013092387194381782,-0.146147614202476,
-0.10248850584030152,0.027679705619812013,0.21554424762725832,0.04567484185099602,-0.06391960382461548,-0.12368781864643097,0.01804651841386317,-0.01813511463707653,-0.16281661391222815,
-0.10805675983428956,0.026849791407585144,0.22239603996276858,0.07317197322845459,-0.08529147505760193,-0.12248940020799637,0.018836773492063103,-0.019983484689936777,-0.1698887044585416,
-0.09858781099319458,0.017784281075000765,0.19581415653228762,0.08815225958824158,-0.088687002658844,-0.12335492670536041,0.02126148303271544,-0.022632047538904625,-0.17645286162122484,
-0.10200889110565187,0.01456601768732071,0.1431379795074463,0.07596829533576965,-0.04953853785991669,-0.12295545637607574,0.02975171733340325,-0.030128428990021355,-0.18955258758999366,
-0.12346160411834717,0.012686815857887269,0.10429006814956665,0.08309224992990494,-0.07630330324172974,-0.11110438406467438,0.03489382648127929,-0.03355781067696018,-0.19626379766984203,
-0.16751723289489748,0.009667684137821198,0.10388672351837158,0.13655520975589752,-0.15806235373020172,-0.08833435922861099,0.039565816889504724,-0.03548643287283223,-0.20279519160307627,
-0.21461713314056396,-0.017766480147838593,0.1605374813079834,0.17037735879421234,-0.18635843694210052,-0.03740140050649643,0.050270888374229154,-0.04264556649302393,-0.2151135896460196,
-0.20696771144866943,-0.01949429214000702,0.12333936691284181,0.1363554745912552,-0.05959196761250496,0.002213122323155403,0.0588464323361136,-0.050851578604845495,-0.22047210554012944,
-0.17876191139221193,-0.01088111996650696,0.06506655812263488,0.09873832017183304,0.023232344537973404,0.023052358999848366,0.06816938058695783,-0.05968090855714392,-0.22444960069346734,
-0.12409871816635132,0.004515579342842102,0.025290217995643616,0.11804623901844025,-0.004664269741624594,0.00833839364349842,0.08182165755503701,-0.05769589025613706,-0.22444965611978657,
