-0.16905382871627808,-0.013770468533039093,-0.07036441564559937,0.22326768934726715,0.06337514519691467,0.017442770302295685,0.01814465924379051,-0.018122060557982385,-0.2601489609555609,
-0.16677962541580202,-0.03807007670402527,-0.1294353723526001,0.19730186462402344,0.037875380367040634,0.0392141118645668,0.03025981978432318,-0.014037210856147645,-0.26002845256525337,
-0.1800450086593628,-0.06659149527549744,-0.23909878730773926,0.1584862917661667,0.025957733392715454,0.06577914953231812,0.052437369319404306,-0.008356066463973574,-0.2571499739376347,
-0.173026442527771,-0.07681406736373902,-0.279949951171875,0.10928439348936081,0.03194984793663025,0.09227760136127472,0.061638632393464024,-0.00744547662221583,-0.25438260668254864,
-0.1763278126716614,-0.08818931579589845,-0.3278259038925171,0.05235932394862175,0.008047975599765778,0.09886892139911652,0.06943604476951248,-0.0068002860407795395,-0.25072526568159303,
-0.16046413183212282,-0.0948824167251587,-0.374333667755127,0.022598495706915855,-0.006000199820846319,0.10426183044910431,0.07519926412412364,-0.006264715274113471,-0.2459808855850521,
-0.12975161075592043,-0.10974425077438354,-0.4213042736053467,-0.06442029029130936,-0.001273089088499546,0.12183868885040283,0.08025132431453895,-0.008091154890404038,-0.2358480068591672,
-0.11582833528518677,-0.12477746009826661,-0.4515108108520508,-0.12041325867176056,0.016436932608485222,0.13954871892929077,0.0796448146805049,-0.00980745460110887,-0.2306017053765268,
-0.10079711675643921,-0.13064486980438234,-0.42157711982727053,-0.17267780005931854,0.021630095317959785,0.14913609623908997,0.07590925823783386,-0.011305146646239436,-0.22449611392962396,
-0.09469513893127442,-0.12791354656219484,-0.3870816946029663,-0.2073654681444168,-0.003869671141728759,0.1523984670639038,0.06958893197441512,-0.01217041621364434,-0.21742287664775953,
-0.10002285242080688,-0.12142248153686525,-0.3334352016448975,-0.26602160930633545,-0.03749207779765129,0.1806279718875885,0.05109254341097455,-0.013484941264677346,-0.20214302853660945,
-0.07746164202690126,-0.10914376974105836,-0.2597278833389282,-0.3294714093208313,-0.004801777191460133,0.17776507139205933,0.03911634709947305,-0.01584114647533337,-0.1942801345685646,
-0.016648979485034944,-0.09870802164077759,-0.18931843042373658,-0.3383930027484894,-0.016053633764386177,0.17603401839733124,0.025085359296742424,-0.018608845422793438,-0.18541268721043297,
0.07949392199516297,-0.06659038066864013,0.19081624746322634,-0.26488977670669556,-0.04987577721476555,0.15765820443630219,-0.010034809987928259,-0.020233217062148177,-0.1671270834260773,
0.11740156412124635,-0.021072207391262057,0.3729207515716553,-0.2061670422554016,-0.03449602425098419,0.1739700734615326,-0.026448850462314523,-0.021411697342465837,-0.15841897616491687,
0.14808229207992554,0.03175772428512574,0.5084168910980225,-0.10310477018356323,0.01690332405269146,0.17909279465675354,-0.03986732806709192,-0.023084598051005982,-0.15005324262880643,
0.25536696910858153,0.15163561105728152,0.8439539909362793,0.034780390560626984,0.05491994693875313,0.15033066272735596,-0.05908462609859464,-0.0220140408451931,-0.13204720041432738,
0.31098916530609133,0.1746124029159546,0.8634372711181642,0.16414344310760498,0.047862570732831955,0.09180769324302673,-0.06169550104526574,-0.01860358786814233,-0.12387678113906632,
0.3554489374160767,0.17248936891555788,0.8568271636962891,0.26321303844451904,0.07096549868583679,0.027825241908431053,-0.05923591850601425,-0.01447568226832158,-0.11739023831760662,
0.3626952409744263,0.16497478485107422,0.7485982894897462,0.3025612533092499,0.0963321104645729,0.00019494537264108658,-0.05137254512472854,-0.011132680870143635,-0.113123145106091,
0.21900823116302492,0.095296049118042,0.46528415679931645,0.38432028889656067,0.042136773467063904,-0.023906663060188293,-0.024276031376523087,-0.003005122652626647,-0.11137104459329754,
0.1499429702758789,0.031484922766685484,0.3552583694458008,0.4008318781852722,0.01637069135904312,-0.036490097641944885,-0.007448930455523852,0.001136560228465255,-0.11219848008140154,
0.11593401432037354,-0.0194717675447464,0.17395715713500978,0.3827889561653137,0.047862570732831955,-0.036623258143663406,0.012150117299604446,0.0031383010668088944,-0.11347675119374287,
0.08811970949172974,-0.04568608701229096,0.02481636554002762,0.35162997245788574,0.07469392567873001,-0.031030619516968727,0.03247981799154259,0.003964193974158877,-0.11518043909078435,
0.05666719675064087,-0.06560317277908326,-0.17607119083404543,0.3213365375995636,0.048528362065553665,-0.039153262972831726,0.06801281070884006,0.004518919994324739,-0.11767577601966442,
0.04731644690036774,-0.07336525917053223,-0.22225522994995117,0.2852506935596466,0.022029908373951912,-0.04368063807487488,0.08506431457312347,0.008280014339103851,-0.11843547712252378,
0.03488448560237885,-0.09446876645088197,-0.3048100471496582,0.2406427413225174,0.02069832943379879,-0.03409325331449509,0.10128928947948326,0.01116750662169296,-0.11966675914722127,
0.007755750417709351,-0.1349828839302063,-0.41084318161010747,0.17286528646945953,0.01949990540742874,-0.02497192844748497,0.1294147697322241,0.0149234652224138,-0.12272371400507495,
-0.0027059055864810944,-0.14790751934051513,-0.42981572151184083,0.11880312860012054,0.011443844065070152,-0.021642975509166718,0.1401443630864805,0.01661633237866586,-0.12369516206719126,
-0.009150184690952301,-0.13648581504821777,-0.4468410968780518,0.05222409591078758,-0.025507517158985138,-0.03935299813747406,0.14853640203558702,0.017943779341612773,-0.12436653151832885,
0.006472641229629517,-0.1303756356239319,-0.46842436790466313,0.028721699491143227,-0.048610441386699677,-0.03822115436196327,0.15467620240782995,0.018961367668483844,-0.12508338565951027,
-0.028042903542518618,-0.14920399188995362,-0.4855979919433594,-0.06335709244012833,-0.0336967408657074,-0.01678270846605301,0.16005748163567612,0.018564951912601997,-0.12964421120270725,
-0.034081009030342106,-0.14463858604431154,-0.5318812847137452,-0.13646087050437927,-0.016719086095690727,-0.0002711080014705658,0.15999204438187173,0.017214701576087604,-0.13221702931872475,
-0.03093622922897339,-0.12958948612213136,-0.5224637985229492,-0.20929832756519318,-0.032831210643053055,-0.022841397672891617,0.1565533684842791,0.016184074644274835,-0.13368081297217266,
0.013059793412685395,-0.12723605632781984,-0.5214353561401367,-0.25357338786125183,-0.056000713258981705,-0.04734247922897339,0.15013718299717974,0.01541639921198151,-0.13420771128071343,
0.011008094996213913,-0.12717761993408203,-0.4831891536712647,-0.32780784368515015,-0.08249935507774353,-0.038884758949279785,0.12867081423587723,0.013298069475240714,-0.13791103336139424,
-0.019941146671772006,-0.14193918704986572,-0.47696771621704104,-0.4032418727874756,-0.06984934210777283,-0.029297377914190292,0.11452602817884022,0.010958950771864553,-0.1415303212222852,
-0.008496960997581482,-0.13807828426361085,-0.4136670589447022,-0.45963430404663086,-0.03875693678855896,-0.03755318000912666,0.09757098158844897,0.007621611010588406,-0.1447583820197652,
0.016799937188625335,-0.15000799894332886,-0.2995553731918335,-0.4714187979698181,-0.06625407189130783,-0.03801923245191574,0.07757379351070218,0.004348497143112317,-0.14730901418353526,
0.011579217016696931,-0.18249249458312988,0.08803439140319824,-0.43613192439079285,-0.11745334416627884,-0.017313152551651,0.030366786993790224,4.037521218975179e-05,-0.15181922678289356,
0.04688228666782379,-0.1520664095878601,0.28442466259002686,-0.3821363151073456,-0.04934300109744072,-0.019377103075385094,0.007132706477768046,-0.004824488705723227,-0.1536578764671076,
0.07953243851661683,-0.08753049373626709,0.5012380123138428,-0.2661556601524353,0.0035873265005648136,0.003392924554646015,-0.015008624862495242,-0.010558423103585431,-0.15451324275541134,
0.04178797900676728,0.09799626469612122,0.8573562622070313,-0.13000153005123138,0.02256234921514988,0.02096978947520256,-0.050876239229138066,-0.014548868257671795,-0.15561841165073884,
0.040322703123092656,0.19216886758804322,0.938783359527588,0.0010925744427368045,-0.01998164877295494,0.010516881011426449,-0.06196217524655741,-0.013447723237786079,-0.15515992667828454,
0.06872248649597168,0.2552152395248413,0.9454155921936036,0.10795191675424576,0.002122587990015745,-0.041481342166662216,-0.06772040525598794,-0.012409804664475743,-0.15430060332039586,
0.12711899280548097,0.29400627613067626,0.8816766738891602,0.1954367607831955,0.008447595871984959,-0.08315981179475784,-0.0681991152999116,-0.013088328165732447,-0.15355069153233344,
0.08751016855239868,0.2090681552886963,0.6630659103393555,0.28045815229415894,0.016104184091091156,-0.09401219338178635,-0.05594466530003081,-0.013945582962729925,-0.1582428296892371,
0.04290657639503479,0.1468758225440979,0.4889899253845215,0.30948662757873535,0.011976283974945545,-0.08562323451042175,-0.043834236845598805,-0.01429481416116938,-0.16282073444337625,
-0.020057624578475954,0.09891992807388306,0.31897194385528566,0.3282619118690491,-0.0008068893221206963,-0.06684795022010803,-0.02915764260230985,-0.014020021180684735,-0.16767757713856635,
-0.07125018835067749,0.060130602121353155,0.19303824901580813,0.3108181953430176,-0.008796372450888157,-0.048938192427158356,-0.013312885763271977,-0.013656199608509383,-0.1721565056289102,
-0.09352564215660096,-0.005991173908114433,-0.04867968857288361,0.2780613303184509,0.005584697239100933,-0.03189396113157272,0.02019026162841163,-0.007718208637058699,-0.1789338796160049,
-0.09815738201141358,-0.026358926296234132,-0.12064273357391359,0.24084365367889404,0.024759458377957344,-0.010189197957515717,0.035482897158612865,-0.00786164794477153,-0.18113732218760686,
-0.10195794105529786,-0.04297831952571869,-0.1813598871231079,0.21461151540279388,0.023028403520584106,0.0026605548337101936,0.049509986885491825,-0.007281729205641185,-0.18257017257064934,
-0.10801193714141846,-0.0660105049610138,-0.22798631191253663,0.1919080764055252,0.001723113819025457,0.00871924590319395,0.062109946072911724,-0.0060539185294737384,-0.18301457075700403,
-0.14775054454803468,-0.0931641161441803,-0.3176379919052124,0.13558131456375122,-0.007930698804557323,0.029423652216792107,0.08379296722602977,-0.00431229645217963,-0.1823334016732019,
-0.1652490258216858,-0.11562457084655763,-0.3679889440536499,0.07199835032224655,-0.029635461047291756,0.0657758042216301,0.0926476992597999,-0.0046718990659459355,-0.1816893365832185,
-0.1751262187957764,-0.1430158257484436,-0.3961786270141602,0.020000122487545013,-0.047811537981033325,0.08887872844934464,0.09923079483085515,-0.005553142407417281,-0.18023038876290132,
-0.13704544305801392,-0.16142834424972535,-0.39832305908203125,-0.024940721690654755,-0.03988863527774811,0.11224796622991562,0.105294071580218,-0.011157705594464464,-0.1746102370330505,
-0.1180906891822815,-0.16479045152664185,-0.408040714263916,-0.08566079288721085,-0.009262279607355595,0.11670876294374466,0.10535297778184344,-0.014976902824016963,-0.17064782310623758,
-0.08645045161247254,-0.16186848878860474,-0.4316741466522217,-0.14717981219291687,0.015172223560512066,0.10565663874149323,0.10357353946293513,-0.018673551966010195,-0.1657911210107035,
-0.07554687261581422,-0.15841146707534792,-0.4238419532775879,-0.1726130098104477,-0.018849659711122513,0.14180904626846313,0.09922887262479282,-0.021232164426061906,-0.16039621880384244,
-0.16955915689468384,-0.14083452224731446,-0.34391670227050786,-0.23786045610904694,-0.016519393771886826,0.17210251092910767,0.0835191280496773,-0.023938418478831908,-0.14909692169548786,
-0.11280683279037476,-0.1313571572303772,-0.3164991855621338,-0.30703607201576233,0.022362759336829185,0.17789487540721893,0.0733346954719857,-0.027505889392967036,-0.14154266625680445,
-0.1075566053390503,-0.1258992075920105,-0.22713608741760255,-0.3230816125869751,0.01770222745835781,0.202395960688591,0.060520047867950205,-0.030195171864001245,-0.13313620772669607,
-0.11508381366729736,-0.1136492133140564,0.06845527291297913,-0.2971158027648926,0.02462644688785076,0.22816205024719238,0.025174564724726987,-0.028281158794814673,-0.11451746229472018,
-0.10621708631515503,-0.13133904933929444,0.19561440944671632,-0.24578335881233215,0.009979058988392353,0.30146557092666626,0.008251195665411723,-0.02778031826745131,-0.10368984268731112,
-0.11834099292755128,-0.11523629426956178,0.36281044483184816,-0.18732696771621704,0.019100386649370193,0.31757768988609314,-0.007685581262425134,-0.026669585506351665,-0.09168865205554586,
0.07704764604568481,0.020649439096450808,0.549350357055664,-0.10430292040109634,0.004453000612556934,0.2714384198188782,-0.033706433102575595,-0.02303565072828618,-0.06068774996586177,
0.16909383535385134,0.0750666379928589,0.5683723449707031,0.011211691424250603,-0.03569415584206581,0.2385483831167221,-0.042218040674341345,-0.02045432825609607,-0.04542186052381692,
0.23106269836425783,0.08539003133773804,0.6470114231109619,0.10109338164329529,0.020431967452168465,0.24467365443706512,-0.04801689538594965,-0.018441720703732723,-0.031918319395651235,
0.4246977806091309,0.10681205987930298,0.5290908336639405,0.13278500735759735,0.1334831565618515,0.1746990829706192,-0.04653404300796207,-0.016824846928705037,-0.007068866755478393,
0.49833397865295415,0.1527271032333374,0.45341057777404786,0.2034253478050232,0.10365575551986694,0.08641530573368073,-0.04141009824813054,-0.011890377764529713,0.004069917704950912,
0.5145114898681641,0.1467546820640564,0.4136675357818604,0.25908541679382324,0.053654901683330536,-0.0020016487687826157,-0.03482956229878131,-0.004284205102549471,0.012242084198310603,
0.5043062686920167,0.13111572265625002,0.29522454738616943,0.2582864463329315,0.04806226119399071,-0.04208222031593323,-0.025413903900207722,0.0020821643168970148,0.01712957238721443,
0.35990400314331056,0.07273627519607544,0.004010108485817909,0.21607515215873718,0.07589232921600342,-0.05726262927055359,9.843953372189491e-05,0.008263732837447078,0.01728500075487863,
0.2903323173522949,0.04794261753559113,-0.07493546009063722,0.19616802036762238,0.03141753748059273,-0.06605105847120285,0.013231357737723645,0.0075559878658949114,0.01509212232163877,
0.23372280597686768,0.01686327010393143,-0.11097178459167481,0.19590170681476593,-0.018849626183509827,-0.0910181924700737,0.027209694350315127,-0.0060795171200835885,0.013607322440203145,
0.22907295227050783,0.011515793204307557,-0.14925512075424194,0.17120088636875153,-0.030767271295189857,-0.14847588539123535,0.04738903087253493,-0.002629279305853335,0.006912959381841846,
0.22470285892486574,-0.005118974298238755,-0.20174162387847902,0.14563454687595367,-0.020447522401809692,-0.1710461974143982,0.05719545355528116,-0.002964714478740177,0.0011679996225005596,
0.19195324182510376,-0.017307727038860323,-0.2138206720352173,0.10835029184818268,-0.009195666760206223,-0.18103304505348206,0.06588590938451205,-0.003039603890450876,-0.006602371717467095,
0.1587133288383484,-0.02997272312641144,-0.23634104728698732,0.06374233961105347,-0.006399347446858883,-0.19022095203399658,0.07357302047091618,-0.0023662619061179295,-0.015229349146452423,
0.12302662134170533,-0.08101600408554077,-0.2734372138977051,0.042303893715143204,-0.010593825951218605,-0.20393621921539307,0.08455628485502616,0.001186646197916246,-0.03317559347091302,
0.1020014762878418,-0.10058900117874146,-0.25879840850830077,0.03005334921181202,-0.04022149369120598,-0.2113930881023407,0.08718661917079847,0.0034871088935865906,-0.04281436325026411,
0.07085342407226562,-0.11493126153945923,-0.27710034847259524,-0.01628565415740013,-0.07251232117414474,-0.19042068719863892,0.08914217750022771,0.005755471099085734,-0.05308691014385107,
0.031361109018325804,-0.10996410846710206,-0.39682571887969975,-0.11342445760965347,-0.041353337466716766,-0.18962174654006958,0.09092746359830756,0.00709368239750327,-0.0745973787335601,
0.05559531450271607,-0.10612026453018189,-0.41051526069641114,-0.16402451694011688,-0.044349394738674164,-0.2155875563621521,0.0884251401653599,0.006363543731276165,-0.08460508176501272,
0.06713227033615113,-0.12307103872299195,-0.37623157501220705,-0.18805953860282898,-0.09681367129087448,-0.22331073880195618,0.08266979997480348,0.006768970938728863,-0.0945170111903131,
0.05907162427902222,-0.15239930152893066,-0.3328371286392212,-0.20963114500045776,-0.1324334442615509,-0.21398967504501343,0.07457759670899859,0.0074596150408455415,-0.10531179400573498,
0.015238602459430695,-0.18618152141571045,-0.2568769216537476,-0.25776779651641846,-0.10067525506019592,-0.19175225496292114,0.05514085276368121,0.002675210976585723,-0.12929464895669665,
-0.03195312321186066,-0.16142014265060425,-0.22430083751678467,-0.35770291090011597,-0.06472257524728775,-0.15520039200782776,0.0437881373782632,-0.0020422502390112763,-0.14081692475212415,
-0.04309812486171723,-0.15092406272888184,-0.14648956060409546,-0.3008444309234619,-0.12597528100013733,-0.1680501401424408,0.029787238461900217,-0.005185678029236012,-0.15056514551459274,
-0.03571275472640991,-0.09864524006843567,0.28567190170288087,-0.22594301402568817,-0.14468398690223694,-0.15619906783103943,-0.011642594801751777,-0.011776033996459455,-0.1656729384045601,
-0.07833170890808105,-0.04315476715564728,0.34116053581237793,-0.236395925283432,-0.038889914751052856,-0.09980662912130356,-0.024637795591155608,-0.019659692000631876,-0.17392112543487073,
-0.11950211524963379,0.02158293426036835,0.399487566947937,-0.14298567175865173,0.027489401400089264,-0.05719630420207977,-0.03568054934564948,-0.027829329046816353,-0.18124056252010437,
-0.052263230085372925,0.13114100694656372,0.6991734981536866,-0.02294369414448738,-0.05673307180404663,-0.1072637289762497,-0.05658757659868714,-0.03212249375994744,-0.19041183876401252,
0.03462325632572174,0.19331099987030032,0.6587802410125733,0.07026693969964981,-0.08436337113380432,-0.2456815391778946,-0.060519580496240497,-0.032799244354716386,-0.193627572700933,
0.027935513854026796,0.22649950981140138,0.6098945617675782,0.09223802387714386,0.007116218097507954,-0.23942311108112335,-0.06002486149842196,-0.03763228920828378,-0.1998982747375244,
-0.0909785270690918,0.19725292921066284,0.5345265865325928,0.1297886073589325,0.08095236122608185,-0.16232459247112274,-0.055671617283640285,-0.044079185758561935,-0.21074863057882218,
-0.2650719404220581,0.07368696331977845,0.4524003028869629,0.2170071303844452,0.059380754828453064,-0.10027293860912323,-0.0422810032976447,-0.046930606482448116,-0.23411528304934867,
-0.23880789279937745,0.03197865784168243,0.3713083267211914,0.2531595528125763,0.023161763325333595,-0.08555896580219269,-0.03335784751234792,-0.04377256469072801,-0.24161199806717634,
-0.23335618972778321,0.00910966619849205,0.25756473541259767,0.25955113768577576,0.0057846372947096825,-0.0519365631043911,-0.022084547179901635,-0.04109390660799431,-0.2471755367332687,
-0.23706476688385011,0.006575866043567658,0.041825175285339355,0.23864531517028809,0.05112495273351669,-0.01818099617958069,0.004619374156520401,-0.039095498923661,-0.2554251116155573,
-0.20348360538482668,-0.004727844148874283,-0.03725310862064362,0.20555554330348969,0.0632423385977745,0.0256945863366127,0.01797269975931705,-0.02517904948193739,-0.25912931372108305,
-0.20868396759033203,-0.020995840430259705,-0.09671188592910768,0.18804524838924408,0.04346836730837822,0.03621407225728035,0.03022058299831916,-0.022016010757686343,-0.2600018608401709,
