-0.12319213151931763,-0.028784164786338808,-0.09333564639091492,0.10659877955913544,0.0028584846295416355,0.02419191598892212,0.09313221521388255,-0.007774323242005172,-0.2599882237974268,
-0.13422892093658448,-0.049390435218811035,-0.12120420932769777,0.09934166818857193,-0.0076610017567873,0.044631678611040115,0.10497699605602387,-0.008438419675766608,-0.25936922271073526,
-0.1411818504333496,-0.05753763318061829,-0.13512099981307985,0.07497374713420868,-0.019046016037464142,0.06993170827627182,0.11022457054803336,-0.008949940167321552,-0.2579115671746576,
-0.14301594495773315,-0.06691677570343017,-0.16650042533874512,0.051404766738414764,-0.011855480261147022,0.0873088389635086,0.11517570257999883,-0.010101454374018508,-0.2558574079239866,
-0.12429081201553345,-0.08103088140487671,-0.18178346157073977,0.025771841406822205,0.017172975465655327,0.10215596109628677,0.12213234288244164,-0.014297954619477504,-0.24950220999587183,
-0.11211496591567993,-0.08366425037384034,-0.18582855463027956,-0.011512414552271366,0.045735377818346024,0.10881386697292328,0.12383440429087524,-0.016132890181330743,-0.24493752042634817,
-0.11365283727645875,-0.08351306319236756,-0.2015180826187134,-0.044935084879398346,0.032685890793800354,0.1155383437871933,0.12452025439527185,-0.0169796589747726,-0.23956110679604634,
-0.11433411836624147,-0.08844858407974243,-0.22255728244781495,-0.05831747129559517,0.018837451934814453,0.11979940533638,0.12401145450863604,-0.01709616016151528,-0.23364317505331852,
-0.11150603294372559,-0.09111749529838563,-0.22055888175964355,-0.06783827394247055,0.0248295646160841,0.1305852085351944,0.1221990889217308,-0.017307337413162566,-0.22757049598742343,
-0.09476531744003297,-0.09372314810752869,-0.2004328727722168,-0.1296236217021942,0.06051592528820038,0.1377757340669632,0.1157131498176192,-0.019635824551681762,-0.2152506707180998,
-0.08958614468574524,-0.09298915266990662,-0.20230185985565186,-0.14067573845386505,0.06191408261656761,0.15475338697433472,0.11124320096154547,-0.020477035350091613,-0.2084287616225429,
-0.07423279285430909,-0.07473476529121399,-0.09290227890014649,-0.14300599694252014,0.06257987022399902,0.15728339552879333,0.09718509464636119,-0.019440016926438118,-0.19293793384459715,
-0.04588232934474945,-0.07886794209480286,-0.06844374537467957,-0.15765365958213806,0.10532364994287491,0.16041208803653717,0.08965153048501608,-0.018887973666587714,-0.18440670486911784,
-0.04018975794315338,-0.06666058301925659,-0.031973958015441895,-0.1639120876789093,0.12796053290367126,0.16380761563777924,0.08183494580969403,-0.01785541357265342,-0.17577465605567918,
-0.04655266404151917,-0.05780419111251831,-0.003972862660884857,-0.17676183581352234,0.14427238702774048,0.16041208803653717,0.07267958537258074,-0.01466385656700791,-0.16678843804391438,
-0.014882905781269074,-0.06196389198303223,0.051273423433303836,-0.168173149228096,0.14993160963058472,0.14063811302185059,0.04870800349250064,-0.000737229993162962,-0.14836174765053886,
-0.00505766049027443,-0.06769787073135376,0.12912179231643678,-0.12789283692836761,0.13022421300411224,0.14483259618282318,0.039628454341187926,0.005703583643787055,-0.1394335288441806,
-0.021551893651485445,-0.06347442865371704,0.19681769609451294,-0.12709388136863708,0.1450047641992569,0.15062497556209564,0.031065660638098087,0.012629878991655805,-0.13130523771445946,
0.05127590894699097,-0.03065277934074402,0.25685365200042726,-0.11178070306777954,0.18734902143478394,0.14090444147586823,0.01861099025710874,0.02525943525411104,-0.11534199146617247,
0.08312745094299318,0.0010244816541671753,0.36648468971252446,-0.05658669024705887,0.1942732334136963,0.1557515561580658,0.012758119989313681,0.03291481676644077,-0.10737439720148759,
0.07723555564880372,0.036626610159873965,0.4576581478118897,0.00772864930331707,0.14520449936389923,0.1654055118560791,0.007812586587565954,0.04207277917939517,-0.09977861818563476,
0.09069822430610658,0.10011155605316163,0.5580307006835937,0.10540008544921875,0.030755143612623215,0.1485610157251358,0.00561240643091018,0.060572162511923495,-0.08324320355351679,
0.12110984325408936,0.11631017923355103,0.5624685287475586,0.16079384088516235,-0.0038659521378576756,0.15501919388771057,0.009463952307034172,0.06577281429722731,-0.07469086207580403,
0.1460481882095337,0.10825237035751344,0.5004897117614746,0.20220598578453064,0.05239332839846611,0.16387419402599335,0.01640025250194589,0.06704327548685997,-0.06680148889610006,
0.17072050571441652,0.10495012998580933,0.4421725749969483,0.2242436558008194,0.07536308467388153,0.15708313882350922,0.025701388979921976,0.06629251851388589,-0.05884578124682894,
0.2127487897872925,0.051279675960540776,0.2905735492706299,0.2333649843931198,0.07010334730148315,0.11520493775606155,0.049796632600355474,0.06915981958739388,-0.041423517783241534,
0.23074295520782473,0.01980970799922943,0.21029956340789796,0.26665449142456055,0.025095924735069275,0.0751909390091896,0.06318684086479379,0.07169577651427186,-0.033006118605537045,
0.20887832641601564,-0.01659396439790726,0.14249597787857057,0.27151477336883545,0.013777490705251694,0.06467145681381226,0.07662246906092733,0.07390746983353594,-0.026099238514081535,
0.12725436687469482,-0.06744856834411621,-0.0644754946231842,0.2098625749349594,0.02549539878964424,0.08617647737264633,0.10431583185737114,0.07203728345962704,-0.018126774271147717,
0.09083359241485596,-0.07675054669380188,-0.14562453031539918,0.191753089427948,-0.010390697047114372,0.10741519182920456,0.11829026684075201,0.071856272074945,-0.014375460894930116,
0.08869194984436035,-0.0933084011077881,-0.13810752630233766,0.18602728843688965,-0.031163353472948074,0.07425883412361145,0.130302573255672,0.07146716077884181,-0.009792816648289302,
0.1752196788787842,-0.06774053573608399,-0.1447262406349182,0.1681830734014511,-0.004065520130097866,0.022991051897406578,0.1518046128804435,0.0660315005487182,-0.0009807911913053463,
0.16862043142318728,-0.06935625672340394,-0.1486592769622803,0.1470775306224823,-0.035623982548713684,-0.00743556534871459,0.1613749829954266,0.06358873716104303,0.001024521957858345,
0.1386604428291321,-0.07684910297393799,-0.1506188988685608,0.12990014255046844,-0.050071630626916885,-0.011563464999198914,0.1699559616896933,0.0630591902702649,0.0016737899970860012,
0.08457369804382325,-0.0735066831111908,-0.18574167490005494,0.09601140767335892,-0.020643698051571846,-0.013693993911147118,0.18436469925098292,0.060375244984264415,-0.0008218434737415237,
0.0766507089138031,-0.07447419762611389,-0.1834921479225159,0.07550506293773651,-0.008526315912604332,-0.013361099176108837,0.19022083868382567,0.059016719066373374,-0.00253430248597992,
0.05935848951339722,-0.06365702748298645,-0.16955161094665527,0.07117743045091629,-0.024771597236394882,-0.008700567297637463,0.19490304354301877,0.058500235322679985,-0.0037424680325721564,
0.05888578891754151,-0.06126327514648438,-0.14836338758468628,0.06232242286205292,-0.0609905906021595,-0.0017097690142691135,0.1987174527403326,0.05840758331327961,-0.0046485106437707995,
0.07127702236175537,-0.08563071489334106,-0.1456303834915161,0.055930834263563156,-0.06844744086265564,-0.002708454616367817,0.2055152886183688,0.05679197181872983,-0.006938032613335329,
0.06618919372558595,-0.07322695851325989,-0.15590317249298097,0.020843684673309326,-0.06791480630636215,-0.004173193126916885,0.20828198062371409,0.05410861174044652,-0.009162570744496496,
0.06571924090385438,-0.058701300621032716,-0.17273316383361817,-0.017572414129972458,-0.04514478147029877,-0.02015215903520584,0.21079862867168245,0.05143549722694541,-0.011494342757858947,
0.09703834652900696,-0.04566672742366791,-0.2391521692276001,-0.07130169123411179,0.024030830711126328,-0.025545060634613037,0.2119432891507639,0.046723192446788415,-0.016211454733260352,
0.08141774535179139,-0.05656618475914002,-0.23525309562683105,-0.09094250947237015,0.01723976992070675,-0.007502144202589989,0.21018142269019113,0.046361550479052466,-0.017928058074698723,
0.03564250469207764,-0.059096026420593264,-0.20674774646759034,-0.1099175289273262,-0.030697131529450417,0.031113693490624428,0.20674210457343334,0.04790697081131401,-0.01839359863116583,
0.012887632846832276,-0.06234999299049378,-0.18652048110961916,-0.12336649000644684,-0.03708871826529503,0.023856578394770622,0.20241293748757866,0.04949161704331656,-0.018183950345999497,
0.06543358564376832,-0.0438510149717331,-0.16604897975921631,-0.16717548668384552,-0.00027051562210544944,0.01619998924434185,0.19144496242938733,0.046325063821788595,-0.01788609352622438,
0.06374273300170899,-0.0458764523267746,-0.1857666850090027,-0.21145054697990417,-0.004265257157385349,0.003683132119476795,0.184967755919957,0.04430733165564373,-0.017840675310596767,
0.07025678157806396,-0.062406086921691896,-0.18800476789474488,-0.18601734936237335,-0.03842030093073845,-0.011696623638272285,0.17719033430080297,0.043417680571239334,-0.017250786640703966,
0.06795604825019837,-0.042381745576858525,-0.04754866063594818,-0.163513645529747,-0.07117718458175659,-0.032868754118680954,0.15657813840336607,0.042731112441380364,-0.017330659354563474,
0.07863812446594239,-0.03069533705711365,-0.05134921669960022,-0.2248995006084442,0.014043974690139294,-0.04385429620742798,0.1472966981616812,0.040957717207906766,-0.019209077305482068,
0.10724551677703859,-0.029075053334236146,-0.06934202909469604,-0.23395474255084991,0.039077769964933395,-0.03546623885631561,0.12855578211302815,0.03747643527349061,-0.02488592776335084,
0.07245543599128723,-0.033501130342483525,0.014197808504104615,-0.21258287131786346,0.0162411630153656,-0.018222268670797348,0.11458429054897179,0.03534158324108307,-0.02725030044530996,
0.07221721410751343,-0.05624126195907593,0.039973342418670656,-0.1989341676235199,-0.028699681162834167,-0.02274964191019535,0.10014381962982118,0.03448550256957095,-0.02891746904295466,
0.06365441083908081,-0.05112224817276001,0.05996444821357727,-0.18415363132953644,-0.04461206868290901,-0.030605966225266457,0.08887269089540731,0.03586627946049986,-0.029632217657789856,
0.09476627707481385,-0.01641424000263214,0.1022087574005127,-0.14646990597248077,-0.07670316100120544,-0.04505361616611481,0.06831591854951419,0.03408904369822288,-0.03248634204353217,
0.10464364290237427,-0.012395171821117401,0.128167724609375,-0.1382140964269638,-0.09108422696590424,-0.05856915935873985,0.05898744248397802,0.032019644605149875,-0.03480262823817037,
0.1249363899230957,-0.011114226281642915,0.13242608308792114,-0.14094384014606476,-0.09261554479598999,-0.06802338361740112,0.05078554591650669,0.02893875454327918,-0.037583251728256946,
0.10834864377975464,0.01774395555257797,0.15354381799697878,-0.11338011920452118,-0.11125767230987549,-0.07015390694141388,0.03614053814291316,0.020751478295160435,-0.04467143907147128,
0.1034016251564026,0.022194819152355195,0.20226447582244875,-0.10945194959640503,-0.057994451373815536,-0.10004789382219315,0.029049037242543336,0.016242827588279787,-0.048703437679947906,
0.12093186378479004,0.04843264818191528,0.2339029312133789,-0.08315324038267136,0.0035245679318904877,-0.11349685490131378,0.02291932540177479,0.010966323162132478,-0.05275158112932496,
0.0791455090045929,0.08242748379707338,0.34848453998565676,-0.03328554704785347,0.017106689512729645,-0.11689238995313644,0.011780790642811689,0.0053121355271962736,-0.0628237540230346,
0.05257278084754944,0.09957789778709412,0.3614794731140137,0.02796715870499611,-0.018579669296741486,-0.13300451636314392,0.007984489114865923,0.006039734796490012,-0.06856931586753932,
0.04434134066104889,0.09748536944389344,0.38892340660095215,0.09361408650875092,-0.057328663766384125,-0.13193924725055695,0.005855277101350245,0.007127597559608015,-0.07439400767263646,
-0.03222943544387818,0.08633319139480591,0.3607061386108399,0.12796884775161743,-0.03442547842860222,-0.12787792086601257,0.008826931279090199,0.005362613084958783,-0.08774289477039111,
-0.047298076748847964,0.07204302549362183,0.26330151557922366,0.12976649403572083,0.015442213974893093,-0.09691867977380753,0.014392301131609041,0.0026179300162911183,-0.09453013128729645,
-0.08254207372665406,0.046660599112510685,0.20364553928375245,0.15100519359111786,0.009716417640447617,-0.0654933750629425,0.020855900844716096,0.0010684213795269617,-0.1011329484401261,
-0.11324173212051392,0.0212776780128479,0.18199201822280886,0.17663812637329102,-0.01831335388123989,-0.05131204426288605,0.027292621107049757,0.0015974905919222003,-0.10666204825507812,
-0.1221234679222107,-0.002823477052152157,0.10788052082061768,0.1795010268688202,-0.013719400390982628,-0.026677804067730904,0.04229082647250377,0.0034134880703541527,-0.11381055457512154,
-0.1174785852432251,-0.00872165933251381,0.04729966521263123,0.15040598809719086,0.03448381647467613,0.011471979320049286,0.05149484757937863,0.0026329759663018862,-0.11640554402395635,
-0.11914805173873902,-0.01266375631093979,-0.013183736801147462,0.14141781628131866,0.04566909372806549,0.03051358088850975,0.06031495698626281,0.007908009141610583,-0.11717287347813081,
-0.08062735795974732,-0.014504194259643555,-0.0226271390914917,0.15020908415317535,0.030821507796645164,0.04782940074801445,0.07546893942961194,0.019325512169539604,-0.1145588296152052,
-0.05934610366821289,-0.02903239727020264,-0.027955260872840882,0.14415039122104645,0.003923580050468445,0.0547536201775074,0.08271203094361784,0.022078114919330073,-0.11217077541605132,
-0.054289746284484866,-0.04136350452899933,-0.053207176923751834,0.12550826370716095,0.02056833729147911,0.058149147778749466,0.09047302696597552,0.023288546335074455,-0.10944350128809165,
-0.04784057438373566,-0.045194342732429504,-0.10415668487548829,0.0938832238316536,0.04806547611951828,0.08378207683563232,0.10557611217108301,0.02244728177756991,-0.10394771200568072,
-0.0579995334148407,-0.04992564022541046,-0.12222566604614259,0.07783767580986023,0.05132785066962242,0.09556655585765839,0.11194973560192878,0.0226621955885126,-0.10047284711847096,
-0.05255478024482727,-0.04968380630016327,-0.12905602455139162,0.05666554346680641,0.02429676242172718,0.10561999678611755,0.11731059544862858,0.023397297691829754,-0.09585036334749468,
-0.03832659125328064,-0.052106821537017824,-0.14347946643829346,0.04727790132164955,0.018371229991316795,0.10036025941371918,0.12191101125753458,0.02413397993727278,-0.0904813958412721,
0.00371786504983902,-0.040195852518081665,-0.15341684818267823,0.01152496226131916,0.045868370682001114,0.09050655364990234,0.12876573598002355,0.022878270604067764,-0.07953317177057002,
0.009288772940635681,-0.04356504678726197,-0.16844562292099,-0.01730375736951828,0.05858496576547623,0.09423498809337616,0.13125261427422083,0.02196261949738998,-0.07449320496922628,
0.004967482388019562,-0.04918342530727387,-0.16795911788940432,-0.031218774616718292,0.04946363717317581,0.10575315356254578,0.13253159798986414,0.022011695524330254,-0.06942059426665172,
0.004213320463895798,-0.05113092660903931,-0.13942278623580934,-0.044001948088407516,0.03881099447607994,0.10894894599914551,0.13172066729790435,0.023323585367862172,-0.05812059602476225,
0.00782146602869034,-0.05242655277252198,-0.13848631381988527,-0.06424196809530258,0.03235282748937607,0.11447501182556152,0.13048294252468431,0.023340634879272036,-0.05224048741055611,
0.0007591297384351493,-0.05366399884223938,-0.14616891145706176,-0.06810355186462402,0.019769389182329178,0.13551397621631622,0.12881087191309354,0.023031419707535458,-0.046363278921991484,
-0.012288883328437805,-0.05148774981498719,-0.1076974868774414,-0.08228488266468048,0.0337509848177433,0.1426379382610321,0.12337256454595161,0.021418218635461304,-0.0342383063825926,
0.009430290013551713,-0.042110359668731695,-0.11174383163452149,-0.10598701983690262,0.05545575171709061,0.1377776563167572,0.12025092430577554,0.019748421914252325,-0.027351127268712125,
0.02532695531845093,-0.037734174728393556,-0.11917734146118164,-0.13501547276973724,0.05132785066962242,0.12099975347518921,0.1166505381673569,0.018548269261959863,-0.020021370328124753,
0.052770537137985234,-0.04287082850933075,-0.09718748331069947,-0.1347491592168808,0.010648061521351337,0.1185363233089447,0.1063510364400872,0.01894229266030831,-0.005141714453635792,
0.04241327941417694,-0.05083691477775574,-0.058053243160247806,-0.11537466198205948,-0.0183138158172369,0.12925554811954498,0.0997930372928961,0.019123235534827036,0.001348948554511114,
0.03919335007667542,-0.05357551574707031,-0.015346778929233551,-0.10871676355600357,0.0033243687357753515,0.14716531336307526,0.09320148883965364,0.01800929050835007,0.0072966275208108935,
0.03223973214626313,-0.048817822337150575,0.009987226873636247,-0.1452697515487671,0.036813799291849136,0.17346197366714478,0.07987711068956799,0.012216168835770232,0.018924669279331695,
0.05107448101043702,-0.041969200968742376,0.019692285358905794,-0.14879843592643738,0.025961419567465782,0.16833537817001343,0.07135178623411852,0.008573478559988594,0.025422511073215602,
0.11282272338867189,-0.03466216027736664,0.1149237871170044,-0.13421763479709625,0.015242195688188076,0.14802877604961395,0.05676351230761932,0.008088428060199519,0.04298140365987043,
0.08343727588653566,-0.02496638149023056,0.21803016662597657,-0.0971996933221817,0.02209983579814434,0.1501592993736267,0.04322586212620276,0.007486904704609615,0.05844763491054184,
0.09172042012214661,-0.013351705670356751,0.23406679630279542,-0.07955624908208847,0.05605513975024223,0.14902746677398682,0.03822833515956561,0.007618832557880199,0.06610641453276311,
0.1261255145072937,-0.00708996057510376,0.25865175724029543,-0.05592069774866104,0.08528333157300949,0.13298191130161285,0.03411893669645167,0.008912942440852594,0.07314527848751588,
0.14357662200927734,-0.009899309277534485,0.30502157211303715,-0.014109065756201744,0.08628202229738235,0.11939980089664459,0.03069060091155926,0.011826056518010693,0.08044288062241205,
0.1322624921798706,0.013621871173381806,0.3337804555892945,0.0598602332174778,0.05818567052483559,0.1037537232041359,0.028919637493961963,0.019341586244793554,0.09342927195321873,
0.12937520742416384,0.01046428605914116,0.30250442028045654,0.09854265302419662,0.03761274740099907,0.10961268097162247,0.03159345303442765,0.022176848891038197,0.09891395528067028,
0.17488464117050173,0.018313056230545046,0.24338486194610598,0.11532057076692581,0.06024961918592453,0.09283476322889328,0.03639938677160886,0.023642959641587444,0.10463047378077764,
0.21005609035491946,0.028791242837905885,0.21769893169403076,0.1278374195098877,0.0769609585404396,0.0742592141032219,0.04214977530751437,0.025242101675067068,0.11016865023888786,
0.22440142631530763,0.010650681704282761,0.16623777151107788,0.16412299871444702,0.05392461270093918,0.04596313089132309,0.05564908280445838,0.0311179351172176,0.11927866431612325,
0.22832150459289552,-0.006095099076628686,0.12911940813064576,0.1880248636007309,0.039343804121017456,0.02845284715294838,0.06385909130379121,0.03373747472171273,0.12243019731383775,
0.23875968456268312,-0.014127282798290253,0.05170841813087464,0.1778382807970047,0.04333854466676712,0.012007826007902622,0.0733470361478978,0.03552917517418638,0.12473365508886257,
0.20847017765045167,-0.01763203740119934,-0.0325827032327652,0.15207219123840332,0.04846512898802757,-0.013824837282299995,0.09127013927219962,0.021409182521716516,0.12514360431678545,
0.19996289014816285,-0.03424729704856873,-0.03611572682857513,0.14847692847251892,0.039144065231084824,-0.03126854449510574,0.09855418578692737,0.014624165458019162,0.12438807216401636,
0.18213599920272827,-0.041737303137779236,-0.03234323561191559,0.1609272062778473,0.014376668259501457,-0.052706990391016006,0.10419472765757685,0.004134547336644044,0.12320757117019426,
0.16475043296813965,-0.05125557780265808,-0.058709061145782476,0.1482771933078766,-7.098139030858874e-05,-0.07021727412939072,0.11180104524500914,0.004269435838210853,0.12172367527817013,
0.137212336063385,-0.05548655986785889,-0.10103524923324586,0.12504109740257263,0.00791850220412016,-0.09272099286317825,0.12709112459323224,0.007211425874044855,0.11568474834727027,
0.1136131763458252,-0.06016794443130494,-0.09996818900108338,0.1144554540514946,0.005787905305624008,-0.09098915755748749,0.1334699368460781,0.009348801018785486,0.11164564430807107,
0.11331021785736084,-0.059852540493011475,-0.1330259919166565,0.08609278500080109,-0.00912579707801342,-0.11296024173498154,0.13951367545517557,0.011667884375588427,0.10764815608502577,
0.08760865926742555,-0.06686140298843384,-0.14104119539260865,0.06465433537960052,-0.05519848316907883,-0.1457837074995041,0.14862266082051145,0.01595413465211259,0.09759696548405082,
0.04397012889385224,-0.07332186102867126,-0.12288666963577272,0.05693117156624794,-0.07603771984577179,-0.1475813388824463,0.15161503068626164,0.017065218076633294,0.08998998621845923,
0.01747855693101883,-0.07998833060264587,-0.14011714458465577,0.012789275497198105,-0.03828740864992142,-0.1277407854795456,0.15425274861373164,0.01717322183229407,0.0814000824826851,
0.024571205675601962,-0.07799605727195741,-0.1146554470062256,-0.01504075899720192,-0.03302766755223274,-0.12740787863731384,0.15599313144760255,0.019103762068281818,0.06716402693237997,
0.030945995450019838,-0.07491108775138855,-0.07357044816017151,-0.010180490091443062,-0.08342799544334412,-0.14332027733325958,0.15492863453812283,0.02071517551791316,0.06074657432169279,
0.03854755759239197,-0.07104059457778931,-0.04339777529239655,0.002735841553658247,-0.09794221818447113,-0.1458502858877182,0.15367145104743363,0.021121794841252414,0.05318707771872377,
0.014197705686092377,-0.055370771884918214,-0.0889919102191925,-0.03241788595914841,-0.06232244148850441,-0.14085684716701508,0.1523092911307494,0.01961613570301205,0.03569711933966152,
0.020713624358177186,-0.05176188349723816,-0.0662809431552887,-0.03880947455763817,-0.06085770204663277,-0.14811396598815918,0.15050543339277075,0.01981692772215686,0.02776529384135892,
0.029139873385429383,-0.06835522055625916,-0.04319767355918885,-0.03128604218363762,-0.07523877173662186,-0.15290765464305878,0.14796372827421245,0.020480829275896832,0.01981412700517977,
0.03135088086128235,-0.0829887628555298,-0.05127924680709839,-0.04626632481813431,-0.06032506749033928,-0.15111002326011658,0.14563173561513823,0.020783382251719856,0.011289881210216714,
0.05347683429718018,-0.07324199676513672,-0.09399614930152894,-0.08015505224466324,-0.03229529783129692,-0.17920637130737305,0.14019702098139467,0.0216382713745466,-0.005677929394028701,
0.029354634881019595,-0.0891198217868805,-0.0727778971195221,-0.07835741341114044,-0.04807452857494354,-0.1872624307870865,0.13573217689716174,0.023760149022462006,-0.014512329161975085,
-0.003538290038704872,-0.1059473991394043,-0.06405141949653625,-0.07669293880462646,-0.0604582279920578,-0.17634347081184387,0.13080126863488825,0.02588807701682584,-0.024111123534845312,
-0.019621172547340394,-0.09368955492973328,-0.11491541862487793,-0.10365744680166245,-0.07457298040390015,-0.15497159957885742,0.12126548482872439,0.02748604381130199,-0.043297639843556605,
2.5810781517066064e-05,-0.07403180003166199,-0.12726714611053466,-0.13914406299591064,-0.08795536309480667,-0.16282793879508972,0.11552209158173847,0.026988883307197627,-0.052163287212581524,
0.025177064538002017,-0.060958611965179446,-0.05881210565567017,-0.12795878946781158,-0.10959354788064957,-0.1729479432106018,0.10818062546013252,0.02579527363235239,-0.06109490922905489,
0.022458854317665103,-0.06435871720314026,-0.003886447846889496,-0.12309852242469788,-0.11571881920099258,-0.1626947671175003,0.10028376484246534,0.023881977267174274,-0.0706643795933382,
0.04359381198883057,-0.043481025099754336,0.003955109417438507,-0.14353959262371063,-0.10899412631988525,-0.1650940626859665,0.08501980251271175,0.016981700865489693,-0.08896770209025541,
0.05460216999053955,-0.03875420391559601,0.04999620616436005,-0.1409430056810379,-0.09128410369157791,-0.18639935553073883,0.07605579092898405,0.012466468946137557,-0.09687659589356691,
0.06111128926277161,-0.043481442332267764,0.10590405464172364,-0.12363246828317642,-0.09028541296720505,-0.19358988106250763,0.06808864642896509,0.009614983373597182,-0.10671551868666167,
0.04273450076580048,-0.023573224246501923,0.10577963590621949,-0.13142220675945282,-0.09188330918550491,-0.2029775232076645,0.05441977559477295,0.004242462176810575,-0.1276261365533625,
0.016203391551971435,-0.0068463563919067385,0.15748727321624756,-0.11917167156934738,-0.08961962908506393,-0.2163599133491516,0.04766683731389096,0.0013172749402695736,-0.13847914979089102,
-0.020968274772167207,-0.00183657705783844,0.19668880701065064,-0.09254006296396255,-0.09101778268814087,-0.20950227975845337,0.04131417556481109,-0.0017766705084580373,-0.14977734372361293,
-0.051860886812210086,-0.018134362995624542,0.23813140392303467,-0.07063555717468262,-0.08016540110111237,-0.1959201544523239,0.035813772204898585,-0.0050512037948628775,-0.16131827213066874,
-0.04660998582839966,-0.03166492581367493,0.2813277244567871,-0.02709287218749523,-0.058394063264131546,-0.18300382792949677,0.02838631734604572,-0.011490706012972886,-0.18259805376210306,
-0.047876578569412236,-0.03523698151111603,0.2899856805801392,0.007927697151899338,-0.046542998403310776,-0.17867618799209595,0.02676506941949238,-0.013815815757616303,-0.19230155657982065,
-0.06961071491241455,-0.029197853803634644,0.2720099210739136,0.030830882489681244,-0.026569288223981857,-0.16476117074489594,0.026776549942808207,-0.01577806707920369,-0.2017245020888227,
-0.1287044405937195,-0.022292660176754,0.24777135848999024,0.06511908024549484,-0.012321376241743565,-0.1350669264793396,0.03012986163230265,-0.017627943139805653,-0.21919467872446044,
-0.1362141489982605,-0.014029462635517121,0.21662087440490724,0.08196357637643814,-0.011589006520807743,-0.12647822499275208,0.03346983827927943,-0.017663351789167413,-0.22650022833739245,
-0.12869436740875245,-0.017668677866458895,0.19100762605667115,0.10413438826799393,-0.02483823522925377,-0.12741032242774963,0.037672158368124854,-0.017474216220726067,-0.2330856289612323,
-0.14573895931243896,-0.030257585644721988,0.18518432378768923,0.1334291696548462,-0.04075062274932861,-0.11622505635023117,0.0424836609462454,-0.01737741998507482,-0.23967580415876266,
-0.1821228265762329,-0.05609886646270752,0.12430976629257202,0.15233761072158813,-0.03196218982338905,-0.08519922941923141,0.05563204162854894,-0.01902426611943983,-0.2522844424298349,
-0.1793149471282959,-0.0550696611404419,0.0652926802635193,0.14634549617767334,-0.017847435548901558,-0.060831304639577866,0.06363022892133376,-0.020098617960812488,-0.2573713627587726,
-0.1787725329399109,-0.054085570573806765,0.027903512120246887,0.1450139284133911,-0.018246911466121674,-0.048913657665252686,0.07149085802004262,-0.02036784515864722,-0.2614432042204046,
-0.16951980590820315,-0.05612436532974244,-0.02175150215625763,0.1388886570930481,-0.0316292941570282,-0.016156774014234543,0.08219600765459263,-0.004398485182456642,-0.2769848625578908,
-0.16202051639556886,-0.060707843303680425,-0.03623440265655518,0.13129864633083344,-0.03356008604168892,0.00747878011316061,0.08805247523052466,-0.000958705897288918,-0.28126084087301895,
-0.15215166807174685,-0.0595838725566864,-0.06606560349464417,0.11205729097127914,-0.013852694071829319,0.027319330722093582,0.0949600853510049,-0.002138702477001092,-0.2823265056863994,
