-0.09636906981468202,-0.0008749932050704956,-0.046343013644218445,0.10912802815437317,-0.013852727599442005,0.02332497388124466,0.09724481547302229,-0.0019797272935251605,-0.21385967012588514,
-0.06771483421325684,-0.022952036559581758,-0.09817153811454774,0.08955378830432892,-0.010190880857408047,0.027918927371501923,0.10892913654975023,-0.0030697442268935735,-0.21264358964404828,
-0.07443897724151612,-0.04132200479507447,-0.1100617527961731,0.08029930293560028,-0.015450623817741871,0.043098948895931244,0.11397435773981207,-0.004014107303452545,-0.2116265309482348,
-0.08382542729377747,-0.05422816872596741,-0.11755243539810181,0.07843509316444397,-0.017780890688300133,0.06493686884641647,0.1184032261405739,-0.005084635208306096,-0.21035168734661783,
-0.08922224640846253,-0.08652371168136597,-0.14876147508621215,0.054932694882154465,-0.010457197204232216,0.09116900712251663,0.12639081195163848,-0.008456282146812325,-0.20604605742152202,
-0.07943620085716248,-0.10238232612609864,-0.18938239812850954,0.0143860699608922,0.003524398896843195,0.10801350325345993,0.1299553453606958,-0.010718619615478604,-0.20271930328300644,
-0.06344109177589417,-0.10170255899429322,-0.20540759563446045,-0.013910016976296902,0.01617441326379776,0.10548349469900131,0.13219323783714965,-0.013023372356679231,-0.19849567568973076,
-0.04050987958908081,-0.10134643316268921,-0.20304176807403565,-0.03142071142792702,0.023231860250234604,0.10162113606929779,0.13270436063393684,-0.015103778390717186,-0.19349341946134158,
-0.047030416131019596,-0.11195011138916017,-0.19758139848709108,-0.06184732913970947,0.018771065399050713,0.12732064723968506,0.1303772806432004,-0.017791601207508043,-0.18306425398715326,
-0.061641037464141846,-0.11036403179168702,-0.19112797975540163,-0.08767998963594437,0.05152794346213341,0.13624224066734314,0.12779185323034234,-0.01899720284881216,-0.17755159601731504,
-0.03354279100894928,-0.09637988805770875,-0.180449116230011,-0.11730766296386719,0.06997033208608627,0.12285985052585602,0.12414667321730209,-0.020536968788885477,-0.1710876309744039,
0.002494179643690586,-0.09073699712753297,-0.17835248708724977,-0.1486663818359375,0.08488404005765915,0.10028956085443497,0.11950348124869709,-0.021149934796765794,-0.1638089393148876,
0.02371843308210373,-0.08987684845924378,-0.09990524649620057,-0.15093006193637848,0.08794667571783066,0.08637454360723495,0.10602766498600256,-0.018413695119761767,-0.15000571400764612,
-0.0182997465133667,-0.07865346670150758,-0.050823611021041874,-0.1451376974582672,0.07729402929544449,0.12239380180835724,0.09781230420348717,-0.015530408879331539,-0.14430420625647675,
-0.04685972929000855,-0.08788388967514038,-0.007639349251985551,-0.16657614707946777,0.10399221628904343,0.16407226026058197,0.08162481591830087,-0.009990196941773402,-0.1323799118475199,
-0.0026673415675759317,-0.052414613962173465,0.009892693907022477,-0.1980014443397522,0.14147621393203735,0.1510893553495407,0.07179844168312997,-0.006943535931160006,-0.1250643100737576,
0.03278743624687195,-0.02507028877735138,0.081556636095047,-0.16098350286483765,0.09327299892902374,0.14336618781089783,0.06238812964002103,-0.0025536648125915017,-0.11572385344146226,
0.0435842901468277,-0.009220774471759797,0.1647027850151062,-0.13375267386436462,0.07283323258161545,0.14895883202552795,0.052427629692355676,0.0029835620584323826,-0.10693337751890779,
0.07616269588470459,0.026596736907958985,0.21002843379974367,-0.13268741965293884,0.0876137763261795,0.1588125228881836,0.036868404642327816,0.0100106161561877,-0.09102405638013894,
0.1023111343383789,0.049471798539161685,0.24412002563476565,-0.11551002413034439,0.10572327673435211,0.14409856498241425,0.030444964913947367,0.013275915592068829,-0.0827515561010831,
0.15074604749679565,0.06297474503517152,0.32117025852203374,-0.04859810322523117,0.07629534602165222,0.12918485701084137,0.02404604713083556,0.01755960332726712,-0.07429158564556855,
0.2047527551651001,0.055915892124176025,0.46978392601013186,0.0426817461848259,0.02929055131971836,0.13131538033485413,0.01544118932283947,0.026503744605791305,-0.059446512202502313,
0.2047527551651001,0.055915892124176025,0.46978392601013186,0.07071151584386826,0.02795897051692009,0.12472406029701233,0.01544118932283947,0.026503744605791305,-0.059446512202502313,
0.2780704259872437,0.08676342964172364,0.43060402870178227,0.12776973843574524,0.11684197187423706,0.07079505175352097,0.02000137560363367,0.029606394146825633,-0.0460663797782692,
0.29800705909729003,0.08916007280349732,0.4445849418640137,0.1810329705476761,0.09294009953737259,0.06167372316122055,0.024689961604330013,0.03218539885350636,-0.04024052596482714,
0.24105515480041506,0.04529632925987244,0.39833176136016846,0.2496759444475174,0.03901108726859093,0.0367065891623497,0.03983495638527584,0.04220371236362743,-0.031843517111715555,
0.2236327886581421,0.026593643426895144,0.3222040414810181,0.27184709906578064,0.004456516355276108,0.027852218598127365,0.05124358172749219,0.04519837399768237,-0.028798399838238474,
0.19286744594573976,0.005119817331433296,0.23421761989593506,0.2756420969963074,0.025562068447470665,0.004482980817556381,0.06448172312917509,0.046553742654384535,-0.02671128426730165,
0.19507331848144532,-0.008924788981676103,0.1605752468109131,0.27178052067756653,0.03841182217001915,0.0004882393404841423,0.07847744964004971,0.046647087861084194,-0.025191533736684195,
0.15292888879776,-0.0455593228340149,0.03072096109390259,0.26279234886169434,0.0314876027405262,-0.01003124751150608,0.10632682192797809,0.048237531813032156,-0.023717215585958466,
0.1405753493309021,-0.04961436092853547,-0.021742771565914157,0.26225972175598145,-0.0018684911774471402,-0.03499838337302208,0.11806812078363016,0.04413565795327516,-0.022777813900042236,
0.13666387796401977,-0.07218635082244873,-0.05892418026924134,0.24681338667869568,-0.030098000541329384,-0.04924629628658295,0.13142253507031684,0.045707507605103934,-0.02292137433255961,
0.11426527500152589,-0.08598146438598633,-0.1004981279373169,0.21904993057250977,-0.01478482224047184,-0.04578418657183647,0.14455971271327256,0.0464436189373453,-0.024477662188664026,
0.04580942988395691,-0.11859688758850098,-0.1617233991622925,0.1753740906715393,0.011580472812056541,-0.01242809183895588,0.16828299344193476,0.04655745592312511,-0.02999134136186936,
0.020679326355457307,-0.1310070276260376,-0.15132720470428468,0.15986117720603943,-0.025836942717432976,0.001087450422346592,0.1780529795816365,0.04769054743447344,-0.03138408681006789,
0.04002230167388916,-0.14622000455856324,-0.15624072551727297,0.15393564105033875,-0.05932619422674179,-0.014691779389977455,0.1868985046594949,0.04847864788889473,-0.03158404819144099,
0.036719638109207156,-0.12566345930099487,-0.17654546499252322,0.13189798593521118,-0.05353381857275963,-0.014824937097728252,0.2026869271052258,0.04583603786308,-0.0341375838048579,
0.020495891571044922,-0.13105424642562866,-0.1891690492630005,0.08802240341901779,-0.02051061950623989,0.012938517145812511,0.20973415637595416,0.04392188808580276,-0.03692148771874623,
0.013833433389663696,-0.12977925539016724,-0.1989945411682129,0.06112447753548622,-0.019645093008875847,0.02199326455593109,0.21588175277130664,0.042380242387443055,-0.03891750392892135,
0.0857576608657837,-0.1283408522605896,-0.15590749979019167,0.06911396235227585,-0.021975358948111534,-0.00310702808201313,0.2238356287733079,0.039744116527782786,-0.03891880818589621,
0.09139215350151063,-0.12733314037322999,-0.17041966915130616,0.053933944553136826,-0.02850010246038437,-0.020883627235889435,0.2270956937532086,0.03867970443429748,-0.039230855433670955,
0.07027619481086732,-0.13235851526260375,-0.21030869483947756,0.008993099443614483,0.014776266179978848,-0.006103084422647953,0.23038902484238383,0.038012729080585284,-0.040547124252155224,
0.037234970927238466,-0.12419474124908447,-0.24820988178253175,-0.025761153548955917,0.019103901460766792,0.021127738058567047,0.2328556877829824,0.03769624990283104,-0.04219575466494819,
0.014805567264556885,-0.09610095620155334,-0.21967291831970215,-0.024962205439805984,-0.030830368399620056,0.029117219150066376,0.23305526150744235,0.03871751956829222,-0.04108925741919407,
0.047327637672424316,-0.08534603118896485,-0.21073830127716064,-0.042472489178180695,-0.05566434562206268,0.009409829042851925,0.23175686044011126,0.0376354846346736,-0.03993445878559965,
0.07643614411354066,-0.09259519577026368,-0.2337294101715088,-0.10392493009567261,-0.019511934369802475,-0.006968611851334572,0.2304415894589238,0.03543189601536419,-0.04006624918147984,
0.0677714228630066,-0.11837553977966309,-0.2675769329071045,-0.167177215218544,0.041141923516988754,0.00667597446590662,0.22377522654862325,0.031809681284123446,-0.04278441727503596,
0.03843289017677307,-0.11417260169982911,-0.2189110279083252,-0.16930773854255676,0.014776626601815224,0.007608081214129925,0.21670134411222472,0.03250514494425846,-0.04234363801426769,
0.0446341872215271,-0.10710821151733399,-0.1726853609085083,-0.16804274916648865,-0.03469159081578255,-0.0020458782091736794,0.20818760223861602,0.03374972825110718,-0.04083262489893874,
0.05779274106025696,-0.10391089916229249,-0.16524910926818848,-0.18195776641368866,-0.06864689290523529,-0.0027782474644482136,0.19963747495030804,0.03404524082746042,-0.0401857769027868,
0.08832721114158631,-0.10725878477096558,-0.15698840618133547,-0.2386830896139145,-0.010523403994739056,-0.007771674543619156,0.18183709482723476,0.0304365084338343,-0.04288964361099588,
0.05610354542732239,-0.08135292530059815,-0.1650608539581299,-0.28768524527549744,0.009183987975120544,-0.0033108796924352646,0.17142513085068448,0.028507621157396232,-0.044490222907379084,
0.043339893221855164,-0.0983433723449707,-0.14619817733764648,-0.2918131351470947,-0.03615633025765419,-0.006906147114932537,0.1588974842445236,0.0284159986937989,-0.04499082379071564,
0.06675627231597901,-0.1117053508758545,-0.07970369458198548,-0.28362393379211426,-0.06798110902309418,-0.02181984856724739,0.14431013018726602,0.02881342240035455,-0.04499052994786447,
0.1112931251525879,-0.08718037009239198,0.0019696755334734917,-0.3019331395626068,-0.09001876413822174,-0.060369107872247696,0.11387425078105434,0.02460866231575054,-0.04760586085985155,
0.08500823378562927,-0.07337933778762817,0.11059210300445557,-0.23302386701107025,-0.09181639552116394,-0.05890436843037605,0.09628686861638465,0.01872443707544231,-0.05122642545948285,
0.07545732259750366,-0.07246521711349488,0.2363895893096924,-0.241745725274086,-0.059658728539943695,-0.03287196904420853,0.08109465996654276,0.015039242922793777,-0.05547228949540602,
0.09163167476654054,-0.008148526400327682,0.3340453147888184,-0.2152472734451294,-0.0038655013777315617,-0.009436150081455708,0.05678381482266309,0.008040494645333992,-0.06234622095036279,
0.11125489473342896,0.0417460709810257,0.4736104488372803,-0.1135810986161232,-0.007993401028215885,-0.020954322069883347,0.0440813179188029,0.006541316329350156,-0.06364110463354646,
0.14864057302474976,0.078701651096344,0.5400214195251465,-0.06085050478577614,-0.0032662900630384684,-0.047719091176986694,0.03368932916703844,0.006417591140484838,-0.06420579008626517,
0.15360463857650758,0.16506376266479494,0.43436965942382816,-0.013446236029267311,0.01570873335003853,-0.06130121275782585,0.023675292081341594,0.006034680418681677,-0.06732295462016925,
0.1266591191291809,0.18609119653701783,0.4003179550170899,0.013851165771484375,0.006853722035884857,-0.07175412029027939,0.02152038999300259,0.006521540567941005,-0.07003942017485372,
0.10564700365066529,0.1811498761177063,0.3677381753921509,0.05726068839430809,-0.018246572464704514,-0.08400466293096542,0.020897849296984794,0.0074977953452948455,-0.07313574028208124,
0.09316319823265076,0.16507551670074463,0.362519907951355,0.09893916547298431,-0.02490447461605072,-0.09139493852853775,0.021388686033211177,0.008143570271980517,-0.07668404167250892,
0.05620214939117432,0.10755467414855957,0.2869512796401978,0.12277445197105408,0.00019581930246204138,-0.08740019798278809,0.02754952361794931,0.007007587590325069,-0.08543881231758574,
0.025761860609054568,0.07352765202522278,0.22408852577209473,0.1396869719028473,0.007652434054762125,-0.07334931939840317,0.03316138258354631,0.006623978447891541,-0.09022835316786752,
-0.023313146829605103,0.024159957468509675,0.13890888690948486,0.1469440907239914,0.010715069249272346,-0.050512708723545074,0.04611185344791589,0.008009125663923719,-0.09844417965008533,
-0.03375197052955627,0.016049693524837493,0.08228111863136292,0.13895460963249207,0.009316910058259964,-0.02348162606358528,0.053514152689937936,0.008867680218848787,-0.1015138557005837,
-0.048789027333259585,0.01303902417421341,0.05238133668899536,0.15080566704273224,-0.013852592557668686,-0.005238971672952175,0.060823415798510944,0.009822840629059694,-0.10371258675902932,
-0.07666477560997009,0.05173324346542359,0.04760362505912781,0.16065937280654907,-0.030763665214180946,0.0014189314097166061,0.0678765138689114,0.010474417592892415,-0.10485943478519981,
-0.04054623246192932,0.04879078567028046,-0.0015433755703270437,0.1463448703289032,-0.04154947027564049,-0.011697137728333473,0.08356709506377676,0.009080459557711095,-0.10561863157677535,
-0.00682397410273552,0.011822655051946641,-0.0263068825006485,0.1187145784497261,-0.013719433918595314,-0.021950308233499527,0.09166730076058408,0.007297414417152948,-0.10622270451811405,
-0.009730321913957597,-0.023763158917427064,-0.03331829905509949,0.11425378173589706,0.013045335188508034,-0.0035079168155789375,0.0988508277425075,0.005614258552844189,-0.10750760251194705,
-0.06737339496612549,-0.06758716702461243,-0.007086215168237687,0.14021959900856018,-0.03788762167096138,0.03291080892086029,0.10987986991160852,0.006748332847146932,-0.10919307173405221,
-0.0648729681968689,-0.08224257826805115,-0.02539407312870026,0.13562564551830292,-0.04740842431783676,0.037637919187545776,0.11579380609427771,0.006760529545133622,-0.10873272345454695,
-0.019116792082786563,-0.08755136728286744,-0.0684851884841919,0.11052535474300385,-0.015716806054115295,0.027584491297602654,0.12301174842000556,0.004078550249610876,-0.10779893127884432,
-0.010280802845954895,-0.07273356914520264,-0.11151820421218872,0.0904184952378273,0.015442180447280407,0.017531055957078934,0.1300570513821712,0.0010354589967774685,-0.10689142713684324,
-0.011339218914508821,-0.12308809757232667,-0.13455812931060793,0.07250872999429703,0.019836395978927612,0.02052711322903633,0.14101166174199123,-0.000958167108455175,-0.10491919832467589,
-0.037055760622024536,-0.13122154474258424,-0.14473228454589845,0.06491872668266296,0.024563508108258247,0.045161351561546326,0.14523971555017604,-0.0002698474815027196,-0.10370514299213554,
-0.08253547549247742,-0.10641986131668091,-0.15088388919830323,0.0338263213634491,0.05665459856390953,0.06320427358150482,0.14898823313398332,0.0001516475489569847,-0.10225334189395936,
-0.042310851812362674,-0.13260918855667114,-0.20441434383392335,-0.007852151058614254,0.06144828721880913,0.06746532768011093,0.15482455711223492,0.0007839152500630755,-0.0963682450209751,
-0.024905821681022646,-0.14173309803009035,-0.18863346576690676,-0.006187676452100277,0.0197698175907135,0.08124718815088272,0.1555875937414298,0.002167930012707819,-0.09183822015322274,
-0.0531977653503418,-0.11945565938949586,-0.14938455820083618,0.0026007555425167084,0.003924008458852768,0.09649378806352615,0.15522480153076623,0.0031888787193353344,-0.0873772201799564,
-0.045982420444488525,-0.11768829822540283,-0.14009019136428832,-0.028291914612054825,0.03588194027543068,0.11167380213737488,0.15485405046535383,0.002519081264863531,-0.08317556459528762,
-0.03451159298419953,-0.115993869304657,-0.21526145935058594,-0.09853154420852661,0.10865261405706406,0.12991876900196075,0.15441419616302285,-0.001058367643354519,-0.07376542209284852,
-0.007184398174285889,-0.11410633325576783,-0.19185582399368287,-0.11883815377950668,0.10345945507287979,0.1259240359067917,0.15144214038621467,-0.0010246940927122234,-0.06677689686007746,
0.0035591959953308106,-0.117207932472229,-0.16417521238327026,-0.13122186064720154,0.07789310812950134,0.11433927714824677,0.14653427918842074,0.0008037196735753375,-0.05846023277615357,
-0.02539612948894501,-0.11808457374572755,-0.15471524000167847,-0.14819951355457306,0.02696014940738678,0.12392666190862656,0.13445758945194278,0.0044950885780745764,-0.04277053521251912,
-0.026463064551353457,-0.10437294244766236,-0.12070724964141846,-0.1731666475534439,0.05891808122396469,0.13970589637756348,0.12746847904942413,0.004813458625860215,-0.03608808412432762,
-0.016384086012840273,-0.0964950978755951,-0.09744364023208618,-0.21131642162799835,0.10279366374015808,0.15075801312923431,0.12000515909557881,0.003837467948103958,-0.029619566252546452,
0.011626874655485155,-0.06823722124099732,0.016450811922550202,-0.19493798911571503,0.09254049509763718,0.16726961731910706,0.09827598476190474,0.004821024414886466,-0.014543319289080614,
0.011965642869472505,-0.04008617699146271,0.09043318629264832,-0.1695713847875595,0.037346478551626205,0.16420698165893555,0.08769822481152034,0.007886940155872902,-0.005368740754747373,
0.048345479369163516,-0.02618958652019501,0.12544437646865844,-0.15552319586277008,0.039077531546354294,0.15089116990566254,0.07821239817845127,0.00979320991955414,0.004034393130876721,
0.06678338050842285,-0.009580446034669877,0.15473042726516725,-0.15472425520420074,0.04267280176281929,0.16047854721546173,0.06968784498829306,0.010049529964341433,0.012784075080091857,
0.07659187316894532,-0.006859778612852097,0.22778298854827883,-0.13548292219638824,0.0890783816576004,0.16613776981830597,0.05427563802553395,0.010870067432493588,0.028941942433108953,
0.10973209142684937,0.004619217664003372,0.28782124519348146,-0.08108784258365631,0.09939812868833542,0.1675359308719635,0.04675840315394759,0.012215377416116821,0.03767802671930838,
0.09650373458862305,0.02933407723903656,0.31245379447937016,-0.04480227455496788,0.06218045577406883,0.15748248994350433,0.04039272651722619,0.0155670194001098,0.04668384919064421,
0.11867321729660035,0.06304198503494263,0.25167763233184814,-0.025560934096574783,0.032819103449583054,0.1308508813381195,0.0341907771012478,0.022691475847944446,0.06443491565376461,
0.14852975606918337,0.07084221243858338,0.27372653484344484,0.014586219564080238,0.03082173317670822,0.11147637665271759,0.03267275623171526,0.02434850895929729,0.07220977288068235,
0.16725267171859742,0.05350611209869385,0.2928939342498779,0.05293573811650276,0.034084104001522064,0.10042425990104675,0.032015753751245955,0.02536307996176702,0.07900328233265337,
0.15401819944381714,0.0050486732274293905,0.2594566822052002,0.07796945422887802,0.033484894782304764,0.10634978860616684,0.03532038007287723,0.027519233816672293,0.09033605741525581,
0.15375076532363893,-0.003851559385657311,0.22160155773162843,0.09994053840637207,0.03381779044866562,0.10714873671531677,0.03920671245412358,0.028573763597730076,0.09575653914262906,
0.15475302934646606,-0.0029143489897251133,0.19233590364456177,0.13030056655406952,0.025961464270949364,0.095297671854496,0.043975299712872784,0.029519418131798203,0.10146760048938315,
0.1762160897254944,-0.012053757905960083,0.1709153175354004,0.13888926804065704,0.01943671889603138,0.08644266426563263,0.04954488649626115,0.030401123608567972,0.1071527548013753,
0.2040109395980835,-0.018919749557971956,0.08791625499725342,0.1331634670495987,0.02942357398569584,0.057347629219293594,0.06375885474481438,0.031247253934170775,0.11716478220367191,
0.23471176624298096,-0.024191974103450777,0.07855936884880066,0.14374953508377075,0.03395094722509384,0.03817287087440491,0.07108292308190024,0.03139692500530429,0.12125224944671066,
0.24593248367309573,-0.0254978746175766,0.09018786549568177,0.16259139776229858,0.036014895886182785,0.014137840829789639,0.07820492631935544,0.0322048933509546,0.12444329090998925,
0.2708404779434204,-0.018045133352279665,0.07315867543220521,0.16612008213996887,0.03834516182541847,-0.025876156985759735,0.0937034798785922,0.03465004047297396,0.1285909313881126,
0.2621388673782349,-0.02485741972923279,0.03408072590827942,0.15833033621311188,0.032885681837797165,-0.05976488068699837,0.10228876492813868,0.036539363032537485,0.12921494627872712,
0.24336073398590088,-0.03637801110744476,0.007203752547502518,0.1657206118106842,0.018970666453242302,-0.06875304877758026,0.1105487808858409,0.038090975900204174,0.12861633185235338,
0.1826655149459839,-0.04987503290176392,-0.00671985074877739,0.16405613720417023,0.010914603248238564,-0.06162909418344498,0.11525900257300874,0.02652312853630546,0.1267315863968783,
0.16647332906723022,-0.08397104740142823,-0.07340355515480042,0.14860980212688446,0.02203330025076866,-0.07787437736988068,0.1305685522988408,0.027996789277264,0.1211888832363691,
0.1737980842590332,-0.08203616738319397,-0.10511510372161866,0.11984767019748688,0.014643029309809208,-0.10996547341346741,0.1383933141982805,0.0299693253244901,0.11846750216634827,
0.17822026014328005,-0.08811864256858826,-0.13688838481903076,0.10053975135087967,-0.011455950327217579,-0.13360102474689484,0.14559372095251366,0.03269564129032258,0.11532178184678649,
0.1324984908103943,-0.10799007415771485,-0.1677762269973755,0.06272286176681519,-0.026436232030391693,-0.1412576138973236,0.1565011702455532,0.03889502989988286,0.10555810174896235,
0.10795496702194214,-0.12403405904769899,-0.1948859453201294,0.028301499783992767,-0.02863333933055401,-0.13593128323554993,0.16031505549088268,0.04129502310466585,0.09877080332819163,
0.09008980989456178,-0.13182722330093385,-0.19535207748413086,0.014386482536792755,-0.05180284008383751,-0.12987259030342102,0.1625843804680698,0.043637645874065094,0.09178085486757014,
0.08048434257507325,-0.1131828546524048,-0.15666056871414186,-0.0023914319463074207,-0.06645023077726364,-0.12115074694156647,0.16328974553479078,0.04738976886902684,0.07797067691910131,
0.10583930015563965,-0.09479807615280152,-0.1530279278755188,-0.038810163736343384,-0.04627678170800209,-0.1375957578420639,0.1627208933263585,0.04778553397329908,0.07084782752992086,
0.1299996018409729,-0.08185817003250123,-0.16898169517517092,-0.07156704366207123,-0.05206915736198425,-0.18020634353160858,0.16151229221477162,0.04791134074656013,0.06375348059822698,
0.1515208721160889,-0.09049667716026306,-0.16510289907455444,-0.07309836149215698,-0.08289524912834167,-0.20164479315280914,0.15892072038736174,0.04891722040823745,0.0565576943979086,
0.09913368225097657,-0.12078537940979005,-0.11169711351394654,-0.07789205014705658,-0.11172396689653397,-0.1904595047235489,0.14902211411269797,0.052187329847108783,0.037620181342055366,
0.058951866626739506,-0.11963796615600586,-0.11444213390350343,-0.09640102088451385,-0.11938055604696274,-0.1797402799129486,0.14342776720149333,0.052441810018540244,0.026155751395535987,
0.05028058290481568,-0.10609921216964723,-0.12021732330322266,-0.14234213531017303,-0.07483892142772675,-0.20244669914245605,0.13756726211622386,0.05145914157900982,0.014843412708734703,
0.07943443059921265,-0.09795852899551392,-0.1353953719139099,-0.16484583914279938,-0.05992522090673447,-0.20910459756851196,0.13122644185983742,0.04953065325697182,0.0038257682380057013,
0.03214421570301056,-0.10972031354904176,-0.06079737544059754,-0.15632373094558716,-0.11119107156991959,-0.18613484501838684,0.1137719509648506,0.04969311390496904,-0.018395318321593853,
0.005651641264557839,-0.10972504615783692,-0.02450036853551865,-0.16238242387771606,-0.11751608550548553,-0.17654745280742645,0.10375785296003694,0.04967886709397135,-0.02956604068365031,
-0.008014094829559327,-0.07520488500595093,0.03697060644626617,-0.159586101770401,-0.0950789526104927,-0.17182034254074097,0.0787457170256471,0.044694693237848034,-0.05061901307577207,
0.0009697297587990761,-0.07105885744094849,0.06689807176589967,-0.14067766070365906,-0.1113242357969284,-0.17455008625984192,0.06913495603127502,0.04136858960895272,-0.06069254668441302,
0.03189490139484406,-0.06804332733154297,0.11502362489700318,-0.1048581451177597,-0.1335616260766983,-0.15677349269390106,0.05981984781218423,0.03836779821671109,-0.07038257423656068,
0.03946221768856049,-0.05183166861534119,0.15081011056900026,-0.12136974185705185,-0.10446659475564957,-0.1629653424024582,0.0443332407200025,0.029507086257629687,-0.08940977533691405,
0.05044788718223572,-0.03575044870376587,0.12965439558029176,-0.12796106934547424,-0.05539784952998161,-0.1732185035943985,0.03815346439238822,0.02383348751408348,-0.09821991396865681,
0.04427619874477387,-0.023468016088008883,0.1465291738510132,-0.10219497978687286,-0.051203370094299316,-0.1636311262845993,0.03142373884027526,0.019451329659590885,-0.10707763168567329,
0.01879577338695526,-0.009495133161544801,0.18080701828002932,-0.08887917548418045,-0.07390681654214859,-0.15557506680488586,0.02439354555404252,0.01708204144638801,-0.11607393023716345,
0.03576171398162842,0.027600523829460145,0.18645907640457154,-0.08881259709596634,-0.06711575388908386,-0.20597538352012634,0.012947938466228052,0.012560233563592446,-0.13307172672540943,
0.07229232788085938,0.03981224596500397,0.22117362022399903,-0.04700096696615219,-0.031163083389401436,-0.24385885894298553,0.008026850606969853,0.00891185286861118,-0.14150405956881518,
0.03085371255874634,0.032464995980262756,0.2832249641418457,-0.012379869818687439,-0.0033996286801993847,-0.21130171418190002,0.0033052993025579473,0.005693272941612995,-0.15194792225790502,
-0.11259372234344484,0.012098585069179536,0.2893114805221558,0.034092292189598083,-0.001468836679123342,-0.15790532529354095,-0.0012556448095952194,0.002984481065894229,-0.17590072820031594,
-0.1094542145729065,0.013157805800437928,0.2874285936355591,0.07051102072000504,-0.024372022598981857,-0.15171347558498383,-0.0013019428613627153,0.0029734837578704533,-0.18560282575133008,
-0.08599295616149903,0.015229868888854982,0.2776888608932495,0.11139054596424103,-0.030031239613890648,-0.1485842615365982,0.0002764251957600857,0.0029065605319029612,-0.1937678306817139,
-0.09381244778633119,0.014417484402656555,0.2330585241317749,0.12756924331188202,-0.013120166957378387,-0.13007529079914093,0.007869158196335642,0.0008031887915290728,-0.20922843604717292,
-0.10916029214859009,0.012983606755733491,0.1654483437538147,0.13549214601516724,-0.014784642495214939,-0.10717210173606873,0.014047914247207765,-0.00026922174285819763,-0.216660401282686,
-0.12689363956451416,0.013016587495803833,0.13058747053146363,0.152604877948761,-0.034226033836603165,-0.09152243286371231,0.020608918619019864,-0.0006504235855467264,-0.22340090850667113,
-0.13392616510391236,0.021596704423427582,0.11021995544433594,0.16545464098453522,-0.058727115392684937,-0.08826006203889847,0.02736590930876777,-0.0008289069967869937,-0.2291499987480837,
-0.11916168928146363,0.018890184164047242,0.055467557907104496,0.17304465174674988,-0.07250897586345673,-0.07833978533744812,0.043005344522310654,-0.0035927404505438905,-0.23895669902985278,
-0.1283557176589966,0.008535471558570863,0.029774370789527896,0.17837096750736237,-0.06718266010284424,-0.06568977236747742,0.051692369159196616,-0.0061375837471393645,-0.24384045002911572,
-0.1172762393951416,0.0017972560599446297,0.013813529908657075,0.1628580540418625,-0.04820762947201729,-0.04485053941607475,0.06060848004715891,-0.008415305258153203,-0.24847430636942283,
-0.10960972309112549,-0.013679835200309754,-0.052918875217437746,0.1382238119840622,-0.01891285739839077,-0.017952609807252884,0.07811442640100831,-0.005653833363895018,-0.25654333695096304,
-0.1150760293006897,-0.01959480345249176,-0.07933892011642457,0.11671879142522812,-0.004198892507702112,0.007347420789301395,0.08610691200825296,-0.007085126090767293,-0.2588669213839461,
-0.12319213151931763,-0.028784164786338808,-0.09333564639091492,0.10659877955913544,0.0028584846295416355,0.02419191598892212,0.09313221521388255,-0.007774323242005172,-0.2599882237974268,
