-0.2257028341293335,-0.0540964961051941,-0.17581554651260378,0.15633001923561096,0.031144216656684875,0.046414315700531006,0.061665355666672916,0.014233791617002778,-0.2746869442074982,
-0.18009650707244873,-0.07636630535125732,-0.19729712009429934,0.12983156740665436,0.061104778200387955,0.05846511572599411,0.0702806741453657,0.014883200779438258,-0.27248788166429594,
-0.1596636176109314,-0.10825719833374024,-0.23159356117248536,0.07816623896360397,0.05145081877708435,0.0807025134563446,0.07802332817069355,0.016289684486852245,-0.269411480601682,
-0.16500903367996217,-0.15010581016540528,-0.2826984405517578,0.04307909309864044,0.012102612294256687,0.1059359684586525,0.08466719711832701,0.018640224966965387,-0.26564094681824046,
-0.1831230163574219,-0.21160032749176028,-0.3150651454925537,0.005195623729377985,0.022222626954317093,0.15840023756027222,0.09244594097774594,0.020092031714183944,-0.25593730037264734,
-0.1797199845314026,-0.2238004207611084,-0.3647933006286621,-0.05419286713004112,0.047922130674123764,0.2111974060535431,0.09446504735660766,0.018730072913322984,-0.24952658088118185,
-0.12907849550247194,-0.22327229976654053,-0.44881873130798344,-0.12856164574623108,-0.010800573043525219,0.22338137030601501,0.09347808543397873,0.016688729637055116,-0.23062464877502076,
-0.07510041594505311,-0.2003283739089966,-0.43694348335266114,-0.17410169541835785,-0.03689955174922943,0.22125083208084106,0.08922499630290803,0.01478574031533736,-0.21939469725045085,
-0.026503577828407288,-0.17477935552597046,-0.4270007610321045,-0.2536621391773224,-0.012665033340454102,0.22464919090270996,0.08272826966800174,0.010796136188939561,-0.20871101581631954,
0.055071872472763066,-0.15105955600738527,-0.35709397792816167,-0.35379698872566223,-0.0018792309565469623,0.20594048500061035,0.062313021012287896,0.0028411772737139637,-0.18734480754441296,
0.1732039213180542,-0.145065176486969,-0.21057813167572023,-0.390948086977005,0.004712092690169811,0.11233038455247879,0.04665256692822058,0.0005620936917814645,-0.17612507763530852,
0.22613878250122071,-0.14967780113220217,0.019570229947566988,-0.3121185302734375,-0.05394403263926506,0.1292414516210556,0.02706392108812764,-0.0013959741676854212,-0.16693543141905434,
0.11812441349029541,-0.09517850279808045,0.31956279277801514,-0.27763059735298157,-0.046154286712408066,0.1905607283115387,0.00745822239702086,-0.0018385981821137409,-0.16124194863476132,
0.17199473381042482,0.14050806760787965,0.6753393650054932,-0.15086409449577332,0.004445776809006929,0.191825732588768,-0.02374554371489076,-0.006436902993609844,-0.1458800531612568,
0.30999033451080327,0.22746617794036866,0.9125396728515626,0.03182874992489815,0.0015828785253688693,0.0750461295247078,-0.03609327452947072,-0.006057572714447485,-0.1353545793463004,
0.46045908927917484,0.2765222549438477,1.0529088020324708,0.15686416625976562,0.01609710603952408,-0.009309503249824047,-0.04327255046696593,-0.004769847579994655,-0.12602488846587487,
0.3860756874084473,0.23043322563171387,1.0141073226928712,0.32963672280311584,0.07928060740232468,-0.044529810547828674,-0.03745009231364169,-0.0034059665873619536,-0.12029251967801505,
0.2888819694519043,0.13879443407058717,0.8881877899169922,0.4047378897666931,0.08780272305011749,-0.04499586299061775,-0.025398109679815758,-0.0016218674467319632,-0.12224906318794133,
0.20321357250213623,0.052479058504104614,0.6756664752960205,0.46632346510887146,0.07854823768138885,-0.055115874856710434,-0.00836016257486384,0.0022785421574551623,-0.12454468802161166,
0.12199499607086182,-0.09818899035453797,0.2873084545135498,0.47178295254707336,0.07728323340415955,-0.05325166508555412,0.034764414938977785,0.011004361059928792,-0.12827501497320182,
0.08905686140060426,-0.166943633556366,0.06931936740875244,0.44708213210105896,0.0439271405339241,-0.041999805718660355,0.05908549263847573,0.01566322064827925,-0.130124340402844,
0.06144902706146241,-0.20352904796600343,-0.06986721754074098,0.4129270911216736,0.04885398596525192,-0.027618736028671265,0.07989132705904475,0.018339022342079094,-0.1316705965533113,
0.015401217341423036,-0.268636155128479,-0.31500270366668703,0.3497436046600342,0.045924510806798935,0.0018757730722427368,0.12396605716423492,0.02411607726611179,-0.1331933431705157,
0.013186243176460267,-0.24393188953399658,-0.4475895881652832,0.2481440156698227,0.04565819352865219,0.006336567923426628,0.14375994163700254,0.026346703491304385,-0.1323782861536068,
0.03180984258651733,-0.22691769599914552,-0.5165102481842041,0.18968762457370758,0.039066869765520096,-0.015767669305205345,0.16040120576087827,0.028372013795542165,-0.13073451745692247,
0.048159003257751465,-0.20699427127838135,-0.49220018386840825,0.14634467661380768,0.028547383844852448,-0.0236239954829216,0.17301043762143847,0.030248698823310025,-0.12927342962053004,
0.01299828737974167,-0.21399493217468263,-0.5197821617126465,0.08768855780363083,0.017761580646038055,-0.001586336176842451,0.1911447715026642,0.03428543113471311,-0.1287557213090091,
0.006018153205513955,-0.2158299446105957,-0.5217398643493653,0.009789163246750832,-0.01885656826198101,-0.004119939636439085,0.1968194596461574,0.03564867902874812,-0.12850797607233713,
0.02945435643196106,-0.20873632431030276,-0.5225399017333985,-0.08362121134996414,0.004379513673484325,-0.016037585213780403,0.20002074762886224,0.03560069239580987,-0.1282462850432298,
0.008037732541561126,-0.1869999647140503,-0.582237720489502,-0.15039998292922974,-0.0036765492986887693,-0.00898020900785923,0.19833115109450428,0.035218243482835504,-0.12948147156883824,
-0.000885122362524271,-0.17534650564193727,-0.5479527950286865,-0.22343717515468597,-0.04142685979604721,0.013723240233957767,0.19198497262346312,0.03568613510172956,-0.12994280872400432,
0.014416988193988801,-0.17132869958877564,-0.5174119472503662,-0.2988712191581726,-0.0648626834154129,0.007464810274541378,0.18284182948993216,0.03492593939648916,-0.13050782050731138,
0.07862385511398316,-0.1730506181716919,-0.45796070098876956,-0.39647606015205383,-0.052945028990507126,-0.017968378961086273,0.15674168162251167,0.029813565068803633,-0.13208405003845017,
0.06258212924003602,-0.19663474559783936,-0.41568861007690433,-0.4515369236469269,-0.07584822177886963,-0.0023223059251904488,0.13934826927620073,0.02716895423311783,-0.13373463957637144,
0.03461771905422211,-0.20416524410247805,-0.2683434963226318,-0.4649192988872528,-0.07644742727279663,-0.011643369682133198,0.11847274948483186,0.024775332917706314,-0.13561201589697783,
0.06290100812911988,-0.21324784755706788,-0.12275488376617433,-0.44654348492622375,-0.10108166933059692,-0.02216285653412342,0.09551582703062556,0.02126523270323341,-0.13702203203047789,
0.08264861106872559,-0.21048946380615235,0.24568560123443606,-0.41571739315986633,-0.056074243038892746,0.005201124586164951,0.045243526713206646,0.011986707703531427,-0.14054207812182387,
0.0337350070476532,-0.15077552795410157,0.3826438426971436,-0.3494046926498413,-0.029842106625437737,0.04428301379084587,0.023289468456995564,0.0074704250477005815,-0.14188305458744618,
-0.016865974664688112,-0.04312913119792938,0.5862127304077148,-0.2519329786300659,-0.03803132846951485,0.04241880029439926,0.0024251230517916287,0.004920863300865374,-0.14138749635471398,
0.0268606573343277,0.061074483394622806,0.7366726398468018,-0.16657869517803192,-0.03257184848189354,0.013124029152095318,-0.015617401994748988,0.0034198428768157916,-0.13922451104293238,
0.15152858495712282,0.2818880796432495,0.9447094917297364,0.0018662590300664306,0.005577935837209225,-0.02202969789505005,-0.0393557714869606,8.336852073943954e-05,-0.13540405243213371,
0.18480186462402345,0.30729193687438966,0.9306264877319337,0.14494457840919495,0.03181007131934166,-0.07063239067792892,-0.04332620090944367,-0.0008278175540003116,-0.135618254648072,
0.20491862297058105,0.29042487144470214,0.8955839157104493,0.24254943430423737,0.013966893777251244,-0.09440110623836517,-0.04243907311210464,-0.0005170046995385147,-0.13706128256580044,
0.09525697827339173,0.14762340784072878,0.6338356971740723,0.3205134868621826,0.025218749418854713,-0.09067267924547195,-0.026040552152661434,0.0013077762931266925,-0.14483211188408152,
0.014370030164718628,0.09420270919799806,0.4189460277557373,0.3469453752040863,0.017961636185646057,-0.07376160472631454,-0.01137512809304476,0.0018359415057431125,-0.14990377466098662,
-0.03460946083068848,0.04887867271900177,0.26335251331329346,0.3410198390483856,0.003980039153248072,-0.0651063323020935,0.004961107983970015,0.003017053703108905,-0.15448718136227796,
-0.0844803273677826,-0.027171629667282107,-0.025290808081626894,0.3107909560203552,-0.007537806406617165,-0.049930039793252945,0.039440478356778566,0.0069958441593907916,-0.16178172678374686,
-0.11738790273666383,-0.06894266605377197,-0.119801926612854,0.2703109085559845,0.004712734837085009,-0.006254197563976049,0.05600346218906809,0.007223098445369134,-0.16482921825381588,
-0.13613489866256714,-0.10882540941238404,-0.19951065778732302,0.23875243961811066,0.005045630037784576,0.025970052927732468,0.07134539798937402,0.0074086784401615315,-0.167015281854087,
-0.13233877420425416,-0.16603775024414064,-0.36216413974761963,0.14840470254421234,0.006244052667170763,0.04441244527697563,0.09816007216086854,0.007814558329038223,-0.16676908617822916,
-0.11491491794586182,-0.18446513414382937,-0.433914852142334,0.08575383573770523,0.005644841585308313,0.04987192526459694,0.10859843020935432,0.007291278944680894,-0.1648842080740584,
-0.12848451137542724,-0.19246300458908083,-0.4489646911621094,0.04134562611579895,-0.018190450966358185,0.08083117008209229,0.11578090385991256,0.0068534356928163205,-0.1626472430891092,
-0.15888618230819704,-0.2105482816696167,-0.49187445640563965,-0.03515367582440376,-0.02724519930779934,0.12144438177347183,0.12322597234507965,0.004448350945019777,-0.1571031280070606,
-0.14546362161636353,-0.22839980125427248,-0.5178650856018067,-0.13029511272907257,-0.03163941204547882,0.15899494290351868,0.1239289195531483,0.001267272133590071,-0.15302542368234245,
-0.14600887298583984,-0.25588741302490237,-0.5212019443511963,-0.1792307049036026,-0.03836389631032944,0.181365504860878,0.12163330682346588,-0.0025038995533354634,-0.14772417172677146,
-0.15762239694595337,-0.2291947364807129,-0.4438204288482666,-0.255730003118515,-0.03796442225575447,0.21705186367034912,0.10751847536899684,-0.011526211516344802,-0.13357889073117413,
-0.15642032623291016,-0.20834026336669922,-0.3684759855270386,-0.309192955493927,-0.00600648857653141,0.22663924098014832,0.0962572126290693,-0.01661636799193534,-0.12465080326455416,
-0.1633508563041687,-0.20504722595214844,-0.2866961002349854,-0.3529353737831116,-0.015194393694400787,0.29055511951446533,0.08237096701453119,-0.021387748524921403,-0.1145026702242929,
-0.19309275150299074,-0.21390135288238527,-0.15894631147384644,-0.36238959431648254,0.0077087911777198315,0.3094635605812073,0.06611929850595405,-0.024540777995435855,-0.10337371979772318,
-0.04411620795726776,-0.13611245155334473,0.19808800220489503,-0.31378689408302307,0.022489335387945175,0.32064881920814514,0.017911442968381264,-0.02098300811522456,-0.07486023844096369,
0.03653879463672638,-0.10143386125564575,0.44845104217529297,-0.18508966267108917,0.02029222808778286,0.30992960929870605,-0.0015441884877060734,-0.02025217994934887,-0.059043893992207844,
0.15875749588012697,-0.03404815495014191,0.6659026145935059,-0.0937432199716568,0.0719575509428978,0.2675187587738037,-0.018415665094381233,-0.01855357941646827,-0.04279907168903614,
0.3859005451202393,0.0884655773639679,0.8257980346679688,0.03881562501192093,0.15171922743320465,0.22364318370819092,-0.03700462211344909,-0.01235508233092539,-0.012786028458623101,
0.40324974060058594,0.11694718599319459,0.8297555923461915,0.1456749588251114,0.14339685440063477,0.19388236105442047,-0.039341976091420684,-0.005068525652232004,-0.0011623112436530173,
0.4471004962921143,0.11204549074172974,0.7142284870147706,0.22537004947662354,0.12994788587093353,0.13223017752170563,-0.036346529028029366,0.00407668439061595,0.00906477585856346,
0.49890828132629395,0.11200072765350343,0.5848423957824708,0.2583266794681549,0.13061366975307465,0.08076459169387817,-0.029206377029905233,0.01253549188484633,0.018298216169046852,
0.5116541385650635,0.08805353045463563,0.2541219472885132,0.2643199563026428,0.1160326823592186,0.02364197187125683,-0.005483519290876837,0.026691755406598953,0.03037420041234158,
0.4884833812713623,0.07195808291435242,0.1397461771965027,0.25539836287498474,0.10850924998521805,-0.04373600333929062,0.008176839181152074,0.03322821912265476,0.03325494504797268,
0.4880249500274658,0.050230163335800174,0.0487931102514267,0.2654518187046051,0.0991881862282753,-0.1062537133693695,0.021762376723308344,0.039031013406442376,0.03451506942483139,
0.39312191009521485,-0.02695274651050568,-0.07076202034950256,0.258327841758728,0.004179911222308874,-0.1495300829410553,0.047408979198700636,0.04981671236559271,0.02986613148331922,
0.3109022617340088,-0.05776357650756836,-0.1827783226966858,0.20606331527233124,-0.02904302254319191,-0.1730324774980545,0.059879384245406925,0.04577218309316726,0.024340131239664192,
0.2762472152709961,-0.06976417303085328,-0.27776639461517333,0.1312950700521469,0.06616499274969101,-0.17562906444072723,0.07163317258612519,0.04725897538673837,0.01670103825872964,
0.22449927330017092,-0.11217015981674194,-0.338032603263855,0.08708658814430237,0.04918733239173889,-0.1856824904680252,0.087560798014364,0.0522434847091955,-0.0005548934537063448,
0.2166642189025879,-0.13194503784179687,-0.3011401653289795,0.07490262389183044,-0.0723193883895874,-0.21191462874412537,0.09154314344983422,0.05859255685132268,-0.008164600301413612,
0.19890334606170657,-0.14344903230667114,-0.2968602180480957,0.03448915854096413,-0.12791287899017334,-0.23155544698238373,0.09422605810443452,0.06278340546468518,-0.017157664574363334,
0.151513671875,-0.14883445501327516,-0.32823193073272705,-0.029027236625552177,-0.06426332890987396,-0.21830621361732483,0.09580938975102662,0.060581116040433446,-0.04155003952469991,
0.11976704597473145,-0.14740108251571657,-0.3468888521194458,-0.07922782748937607,-0.06353095918893814,-0.1880127638578415,0.09392006621611532,0.058975206219617646,-0.05448741971071212,
0.10026431083679199,-0.15125908851623537,-0.3253183364868164,-0.12303682416677475,-0.15967108309268951,-0.19373856484889984,0.08982785311567189,0.059231882871404636,-0.06592800587010071,
0.112416672706604,-0.15980876684188844,-0.32343261241912846,-0.13328999280929565,-0.214998260140419,-0.22669517993927002,0.08410064286722978,0.058968355340802865,-0.07631478948644287,
0.1443159580230713,-0.15381094217300417,-0.22512078285217285,-0.19840428233146667,-0.13836579024791718,-0.2223009616136551,0.0677546924495463,0.047887374554420006,-0.10028991612231981,
0.11635746955871583,-0.1547598958015442,-0.261081075668335,-0.2706425189971924,-0.08943019807338715,-0.1856159120798111,0.05850960461623785,0.040257622593918484,-0.11398089003639096,
0.07093278765678405,-0.15567716360092165,-0.1981302261352539,-0.28548964858055115,-0.1343710571527481,-0.20465752482414246,0.04671320736548121,0.03539240447463061,-0.12619804457939354,
0.08464305996894837,-0.12233768701553345,0.08870843648910523,-0.24687381088733673,-0.19122953712940216,-0.2573881149291992,0.014780925653013366,0.025570984430237982,-0.1469516912410151,
0.02849288582801819,-0.08086424469947816,0.1994670867919922,-0.23275905847549438,-0.17238767445087433,-0.2428072988986969,0.0002696960971130905,0.017537500240710536,-0.15895391352083516,
-0.06471808552742005,0.011605224013328553,0.2850069999694824,-0.23182696104049683,-0.07824492454528809,-0.20405830442905426,-0.01256229536679933,0.007397408256260866,-0.1718875777583694,
-0.12696748971939087,0.12278825044631958,0.5924553394317628,-0.10752542316913605,-0.025447508320212364,-0.20312903821468353,-0.0366541081857916,-0.008665442122852406,-0.1942348860723808,
-0.12838634252548217,0.12993478775024414,0.7508188247680665,0.027563422918319702,-0.040560945868492126,-0.20978693664073944,-0.04599814263260627,-0.012322498550222253,-0.20392984577247622,
-0.15600820779800417,0.10428397655487061,0.7816088199615479,0.0986032485961914,0.023221762850880623,-0.16944004595279694,-0.049926950613701074,-0.015406633251824816,-0.21409086194379445,
-0.19684518575668336,0.1104099988937378,0.6801730632781983,0.16491594910621643,0.042729418724775314,-0.13588421046733856,-0.048363947026828856,-0.018999517391217188,-0.22433063686107826,
-0.2072216033935547,0.11936695575714112,0.5066426753997803,0.23169471323490143,0.045259419828653336,-0.12370024621486664,-0.03607139383119162,-0.019031995985578448,-0.24118520019981424,
-0.19329940080642702,0.10997277498245239,0.3627626180648804,0.25719448924064636,0.03487309068441391,-0.10365995764732361,-0.025598284619818945,-0.01759744859294089,-0.24801030629055598,
-0.18810386657714845,0.09344062805175782,0.24467082023620607,0.2639855444431305,0.04792258143424988,-0.09021098911762238,-0.013404168753453434,-0.01571766529811096,-0.2543368136344977,
-0.17598379850387574,0.03389334380626679,0.03975286781787873,0.24547657370567322,0.06463392078876495,-0.052793581038713455,0.013372623688482166,-0.011745585964014286,-0.2646631109021079,
-0.16523884534835817,-0.0018211757764220239,-0.05067201852798462,0.22210733592510223,0.06976050138473511,-0.020436173304915428,0.027454599270321338,0.0030596521172407344,-0.2681858137922742,
-0.1800156354904175,-0.028488734364509584,-0.11691120862960816,0.20186731219291687,0.05551259219646454,0.017979927361011505,0.03977644675986797,0.006821818248186705,-0.27027153652280206,
-0.19772658348083497,-0.05040844678878784,-0.1661007642745972,0.17263911664485931,0.050186268985271454,0.04714154079556465,0.05115228519551626,0.010440432088030135,-0.27091121426583586,
