1.4048082351684572,-0.036290442943573,-0.11615209579467774,-0.22779618203639984,-0.15169425308704376,-0.03743339329957962,
0.571241044998169,-0.2399986028671265,0.16077754497528077,-0.15862084925174713,-0.06341041624546051,-0.4297841191291809,
-0.10824986696243287,-0.3667614459991455,0.09627280235290528,-0.09483814984560013,0.024740222841501236,-0.2815791964530945,
-0.25305268764495853,-0.3611331939697266,0.11090875864028932,0.06761468201875687,-0.09922993183135986,-0.019524147734045982,
-0.3304522752761841,-0.3369852304458618,0.16620724201202394,0.20649853348731995,0.0467778779566288,0.37382474541664124,
0.4984619140625,-0.5204750061035156,0.11438883543014527,0.43393248319625854,-0.1596171110868454,0.40338584780693054,
0.9742124557495118,-0.1410559058189392,0.004980560764670372,0.19125117361545563,-0.05162579193711281,-0.4831819236278534,
0.2402885675430298,-0.43207893371582035,-0.1477551579475403,0.027533341199159622,0.025739040225744247,-0.6210671067237854,
-0.2000349283218384,-0.48514533042907715,-0.049050116539001466,0.02167438715696335,0.09977491945028305,-0.335975706577301,
-0.2576821088790894,-0.29469330310821534,-0.01113230884075165,0.05556311085820198,-0.06221185624599457,-0.04795480892062187,
-0.21307799816131592,-0.27786338329315186,-0.10088654756546021,-0.014944078400731087,0.0718117281794548,0.30418166518211365,
-0.15922352075576784,-0.4144669055938721,-0.007965544611215592,-0.05063057690858841,0.0309322290122509,0.5960639119148254,
0.846743392944336,-0.5181481838226318,-0.3091611385345459,-0.15336202085018158,-0.005486499518156052,0.6032544374465942,
1.2103621482849123,-0.10477811098098755,-0.07712879776954651,-0.28918322920799255,-0.007683607283979654,-0.20727866888046265,
