0.3778556823730469,-0.07699530124664307,0.011375358700752259,-0.19979453086853027,-0.03761764615774155,0.4392814040184021,
0.9421233177185059,0.21485655307769777,0.09309163093566895,-0.165706068277359,-0.040680281817913055,-0.12930352985858917,
0.24182820320129395,0.14914605617523194,0.20215578079223634,-0.10858125239610672,-0.1131848469376564,-0.3955530524253845,
-0.3696114301681519,0.04870462417602539,0.19907602071762087,-0.07462594658136368,-0.02856289967894554,-0.28603053092956543,
-0.5491305828094483,0.05378717780113221,0.1606334686279297,-0.03454303741455078,0.0321568101644516,-0.032293375581502914,
-0.5147114753723144,0.08326664566993713,0.157721745967865,0.006336485035717487,0.03834865987300873,0.20752428472042084,
-0.2832988977432251,0.10411988496780396,0.19342881441116333,0.0399588942527771,0.03808234632015228,0.3330923318862915,
0.29043643474578856,0.1255024552345276,0.23046669960021973,0.14482085406780243,0.09613925218582153,0.24414275586605072,
0.7631721496582031,0.13611924648284912,0.16273312568664552,0.2416267693042755,0.03834865987300873,-0.17137697339057922,
0.3080887079238892,0.009086047857999801,-0.0330259919166565,0.20447494089603424,0.029760079458355904,-0.4149244725704193,
-0.13364957571029665,-0.04415535926818848,-0.12271329164505006,0.13423407077789307,0.040346141904592514,-0.3277725279331207,
-0.3724465131759644,-0.09229697585105896,-0.16856559514999392,0.09435322880744934,-0.0015986430225893855,-0.16884836554527283,
-0.45677809715271,-0.017727859318256378,-0.24985899925231936,-0.03141455724835396,0.006590577773749828,0.02902449667453766,
-0.4132996559143067,-0.02728407680988312,-0.27167806625366214,-0.16963262856006622,0.005392155144363642,0.2687090039253235,
-0.26172704696655275,-0.12962967157363892,-0.22121238708496094,-0.29553353786468506,-0.017244713380932808,0.5057969093322754,
