0.2218414068222046,0.03741306364536286,-0.23013830184936523,-0.31040042638778687,-0.10783881694078445,-0.04397633671760559,
0.20049211978912354,0.00394696369767189,-0.12319303750991822,-0.28749725222587585,-0.1171598806977272,-0.06501530855894089,
0.016332890093326568,-0.04357815682888031,0.05161361694335938,-0.22983978688716888,-0.07588088512420654,-0.07333768159151077,
-0.025954580307006838,-0.05185206532478333,0.11045007705688477,-0.18869395554065704,-0.05557427555322647,-0.0584905631840229,
-0.1211520791053772,-0.027951157093048098,0.1348077893257141,-0.01745380461215973,-0.004241656977683306,0.0037586428225040436,
-0.12876802682876587,-0.02330760657787323,0.10772038698196412,0.012906230986118317,0.012536258436739445,0.023332877084612846,
-0.08314766883850098,-0.021027891337871554,0.05994309782981873,0.13960611820220947,0.07445475459098816,0.10009849816560745,
-0.038966554403305056,-0.014420324563980104,0.023474018275737765,0.1445995420217514,0.09622609615325928,0.10296139121055603,
0.09097062945365907,0.028723424673080446,-0.02723739743232727,0.20625172555446625,0.1360403597354889,0.11820799112319946,
0.1505079507827759,0.03355852067470551,-0.052514249086380006,0.22083252668380737,0.1602085381746292,0.10502534359693527,
0.343392825126648,0.04285876750946045,-0.14367247819900514,0.32955607771873474,0.1300482451915741,-0.011088481172919273,
0.4376537799835205,0.05039506554603577,-0.18927876949310304,0.3286239802837372,0.15035484731197357,-0.059424854815006256,
0.5132222175598145,-0.0013743377290666105,-0.33866112232208256,0.2486625611782074,0.06553316861391068,-0.28566038608551025,
0.451188611984253,-0.019326391816139224,-0.43844161033630374,0.19140459597110748,0.0759194940328598,-0.31988200545310974,
0.20571253299713135,-0.17505589723587037,-0.37285087108612064,0.0924701914191246,0.04229673743247986,-0.39244917035102844,
0.07834444642066957,-0.1815830945968628,-0.36917726993560795,0.04919382557272911,0.04109831526875496,-0.3913838863372803,
-0.09286294579505922,-0.21046156883239747,-0.28837292194366454,0.018367735669016838,0.029646726325154305,-0.2662819027900696,
-0.13180127143859863,-0.21453084945678713,-0.2394556999206543,0.01976589486002922,0.014133810997009277,-0.20283208787441254,
-0.15279051065444949,-0.18909200429916384,-0.24592397212982178,-0.022578367963433266,-0.020953336730599403,-0.086451955139637,
-0.21598172187805176,-0.195378839969635,-0.20751061439514162,-0.017451781779527664,0.0056116958148777485,-9.895488619804382e-05,
-0.2537676811218262,-0.17999027967453005,-0.21409857273101807,-0.02284468337893486,0.03437383472919464,0.2096249908208847,
-0.16354224681854249,-0.15909531116485598,-0.20335986614227297,-0.031300220638513565,0.027316460385918617,0.2727419137954712,
-0.024237106740474704,-0.19598466157913208,-0.23035099506378176,-0.05460288003087044,0.045226216316223145,0.35496699810028076,
0.06640788912773132,-0.1632847547531128,-0.1761502742767334,-0.022045735269784927,-0.0035762100014835596,0.36335596442222595,
0.19760407209396363,-0.06953319311141969,-0.37259218692779544,-0.0938124880194664,0.07090815156698227,0.34225258231163025,
0.2666005611419678,-0.03539223372936249,-0.33725473880767826,-0.11505120247602463,-0.020638015121221542,0.2956472635269165,
0.4371722221374512,-0.016987167298793793,-0.3337371587753296,-0.15020492672920227,-0.14527396857738495,0.1487739384174347,
0.36455368995666504,0.01522168666124344,-0.36578073501586916,-0.1876889169216156,-0.1256997287273407,0.09391282498836517,
0.33247032165527346,-0.0014519225805997849,-0.315325927734375,-0.2567979693412781,-0.19261164963245392,-0.017540473490953445,
0.2456265687942505,-0.004569882154464722,-0.2995671033859253,-0.28782379627227783,-0.11111891269683838,-0.02652864158153534,
0.21021146774291993,-0.03852159976959229,-0.14032504558563233,-0.2899543344974518,-0.1673116236925125,-0.1074887365102768,
