1.2654561042785646,-0.2606194496154785,-0.31995122432708745,-0.27422788739204407,-0.40958499908447266,0.016406238079071045,
0.8488047599792481,-0.33604247570037843,-0.037177789211273196,-0.2725633978843689,-0.19713132083415985,-0.47468066215515137,
-0.06380746960639953,-0.28755779266357423,-0.07895951271057129,-0.10005652159452438,-0.0983947217464447,-0.2841969132423401,
-0.3480149269104004,-0.163338303565979,-0.1008150339126587,0.050611820071935654,0.056601256132125854,0.21001920104026794,
0.06657949686050416,-0.3184097766876221,0.006911435723304749,0.2965547740459442,0.18769536912441254,0.5917167663574219,
1.6203222274780273,-0.37879247665405275,0.049794635176658636,0.5204600095748901,0.24841544032096863,0.0131450230255723,
1.0357147216796876,-0.4874173164367676,-0.4352179527282715,0.21259859204292297,-0.003919078037142754,-0.5889957547187805,
0.15468518733978273,-0.39086503982543946,-0.2247386693954468,-0.02495303936302662,0.0048024216666817665,-0.44005391001701355,
0.014071650803089142,-0.27056264877319336,-0.11425448656082154,-0.013568026013672352,-0.09040559083223343,-0.07520084828138351,
-0.002172730304300785,-0.29882426261901857,-0.08992735743522645,-0.03327541798353195,-0.038141053169965744,0.5314672589302063,
0.6543368339538574,-0.6941093444824219,-0.09437950849533082,-0.05331570655107498,0.042552728205919266,0.7730825543403625,
1.6245302200317384,-0.26482126712799076,0.14813628196716308,0.13190580904483795,0.010128946043550968,0.07539834827184677,
0.9396235466003419,-0.31256818771362305,0.01867719888687134,0.05247703194618225,-0.005317389033734798,-0.43932414054870605,
0.20766055583953857,-0.4608640670776367,-0.0717602550983429,-0.021758582442998886,0.029769757762551308,-0.3469124436378479,
0.006654422730207443,-0.3893758296966553,-0.07850520610809326,-0.08960261195898056,0.012658949010074139,0.02459854446351528,
0.09844039678573609,-0.4675102233886719,-0.12268885374069215,-0.1469937413930893,-0.09087143838405609,0.4931817352771759,
1.2376588821411134,-0.5847060203552247,-0.09069903492927552,-0.1698969304561615,-0.2863474488258362,0.1868516355752945,
1.279802417755127,-0.39371325969696047,-0.06848245263099671,-0.3780888020992279,-0.16197794675827026,-0.4907883107662201,
