0.2824795484542847,-0.1481889009475708,-0.07612915039062501,-0.2632119357585907,-0.2609621584415436,0.19373461604118347,
0.9273776054382324,0.04848599433898926,0.34293270111083984,-0.10981370508670807,-0.05436745658516884,-0.25580674409866333,
0.06541681289672852,-0.15471391677856447,0.13476183414459228,-0.0021554178092628717,-0.1588299423456192,-0.35154739022254944,
-0.33746883869171146,-0.25591111183166504,0.14757657051086426,0.10237365961074829,-0.19864420592784882,-0.1520100235939026,
-0.413695240020752,-0.28271303176879886,0.11075525283813477,0.14611607789993286,0.021532636135816574,0.14926007390022278,
-0.19591790437698364,-0.2248612642288208,0.1508067011833191,0.19598376750946045,0.1805899441242218,0.40119510889053345,
2.029363250732422,-0.05029080510139466,0.19691954851150514,0.34245729446411133,-0.05263637378811836,-0.41413232684135437,
0.23067176342010498,-0.2532913446426392,-0.43024415969848634,0.07254591584205627,0.01580686680972576,-0.7106752991676331,
-0.5027841091156006,-0.4720793247222901,-0.0657534658908844,0.0007737201522104442,0.03325057029724121,-0.30800536274909973,
-0.43769726753234867,-0.3852543592453003,0.010248419642448426,0.01428926270455122,-0.1136227622628212,-0.0059362854808568954,
-0.3864637851715088,-0.2962626934051514,0.059890806674957275,0.044915616512298584,0.023063981905579567,0.30079329013824463,
-0.36150774955749515,-0.4151479244232178,0.004578128829598427,0.036658525466918945,-0.05676417052745819,0.5942046046257019,
0.42464809417724614,-0.5022134304046632,0.18440117835998537,0.17467686533927917,-0.08885525912046432,0.5406085252761841,
1.3881492614746094,0.1720350503921509,0.23436563014984133,0.17747317254543304,0.010946700349450111,-0.2427603304386139,
0.2527284383773804,-0.030747413635253906,-0.2044003248214722,0.04251747950911522,0.011679069139063358,-0.4078097641468048,
-0.33160901069641113,-0.214860200881958,-0.12562063932418824,-0.030120713636279106,0.0720662847161293,-0.17052298784255981,
-0.39154577255249023,-0.24634008407592775,-0.1549003601074219,-0.11534187197685242,-0.060359399765729904,0.07095915079116821,
-0.36186630725860597,-0.1930577874183655,-0.1436632513999939,-0.21501067280769348,-0.04058542847633362,0.33048418164253235,
