0.23099176883697511,0.0004567090887576342,-0.15805578231811523,-0.23455362021923065,-0.15814559161663055,-0.06351101398468018,
0.07207682132720948,-0.07579835653305055,0.021614250540733338,-0.21691018342971802,-0.10528184473514557,-0.10319212079048157,
-0.01054690107703209,-0.08416218161582947,0.10240863561630249,-0.189679354429245,-0.10341762751340866,-0.09260605275630951,
-0.20157945156097412,-0.10631778240203858,0.28092474937438966,-0.02050204761326313,-0.01832963339984417,0.021044353023171425,
-0.2065781593322754,-0.12292498350143433,0.32148277759552,0.028766432777047157,0.018089095130562782,0.04501280188560486,
-0.11738078594207764,-0.08641688227653505,0.14706096649169922,0.1780366152524948,0.10790420323610306,0.12737105786800385,
-0.038301512598991394,-0.06885533928871156,0.14457324743270875,0.1930834800004959,0.135933980345726,0.13176527619361877,
0.30119574069976807,-0.0022842345759272577,0.02161521762609482,0.2982117533683777,0.1736842840909958,0.036557264626026154,
0.42250919342041016,0.03495772182941437,-0.07507676482200623,0.28496253490448,0.21622829139232635,0.01258881576359272,
0.5408481597900391,0.02599806785583496,-0.278583288192749,0.2514069080352783,0.1274118274450302,-0.22749477624893188,
0.5384603977203369,0.02202001512050629,-0.42381339073181157,0.2265063375234604,0.1357342153787613,-0.261117160320282,
0.3723122358322144,-0.12787902355194092,-0.46935591697692874,0.1471441388130188,0.05830279365181923,-0.4254342019557953,
0.3414744853973389,-0.14003639221191408,-0.4840565204620362,0.13562597334384918,0.04025987535715103,-0.44267818331718445,
0.014795738458633424,-0.24364156723022462,-0.3598991394042969,0.05852745845913887,-0.010606501251459122,-0.394075483083725,
-0.030201667547225954,-0.2660575866699219,-0.31755542755126953,0.05173639953136444,-0.026319151744246483,-0.3762989044189453,
-0.2750446319580078,-0.27074265480041504,-0.2504392385482788,0.0053973933681845665,-0.024521518498659134,-0.11890438199043274,
-0.3143112421035767,-0.27241225242614747,-0.2106176853179932,0.011256348341703415,-0.02545362524688244,-0.07429642975330353,
-0.3912619352340698,-0.26923561096191406,-0.2380138158798218,-0.04653424769639969,0.003308515762910247,0.26072925329208374,
-0.3691720247268677,-0.288692307472229,-0.19385164976119995,-0.053192149847745895,-0.0026170178316533566,0.3134598433971405,
-0.1251341938972473,-0.38187451362609864,-0.180577027797699,-0.07696052640676498,0.013228732161223888,0.5102680921554565,
-0.04284802377223969,-0.3591496467590332,-0.16216217279434206,-0.05811866745352745,0.0035747732035815716,0.5218528509140015,
0.4423843860626221,-0.14454476833343508,-0.1826359272003174,0.006130095571279526,0.0185550544410944,0.37537896633148193,
0.6010458469390869,-0.07154598832130432,-0.13221980333328248,0.04334777221083641,0.006104776170104742,0.31599047780036926,
0.8075924873352052,0.17745736837387086,-0.23084702491760256,0.03955276682972908,0.019620317965745926,-0.07416263222694397,
0.7358513832092286,0.18949655294418336,-0.19063104391098024,0.032295651733875275,0.035266388207674026,-0.11470925807952881,
0.23308212757110597,-0.0016698753461241722,-0.24735033512115479,-0.021566778421401978,0.003707931376993656,-0.24393916130065918,
0.13190433979034424,-0.05018309354782105,-0.24861834049224854,-0.028291260823607445,0.01396110188215971,-0.23282046616077423,
-0.15638138055801393,-0.16416364908218384,-0.16464813947677615,-0.0159741397947073,-0.0018181282794103026,-0.09640002250671387,
-0.19391837120056155,-0.168574857711792,-0.18649346828460694,-0.019369671121239662,0.009367148391902447,-0.059448663145303726,
-0.18759592771530154,-0.16849043369293215,-0.27183146476745607,-0.06011670082807541,-0.05275096744298935,0.09328234195709229,
-0.1241571068763733,-0.17040851116180422,-0.29227533340454104,-0.07196777313947678,-0.0596751868724823,0.10566604137420654,
-0.0034258048981428146,-0.10947402715682984,-0.4026970863342285,-0.14420601725578308,-0.09090074896812439,0.15666557848453522,
0.049526894092559816,-0.09839656352996827,-0.37763423919677735,-0.14933259785175323,-0.14829188585281372,0.13882239162921906,
0.18116635084152222,0.018072305619716646,-0.4237559318542481,-0.22110480070114136,-0.1530189961194992,0.08356180042028427,
0.2029974937438965,0.01855151504278183,-0.3881953954696655,-0.23035928606987,-0.20681484043598175,0.05233623832464218,
0.2819542407989502,0.015843786299228668,-0.2607625484466553,-0.2665116786956787,-0.13863791525363922,-0.03221912682056427,
