-0.4518269538879395,-0.2288529634475708,-0.22142887115478516,-0.3053551912307739,-0.2559884190559387,0.33711951971054077,
0.37325937747955323,-0.146453332901001,-0.18228808641433716,-0.24936223030090332,-0.17655962705612183,0.32500213384628296,
0.8732473373413087,0.17242391109466554,0.25565831661224364,-0.10575126111507416,0.012657972052693367,-0.17707034945487976,
0.16797268390655518,0.013738244771957397,0.07196102142333985,-0.08890676498413086,0.005933490116149187,-0.3872603178024292,
-0.4340030670166016,-0.13715578317642213,0.1698961853981018,0.017353160306811333,-0.046397607773542404,-0.2118915468454361,
-0.5035416126251221,-0.17487256526947023,0.1659995436668396,0.08799351006746292,-0.014772571623325348,0.08312012255191803,
-0.39422130584716797,-0.09762533903121949,0.08109086155891419,0.1341327726840973,0.22464561462402344,0.4320608079433441,
1.492544460296631,0.0661380112171173,0.38750338554382324,0.20417392253875732,-0.07782290875911713,-0.12460645288228989,
0.4194323062896729,-0.13557003736495973,-0.24805111885070802,0.23300263285636902,0.14701446890830994,-0.6426578760147095,
-0.557179307937622,-0.35970330238342285,-0.2164698600769043,0.04458384960889816,0.01545431837439537,-0.3902570307254791,
-0.5344015598297119,-0.2955791473388672,-0.08551198840141297,0.022812504321336746,-0.021097566932439804,-0.04870661348104477,
-0.5306875705718994,-0.2501054048538208,-0.08193989992141724,-0.024858079850673676,0.018783271312713623,0.2789953649044037,
-0.49216799736022954,-0.31441421508789064,-0.034719195961952214,-0.059812068939208984,-0.05465339869260788,0.5841936469078064,
0.8101324081420899,-0.2939081907272339,0.13062560558319092,0.16782163083553314,0.10433731973171234,0.4976409077644348,
1.0476413726806642,0.34960830211639404,-0.008318447321653367,0.15796616673469543,-0.03834139555692673,-0.2562367916107178,
0.17551337480545046,0.02640340030193329,-0.2686835527420044,0.07793816924095154,-0.03041849099099636,-0.39685168862342834,
-0.3909892320632935,-0.09992094039916993,-0.24960777759552003,-0.06300962716341019,-0.0038534593768417835,-0.16988378763198853,
-0.5096189498901368,-0.1843327283859253,-0.21393182277679446,-0.15908317267894745,-0.16950207948684692,0.10302364826202393,
-0.414919376373291,-0.1613936185836792,-0.15294021368026733,-0.18664689362049103,-0.19327080249786377,0.3670094907283783,
0.49623022079467777,-0.015481719374656679,-0.06689913272857666,-0.18012158572673798,-0.21537508070468903,0.2767959237098694,
0.934063720703125,0.2599106550216675,0.14802491664886475,-0.22273217141628265,-0.006916137877851725,-0.34684982895851135,
