0.30790667533874516,-0.02037682831287384,-0.30522980690002444,-0.269355833530426,-0.08093070983886719,0.028249263763427734,
0.2211298942565918,-0.023502998054027557,-0.06736429333686829,-0.243323415517807,-0.062288589775562286,-0.07721191644668579,
0.13421921730041506,-0.003423988074064255,-0.036522242426872256,-0.21822312474250793,-0.0629543736577034,-0.06835690140724182,
-0.003097393736243248,-0.04317852258682251,0.11274596452713014,-0.07800749689340591,-0.07726890593767166,-0.06089966744184494,
0.03268848061561585,-0.045920106768608096,0.11470936536788941,-0.057900626212358475,-0.03372621908783913,-0.05091281235218048,
-0.16313635110855104,-0.03236624598503113,0.18676550388336183,0.09243481606245041,0.03784623742103577,0.0434296689927578,
-0.1678423047065735,-0.04045414030551911,0.16074512004852295,0.12639012932777405,0.049031514674425125,0.06007442623376846,
-0.020723490417003634,-0.04134818613529206,0.11132795810699464,0.268802672624588,0.11367975175380707,0.11367054283618927,
0.05238695144653321,-0.04329527616500855,0.0746991753578186,0.27745795249938965,0.15382689237594604,0.11014185845851898,
0.40453748703002934,-0.02084355652332306,-0.20784103870391846,0.2957671582698822,0.1384471356868744,-0.059368349611759186,
0.40453748703002934,-0.02084355652332306,-0.20784103870391846,0.29776453971862793,0.1517629474401474,-0.08480153977870941,
0.5010555267333985,-0.06372891664505005,-0.4789913177490235,0.20482021570205688,-0.0008361789514310658,-0.37754952907562256,
0.5010555267333985,-0.06372891664505005,-0.4789913177490235,0.18830862641334534,0.002958825556561351,-0.3971903324127197,
0.09066466093063355,-0.23225700855255127,-0.3161180973052979,0.06753359735012054,-0.06421929597854614,-0.4659011662006378,
-0.006683338433504105,-0.26746225357055664,-0.2879966735839844,0.05295279249548912,-0.04151584953069687,-0.4428648352622986,
-0.2770650386810303,-0.28978083133697513,-0.22374620437622073,0.03351171687245369,0.02912450209259987,-0.2413301169872284,
-0.32535948753356936,-0.2916852951049805,-0.22716257572174073,0.024323809891939163,0.009683425538241863,-0.20178216695785522,
-0.4659915924072266,-0.2738912105560303,-0.23581600189208984,-0.03340020775794983,0.03971056640148163,0.11346951872110367,
-0.5097829818725587,-0.27509145736694335,-0.2234829902648926,-0.042454954236745834,0.035116612911224365,0.19323119521141052,
-0.3521199464797974,-0.36551401615142826,-0.15759085416793825,-0.07920657843351364,-0.004564486909657717,0.49743080139160156,
-0.3521199464797974,-0.36551401615142826,-0.15759085416793825,-0.07301472872495651,-0.008159753866493702,0.5101473927497864,
0.28593096733093265,-0.2474834203720093,-0.08272663950920106,-0.052639950066804886,-0.008958985097706318,0.4865814745426178,
0.28593096733093265,-0.2474834203720093,-0.08272663950920106,-0.050575997680425644,0.013811042532324791,0.45082852244377136,
0.9428562164306641,0.05848895311355591,-0.004099364578723908,0.06786809116601944,0.020934998989105225,0.004948791116476059,
0.9428562164306641,0.05848895311355591,-0.004099364578723908,0.058813344687223434,0.06614216417074203,-0.03866047412157059,
0.26555421352386477,0.0451924741268158,-0.2991753339767456,-0.015488852746784687,-0.032927434891462326,-0.24718599021434784,
0.26555421352386477,0.0451924741268158,-0.2991753339767456,-0.023811232298612595,-0.02440531924366951,-0.24671992659568787,
-0.28110005855560305,-0.11870077848434449,-0.23914928436279298,-0.05363863334059715,-0.042115338146686554,-0.06482602655887604,
-0.28110005855560305,-0.11870077848434449,-0.23914928436279298,-0.05430442467331886,-0.04770797863602638,-0.05204285681247711,
-0.17602592706680298,-0.12492667436599732,-0.24178256988525393,-0.06082917004823685,-0.053500354290008545,0.11726760864257812,
-0.17602592706680298,-0.12492667436599732,-0.24178256988525393,-0.06082917004823685,-0.053500354290008545,0.11726760864257812,
0.03786132633686066,-0.03817660808563233,-0.3143577814102173,-0.14052534103393555,-0.09950627386569977,0.12079424411058426,
0.03786132633686066,-0.03817660808563233,-0.3143577814102173,-0.14052534103393555,-0.09950627386569977,0.12079424411058426,
0.20482583045959474,-0.034080177545547485,-0.24992239475250244,-0.20850253105163574,-0.09877390414476395,0.03717098385095596,
