1.1431984901428223,-0.19075638055801392,-0.16233301162719727,-0.31031447649002075,-0.296467125415802,-0.4120979309082031,
0.11463005542755128,-0.3822612285614014,0.05222958326339722,-0.2547209858894348,-0.1098461002111435,-0.44239139556884766,
-0.25404131412506104,-0.20546736717224123,-0.044621247053146365,0.0018745687557384372,0.013191944919526577,0.06920187175273895,
-0.06771144270896912,-0.2852470874786377,-0.045779785513877874,0.2974192798137665,-0.04439897462725639,0.49457603693008423,
1.2098167419433594,-0.4447052001953125,-0.12338224649429322,0.49222952127456665,0.34275808930397034,0.22939178347587585,
1.3763821601867676,-0.4443540096282959,-0.42918920516967773,0.21858970820903778,0.182369202375412,-0.51602703332901,
0.28613412380218506,-0.5300692081451416,-0.1854808807373047,0.1206519603729248,0.011860303580760956,-0.545388400554657,
0.06120042204856873,-0.269079327583313,-0.17814897298812868,0.014591564424335957,-0.06237531453371048,-0.23419798910617828,
-0.038719367980957035,-0.20730886459350586,-0.1314842462539673,-0.08021677285432816,-0.1654396802186966,0.1277925670146942,
0.011132794618606568,-0.3963796138763428,0.0149022176861763,0.0669228807091713,-0.2395421415567398,0.7195469737052917,
0.9925898551940918,-0.5530393123626709,0.18011602163314822,0.1420906037092209,-0.08827459067106247,0.6146849989891052,
1.4085381507873536,-0.2148591756820679,-0.11817342042922974,0.09908055514097214,0.033565036952495575,-0.11209166795015335,
0.4751002311706543,-0.4113936424255371,-0.06374460458755493,0.042488373816013336,0.010861587710678577,-0.42974022030830383,
0.09471130967140198,-0.3989538431167603,-0.18324186801910403,-0.07495682686567307,0.051008712500333786,-0.2505090832710266,
-0.006844067573547364,-0.3889110803604126,-0.19570916891098022,-0.2159712016582489,0.04048922657966614,0.11700715124607086,
0.1823593854904175,-0.47929339408874516,-0.20067460536956788,-0.2297530621290207,-0.35905152559280396,0.5483061075210571,
1.2654561042785646,-0.2606194496154785,-0.31995122432708745,-0.27422788739204407,-0.40958499908447266,0.016406238079071045,
