0.3650176525115967,-0.4293850421905518,-0.3169930696487427,-0.29766300320625305,-0.33827897906303406,0.3757345378398895,
1.2450685501098633,-0.17450321912765504,-0.24912235736846924,-0.28374800086021423,-0.18055324256420135,-0.16828270256519318,
0.4818100452423096,-0.32620546817779544,0.04760072231292725,-0.2125750035047531,-0.23281778395175934,-0.5867318511009216,
-0.20760679244995117,-0.3097053289413452,0.06055066585540772,-0.049855735152959824,-0.17808984220027924,-0.3116270899772644,
-0.45994505882263187,-0.28637883663177494,-0.06524163484573364,0.027309361845254898,0.013924071565270424,0.18951325118541718,
-0.16725159883499147,-0.3865527153015137,0.11236906051635742,0.2085374891757965,0.08483073860406876,0.513819694519043,
0.8837207794189453,-0.40601854324340825,0.13324880599975586,0.6506888270378113,0.23143775761127472,0.3881185054779053,
1.400386905670166,-0.2774552345275879,-0.5826138496398926,0.2403622567653656,0.06891834735870361,-0.49778205156326294,
0.2308502197265625,-0.5548145294189454,-0.3551671028137207,0.037829913198947906,0.05839870125055313,-0.6320699453353882,
-0.23188815116882325,-0.4029404640197754,-0.2358412742614746,-0.0005196050042286515,0.025508660823106766,-0.15496456623077393,
-0.20218842029571535,-0.365933108329773,-0.1723733186721802,-0.07801759243011475,-0.029419036582112312,0.29730677604675293,
0.12153875827789307,-0.5128018856048584,-0.19254810810089112,-0.10211919993162155,-0.10465334355831146,0.64085453748703,
1.07927885055542,-0.2327526330947876,0.022470721602439882,0.07957497239112854,-0.0029871633742004633,0.1905805766582489,
0.700808048248291,-0.1577104926109314,-0.13066185712814332,0.061198823153972626,0.0006747337174601853,-0.30123934149742126,
0.13965545892715456,-0.3143705129623413,-0.14801497459411622,0.023448511958122253,0.053605061024427414,-0.3363265097141266,
-0.15951060056686403,-0.33084840774536134,-0.22204813957214356,-0.09186636656522751,0.026307659223675728,-0.04637482762336731,
-0.14027342796325684,-0.40501132011413576,-0.2917735815048218,-0.21983125805854797,-0.03933926299214363,0.32819879055023193,
0.7315089225769044,-0.4233092308044434,-0.2747867345809937,-0.22142915427684784,-0.19546708464622498,0.22240470349788666,
1.129897975921631,-0.15220487117767334,-0.17218340635299684,-0.2997928261756897,-0.09886088967323303,-0.3284704089164734,
