1.158910655975342,-0.18097559213638306,0.018929058313369752,-0.27496084570884705,-0.1497269719839096,-0.4039083421230316,
0.20302951335906982,-0.32857980728149416,0.07083829641342164,-0.17163018882274628,-0.19753070175647736,-0.47741156816482544,
-0.39107370376586914,-0.2962997913360596,0.02094036936759949,-0.03081553429365158,-0.023692868649959564,-0.08685899525880814,
-0.4411437511444092,-0.29856085777282715,0.022386297583580017,0.07564433664083481,0.02351166307926178,0.3621499836444855,
0.23064954280853273,-0.3300761938095093,0.27187950611114503,0.5381010174751282,0.22178420424461365,0.5207387804985046,
1.5082102775573731,-0.22171502113342287,-0.3086150169372559,0.3024778366088867,0.1884946972131729,-0.18633051216602325,
0.7016647338867188,-0.4120077610015869,-0.2418022394180298,0.21359480917453766,0.07730770856142044,-0.6021165251731873,
-0.043391913175582886,-0.42568807601928715,-0.22855679988861086,0.09967809915542603,0.10160905122756958,-0.3863339126110077,
-0.17368444204330447,-0.36597995758056645,-0.2663723468780518,-0.02289389818906784,-0.06304088234901428,-0.0469805970788002,
-0.23949387073516848,-0.4287175178527832,-0.12491552829742432,-0.10225523263216019,-0.10844790935516357,0.5133501887321472,
0.37559099197387696,-0.667561960220337,-0.02887788414955139,0.057933907955884933,0.05493702366948128,0.7494394183158875,
1.185051155090332,-0.2091050148010254,0.02193962186574936,0.16386115550994873,0.046548064798116684,0.13924261927604675,
0.7572440624237061,-0.18642172813415528,-0.15490888357162477,0.027240978553891182,-0.026089651510119438,-0.45064759254455566,
-0.0755151391029358,-0.42051162719726565,-0.13502295017242433,-0.081282839179039,0.0538717582821846,-0.3628298342227936,
-0.2625713586807251,-0.46146297454833984,-0.30179288387298586,-0.27003586292266846,0.02024957351386547,0.036108873784542084,
-0.13380355834960939,-0.548526954650879,-0.2500743627548218,-0.26038190722465515,-0.2788900136947632,0.5181410312652588,
0.9602217674255371,-0.16469298601150514,-0.24241273403167726,-0.28514930605888367,-0.25272446870803833,-0.03526384383440018,
