0.3711944103240967,-0.19003309011459352,-0.08721809387207032,-0.3639626204967499,-0.27929192781448364,0.17655529081821442,
0.8443245887756348,0.028536438941955566,0.03472660779953003,-0.2738146185874939,-0.29440537095069885,-0.19981595873832703,
0.11857571601867677,-0.062116342782974246,0.24239161014556887,-0.2288072109222412,-0.3103177547454834,-0.3313761055469513,
-0.3731096744537354,-0.14284645318984987,0.2993675231933594,-0.06089489534497261,-0.10898277908563614,-0.08862897753715515,
-0.4097755908966065,-0.12724790573120118,0.3201175689697266,0.1455666720867157,0.24415239691734314,0.255318284034729,
0.04068371951580048,-0.10673385858535767,0.31434473991394046,0.3141447603702545,0.2054034024477005,0.30631783604621887,
0.6272936820983888,-0.05606581568717957,0.12003827095031738,0.33311977982521057,0.17850546538829803,-0.0138607332482934,
0.7075247764587402,-0.133780837059021,-0.25229783058166505,0.12492717057466507,0.059795062988996506,-0.519794762134552,
-0.06547184586524964,-0.3530287265777588,-0.20680484771728516,0.02492520399391651,-0.04386844485998154,-0.5349087119102478,
-0.3448819160461426,-0.365225887298584,-0.1799737334251404,0.0185336172580719,-0.10212509334087372,-0.2358357310295105,
-0.4708423137664795,-0.3293858289718628,-0.17104092836380005,-0.053771208971738815,-0.028888162225484848,0.27289462089538574,
-0.3367788314819336,-0.4080779552459717,-0.13535797595977783,-0.0891912505030632,-0.016171569004654884,0.5430723428726196,
0.6470861911773682,-0.14715914726257326,-0.263978385925293,-0.1258762925863266,0.1446833610534668,0.518837571144104,
0.7595291614532471,0.23313276767730715,0.0766907572746277,-0.02327888272702694,-0.10611970722675323,-0.20041735470294952,
-0.026765772700309755,-0.07225324511528015,0.14500750303268434,0.0229935422539711,-0.1991305947303772,-0.3350401520729065,
-0.4211725234985352,-0.2062213182449341,0.11381258964538575,0.09469915926456451,0.011325701139867306,-0.014262393116950989,
-0.45646095275878906,-0.3124076843261719,0.28582701683044437,0.409351646900177,0.022178083658218384,0.49619898200035095,
0.6703399658203125,-0.1500180959701538,-0.057663476467132574,0.4321882426738739,0.4337696433067322,0.25804582238197327,
0.801576042175293,-0.1811096787452698,-0.33497467041015627,0.22759176790714264,0.14901100099086761,-0.47991445660591125,
-0.04980484247207642,-0.3735926866531372,-0.3237587928771973,0.007015444803982973,-0.012576301582157612,-0.4893020987510681,
-0.3243610382080078,-0.3428607702255249,-0.24377138614654542,-0.12068313360214233,-0.08954165130853653,-0.18084144592285156,
-0.5180817127227784,-0.3134340286254883,-0.20604896545410156,-0.2360645830631256,-0.24074262380599976,0.2233598381280899,
0.49259748458862307,-0.2048281192779541,0.04534144997596741,-0.21968615055084229,-0.44354236125946045,0.35232341289520264,
0.8632678031921387,0.1435475826263428,0.031364920735359195,-0.2874632775783539,-0.4801608622074127,-0.1536765694618225,
