0.8883748054504395,0.07117174863815308,0.044268810749053956,-0.35383376479148865,-0.10929412394762039,0.037059493362903595,
0.5234476089477539,0.026905304193496706,0.380962610244751,-0.12699902057647705,-0.062089595943689346,-0.2986985445022583,
-0.10274187326431275,-0.14147599935531616,0.2506444454193115,-0.02679757960140705,-0.026736129075288773,-0.2504953145980835,
-0.34053342342376713,-0.20819869041442873,0.251019287109375,0.10369731485843658,-0.03845404088497162,-0.08451381325721741,
-0.46717696189880376,-0.22898364067077637,0.18045551776885987,0.17673450708389282,-0.009625320322811604,0.17028413712978363,
-0.11637871265411377,-0.1172614336013794,0.10239146947860718,0.14983658492565155,0.15928567945957184,0.32621222734451294,
1.1712761878967286,0.299941086769104,-0.17209293842315676,0.09637361764907837,0.02466288022696972,-0.3040248453617096,
0.3838475465774536,-0.027965113520622253,-0.11660875082015992,0.05482830852270126,-0.014951642602682114,-0.508222758769989,
-0.4454358577728272,-0.26494972705841063,-0.06529673337936402,0.05702541768550873,0.054490283131599426,-0.2552890181541443,
-0.4828250885009766,-0.27581114768981935,-0.03417453467845917,0.022337401285767555,0.024529777467250824,-0.023461485281586647,
-0.5045886039733887,-0.2721795320510864,-0.02324049472808838,0.006291854660958052,0.010348444804549217,0.21196195483207703,
-0.49440879821777345,-0.4557849407196045,-0.10385879278182984,-0.13638700544834137,0.12579648196697235,0.5620344877243042,
0.40473523139953616,-0.1637717366218567,0.017379559576511383,-0.11727882921695709,0.14124281704425812,0.5594379305839539,
1.1192724227905273,0.4286662101745606,0.03598346710205078,-0.031391873955726624,0.06441061198711395,-0.12492792308330536,
0.07376145720481873,0.0201556533575058,0.056665122509002686,-0.0012969895033165812,-0.09471344947814941,-0.31021517515182495,
-0.34112465381622314,-0.18513057231903077,0.24954655170440676,0.08998285979032516,-0.11828242242336273,-0.17439395189285278,
-0.4282556056976319,-0.2589062452316284,0.21499495506286623,0.1816621720790863,0.012345626950263977,0.14638380706310272,
-0.13598846197128298,-0.20855598449707033,0.18949362039566042,0.30822890996932983,0.17293424904346466,0.3055076599121094,
0.8061013221740723,0.1951496720314026,-0.337726640701294,0.15363240242004395,0.3547615706920624,-0.01287323422729969,
0.4942633152008057,0.09339976906776429,-0.5359803676605225,0.07253963500261307,0.16600994765758514,-0.37539511919021606,
-0.3555661678314209,-0.11892572641372681,-0.32247648239135746,-0.11820928752422333,-0.01888001523911953,-0.23145128786563873,
-0.46526727676391605,-0.2493074178695679,-0.14606974124908448,-0.17260433733463287,-0.013220797292888165,0.038260359317064285,
-0.4179590702056885,-0.22977027893066407,-0.1248979926109314,-0.24004890024662018,-0.08359483629465103,0.20530714094638824,
-0.1748999834060669,-0.18466340303421022,-0.16722686290740968,-0.3140847682952881,-0.19151942431926727,0.3512483835220337,
0.9149051666259767,0.12802947759628297,-0.07317993640899659,-0.41435328125953674,-0.08825528621673584,-0.043765902519226074,
