-0.32538363933563236,-0.4330204486846924,-0.08430584073066712,-0.34824857115745544,-0.2717021405696869,0.24653252959251404,
0.4635318279266358,-0.23463251590728762,0.05390169620513916,-0.2867961525917053,-0.3594532907009125,0.26903626322746277,
0.7469441413879395,0.019415062665939332,0.21593770980834961,-0.3190203905105591,-0.4515320956707001,-0.23103882372379303,
0.08632932901382447,-0.06295833587646485,0.29796624183654785,-0.23479792475700378,-0.33568456768989563,-0.27930861711502075,
-0.2970054388046265,-0.23276522159576418,0.430696964263916,-0.049508482217788696,-0.08201847970485687,-0.03875859081745148,
-0.35424785614013676,-0.20270464420318604,0.4388798713684082,0.19650103151798248,0.09794463962316513,0.2631773054599762,
0.13799186944961547,-0.11365694999694825,0.2603611946105957,0.34617069363594055,0.37611180543899536,0.30192628502845764,
1.022926712036133,-0.05536487698554993,-0.072901052236557,0.3223353922367096,0.17504315078258514,-0.2080024927854538,
0.48973908424377444,-0.23989608287811282,-0.2925224781036377,0.0515584833920002,0.11552149802446365,-0.6202598214149475,
-0.22937755584716799,-0.44113588333129883,-0.030509409308433533,0.02406134642660618,-0.1273587942123413,-0.4789125621318817,
-0.4505179405212403,-0.3738507032394409,-0.138787841796875,-0.026205820962786674,-0.009047864936292171,0.009111731313169003,
-0.4731789112091065,-0.39958474636077884,-0.03247148096561432,-0.0152202807366848,-0.04553317278623581,0.41211459040641785,
-0.2159062385559082,-0.4054735660552979,-0.015423645079135895,-0.09944295138120651,0.07863675057888031,0.7369532585144043,
1.1292156219482423,0.10026179552078247,-0.02088223844766617,-0.06488844007253647,0.07790438085794449,0.1081809401512146,
0.4352460384368897,0.03761813342571259,0.1551099181175232,-0.0638897567987442,-0.17209987342357635,-0.3929594159126282,
-0.3130279064178467,-0.24833316802978517,0.24770193099975588,0.11873652040958405,-0.007583096157759428,-0.25187844038009644,
-0.578350830078125,-0.3708821296691895,0.16423535346984863,0.3068888485431671,-0.09180556237697601,0.26863640546798706,
-0.004995382949709893,-0.3476071119308472,0.1258224129676819,0.4555593729019165,0.2762433588504791,0.4934062957763672,
1.0561498641967775,-0.1531599521636963,-0.20814251899719238,0.3508971333503723,0.30167654156684875,-0.03982514142990112,
0.4708014965057373,-0.2530277013778687,-0.44939389228820803,-0.01741805672645569,0.12371081858873367,-0.5848410725593567,
-0.2370645046234131,-0.4586981296539307,-0.27661919593811035,-0.19604960083961487,-0.08334995806217194,-0.39675530791282654,
-0.3913627624511719,-0.39675579071044925,-0.16618810892105104,-0.22913937270641327,-0.12562763690948486,0.06703419983386993,
-0.089488023519516,-0.32674612998962405,-0.2019080400466919,-0.33726370334625244,-0.3069223463535309,0.28547999262809753,
