0.5255867958068848,-0.029347664117813112,-0.16016936302185059,-0.3298961818218231,-0.14500866830348969,-0.06326921284198761,
0.17490504980087282,-0.07061203718185426,0.09265917539596558,-0.2575913667678833,-0.12803101539611816,-0.15448248386383057,
-0.12134664058685303,-0.06431043148040771,0.21964066028594972,-0.10639040917158127,-0.08328989148139954,-0.10454820841550827,
-0.23649115562438966,-0.031004056334495544,0.15967596769332887,0.020775536075234413,0.022504180669784546,0.014961149543523788,
-0.16416226625442507,-0.026516979932785036,0.09512007832527161,0.15553148090839386,0.10452954471111298,0.16316606104373932,
0.23175585269927979,-0.06694783568382263,0.10987043380737305,0.27750495076179504,0.11744577437639236,0.15138286352157593,
0.4801951408386231,-0.014127734303474427,-0.17116128206253053,0.3038036525249481,0.03828330710530281,-0.057209230959415436,
0.4051561832427979,-0.08631740212440492,-0.4411596775054932,0.15460005402565002,0.008589060977101326,-0.3036182224750519,
-0.014819310605525972,-0.21596302986145022,-0.24101216793060304,0.0629873052239418,-0.07649894058704376,-0.32685431838035583,
-0.2998315095901489,-0.20881118774414065,-0.19089972972869873,0.004797234665602446,-0.039680734276771545,-0.10621140152215958,
-0.39811708927154543,-0.19623121023178103,-0.16340436935424807,-0.040342479944229126,0.0336892195045948,0.184940367937088,
-0.1390021562576294,-0.1959529757499695,-0.07971609830856324,-0.06997014582157135,0.04540713131427765,0.3641710877418518,
0.31848390102386476,-0.05886868238449097,-0.005767306312918663,0.003533098613843322,-0.06071984022855759,0.28374361991882324,
0.6852567195892334,0.08153218030929565,-0.14367306232452393,0.03615682199597359,-0.009187672287225723,-0.06359914690256119,
0.1131301760673523,-0.018897907435894014,-0.18427200317382814,-0.007585599087178707,-0.040346659719944,-0.20581194758415222,
-0.3006826162338257,-0.0977353036403656,-0.1250755548477173,-0.012378024868667126,-0.02470077946782112,-0.033569563180208206,
-0.23531141281127932,-0.13602497577667236,-0.05777899026870728,-0.011911971494555473,0.030759552493691444,0.1500554084777832,
0.018152305483818056,-0.12372877597808839,0.1813217878341675,0.10726448893547058,0.05719142407178879,0.21590206027030945,
0.4428579807281494,-0.09445356130599976,-0.01863023340702057,0.3131268322467804,0.09361015260219574,0.0326765701174736,
0.3411174058914185,-0.054254901409149174,-0.4177409648895264,0.16185928881168365,0.039614561945199966,-0.17691420018672943,
-0.0575376570224762,-0.1677460551261902,-0.3706561326980591,-0.05125924572348595,-0.04107936471700668,-0.17198555171489716,
-0.22040507793426514,-0.2120440483093262,-0.30828223228454593,-0.1864146739244461,-0.06990808248519897,0.0021185968071222305,
-0.056158709526062014,-0.21451964378356936,-0.2508257865905762,-0.2797584533691406,-0.1205747202038765,0.11723373085260391,
