0.8632678031921387,0.1435475826263428,0.031364920735359195,-0.2874632775783539,-0.4801608622074127,-0.1536765694618225,
0.0708201289176941,-0.08395997285842896,0.29263541698455814,-0.25404059886932373,-0.35139700770378113,-0.2938254177570343,
-0.3995672702789307,-0.1775967597961426,0.35707361698150636,-0.10590225458145142,-0.07156536728143692,-0.1253138929605484,
-0.4391464710235596,-0.12549833059310914,0.37845749855041505,0.1391085684299469,0.09168641269207001,0.2164362519979477,
0.08185743689537049,-0.05638282299041748,0.26189422607421875,0.35608962178230286,0.26758819818496704,0.3254927098751068,
0.9158283233642579,-0.0334948480129242,-0.1893771529197693,0.2865127921104431,0.4146615266799927,-0.029310282319784164,
0.5040295600891114,-0.16398690938949587,-0.3179335594177246,0.16021238267421722,0.08422981947660446,-0.5044182538986206,
-0.15981405973434448,-0.3273980140686035,-0.20587494373321535,0.020862480625510216,-0.10884936153888702,-0.5276543498039246,
-0.42917323112487793,-0.4004489898681641,-0.08911073207855225,0.014404314570128918,-0.1581178456544876,-0.23630447685718536,
-0.5460162162780762,-0.39316968917846684,-0.17755885124206544,-0.09198897331953049,0.0016718230908736587,0.31210699677467346,
-0.24139921665191652,-0.48957014083862305,-0.2402941942214966,-0.027807924896478653,0.0848957821726799,0.816307783126831,
0.9153299331665039,-0.01738411486148834,-0.11356273889541627,0.10341934114694595,0.12131451070308685,0.4204288423061371,
0.6492825031280518,0.1712241053581238,-0.13491345643997193,-0.08373430371284485,-0.04020621255040169,-0.3372404873371124,
-0.22053112983703616,-0.08469423055648805,0.0792088270187378,-0.01196211576461792,-0.11018077284097672,-0.28251251578330994,
-0.20894436836242677,-0.1048682451248169,0.17287606000900269,0.08331247419118881,0.03096676804125309,-0.22112664580345154,
-0.6579131126403809,-0.3569133043289185,0.23724803924560547,0.31660518050193787,-0.056451465934515,0.4780193567276001,
0.5178574562072754,-0.17612046003341675,-0.17050077915191653,0.41327792406082153,0.3652600944042206,0.3174307346343994,
0.8883010864257813,-0.07479321360588075,-0.43310294151306156,0.2596135437488556,0.2804384231567383,-0.27079498767852783,
0.1973415493965149,-0.2744903564453125,-0.5228082180023194,-0.07960660755634308,0.04867681860923767,-0.5219311118125916,
-0.27019796371459964,-0.42809262275695803,-0.42186870574951174,-0.2686910629272461,-0.026757221668958664,-0.2664673328399658,
-0.3465806245803833,-0.3903958082199097,-0.2485825538635254,-0.29512277245521545,-0.14899633824825287,0.21616427600383759,
0.2785938262939453,-0.17127913236618042,-0.0533799946308136,-0.303711473941803,-0.30831992626190186,0.37728554010391235,
0.7709673881530762,0.15800596475601197,0.1185274362564087,-0.33553624153137207,-0.3844863474369049,-0.21267125010490417,
