-0.21643056869506838,-0.3506845235824585,-0.2575151205062866,-0.6293991804122925,-0.35703548789024353,0.2856753468513489,
0.7641629695892335,-0.14621446132659913,0.26041247844696047,-0.3553602397441864,-0.01928006485104561,-0.019923023879528046,
0.35043408870697024,-0.09495524764060975,0.4099623203277588,-0.09217331558465958,-0.22281216084957123,-0.33410945534706116,
-0.015444186329841614,-0.20943608283996584,0.21637299060821535,0.0497065894305706,-0.3008427619934082,-0.34962236881256104,
-0.1827293038368225,-0.3205694437026978,0.1730334520339966,0.1315988004207611,-0.15476839244365692,-0.1544792354106903,
-0.30925538539886477,-0.36517474651336673,0.22622289657592776,0.24624788761138916,0.2660776674747467,0.3367408215999603,
1.0352388381958009,-0.08190925121307374,-0.011275851726531984,0.23665879666805267,0.012345250695943832,-0.029580198228359222,
0.9200389862060547,-0.06649497747421265,0.030146637558937074,0.1068296879529953,-0.04957324638962746,-0.6030919551849365,
-0.18222448825836182,-0.3975836753845215,-0.01802348643541336,0.020210368558764458,-0.06175720691680908,-0.5136097073554993,
-0.4175108909606934,-0.4398056507110596,0.09537405371665955,0.046775396913290024,-0.043780870735645294,-0.13763795793056488,
-0.4690569877624512,-0.4218078136444092,0.13136683702468874,0.16482001543045044,-0.13818992674350739,0.24126330018043518,
-0.222478985786438,-0.46442952156066897,0.2445462465286255,0.223344624042511,-0.005564772989600897,0.6198347210884094,
0.9751916885375977,0.0651882827281952,-0.35862083435058595,0.011956213042140007,-0.010891095735132694,0.3325462341308594,
0.8622784614562988,0.1934714674949646,-0.3172353506088257,-0.10382471978664398,0.018004203215241432,-0.2655331790447235,
0.07446059584617615,-0.21205754280090333,0.16410341262817385,-0.04550148919224739,0.04150659963488579,-0.3568130135536194,
-0.2598443031311035,-0.31101384162902834,0.3114489555358887,0.15323691070079803,0.143838569521904,-0.05627530440688133,
-0.32078998088836674,-0.31280796527862553,0.2702875375747681,0.2802014648914337,0.04596766084432602,0.17967769503593445,
0.08126011490821838,-0.2182720422744751,0.22383766174316408,0.3301357328891754,0.4509013295173645,0.3140341639518738,
0.9547219276428223,0.07198320627212525,-0.2303565263748169,0.22340956330299377,0.38079360127449036,-0.2092769891023636,
0.2711940288543701,-0.049375963211059574,-0.3267086982727051,0.04477802664041519,0.13165487349033356,-0.38970616459846497,
-0.16746199131011963,-0.19065328836441042,-0.26559877395629883,-0.10642294585704803,-0.05097140371799469,-0.32246133685112,
-0.2511596441268921,-0.3257715702056885,-0.2342700719833374,-0.30928924679756165,-0.019945578649640083,-0.063136026263237,
-0.2667269706726074,-0.35637176036834717,-0.3024144172668457,-0.48512446880340576,-0.1172175407409668,0.1727534681558609,
