0.7273073196411133,0.07522330284118653,0.023636427521705628,-0.4256175458431244,-0.37097084522247314,-0.20541387796401978,
0.09528743624687196,-0.08456153273582459,0.24981553554534913,-0.303445041179657,-0.30465811491012573,-0.47232919931411743,
-0.4048364639282227,-0.18932816982269288,0.3778275012969971,-0.09811551123857498,-0.12649261951446533,-0.16167183220386505,
-0.4689504146575928,-0.18224470615386965,0.4079113006591797,0.18617694079875946,0.06865052133798599,0.34073352813720703,
0.020805905759334567,-0.07119779586791992,0.30031602382659917,0.3891763985157013,0.18290013074874878,0.3482569456100464,
0.7794770240783692,-0.029320180416107178,-0.11112736463546753,0.4444369673728943,0.41313040256500244,0.09445768594741821,
0.676255464553833,-0.054524707794189456,-0.4008808612823487,0.12652213871479034,0.11938373744487762,-0.5160054564476013,
-0.16623501777648927,-0.27160999774932865,-0.16823261976242065,0.043096937239170074,-0.144934743642807,-0.5093507766723633,
-0.44570264816284183,-0.3367210149765015,-0.10146501064300538,0.018862171098589897,-0.10325627774000168,-0.1963627189397812,
-0.5129004955291748,-0.33354964256286623,-0.19101139307022097,-0.07414872944355011,-0.03727646544575691,0.18060773611068726,
-0.5579154014587403,-0.35708694458007817,-0.1535850167274475,-0.07880926132202148,-0.03820857033133507,0.7434002161026001,
0.780631685256958,-0.11263298988342285,-0.1198243498802185,-0.00816824659705162,0.10793229192495346,0.46237146854400635,
0.7023828983306886,0.23611249923706057,-0.022354635596275332,-0.008301405236124992,0.0021382200066000223,-0.18397773802280426,
0.017320366203784944,0.03669838011264801,-0.00625009685754776,0.0066122980788350105,-0.013907325454056263,-0.33917346596717834,
-0.43992133140563966,-0.04755198657512665,0.018799552321434022,0.041566286236047745,-0.07942108809947968,-0.0903010442852974,
-0.6356061935424805,-0.2033702850341797,0.21278336048126223,0.2790536880493164,-0.11923535168170929,0.47375649213790894,
0.357663369178772,-0.15680726766586306,0.22647054195404054,0.4124774634838104,0.294220507144928,0.3905981183052063,
1.0265177726745607,-0.03331401646137238,-0.22450025081634523,0.26993176341056824,0.07577471435070038,-0.36374229192733765,
0.07249457240104676,-0.3111819505691529,-0.341056227684021,0.0861070528626442,-0.021830139681696892,-0.4771263599395752,
-0.4100933074951172,-0.33122000694274906,-0.32157032489776616,-0.045253366231918335,-0.09233733266592026,-0.14542964100837708,
-0.4198954582214356,-0.25358936786651615,-0.4186127185821533,-0.25704124569892883,-0.15505477786064148,0.18260523676872253,
0.07981023788452149,-0.19385718107223512,-0.3204157590866089,-0.32874706387519836,-0.3794926404953003,0.3596384823322296,
0.8999665260314942,0.1060724973678589,-0.04049898087978363,-0.3481881320476532,-0.23368458449840546,-0.1392381638288498,
