0.7709673881530762,0.15800596475601197,0.1185274362564087,-0.33553624153137207,-0.3844863474369049,-0.21267125010490417,
-0.02443729043006897,-0.11279214620590211,0.44322915077209474,-0.2538437843322754,-0.2549901306629181,-0.3916356861591339,
-0.45693292617797854,-0.14165550470352173,0.389606237411499,-0.016556136310100555,-0.011044589802622795,-0.05581105127930641,
-0.355954384803772,-0.08832332491874695,0.3603411436080933,0.23897504806518555,0.08709277212619781,0.24539414048194885,
0.35540494918823246,0.0064196854829788215,0.08513485789299012,0.33884358406066895,0.40314340591430664,0.24412915110588074,
1.0241864204406739,0.03226367235183716,-0.24165818691253663,0.23238372802734375,0.13243308663368225,-0.3013528287410736,
0.24143638610839846,-0.1691357970237732,-0.3425954103469849,0.04123532772064209,0.07530827820301056,-0.591637372970581,
-0.34563295841217045,-0.38096156120300295,-0.14000887870788575,0.06800010055303574,-0.16557465493679047,-0.44369879364967346,
-0.5488883972167969,-0.3585718393325806,-0.23028531074523928,-0.02780779078602791,-0.09320314228534698,0.10191505402326584,
-0.4811280727386475,-0.37106487751007083,0.10231986045837403,0.05894468352198601,-0.0728299617767334,0.6019901633262634,
0.19439053535461426,-0.2980804204940796,0.01706288456916809,0.07625522464513779,-0.0637752115726471,0.6537886261940002,
1.0964774131774904,0.31295621395111084,0.21813616752624512,-0.00916566327214241,-0.021297790110111237,-0.09742255508899689,
0.1232845425605774,0.04039417803287507,0.09377699494361878,0.03717334195971489,-0.2046564370393753,-0.34123495221138,
-0.5094005107879639,-0.13768140077590943,0.11397053003311158,0.13457679748535156,-0.07615865767002106,0.03147123008966446,
-0.3531210422515869,-0.1467214822769165,0.15570607185363772,0.3249262273311615,0.12917105853557587,0.37188979983329773,
0.5593676567077637,-0.04326993823051453,-0.009314049780368806,0.3634754717350006,0.3653934597969055,0.162831649184227,
0.8647173881530762,-0.06448061466217041,-0.3149895191192627,0.18511027097702026,0.06825125217437744,-0.5073528289794922,
-0.03312726616859436,-0.3150860071182251,-0.36115326881408694,-0.020485766232013702,0.052272286266088486,-0.4778583347797394,
-0.4210944175720215,-0.32415800094604497,-0.2953864574432373,-0.10923401266336441,0.024308854714035988,-0.03716866672039032,
-0.18996210098266603,-0.25387761592864994,-0.4046970367431641,-0.2946566045284271,-0.08474759012460709,0.20537874102592468,
0.18833397626876833,-0.07705770134925843,-0.19689569473266602,-0.29718661308288574,-0.34440580010414124,0.29552674293518066,
0.7273073196411133,0.07522330284118653,0.023636427521705628,-0.4256175458431244,-0.37097084522247314,-0.20541387796401978,
