-0.007278457283973694,-0.1696476221084595,-0.22894876003265383,-0.28608885407447815,-0.13289101421833038,0.1069035679101944,
0.25419657230377196,-0.04968450963497162,-0.10980783700942993,-0.27477043867111206,-0.20053529739379883,0.018819518387317657,
0.3056073665618897,-0.0311216801404953,0.053282427787780764,-0.22716642916202545,-0.08795017004013062,-0.11613617837429047,
-0.06992508172988891,-0.051455754041671756,0.1724454164505005,-0.11870919167995453,-0.06031987443566322,-0.1000906303524971,
-0.2756159543991089,-0.057607156038284306,0.2424879312515259,0.022105451673269272,0.030227603390812874,0.044319286942481995,
-0.16991906166076662,-0.039454737305641176,0.15242990255355837,0.14288213849067688,0.11238576471805573,0.15437892079353333,
0.21614527702331543,0.016711859405040743,0.05793495774269104,0.2211790829896927,0.1627195179462433,0.08214066922664642,
0.3645143270492554,0.028310078382492068,-0.053232079744338995,0.2837633788585663,0.06571386754512787,-0.08217637240886688,
0.3677308320999146,-0.08470340371131897,-0.36540210247039795,0.1532018929719925,-0.03874862939119339,-0.3218608796596527,
-0.0508002519607544,-0.2138232946395874,-0.19260900020599367,0.07650285214185715,-0.055393386632204056,-0.31067559123039246,
-0.32217981815338137,-0.20689151287078858,-0.15827568769454958,0.002334543038159609,-0.056924816220998764,-0.10867340862751007,
-0.40709228515625,-0.1968623399734497,-0.13560737371444703,-0.059384215623140335,0.03648556396365166,0.18673774600028992,
-0.22431788444519044,-0.22598257064819338,-0.09507561922073365,-0.12283403426408768,-0.0016642214031890035,0.37275955080986023,
0.1981449604034424,-0.08917670845985413,0.05504635572433472,0.010190867818892002,-0.035552944988012314,0.31876397132873535,
0.6272087574005127,0.07651211619377137,-0.0261155366897583,0.06711594015359879,-0.001397905289195478,-0.003145646769553423,
0.2429192066192627,0.07670186161994935,-0.16631473302841188,-0.0019938263576477766,-0.035286519676446915,-0.2074780911207199,
-0.22853510379791261,-0.08904454708099366,-0.07977775931358339,-0.015043315477669239,-0.023302294313907623,-0.08463979512453079,
-0.3231555223464966,-0.11171314716339112,-0.05925610661506653,-0.018305689096450806,-0.015113073401153088,0.11223439127206802,
-0.1689067006111145,-0.08249990940093994,-0.03549554944038391,-0.01724042370915413,0.012450644746422768,0.2571103572845459,
0.3483522176742554,-0.0909823477268219,0.28101682662963867,0.2656538784503937,0.047338057309389114,0.12794704735279083,
0.37038536071777345,-0.04851951599121094,-0.0018740981817245484,0.3565334379673004,0.10486245900392532,-0.09003423899412155,
0.1454123854637146,-0.05682470202445984,-0.37564728260040287,0.0754367858171463,0.025500256568193436,-0.23877178132534027,
-0.22727835178375244,-0.14164211750030517,-0.34088513851165775,-0.11637739092111588,-0.031557969748973846,-0.1071450486779213,
-0.2447596073150635,-0.221848464012146,-0.24542806148529053,-0.22756437957286835,-0.03914798051118851,0.0811404436826706,
0.029653421044349672,-0.16414144039154055,-0.2480818271636963,-0.31425026059150696,-0.1257672905921936,0.1473200023174286,
0.5255867958068848,-0.029347664117813112,-0.16016936302185059,-0.3298961818218231,-0.14500866830348969,-0.06326921284198761,
