-0.2667269706726074,-0.35637176036834717,-0.3024144172668457,-0.48512446880340576,-0.1172175407409668,0.1727534681558609,
0.20537285804748537,-0.26319174766540526,0.030805137753486634,-0.37779906392097473,-0.5164919495582581,0.08040835708379745,
0.8407361030578614,-0.08504900932312012,0.6341396808624268,-0.17872776091098785,-0.30903172492980957,-0.2687986493110657,
0.2038226366043091,-0.1694926619529724,0.4618703842163086,0.04910566285252571,-0.20190605521202087,-0.3755913972854614,
-0.26815524101257326,-0.29195053577423097,0.22817947864532473,0.16422101855278015,-0.17161265015602112,-0.22612109780311584,
-0.4496860980987549,-0.3019948720932007,0.13768270015716552,0.1825302541255951,0.09057557582855225,0.14112882316112518,
-0.2735929012298584,-0.22413315773010256,0.08718299865722656,0.18246367573738098,0.202894389629364,0.404914915561676,
1.5279634475708008,0.2309354066848755,-0.1773242235183716,0.054831668734550476,0.016806013882160187,-0.30368566513061523,
0.6056156635284424,-0.23610634803771974,0.0018811803311109543,0.0393187552690506,-0.10010676085948944,-0.7177406549453735,
-0.4247982978820801,-0.4778730392456055,0.08429328799247743,0.036522846668958664,-0.028734108433127403,-0.46926695108413696,
-0.4840256214141846,-0.40099797248840335,0.04619860947132111,0.03712205961346626,0.12120186537504196,0.022219443693757057,
-0.525008249282837,-0.48207192420959477,0.019735638797283173,0.03326047584414482,0.06088126450777054,0.4369402229785919,
-0.15121240615844728,-0.6549726486206056,0.23721561431884766,0.19364935159683228,-0.024339893832802773,0.778890073299408,
1.3429487228393555,0.04692274928092957,0.06069985032081604,0.021742302924394608,-0.06435389071702957,0.1648317277431488,
0.7009600639343262,0.08484452366828919,0.11751168966293335,0.14291641116142273,-0.32794031500816345,-0.4665367007255554,
-0.12871127128601076,-0.2846488952636719,0.27711670398712157,0.20683227479457855,-0.30743396282196045,-0.29935675859451294,
-0.2144939184188843,-0.2968906879425049,0.3723187923431397,0.30197370052337646,0.14636869728565216,0.05084893852472305,
0.13354569673538208,-0.14984753131866455,0.13249013423919678,0.16175827383995056,0.6994407176971436,0.19366095960140228,
0.7274590969085694,0.06684983968734741,-0.36399488449096684,0.017481518909335136,0.7140880823135376,-0.0938938707113266,
0.36405262947082523,-0.04528933167457581,-0.30187857151031494,0.08605825901031494,0.1127462312579155,-0.37965041399002075,
-0.13647110462188722,-0.20533437728881837,-0.23126025199890138,-0.08152115345001221,0.006419518031179905,-0.3239903450012207,
-0.2784489870071411,-0.27442820072174073,-0.2381680488586426,-0.26527929306030273,-0.043248437345027924,-0.1361709088087082,
-0.26977827548980715,-0.3258788347244263,-0.2075072765350342,-0.42353764176368713,-0.08838901668787003,0.08939884603023529,
-0.16559410095214844,-0.36624739170074466,-0.183762264251709,-0.5111556053161621,-0.42687681317329407,0.23374216258525848,
