0.0013286220841109754,-0.16166716814041138,-0.510161304473877,-0.09166458994150162,0.0061744521372020245,0.023265916854143143,0.2431141759698205,0.01665815915104751,-0.029894719895217907,
0.009274881333112717,-0.15678312778472903,-0.509323787689209,-0.17255811393260956,-0.023586373776197433,0.02126854658126831,0.24256823208164227,0.01613609701824988,-0.028916884724344765,
0.010484539717435837,-0.1508092999458313,-0.49706940650939946,-0.22429001331329346,-0.04256139323115349,0.0356496162712574,0.2381450741557213,0.015496514438114346,-0.028053735317189424,
-0.00312696248292923,-0.13319177627563478,-0.4416987895965576,-0.2852764129638672,-0.03889954835176468,0.030855927616357803,0.23024198170298846,0.014211264321204183,-0.02805326602769635,
0.046143025159835815,-0.08298240900039673,-0.4089632034301758,-0.36031097173690796,-0.03344006836414337,-0.013419128954410553,0.20740466363854926,0.008954814575449381,-0.028694695920930654,
0.08838084936141968,-0.0809939980506897,-0.3724020719528198,-0.4117765724658966,-0.05734194070100784,-0.03845284506678581,0.192027141632614,0.006665437536475857,-0.029084665744561356,
0.10442247390747071,-0.09865168929100038,-0.3405624389648438,-0.41437315940856934,-0.08890040218830109,-0.05010417103767395,0.17409882970282184,0.005388919965492712,-0.030624335605997446,
0.10858547687530518,-0.08683196902275087,-0.17111488580703738,-0.4353455603122711,-0.09669014811515808,-0.08013131469488144,0.13252068711318185,0.0017458335950164587,-0.03753824341995322,
0.14019365310668946,-0.07367100715637208,-0.1543597459793091,-0.45844846963882446,-0.11573174595832825,-0.10982556641101837,0.11142232958978902,-0.001476471059279987,-0.042179152058709396,
0.18682627677917482,-0.07590890526771546,-0.1165958046913147,-0.47755664587020874,-0.10960647463798523,-0.14318165183067322,0.08943417532119514,-0.004926223937026621,-0.047812515614187534,
0.20748884677886964,-0.07133601903915406,-0.0346334308385849,-0.46077874302864075,-0.11273568868637085,-0.18752329051494598,0.06424744072203471,-0.0143781443889575,-0.05464777325593389,
0.20114023685455323,-0.049387991428375244,0.15822031497955324,-0.4105781614780426,-0.14336204528808594,-0.21302305161952972,0.016975331011007823,-0.024466598160795824,-0.07125517810272206,
0.18740971088409425,-0.06927943229675293,0.2604228019714356,-0.3276206851005554,-0.16213734447956085,-0.19324907660484314,-0.004894824106610812,-0.030449499574490165,-0.08165773090663977,
0.13971999883651734,-0.0760424852371216,0.39092364311218264,-0.2517871558666229,-0.12538571655750275,-0.15370114147663116,-0.02436727695464453,-0.0384592174762844,-0.09257582437266368,
0.07865070700645448,-0.03782520890235901,0.5540154933929443,-0.17914943397045135,-0.05101693049073219,-0.16621799767017365,-0.04100798368170665,-0.04771028939674512,-0.10247800357730523,
0.12680829763412477,0.049367237091064456,0.7746460437774658,-0.01735970750451088,0.029476674273610115,-0.18285775184631348,-0.0644801106352637,-0.06292433431406558,-0.11757526352504455,
0.07296770215034486,0.08155995011329652,0.8801079750061036,0.12711678445339203,0.08620200306177139,-0.1871853768825531,-0.07029489000547155,-0.06635798436953443,-0.1263600654670856,
0.010045813024044038,0.08547275066375733,0.832246494293213,0.21972821652889252,0.10750729590654373,-0.20516172051429749,-0.06971637539076703,-0.06714133392064534,-0.13636223051234583,
-0.022650022804737092,0.08010622262954713,0.7045361518859864,0.29090121388435364,0.1049107164144516,-0.21261857450008392,-0.06332205636233902,-0.06564991213028377,-0.14714485731947666,
-0.05959349870681763,0.04059248268604279,0.44643378257751465,0.3492244482040405,0.12135573476552963,-0.2082909345626831,-0.0381309286369328,-0.05869931378438196,-0.17075664168565163,
-0.09672990441322327,0.014689698815345764,0.2920707225799561,0.3459620773792267,0.14918576180934906,-0.18505485355854034,-0.020423451374709294,-0.05439756594206053,-0.18280299148568796,
-0.12621765136718752,-0.021988359093666077,0.11934902667999268,0.3302493989467621,0.1500512957572937,-0.15096639096736908,-0.0010513367941192915,-0.04882510125987742,-0.19419462038663526,
-0.16588269472122194,-0.08889795541763307,-0.11271913051605226,0.2973593771457672,0.10590939968824387,-0.10003342479467392,0.03479044869892283,-0.028073897081652904,-0.2121217950000665,
-0.19164793491363527,-0.10988608598709107,-0.19485594034194947,0.2514198422431946,0.07934436947107315,-0.06787575781345367,0.05176470585239199,-0.01997164682338979,-0.2182364317666619,
-0.189569354057312,-0.11943721771240234,-0.2681421756744385,0.20468135178089142,0.04751959070563316,-0.03937993198633194,0.06722152675734114,-0.013497810750177948,-0.2223995675467148,
-0.16741511821746827,-0.09994471669197083,-0.33007862567901614,0.1618710309267044,0.03853142261505127,-0.012082530185580254,0.09242560560290038,-0.004414841473235052,-0.22684696392371803,
-0.17000558376312258,-0.09038492441177369,-0.39854183197021487,0.07318776845932007,0.021154295653104782,0.028131205588579178,0.11057246505236709,0.0002898247918976683,-0.22766719262461807,
-0.16761518716812135,-0.09478655457496643,-0.4191877365112305,0.006475585047155619,-0.011735744774341583,0.03831779584288597,0.1157626184294714,0.0013719464653515034,-0.22639058588156916,
-0.19473829269409182,-0.11774458885192872,-0.43243150711059575,-0.06063607335090637,-0.03916630521416664,0.06887757033109665,0.1176008127281836,-0.0005298316105856818,-0.22309813173768275,
-0.19630523920059206,-0.11733447313308716,-0.42752828598022463,-0.16037146747112274,-0.06226922571659088,0.13798660039901733,0.11399578037106313,-0.00393702735466424,-0.22023513972612505,
-0.1722389817237854,-0.11578689813613892,-0.3963858842849732,-0.23507313430309296,-0.0701921284198761,0.17913243174552917,0.10687482077998557,-0.008881634548196696,-0.21543186048139928,
-0.15318056344985964,-0.12008755207061768,-0.36970338821411136,-0.3082434833049774,-0.08064503967761993,0.17966505885124207,0.09642404444683945,-0.014735433374514334,-0.20889212339943902,
-0.13093273639678957,-0.10561375617980957,-0.27909536361694337,-0.39219963550567627,-0.09675716608762741,0.20563088357448578,0.06564429711048546,-0.027323762460184427,-0.1935813851261849,
-0.12914201021194457,-0.10017107725143433,-0.19977785348892213,-0.45405155420303345,-0.06073790788650513,0.2460443526506424,0.04537189742587704,-0.03394266347132863,-0.18470649132783593,
-0.09307240843772889,-0.10740817785263063,-0.09178087711334229,-0.42988336086273193,-0.09935374557971954,0.25543200969696045,0.022166750840464333,-0.03894360227976914,-0.17367372262744316,
0.040930268168449406,-0.0781919300556183,0.3360555171966553,-0.3005874454975128,-0.1722576916217804,0.19404511153697968,-0.025918845400813448,-0.0477279467346515,-0.1483866892323505,
0.038496083021163946,-0.021690092980861664,0.4867952346801758,-0.1999199539422989,-0.1727903187274933,0.20769381523132324,-0.04363576087583421,-0.05500444183019946,-0.1375466213643708,
0.057097005844116214,0.05573120713233948,0.5954326152801513,-0.11909301578998566,-0.03663621097803116,0.2285330444574356,-0.05728339736092359,-0.06267541645670853,-0.12633629818230574,
0.14160146713256835,0.09828824400901795,0.7179718971252442,-0.012966041453182697,0.047985732555389404,0.2074274867773056,-0.06798427662715903,-0.06604099029577126,-0.11435039233023703,
0.2776655673980713,0.11768468618392945,0.930207920074463,0.22332292795181274,0.04079519957304001,0.13672056794166565,-0.07540036716639577,-0.05870531927747801,-0.09441140719047315,
0.2759056329727173,0.12722185850143433,0.8357147216796875,0.3500894010066986,0.06589549034833908,0.08885025233030319,-0.06735873266810198,-0.05488032750424113,-0.08771383409481896,
0.2551573753356934,0.12320638895034791,0.6593847274780273,0.41234079003334045,0.13740137219429016,0.0473715104162693,-0.05245900271299048,-0.05136318784756142,-0.08282441920642801,
0.22522518634796143,0.029735067486763002,0.4434996128082276,0.4938335120677948,0.17335404455661774,0.010286993347108364,-0.012185154071748219,-0.038359885667917516,-0.07821279393807612,
0.16946871280670167,-0.03486723899841309,0.325740122795105,0.5850467681884766,0.11989108473062515,-3.275647759437561e-05,0.013358767265148595,-0.029648085639350567,-0.07775103942389822,
0.1320029616355896,-0.09121466875076295,0.1445823311805725,0.5696004629135132,0.0732191875576973,-0.012083560228347778,0.0422733821561225,-0.022450320441600023,-0.07709508463123456,
0.10710978507995605,-0.1268841028213501,-0.040577989816665654,0.540105938911438,0.07654813677072525,-0.013681456446647644,0.06948091589792964,-0.01999162557678034,-0.07637949508977945,
0.034982404112815856,-0.17468515634536744,-0.2338287115097046,0.49243536591529846,0.1021144837141037,0.0004998762160539627,0.1250824712032716,-0.012193584829948827,-0.07524810593936625,
0.033269524574279785,-0.1838097333908081,-0.35614511966705326,0.3914349675178528,0.09745395183563232,0.0020977724343538284,0.15043561953064252,-0.007550907231594619,-0.07315299150193756,
0.0207843616604805,-0.18010071516036988,-0.42362728118896487,0.3044161796569824,0.06855865567922592,0.006159093230962753,0.17203880621093068,-0.003048877267754962,-0.0705133412784698,
0.0022764816880226136,-0.1734753966331482,-0.43006010055541993,0.23524057865142822,0.06323233246803284,0.010420151986181736,0.18963342821937543,0.00037750072834470254,-0.06813552007417391,
-0.007638273388147355,-0.1585503101348877,-0.4760016441345215,0.14336150884628296,0.06343206763267517,0.008489360101521015,0.21532475261303027,0.0051602613174477445,-0.06347259586909706,
-0.01000944897532463,-0.15525718927383425,-0.47865867614746094,0.07152274250984192,0.036733876913785934,0.005160408094525337,0.2232010490259714,0.007382454555961961,-0.061108053957046674,
-0.010253848880529404,-0.15827715396881104,-0.478476619720459,0.0005495010409504175,-0.006875385530292988,0.003629090264439583,0.2280282714874135,0.009036269030444914,-0.059405351911648474,
-0.025931364297866823,-0.1606892704963684,-0.48671388626098633,-0.08007770776748657,-0.028247253969311714,0.013216470368206501,0.2295165828449558,0.008934243921496984,-0.059313325222481304,
