0.023337894678115846,-0.04258314967155457,-0.35646274089813235,-0.0596279613673687,-0.02052571438252926,0.017296448349952698,0.26798937626763514,0.03837042811337463,-0.08362781008327044,
0.013116343319416046,-0.04379269480705261,-0.3646147727966309,-0.11082722991704941,-0.0022164820693433285,0.03307567536830902,0.2671007939389581,0.03732545263482502,-0.08431116533466015,
0.02273334711790085,-0.024942877888679507,-0.32327816486358646,-0.1541701853275299,0.0001803629274945706,0.03334199637174606,0.25895009407658715,0.03465980786983264,-0.08357409972309884,
0.02829476296901703,-0.0287183552980423,-0.3082261085510254,-0.19411759078502655,-0.02864835597574711,0.03121146373450756,0.2522881498115924,0.033451451186659965,-0.08219723380206985,
0.02248276323080063,-0.04070110023021698,-0.3026303291320801,-0.2258092164993286,-0.039167843759059906,0.03753647208213806,0.24420038895941093,0.032168652018317596,-0.08112284385929193,
0.06728552579879761,-0.05181186199188233,-0.2643928527832031,-0.28499796986579895,-0.0014841128140687943,0.028415145352482796,0.22318666099737605,0.027374928794117206,-0.08083296567490206,
0.0584018886089325,-0.070123291015625,-0.25759098529815677,-0.3221490681171417,-0.03737020865082741,0.04266306012868881,0.2102796904694437,0.025626727137512212,-0.0801264537119466,
0.022657980024814606,-0.08206393122673035,-0.224481463432312,-0.3333337903022766,-0.05721084773540497,0.04206487536430359,0.19549929195589794,0.024541094915137437,-0.0790157092657479,
0.11723464727401733,-0.06810917258262635,-0.12762384414672853,-0.353107750415802,-0.05408163368701935,0.006844569928944111,0.16235876970301882,0.01832796630564463,-0.07772900488357055,
0.12591367959976196,-0.07971115112304689,-0.12386837005615235,-0.3622290790081024,-0.0869050994515419,0.01490063313394785,0.14527838614540114,0.015135608411425387,-0.07785471668396622,
0.09199520349502564,-0.06217601299285889,0.004329217970371247,-0.3385269343852997,-0.10867644101381302,0.030546706169843674,0.10693582715749407,0.0059384546909953834,-0.07981524876316573,
0.15294355154037476,-0.042065054178237915,0.051674294471740725,-0.3189527094364166,-0.11087355017662048,0.010905890725553036,0.08853592474092736,-0.0007835559780706703,-0.0801639160169934,
0.21290271282196047,-0.04710532128810883,0.06699427366256715,-0.31502455472946167,-0.08517404645681381,-0.009800187312066555,0.07205719448782259,-0.0066062417519586365,-0.08031803925606135,
0.2909933805465698,0.010875230282545091,0.20100476741790774,-0.25536972284317017,-0.07026033848524094,-0.038229431957006454,0.03967601192035199,-0.01672127654509578,-0.0819800670178453,
0.321965503692627,0.05171140432357788,0.25937092304229736,-0.2081652134656906,-0.07325639575719833,-0.09282423555850983,0.024953652996046682,-0.020342517786064166,-0.08337988874772333,
0.34572544097900393,0.07636187076568604,0.25809192657470703,-0.1852620393037796,-0.05301636829972267,-0.12677954137325287,0.012457515613618764,-0.023851098722150903,-0.08594467003080244,
0.29032437801361083,0.09071485996246338,0.2101078510284424,-0.1762072890996933,-0.027716338634490967,-0.13590086996555328,-0.006905489756470756,-0.030240914289197913,-0.09685139316984794,
0.25118038654327396,0.08939322829246521,0.19780578613281252,-0.15783147513866425,-0.035772401839494705,-0.14954957365989685,-0.015283230553996746,-0.03214395109307723,-0.10367796208027487,
0.2297930955886841,0.10448137521743775,0.20587785243988038,-0.12281090766191483,-0.04662478342652321,-0.19402436912059784,-0.023201491311447157,-0.0339787216497161,-0.11057745855909368,
0.2004281759262085,0.13200408220291138,0.27649335861206054,-0.06861557811498642,-0.052683476358652115,-0.23383861780166626,-0.0359020839425659,-0.03966896146426144,-0.12744784931958608,
0.18182431459426882,0.12983614206314087,0.2833151340484619,-0.04245001822710037,-0.006411050446331501,-0.2501504719257355,-0.039230238456769345,-0.043652299194063424,-0.13806275323198902,
0.14908899068832399,0.11464744806289673,0.2965924978256226,-0.0025026006624102592,0.018822401762008667,-0.2606699466705322,-0.04089153973272589,-0.04753349066883282,-0.15009745415246256,
0.07661215662956239,0.05548578500747681,0.3465165138244629,0.08038828521966934,0.00677159707993269,-0.26806023716926575,-0.039696851711771626,-0.0505816178842681,-0.17663504758487455,
0.026522648334503175,0.03359081447124481,0.3295397520065308,0.12499623745679855,0.006372123025357723,-0.2633996903896332,-0.035421571357237516,-0.051439875759129866,-0.1903781315512971,
0.002456986904144287,0.02013136148452759,0.2688141345977783,0.1590181142091751,0.012164497748017311,-0.25121575593948364,-0.02850007420645954,-0.05256514556035823,-0.20410409551423167,
-0.06262672543525696,0.00501924604177475,0.18474854230880738,0.1836504340171814,0.016292711719870567,-0.2249872088432312,-0.010021237115110576,-0.05330818601409527,-0.23078769954224976,
-0.08598905801773071,-0.0015123036690056326,0.11796345710754395,0.18598070740699768,0.028476674109697342,-0.19236348569393158,0.0010589639529677214,-0.05277026044807666,-0.24296385789612995,
-0.10127960443496704,-0.0013002632185816765,0.0727936863899231,0.19803151488304138,0.013163498602807522,-0.17092503607273102,0.012229160134449033,-0.051468806513139204,-0.25398312480265145,
-0.11358935832977296,-0.01219848245382309,0.0033022820949554447,0.20222598314285278,-0.004413365386426449,-0.14422684907913208,0.033712549812785944,-0.039959100904892395,-0.27223272305090424,
-0.12313761711120606,-0.015779048204421997,-0.050075972080230714,0.17679280042648315,0.006971648428589106,-0.1196591928601265,0.04483178410241678,-0.03644883754568728,-0.2801456275357732,
-0.1356355428695679,-0.017451585829257966,-0.10474725961685181,0.1602811962366104,0.011232706718146801,-0.09063073247671127,0.05579532625533206,-0.035471251141662156,-0.2871548055728638,
-0.15746564865112306,-0.02503021359443665,-0.16603729724884034,0.11773719638586044,0.023083772510290146,-0.046289097517728806,0.07444329878263702,-0.03243152115677339,-0.29695564558421794,
-0.15672765970230104,-0.02503781318664551,-0.20161204338073732,0.08997374027967453,0.01888929307460785,-0.020456433296203613,0.08205299254685613,-0.03070221653125267,-0.2998739367549018,
-0.15646770000457766,-0.028470134735107424,-0.23658621311187744,0.05934739112854004,-0.0030817848164588213,-0.0017477269284427166,0.09317445094312596,-0.027589538625649817,-0.30221206175845483,
-0.1624887824058533,-0.03515101075172424,-0.23776671886444092,0.04110473766922951,-0.034640245139598846,0.02361888438463211,0.09685555026847338,-0.02693488899874385,-0.3023858495862925,
-0.1823737144470215,-0.04030221998691559,-0.24846830368041994,0.012475752271711826,-0.04482683539390564,0.06250103563070297,0.09971035245940166,-0.027420494352546707,-0.302397971293961,
-0.18073631525039674,-0.03590890169143677,-0.26710679531097414,-0.03499509394168854,-0.034640245139598846,0.10471213608980179,0.10248801953711235,-0.03253496555266008,-0.2997092636083241,
-0.1610126495361328,-0.020873123407363893,-0.27185165882110596,-0.07973620295524597,-0.02165733464062214,0.12302137166261673,0.10161725065284757,-0.03595096362775434,-0.29626649832722984,
-0.14172215461730958,-0.010618702322244645,-0.2621581792831421,-0.11009623855352402,-0.02931392379105091,0.12914665043354034,0.0988581476462616,-0.039205485607310804,-0.2914705922229438,
-0.12895698547363282,-0.011048048734664917,-0.21798059940338135,-0.13732706010341644,-0.0476231575012207,0.15011903643608093,0.08820231424474614,-0.04533877554880577,-0.2799543058516589,
-0.14155253171920776,-0.0154314786195755,-0.1901889204978943,-0.1816021054983139,-0.022189967334270477,0.18041250109672546,0.0810181239058382,-0.04911463736854935,-0.2736383663605515,
-0.13512965440750122,-0.02883213460445404,-0.17209532260894778,-0.2074347734451294,0.006971648428589106,0.22288991510868073,0.07257080556258648,-0.05327256257356302,-0.2664166816395501,
-0.12056396007537842,-0.047537180781364444,-0.04657717049121857,-0.21489162743091583,0.01635929010808468,0.25551363825798035,0.0498098422275238,-0.058361355085910095,-0.2469505123634532,
-0.049273705482482916,-0.034280478954315186,0.0028547806665301326,-0.18839317560195923,-0.028781291097402573,0.23447467386722565,0.03617261018808046,-0.058498767743866295,-0.23410599058704867,
-0.0004314449615776539,-0.016396749019622802,0.08071137666702272,-0.15343691408634186,-0.05880879983305931,0.21989810466766357,0.022869317242836182,-0.059005925472825765,-0.22095202088041063,
0.06822808980941773,0.027618211507797242,0.20155138969421388,-0.10623238235712051,-0.04109878093004227,0.22202864289283752,0.00028894995167201543,-0.06374897855284321,-0.19724254747287298,
0.08710839748382569,0.050499463081359865,0.24822123050689698,-0.07221050560474396,-0.017263486981391907,0.22868654131889343,-0.008707772517338666,-0.06631781526020457,-0.18581090689414295,
0.13107330799102784,0.06848254799842834,0.2771682500839234,-0.040585458278656006,0.025813143700361252,0.21683546900749207,-0.01623171741650833,-0.06777189384594548,-0.17411033512149285,
0.2542741298675537,0.12923078536987306,0.3494890213012696,0.017804346978664398,0.049848172813653946,0.1670343577861786,-0.027348233048588202,-0.06636503309146817,-0.15083318921935734,
0.2903236627578735,0.14836162328720093,0.3854584932327271,0.08298521488904953,0.06203213706612587,0.10937691479921341,-0.030180950341398966,-0.06328028699096701,-0.1408672806080844,
0.30425002574920657,0.15011130571365358,0.4006053447723389,0.13238684833049774,0.08420295268297195,0.09120084345340729,-0.030258250233288063,-0.05995753506630039,-0.1330477282768963,
0.2630169868469238,0.1393061399459839,0.3460362195968628,0.1689387410879135,0.12827827036380768,0.07002870738506317,-0.022019633109642712,-0.05207597052536679,-0.12281819680251324,
0.2540475845336914,0.12213037014007569,0.32765433788299564,0.22812749445438385,0.1308748573064804,0.056579746305942535,-0.01501634804234707,-0.04628859307763884,-0.118993964348725,
0.2352985143661499,0.09635456800460816,0.32457396984100345,0.26960623264312744,0.14272591471672058,0.03700551018118858,-0.00641250573820668,-0.03957315672498963,-0.11567170585997658,
0.21431849002838135,0.043501156568527224,0.2334662675857544,0.3158120810985565,0.15224671363830566,0.02375628426671028,0.01751646422916622,-0.025861031852065727,-0.11033185386379958,
0.19442751407623293,0.0117630273103714,0.1899357557296753,0.3450402617454529,0.1627662032842636,0.024488653987646103,0.03210191938091722,-0.01847804350163299,-0.10831895746610336,
0.18158191442489624,-0.01473245918750763,0.13292218446731568,0.36175161600112915,0.1572401523590088,0.02615312859416008,0.04817746487411296,-0.010936667529582944,-0.10611082957112683,
0.17504007816314698,-0.055378735065460205,0.0026441067457199097,0.3512986898422241,0.12508247792720795,0.012637588195502758,0.08344346119768059,0.0035757343497298793,-0.10031709799979523,
0.15534409284591677,-0.05752376317977906,-0.0548688292503357,0.34850236773490906,0.09658665210008621,-0.00507243350148201,0.09932541351421029,0.0025732418731323464,-0.0974571244579991,
0.15169222354888917,-0.06592047214508057,-0.07885571122169495,0.35928818583488464,0.09092743694782257,-0.012063231319189072,0.11718953944029326,0.008164620867787777,-0.09497461503529744,
0.12273962497711183,-0.08338897824287415,-0.14612137079238893,0.32153788208961487,0.1097692996263504,-0.015192445367574692,0.15329292912563655,0.017272288602963436,-0.09170812069086409,
0.11540358066558838,-0.08416507244110108,-0.20483069419860842,0.2875825762748718,0.09718586504459381,-0.006670330185443163,0.17116208322108553,0.022032404796066957,-0.08983319058266982,
0.09795836806297303,-0.07686820030212403,-0.22324061393737793,0.23851382732391357,0.06149950250983238,-0.012995338067412376,0.18766413273509272,0.027090265867146145,-0.08743262062399842,
0.09409940838813782,-0.0669341266155243,-0.3083244562149048,0.18771451711654663,0.024414904415607452,-0.022714974358677864,0.2158357927805351,0.03472145776540908,-0.08298492648861648,
0.07308920621871949,-0.05942522287368775,-0.3289324760437012,0.11321257799863815,0.02228437550365925,-0.013593647629022598,0.2270791305255059,0.03697844313844975,-0.08240589394842704,
0.05057016611099244,-0.06441559791564942,-0.39653379917144777,0.051360659301280975,0.014428051188588142,-0.007202060893177986,0.24347646629562006,0.040078136256669984,-0.0821906033023005,
0.04349325001239777,-0.06370271444320678,-0.3720326185226441,0.010947189293801785,-0.012003823183476925,-0.00014468375593423843,0.24746323210535698,0.041130605578751346,-0.0817797604590123,
0.025348186492919922,-0.06356173753738403,-0.3652655601501465,-0.0351254977285862,-0.019726991653442383,0.008244273252785206,0.24963258743531824,0.041688113591352986,-0.08170512710215422,
