-0.005848750472068787,-0.05921177864074707,-0.34009361267089844,-0.03831950202584267,-0.002483314834535122,0.034213438630104065,0.2314928620749713,0.024216950104140243,-0.10606797104423026,
-0.015147203207015993,-0.04552164673805237,-0.3156239748001099,-0.0815945640206337,-0.0016845797654241323,0.046732738614082336,0.23028032830628656,0.022102586193376322,-0.10393393698060822,
-0.02337670922279358,-0.03747499585151672,-0.3176943302154541,-0.1261359453201294,-0.008275903761386871,0.052258800715208054,0.22766799551550243,0.020683715031959853,-0.10252939008657305,
-0.020971520245075228,-0.03192110955715179,-0.32143042087554935,-0.16082361340522766,-0.011804591864347458,0.04753169044852257,0.22354801114845105,0.019052263681613873,-0.10079423690574726,
0.0010630773380398751,-0.03794180750846863,-0.2943875789642334,-0.2074289321899414,-0.025586450472474098,0.04500168561935425,0.21000655064336704,0.015158385817373339,-0.09736800664407647,
0.017692384123802186,-0.04219073355197907,-0.2794987678527832,-0.25463345646858215,-0.006611427757889032,0.027824297547340393,0.20081249977885474,0.013112073645585764,-0.09600292549771083,
0.06444262862205506,-0.03627361953258514,-0.2624415636062622,-0.28599217534065247,0.0009120022878050804,0.01544059719890356,0.1900124118926236,0.010765850924843457,-0.09488158787920832,
0.060469651222229005,-0.036190247535705565,-0.23414037227630616,-0.2916513979434967,-0.029714351519942284,0.021632447838783264,0.17747335605969183,0.009383919889606374,-0.09383436125031182,
0.03842526078224182,-0.035866555571556095,-0.12738099098205566,-0.3137556314468384,-0.041032787412405014,0.017038494348526,0.14849391645965243,0.00782092136131183,-0.09261267912503786,
0.0827585518360138,-0.043652442097663884,-0.12158972024917603,-0.34378278255462646,-0.041032787412405014,0.008183483965694904,0.13344977303744304,0.005502228579964874,-0.09241212644079408,
0.09776276350021362,-0.03140844106674195,-0.040591186285018926,-0.33772408962249756,-0.07858335971832275,0.010314012877643108,0.10044749531161451,0.0011466336475498338,-0.09250255203593893,
0.09721456170082093,-0.020993129909038545,0.025355967879295352,-0.31834959983825684,-0.12179315090179443,-0.005731533281505108,0.08132304009635954,-0.006838916448703283,-0.09282856438924725,
0.15122212171554567,-0.01898232102394104,0.06181586384773255,-0.3012387752532959,-0.14669370651245117,-0.030365772545337677,0.06442212652925314,-0.01132481000660587,-0.09331592907881306,
0.1857849359512329,-0.015054993331432343,0.10799716711044312,-0.2964451014995575,-0.14229948818683624,-0.03629130870103836,0.048217173064847185,-0.01720371880681869,-0.09442375275236614,
0.1583621621131897,0.009831631183624269,0.2198809623718262,-0.2236742228269577,-0.13138052821159363,-0.007595745846629143,0.017743709159836318,-0.031369576128875046,-0.09892261813853899,
0.1541529417037964,0.025647634267807008,0.30368363857269287,-0.1580272912979126,-0.13517552614212036,-0.0310981422662735,0.0036150966930696676,-0.03787163125453872,-0.10048787419367705,
0.23944447040557862,0.09089203476905823,0.2933604955673218,-0.12460461258888245,-0.1017528623342514,-0.07543977349996567,-0.016770673580516985,-0.0514462762219335,-0.10178004598799362,
0.23816070556640626,0.12793833017349243,0.26776885986328125,-0.09570931643247604,-0.08031441271305084,-0.09880901873111725,-0.023633557289227336,-0.05814513983202347,-0.10394625441412175,
0.22195246219635012,0.14924899339675904,0.26687858104705814,-0.06268611550331116,-0.08990179747343063,-0.13209852576255798,-0.029274796754788713,-0.06363296475560327,-0.10739147019906005,
0.1736807703971863,0.1690563201904297,0.23617463111877443,-0.03891767933964729,-0.09176595509052277,-0.16039513051509857,-0.03598798920648483,-0.07328004669745404,-0.11769859444951847,
0.12737751007080078,0.16186079978942872,0.2010053873062134,-0.029729774221777916,-0.0841759443283081,-0.1647227704524994,-0.036726312160078586,-0.07900302048701466,-0.12529184751185277,
0.09261893033981324,0.12949365377426147,0.21230571269989015,0.014345542527735233,-0.11134019494056702,-0.1858283132314682,-0.03627896636769707,-0.08985360659550412,-0.14230461067456904,
0.08512130379676819,0.1091809868812561,0.23805603981018067,0.06321454793214798,-0.12212599068880081,-0.20520281791687012,-0.0345911842901122,-0.09559512623218598,-0.15110821099477095,
0.06269471645355225,0.08503360748291017,0.23472015857696535,0.08718299865722656,-0.12518863379955292,-0.20966361463069916,-0.03071665014172443,-0.10227596225827068,-0.160532092341646,
-0.009874177724123002,0.046149364113807684,0.18197469711303713,0.09277563542127609,-0.08544094860553741,-0.1954822838306427,-0.01661344721427957,-0.11637329203880886,-0.1817788721693093,
-0.02683060169219971,0.03038269877433777,0.1521734595298767,0.10289565473794937,-0.04888906702399254,-0.18150068819522858,-0.007948993074099246,-0.1224741557330521,-0.1927936379382361,
-0.03509366512298584,0.01703418642282486,0.1414050340652466,0.11288250237703323,-0.02212429605424404,-0.17830489575862885,0.000882448923423939,-0.12684861258448668,-0.2034456463382499,
-0.05552751421928406,0.003124358877539635,0.0889238178730011,0.131924107670784,-0.016931133344769478,-0.17770567536354065,0.01956414233269107,-0.13067678973669078,-0.22360176289554548,
-0.08295688033103943,-0.003676712140440941,0.05092859864234925,0.1288614720106125,-0.024854037910699844,-0.15859749913215637,0.029646642091746694,-0.13041174974153155,-0.23360774729951353,
-0.1129113793373108,-0.014185339212417603,0.002586772106587887,0.1156788244843483,-0.003748484654352069,-0.13502852618694305,0.03946504595055203,-0.12427176504035023,-0.24324359139584448,
-0.13958698511123657,-0.018658174574375155,-0.062316685914993286,0.09870117157697678,0.02554628811776638,-0.11192560195922852,0.0587146952975296,-0.12375613937586274,-0.26019869983859156,
-0.1457838535308838,-0.01782282143831253,-0.07728511095046997,0.09144406020641327,0.04125893861055374,-0.09947531670331955,0.06665815777376222,-0.12194791875778534,-0.26669065228675193,
-0.14735419750213624,-0.018725243210792542,-0.09173107743263245,0.07506562024354935,0.03413498401641846,-0.07896897941827774,0.07377721920590433,-0.11936688604954118,-0.2723018346971268,
-0.17030699253082277,-0.02336953580379486,-0.14724572896957397,0.052894800901412964,0.03293655812740326,-0.05759711191058159,0.08591550603510985,-0.1131561371043308,-0.2808292640851631,
-0.1737154722213745,-0.027650710940361024,-0.16194483041763308,0.028526876121759415,0.02994050271809101,-0.03589234873652458,0.09037361234918473,-0.11069682929820586,-0.28391510234214873,
-0.1862065076828003,-0.035488861799240115,-0.18173400163650513,0.012015276588499546,0.02055286057293415,-0.009327314794063568,0.09377118299773231,-0.10827957094883739,-0.28610419257481223,
-0.23378472328186037,-0.054576337337493896,-0.19598151445388795,-0.024603188037872314,-0.002683220198377967,0.047198280692100525,0.09707409560892973,-0.10465736480434269,-0.28809136844141237,
-0.2589947462081909,-0.06387553215026856,-0.21271142959594727,-0.057226911187171936,0.004840209614485502,0.08940938115119934,0.09692619776305025,-0.10410388095178683,-0.28730939946457523,
-0.2542314052581787,-0.0550977647304535,-0.20847067832946778,-0.08858522772789001,0.034001756459474564,0.12190072238445282,0.09496200347303939,-0.10483916325783142,-0.2849602411461615,
-0.2014326810836792,-0.022059348225593568,-0.1810798764228821,-0.14843976497650146,0.08253786712884903,0.1428065448999405,0.08521343248696221,-0.10648187308799756,-0.27470593435101404,
-0.1718283772468567,-0.02553592622280121,-0.17181354761123657,-0.1764029562473297,0.10084709525108337,0.15399181842803955,0.07707566398595335,-0.1054977276960024,-0.26700882028324946,
-0.15079454183578492,-0.02372817546129227,-0.11398286819458009,-0.16741478443145752,0.11149974167346954,0.1579199731349945,0.0665845670935468,-0.10295962006027999,-0.25842626961361076,
-0.12178009748458862,-0.00260284636169672,-0.007849733531475068,-0.18039770424365997,0.07734470069408417,0.17636236548423767,0.03228506402031673,-0.0895321997690856,-0.23132523445031616,
-0.11256304979324341,0.012467194348573685,0.04136205017566681,-0.17740164697170258,0.1250152885913849,0.17796026170253754,0.02140407232372714,-0.07811260918197345,-0.22275450645479333,
-0.02979373335838318,0.0174515962600708,0.13308656215667725,-0.16142266988754272,0.12155317515134811,0.17935842275619507,-0.0011880852496253338,-0.0691494706313645,-0.20407878978439192,
-0.03399842977523804,0.01723834723234177,0.19059630632400515,-0.10389839857816696,0.0949881449341774,0.19973160326480865,-0.011961071451365149,-0.062086646479907685,-0.1951300857340254,
-0.010336464643478394,0.034170880913734436,0.25844173431396483,-0.07573547214269638,0.07880944013595581,0.20765450596809387,-0.021614906558365343,-0.055526104311747225,-0.18612394841050386,
0.07862520813941956,0.07622533440589906,0.2681522607803345,-0.050368860363960266,0.0787428617477417,0.2006637156009674,-0.03493010222500153,-0.04429963082717882,-0.1664174573475317,
0.13636561632156372,0.11647248268127441,0.29797062873840335,-0.012219076976180077,0.08726497739553452,0.16977104544639587,-0.0396360674346042,-0.03934439797760111,-0.156285333928468,
0.20852153301239015,0.1476960062980652,0.3535705327987671,0.06394732743501663,0.06456153094768524,0.1289581060409546,-0.04322811948938865,-0.0340404698326867,-0.14669570529186998,
0.29016566276550293,0.1822962522506714,0.5178021430969239,0.16887588798999786,0.06895574182271957,0.07043513655662537,-0.04414412388912442,-0.02368206101661734,-0.1315585655593943,
0.3183220624923706,0.1530756711959839,0.5261085033416748,0.24570807814598083,0.12434949725866318,0.03940930962562561,-0.03898875100872904,-0.02009640764607001,-0.1265836034064326,
0.2938906192779541,0.11774787902832032,0.5019796371459961,0.3118876516819,0.14485584199428558,0.030820610001683235,-0.030402929042297612,-0.016041850773539038,-0.12344713253693793,
0.19917396306991578,0.027350035309791566,0.39370996952056886,0.36268743872642517,0.13932977616786957,0.040141671895980835,-0.004288453119766809,-0.0029452565138083286,-0.12019530414397145,
0.1778929591178894,-0.015277142822742463,0.28994944095611574,0.38013115525245667,0.1274787038564682,0.04060772806406021,0.012867006663485817,0.004474466379824544,-0.11841707337090684,
0.1707448959350586,-0.04329985082149506,0.21172800064086916,0.4086269736289978,0.10850368440151215,0.03241851180791855,0.03134329788513652,0.011458685419914905,-0.11591901495333257,
0.14971138238906861,-0.08439022302627563,0.10109913349151611,0.4326625466346741,0.10357674956321716,0.02196662873029709,0.0711075192180218,0.023169764701130774,-0.11009982223443776,
0.1466431975364685,-0.10756709575653077,0.03983101844787598,0.4303322732448578,0.10184569656848907,0.014709516428411007,0.0924220163122101,0.027722842111985297,-0.10730245146450983,
0.13151017427444459,-0.11729278564453126,-0.02733558416366577,0.4063638150691986,0.09505463391542435,0.01770557090640068,0.10983406779582094,0.026632571204659266,-0.10510548605358179,
0.09406253099441529,-0.14540472030639648,-0.1485796332359314,0.35543087124824524,0.07155223935842514,0.01703978329896927,0.15370973893113885,0.03532219094684438,-0.09952924543530423,
0.08155645728111267,-0.14711370468139648,-0.1797943949699402,0.32959818840026855,0.054974060505628586,0.018437940627336502,0.17375557925570473,0.0387266152924989,-0.09657261921255836,
0.06387184858322144,-0.14841018915176393,-0.18343958854675294,0.3197444975376129,0.043122995644807816,0.021633733063936234,0.1921630604757317,0.041284742759309365,-0.09382326151979951,
0.040490451455116275,-0.14581792354583742,-0.21409506797790528,0.2848570942878723,0.026877712458372116,0.028225060552358627,0.2262850131700913,0.04437525456290535,-0.08903667545432686,
0.04794254004955292,-0.14138691425323488,-0.25512189865112306,0.23079493641853333,0.0075697931461036205,0.017505835741758347,0.24241018699924063,0.04487609098024365,-0.08675815971855265,
0.05323296785354614,-0.12471325397491456,-0.2981858730316162,0.19557462632656097,0.00284268194809556,0.015575042925775051,0.2570851628166248,0.044799630283534134,-0.08482065972930239,
0.01980678588151932,-0.0930737555027008,-0.3292374134063721,0.12453479319810867,0.011764271184802055,0.03854480758309364,0.28044382669890816,0.04396874732878069,-0.08303699811516196,
0.0007368382066488266,-0.08311063647270203,-0.3568912744522095,0.05942051112651825,0.00830216147005558,0.046134818345308304,0.2896131278002677,0.043271277511873006,-0.08220616998201156,
0.016687722504138948,-0.08096979260444642,-0.3722082614898682,0.030458630993962288,-0.004414432216435671,0.039277177304029465,0.29643400261280245,0.04208941798492583,-0.08065697229922325,
0.04292305707931519,-0.06302022337913514,-0.33832223415374757,-0.01887642964720726,-0.010140229016542435,0.029490061104297638,0.30277505484948114,0.038777337528430905,-0.07749135962771377,
0.04537284076213837,-0.062125480175018316,-0.3515549421310425,-0.08006256073713303,0.014560590498149395,0.02782558649778366,0.30388708127909453,0.03707223345383992,-0.07679889615207303,
