0.006625906378030778,-0.26206791400909424,-0.613283920288086,-0.1748003214597702,-0.012937232851982117,0.037953443825244904,0.2502029870113148,0.042628313744994734,-0.036848209648224405,
-0.0327872633934021,-0.2755232572555542,-0.6379952430725098,-0.26774463057518005,-0.04329726845026016,0.07077690213918686,0.24711428425959356,0.041944034453133994,-0.03713170166643667,
-0.06924852132797242,-0.30643692016601565,-0.5683310985565185,-0.35616159439086914,-0.08038179576396942,0.09634324908256531,0.22615447548255488,0.036601591814501594,-0.0353532859391435,
-0.0969956398010254,-0.3246220350265503,-0.5386288166046143,-0.4689464569091797,-0.1319805383682251,0.14354778826236725,0.21001259023609786,0.03144077165263826,-0.03431809866928117,
-0.10641553401947022,-0.3530235290527344,-0.5329006671905517,-0.6118916273117065,-0.12032920867204666,0.17197702825069427,0.19063246424665847,0.024098767122991475,-0.032877837543519445,
-0.034066307544708255,-0.36200172901153566,-0.37950661182403567,-0.728338360786438,-0.09389733523130417,0.21638524532318115,0.13698406456941495,0.0049570236456746,-0.026205340041597226,
0.0047100216150283815,-0.34247257709503176,-0.14276418685913086,-0.7638249397277832,-0.09316496551036835,0.23322974145412445,0.1020657877135327,-0.0034667309880632258,-0.019169677380018,
0.07902528047561647,-0.25176844596862796,0.10873920917510987,-0.7399896383285522,-0.06673309206962585,0.19048599898815155,0.06061103406541879,-0.011614788532401743,-0.009588541765835226,
0.24664864540100098,-0.067649245262146,0.8254279136657715,-0.45563066005706787,-0.09815838932991028,0.14301516115665436,-0.017480846238780438,-0.02163243878872453,0.011150272181508412,
0.24350197315216066,0.04046439826488495,1.2281644821166993,-0.09104389697313309,-0.060474660247564316,0.1299656629562378,-0.04967229531665704,-0.024697126311377382,0.019430533186926783,
0.29444422721862795,0.13865443468093872,1.4622759819030762,0.08139578998088837,0.02947360835969448,0.13882067799568176,-0.06976198206356186,-0.028172797933268517,0.027279584734526532,
0.47753114700317384,0.2878130435943604,1.2847912788391114,0.3371924161911011,0.14132636785507202,0.037420809268951416,-0.07478801265639308,-0.02779493089176863,0.04157459270533137,
0.5381389141082764,0.30999531745910647,1.0824494361877441,0.45370569825172424,0.18253879249095917,-0.06650905311107635,-0.0650303327754347,-0.022441070883147014,0.04611278394005056,
0.5090378761291504,0.25318708419799807,0.7100459575653076,0.4678870439529419,0.1676916629076004,-0.12017174810171127,-0.04702895673633784,-0.014726831312005409,0.04641237857369794,
0.273112416267395,0.053314226865768435,0.10327290296554566,0.44365447759628296,0.14472155272960663,-0.11923552304506302,-0.0003808676147808865,0.002551285842774876,0.03719282612482178,
0.18409836292266846,-0.02817221283912659,-0.07905151844024659,0.3808038830757141,0.10583939403295517,-0.09759733825922012,0.02243824957006333,0.0017745692067722108,0.03121865237241492,
0.14333324432373049,-0.08400840759277345,-0.220261549949646,0.3423211872577667,0.054839856922626495,-0.10072655230760574,0.04438408841499903,0.00932830484406143,0.026106353477874617,
0.13624818325042726,-0.13451120853424073,-0.33010401725769045,0.27987006306648254,-0.003816265380010009,-0.11950183659791946,0.08147890123145199,0.020082388984283564,0.017874047879745173,
0.12762485742568971,-0.1402388334274292,-0.4030177593231201,0.20510181784629822,-0.010008115321397781,-0.11883604526519775,0.0974008935794204,0.0228019460572083,0.012917231397164228,
0.10352256298065186,-0.1427638292312622,-0.4614538669586182,0.12127882987260818,-0.018263915553689003,-0.10798366367816925,0.11084823726840784,0.02457462411292887,0.007032645513141252,
0.07686064839363099,-0.14483299255371093,-0.528871250152588,0.0116897476837039,-0.03450920060276985,-0.1046547144651413,0.1279583207887702,0.027669866235379172,-0.004403433135382468,
0.07528465986251831,-0.14021338224411012,-0.5285310745239258,-0.07313193380832672,-0.07891741394996643,-0.09793023765087128,0.13098905460071003,0.02876131165682084,-0.009821414511293923,
0.06184714436531067,-0.14278700351715087,-0.5347288131713868,-0.15415862202644348,-0.1046169176697731,-0.09440154582262039,0.1307022930457045,0.029077590850321702,-0.015658324925704806,
0.06329975128173829,-0.13532618284225464,-0.5375767707824707,-0.2860516607761383,-0.12372510135173798,-0.08674495667219162,0.11944724170002835,0.0246628222696044,-0.02863597023480959,
0.07537563443183899,-0.13632957935333254,-0.5338941097259522,-0.41634681820869446,-0.15654855966567993,-0.07196441292762756,0.10818995499538253,0.020797732257991728,-0.035238875826984956,
0.06791680455207826,-0.12845320701599122,-0.5330398082733154,-0.5092911124229431,-0.165470153093338,-0.0631759837269783,0.09273348589037458,0.016000651002608345,-0.04165999250295151,
0.08392876386642456,-0.08783028721809388,-0.43651528358459474,-0.6991079449653625,-0.12612193822860718,-0.09133891016244888,0.04786405503270379,0.0020197778309163856,-0.052754554562788374,
0.09957163929939271,-0.042550548911094666,-0.316535496711731,-0.7328634858131409,-0.17891910672187805,-0.1233634203672409,0.018159635884610868,-0.006018726487559402,-0.057127643819141996,
0.08691136837005616,-0.12230247259140015,0.46058301925659184,-0.5189450979232788,-0.2526220679283142,-0.15838399529457092,-0.05414941264454455,-0.020766759116516993,-0.06728649184334551,
0.1980733036994934,-0.07887083292007446,0.9838382720947266,-0.1813894361257553,-0.06200633943080902,-0.21877117455005646,-0.08609387503597395,-0.03406807610354014,-0.071691981291766,
0.1802803635597229,0.016019979119300844,1.210878086090088,-0.028856879100203514,0.09512016922235489,-0.1944032460451126,-0.10591822979697829,-0.047261991280259326,-0.07810397818047309,
0.036820033192634584,0.14114410877227784,1.1749113082885743,0.2080312967300415,0.17268474400043488,-0.18994244933128357,-0.11642404200712209,-0.05584848746119327,-0.09945324615028536,
0.05721492767333985,0.09232797622680665,0.9641845703125,0.3179502785205841,0.20191341638565063,-0.1874181181192398,-0.11063346199145287,-0.05221812754184827,-0.1110284469246266,
0.060187709331512455,0.0274806946516037,0.6891286849975586,0.3557005822658539,0.23347188532352448,-0.17250441014766693,-0.09842113378925463,-0.04705832445816868,-0.12311587417230176,
0.01959122568368912,-0.019953723251819613,0.19020870923995972,0.37427613139152527,0.14785125851631165,-0.17936204373836517,-0.06268822067803488,-0.031247278856401255,-0.14718999605798733,
-0.013361968100070953,-0.03184671998023987,0.05146141648292542,0.4103619456291199,0.09026040136814117,-0.1868188977241516,-0.04343162928271944,-0.021608475915069723,-0.15798932449604033,
-0.11527497768402101,-0.0638791561126709,-0.11411607265472412,0.38133350014686584,0.12381622940301895,-0.1374172568321228,-0.004992901502500826,-0.007716045653395334,-0.17751201963613433,
-0.1845218539237976,-0.08061208724975587,-0.2775805950164795,0.30303657054901123,0.15690599381923676,-0.06165032461285591,0.016242301439378968,-0.003003114672652465,-0.18617369554168473,
-0.21552722454071047,-0.0854550302028656,-0.3559262752532959,0.22447329759597778,0.07321617007255554,-0.0021286741830408573,0.034994640772034236,0.004236877848137941,-0.1919599553275498,
-0.16780894994735718,-0.08610875010490418,-0.4088909149169922,0.17413954436779022,0.018022149801254272,-0.0001978827640414238,0.06284851845317542,0.017337505513436602,-0.1939147985468554,
-0.1567708492279053,-0.07726309895515443,-0.4016624927520752,0.13159555196762085,0.013295039534568787,0.031959787011146545,0.07275761401754505,0.019357449799889306,-0.1934859501108525,
-0.1994409203529358,-0.09955273270606996,-0.5078794002532959,0.004363025538623333,0.008834244683384895,0.07357168197631836,0.08901208621480108,0.02047995652704312,-0.1918831353294502,
-0.1810647487640381,-0.11077426671981812,-0.5504919528961182,-0.10562553256750107,-0.026718957349658012,0.10845909267663956,0.09331210915730033,0.02047913069960465,-0.18911635546359687,
-0.18276156187057496,-0.11925121545791627,-0.5570399761199951,-0.210487499833107,-0.09083455801010132,0.15832678973674774,0.09343964344079576,0.01964646378850455,-0.18536235289870268,
-0.24929566383361818,-0.14416025876998903,-0.5113345623016358,-0.33006343245506287,-0.13817225396633148,0.24514584243297577,0.08010321217254184,0.011718482279110841,-0.17452727784598598,
-0.2605050802230835,-0.15910242795944216,-0.47814083099365234,-0.43159642815589905,-0.18777363002300262,0.3314988613128662,0.06706330680558552,0.0034328841176631555,-0.166257721717562,
-0.25298562049865725,-0.17432566881179812,-0.4005918979644776,-0.5533694624900818,-0.2219952493906021,0.42450976371765137,0.04991512968438111,-0.005918241588065452,-0.15528691213454734,
-0.06973681449890137,-0.16370030641555788,-0.06355572938919067,-0.615221381187439,-0.20461812615394592,0.4955495595932007,0.0001779871508102639,-0.028721531154030658,-0.12091836147285726,
0.13592121601104737,-0.11975531578063965,0.40793657302856445,-0.34131526947021484,-0.09656035155057907,0.35460174083709717,-0.033875516577376266,-0.03881113084757985,-0.0964157547128823,
0.4237063884735108,0.01925005614757538,1.057695198059082,0.062419939786195755,-0.05801109969615936,0.13961808383464813,-0.06703126769460051,-0.04452795287792289,-0.07095006395289892,
0.6175870895385742,0.16366692781448366,1.5447516441345215,0.32034721970558167,0.035132937133312225,0.07736694812774658,-0.09122873009450165,-0.045337483722512804,-0.04235344526840339,
0.5293387413024903,0.18618848323822024,1.2746108055114747,0.4756760895252228,0.2623671591281891,0.05273270234465599,-0.08093353775684341,-0.046363008636952925,-0.03753341357965686,
0.4988691806793213,0.1591388821601868,1.0099157333374025,0.5957846641540527,0.2119668424129486,-0.018373699858784676,-0.06352432859672821,-0.04059813864437906,-0.03474336728222893,
0.4084136486053467,-0.02015592008829117,0.4385527610778809,0.637529730796814,0.1066388189792633,-0.08328825235366821,-0.011715872381993831,-0.01580744213887094,-0.03459541046028779,
0.2802510499954224,-0.08326346874237062,0.12547941207885743,0.5865302085876465,0.13113990426063538,-0.074766144156456,0.020411347138195396,-0.00776265199793756,-0.03738675004519531,
0.06777094006538391,-0.19275381565093996,-0.2718416213989258,0.47261345386505127,0.12388278543949127,-0.05452611297369003,0.07730294584128715,-0.004126534774834318,-0.04376961372555815,
0.053961348533630375,-0.22743589878082277,-0.37466623783111574,0.41728630661964417,0.0668911412358284,-0.04180951789021492,0.1047477795076541,0.003975553759218157,-0.044728987672023775,
-0.010269501060247422,-0.24916598796844483,-0.48670215606689454,0.3218119740486145,0.08739747852087021,-0.0015292060561478138,0.15062733686891497,0.015069042120347364,-0.04567872978718602,
-0.023732165992259982,-0.24161803722381592,-0.5786266326904297,0.20010550320148468,0.08280352503061295,0.0018663248047232628,0.16989519109823928,0.019088049104079616,-0.04486814556425958,
0.020034736394882204,-0.17801784276962282,-0.5563061237335205,0.06275297701358795,0.036930572241544724,0.006327119655907154,0.2038392663389478,0.02901674659729309,-0.03856862609438881,
0.004284065216779709,-0.1743432879447937,-0.575800895690918,-0.04716900363564491,-0.002084739040583372,0.008124753832817078,0.20968825644152914,0.03075685711572851,-0.03783327207367183,
-0.004856021702289582,-0.17409160137176516,-0.6018940925598145,-0.1578899323940277,-0.040500838309526443,0.04627453535795212,0.2118843197855705,0.0321731883773231,-0.036259071510244295,
-0.03860654532909394,-0.16510615348815919,-0.5781599998474122,-0.227598175406456,-0.0546821728348732,0.056794021278619766,0.20719930242049533,0.030765632379522508,-0.036401322821950625,
-0.02935418784618378,-0.20653178691864016,-0.5710599422454834,-0.352167546749115,-0.10960986465215683,0.06897798180580139,0.18903106696832958,0.02403384560133643,-0.0355806328423571,
-0.0559902310371399,-0.24741179943084718,-0.5836574077606201,-0.46621742844581604,-0.19776050746440887,0.15226835012435913,0.17503414364248052,0.01946803657537112,-0.03530107335264769,
-0.11759117841720582,-0.27001662254333497,-0.5367890357971191,-0.5785362124443054,-0.1785857379436493,0.2008710354566574,0.15639347554146601,0.012275956129093088,-0.03534418541831504,
0.014485841989517212,-0.27298407554626464,-0.4000414371490479,-0.743985116481781,-0.13943727314472198,0.22463974356651306,0.10599490572268726,-0.011840155675105895,-0.028617796273569637,
0.05116421580314637,-0.26094722747802734,-0.19421174526214602,-0.768820583820343,-0.14443045854568481,0.2340911477804184,0.07227010361894838,-0.022222683852833776,-0.021156975607866238,
0.11476593017578125,-0.2160270929336548,0.1335207223892212,-0.6317343711853027,-0.1317138671875,0.17969606816768646,0.03238028570473287,-0.031340553204950515,-0.011113034660442228,
0.2844609260559082,-0.07383223772048951,1.010567855834961,-0.24843890964984894,-0.04276427999138832,0.13695234060287476,-0.04473773266608152,-0.045229338892441386,0.010820749023789015,
0.2889988899230957,0.035826954245567325,1.3252427101135256,-0.06461422890424728,0.08653219789266586,0.12110654264688492,-0.07094373393718174,-0.04924018956129155,0.019122873823583575,
0.33386485576629643,0.14396544694900512,1.261335849761963,0.10782545804977417,0.11955539882183075,0.09194492548704147,-0.08487770861953674,-0.04948055217739489,0.026406239517751118,
0.41033363342285156,0.28733904361724855,1.0953553199768067,0.3227425515651703,0.12448224425315857,-0.014315210282802582,-0.08855375350924799,-0.037490938300910166,0.03534131614027985,
0.43781952857971196,0.2746325969696045,0.8385382652282716,0.4180171489715576,0.15157990157604218,-0.10319820791482925,-0.07803502687568323,-0.030880501119028795,0.03660249578010656,
0.3844022750854492,0.21245930194854737,0.5435073852539063,0.4345953166484833,0.15843753516674042,-0.1287645548582077,-0.060810664147245716,-0.024814632638810716,0.03425682950012556,
0.19487993717193605,0.04838850796222687,0.06493452191352844,0.40303686261177063,0.1324717253446579,-0.12976324558258057,-0.017388151309814585,-0.0106713544789182,0.02196676457630823,
0.1295083999633789,-0.006619604676961899,-0.10461701154708863,0.34964048862457275,0.10038063675165176,-0.12110796570777893,0.005155271323547206,-0.0074594960539912,0.01497128516886532,
0.09161211252212526,-0.04153028428554535,-0.21825647354125977,0.30569833517074585,0.08386903256177902,-0.11165374517440796,0.02549391835908037,-0.0005605772804376386,0.008743847561989308,
0.0533183217048645,-0.08486384749412537,-0.3604550123214722,0.23725509643554688,0.03699739649891853,-0.11211980134248734,0.059924550247815324,0.010867201289245928,-0.0018563487006824334,
0.05077096223831177,-0.08726484179496766,-0.40980200767517094,0.15942421555519104,0.008368415758013725,-0.0992700457572937,0.07396802126383925,0.015532468878203795,-0.006649572148566168,
0.03264979422092438,-0.0823572039604187,-0.4749030590057373,0.07580094784498215,-0.010140554048120975,-0.08828450739383698,0.08573521112129785,0.018794115350525133,-0.01166343593017653,
0.03484870791435242,-0.06659995913505555,-0.5465823650360108,-0.045106567442417145,-0.020327145233750343,-0.090814508497715,0.09957289305527661,0.022018297254963553,-0.02107397836023645,
0.042483627796173096,-0.061243999004364016,-0.5571328639984131,-0.13791772723197937,-0.06739851832389832,-0.10100109875202179,0.1005880950562957,0.022732726001624074,-0.02576242274966884,
0.046203747391700745,-0.06915218830108642,-0.5416383743286133,-0.2079588621854782,-0.10841120034456253,-0.10213294625282288,0.09752437918064129,0.02299855167791622,-0.03079228985017066,
0.048612743616104126,-0.07029410600662232,-0.5308717250823974,-0.33332720398902893,-0.13810545206069946,-0.08595424145460129,0.08117711718555948,0.018442658824028655,-0.043338759352927525,
0.06906030178070069,-0.06707162857055664,-0.5466125011444092,-0.4710792005062103,-0.14815889298915863,-0.08335766196250916,0.0679420698707157,0.013400791584571487,-0.04985199302807399,
0.08804784417152406,-0.05332161188125611,-0.5368452548980713,-0.5935170650482178,-0.15215377509593964,-0.09933482855558395,0.0503011048655253,0.007238899628438532,-0.05574946195944538,
0.1297568678855896,-0.027939796447753906,-0.3613351583480835,-0.692054033279419,-0.16187430918216705,-0.14447541534900665,-0.0003275357477994011,-0.00726681705629618,-0.0665056374809069,
0.14450100660324097,-0.05685847997665405,-0.12737290859222414,-0.652306318283081,-0.14549587666988373,-0.20446310937404633,-0.03268220348299195,-0.01543386467509561,-0.0722285731375481,
0.1986305356025696,-0.16410499811172485,0.2307861089706421,-0.36941203474998474,-0.1122063621878624,-0.21737945079803467,-0.07264733168093243,-0.03285950273294797,-0.07846911178454982,
0.12546465396881104,-0.11524763107299806,0.9899709701538086,-0.1526307463645935,-0.05301760509610176,-0.2747705578804016,-0.12808633199125324,-0.05297763817395168,-0.09473428719353778,
0.10850505828857422,0.001498693320900202,1.0099102020263673,0.022805005311965942,0.06389517337083817,-0.2609221041202545,-0.14029540532351667,-0.0621113747842824,-0.10452080502586031,
-0.08902435302734375,0.13494523763656616,1.0790595054626466,0.22220918536186218,0.20897087454795837,-0.20985601842403412,-0.14422670044283986,-0.07580567557168716,-0.1311292229964398,
-0.06228972673416138,0.051325160264968875,0.9270843505859375,0.3475775122642517,0.19625428318977356,-0.19567468762397766,-0.13610345188114167,-0.07496554252259897,-0.14545722953059945,
-0.03924728631973267,-0.013861228525638581,0.6990914821624756,0.38692572712898254,0.19518901407718658,-0.1868196725845337,-0.12183034158684793,-0.0697178704149317,-0.15986349727383678,
-0.08056952357292176,-0.016141459345817566,0.14109129905700685,0.3588293790817261,0.22807905077934265,-0.14673909544944763,-0.08097485472988296,-0.0570331672874943,-0.1855213189591913,
-0.1093876838684082,-0.0008775695227086545,-0.035445946455001834,0.34351620078086853,0.21183377504348755,-0.10173167288303375,-0.059714543648238076,-0.04653148385406514,-0.19703426250233294,
-0.1414833664894104,-0.008236031979322433,-0.12255103588104249,0.33832302689552307,0.12441550940275192,-0.0725700631737709,-0.04028478623584324,-0.03612790215381591,-0.20648870432819716,
-0.17957711219787598,-0.060620594024658206,-0.21806941032409669,0.32320958375930786,0.02647775411605835,-0.022436048835515976,-0.004424844064252711,-0.017412591434226316,-0.21793527089466894,
-0.21758918762207033,-0.07463076114654542,-0.28019301891326903,0.2284010350704193,0.04325566813349724,0.023969534784555435,0.013051008857724132,-0.013232662669508078,-0.22075714385563563,
-0.24416344165802004,-0.07296020388603211,-0.38972623348236085,0.1375206708908081,0.06575938314199448,0.050268251448869705,0.029554504083725917,-0.011635041195660377,-0.22185298459867425,
-0.23272147178649905,-0.07248552441596985,-0.4443088531494141,0.08432403206825256,-0.030314158648252487,0.07656696438789368,0.05104088123407481,-0.007183314532844903,-0.21834135772024557,
-0.2285247802734375,-0.08850238919258119,-0.41151409149169926,0.04317818582057953,-0.08164658397436142,0.12623491883277893,0.05666339547310562,-0.00546050743065564,-0.21504043375057233,
-0.2548578500747681,-0.09530457854270935,-0.402760124206543,-0.05895404517650604,-0.07951605319976807,0.1850907802581787,0.060929257540285144,-0.007447075992847955,-0.21154586001721068,
-0.2507184982299805,-0.11938021183013917,-0.5175511360168458,-0.17160513997077942,-0.07359062880277634,0.23562543094158173,0.06260269290759242,-0.018031918559805245,-0.199678104947137,
-0.22068068981170655,-0.133542799949646,-0.478873348236084,-0.2779318690299988,-0.09436328709125519,0.26332229375839233,0.056311518480267324,-0.02366711092481834,-0.19010405815686376,
-0.19673482179641724,-0.15503826141357424,-0.4671325206756592,-0.37553671002388,-0.12459016591310501,0.3167852461338043,0.04601457232630148,-0.029397645849646943,-0.17892136236830372,
-0.17535188198089602,-0.12384651899337769,-0.3534216403961182,-0.532929539680481,-0.1215275302529335,0.4448167085647583,0.012923558952675124,-0.04229834209384302,-0.15250037381826623,
-0.15185116529464723,-0.09706703424453736,-0.24115505218505862,-0.6581646800041199,-0.03950216621160507,0.41458985209465027,-0.011412072570509118,-0.048947971127900766,-0.13431764047528966,
0.04498351514339447,-0.05078725814819336,-0.020885954797267917,-0.32120823860168457,-0.12858490645885468,0.21471960842609406,-0.04607364857721647,-0.05571985972819685,-0.11085184183998907,
0.4218908786773682,0.10316061973571777,1.5288201332092286,0.11461810767650604,-0.1642046868801117,0.09867236018180847,-0.11098046769335591,-0.05316771982535618,-0.07299410050600984,
0.3495383739471436,0.10444148778915406,1.493134117126465,0.251637727022171,0.16948939859867096,0.19314800202846527,-0.11787980597853293,-0.059799851193218394,-0.06324384001490921,
0.26933841705322265,0.12746763229370117,1.3175035476684571,0.4851303696632385,0.23513633012771606,0.1565295308828354,-0.11362534722983295,-0.06472330080242614,-0.05582265778516542,
0.48675127029418946,0.05874094367027283,1.094191837310791,0.6681561470031738,0.12601329386234283,0.012851993553340435,-0.08535355607481833,-0.04337059934531545,-0.043680980524311984,
0.4338869094848633,0.012603747844696046,0.6853602409362793,0.7161596417427063,0.10517406463623047,-0.03901306912302971,-0.056707191386259,-0.03213858780903213,-0.04122697208174565,
0.30618579387664796,-0.043203920125961304,0.3337570905685425,0.7021114230155945,0.12967514991760254,-0.06564468145370483,-0.02264070237008238,-0.025631806923223508,-0.041420440238510915,
0.14910602569580078,-0.176756227016449,-0.17376636266708376,0.623681366443634,0.10943511873483658,-0.07516548037528992,0.04425362594528949,-0.020827606741898822,-0.045095183929847356,
0.08074555397033692,-0.21983177661895753,-0.3062243700027466,0.5532407164573669,0.06402822583913803,-0.06970600038766861,0.07881069987232146,-0.013462156394249622,-0.04743774747855586,
0.039344364404678346,-0.261572003364563,-0.4146737575531006,0.4575001001358032,0.06762348860502243,-0.03801438584923744,0.11086346207188415,-0.006872513271803824,-0.04950679746838536,
-0.025559109449386597,-0.27670674324035643,-0.5931405067443848,0.3026372790336609,0.07275007665157318,-0.0070551359094679356,0.1655601792182391,0.001987714730717132,-0.05251313339257074,
0.002341067232191563,-0.2689609289169312,-0.6318367004394532,0.20902717113494873,0.05690426751971245,-0.008852769620716572,0.18602190587486725,0.005777660296168543,-0.051674645440343406,
0.01693609952926636,-0.2561612606048584,-0.612848424911499,0.16109026968479156,0.03499976918101311,0.005861195735633373,0.20138442629830264,0.00903312905291188,-0.05021705337492806,
-0.024514195322990418,-0.24133565425872805,-0.5992047309875489,0.025202468037605286,0.02201685681939125,0.024436745792627335,0.22239790127406064,0.013697674681212564,-0.04786899416118276,
-0.023763780295848847,-0.2363891124725342,-0.6705403804779053,-0.11081862449645996,0.004173700697720051,0.018311215564608574,0.22895478260647262,0.01424830693363108,-0.04676220131743271,
-0.014950311183929444,-0.24035654067993165,-0.7186830997467042,-0.20868979394435883,-0.003882361575961113,0.019576217979192734,0.23083420935549082,0.014249693221547134,-0.0454408439242496,
