-0.0008398858830332757,-0.11125351190567018,-0.33646507263183595,-0.07032611221075058,0.01821984350681305,0.02212950959801674,0.24901780352222014,0.010736209828027475,-0.02597204325756574,
-0.02767467200756073,-0.10381909608840943,-0.31638283729553224,-0.12432170659303665,0.02640906348824501,0.050558753311634064,0.2473515497633102,0.010752626154392382,-0.025108491628713144,
-0.044290742278099066,-0.08660799860954285,-0.30016767978668213,-0.17505492269992828,0.04325355589389801,0.05455349385738373,0.24390800838915094,0.010655240348967206,-0.0236853074345605,
-0.0031806405633687976,-0.056699353456497195,-0.2738241672515869,-0.2208617776632309,0.01595623418688774,0.024791769683361053,0.23103192515735818,0.009418048566888035,-0.01813714298773511,
0.012309118360280992,-0.06529759168624878,-0.24263620376586914,-0.2370404750108719,-0.06087596341967583,0.024658609181642532,0.2214750975312438,0.009514827779433384,-0.014754925850018058,
-0.015350575745105744,-0.0742769479751587,-0.216033673286438,-0.2544841766357422,-0.08424520492553711,0.035577572882175446,0.21064014519105867,0.009622537522790138,-0.012648173430622873,
-0.02328413873910904,-0.06050805449485779,-0.16297627687454225,-0.2990921437740326,-0.04609541967511177,0.03837389126420021,0.18648502188929217,0.003846443881094937,-0.01345702006375507,
0.014484290778636933,-0.0788561761379242,-0.15944689512252808,-0.3501582443714142,-0.0034848416689783335,0.02638966590166092,0.1730532168993796,-0.0005213420980128462,-0.013991365767992647,
0.023380522429943085,-0.10102951526641846,-0.058372956514358525,-0.34103691577911377,-0.03164776787161827,0.02392624318599701,0.1404435212605255,-0.004578283941701682,-0.012282204532007767,
0.011084401607513429,-0.08317304849624635,0.013673970103263856,-0.33923929929733276,-0.028385398909449577,0.013606492429971695,0.12093178596392326,-0.005779103865697351,-0.01130830735398326,
0.022420915961265567,-0.07582855820655823,0.049831038713455206,-0.31214162707328796,-0.02405776083469391,0.011742278933525085,0.09790848882949103,-0.008395607042830683,-0.010630045025392814,
0.007048508524894715,-0.08240039348602296,0.18293302059173586,-0.27425816655158997,-0.02285933867096901,0.017468076199293137,0.06372004952911939,-0.01161061086879707,-0.00996436201361214,
-0.009338758140802384,-0.06085857152938843,0.21876485347747804,-0.22951704263687134,-0.021993812173604965,0.021928871050477028,0.04844379991967325,-0.01294121452858092,-0.009635285770120482,
-0.01733459681272507,-0.048764085769653326,0.2635820865631104,-0.1878385692834854,-0.021394601091742516,0.03777467831969261,0.03426445191863499,-0.014219156527717575,-0.00896458698140208,
-0.04580028951168061,-0.01587756872177124,0.3133159637451172,-0.14429588615894318,-0.008544848300516605,0.06533839553594589,0.010586068580819319,-0.016551698241179465,-0.006737783353834064,
-0.05398432016372681,0.010078462958335878,0.3169803380966187,-0.0843081921339035,-0.028651714324951172,0.08471289277076721,0.0014134773269103254,-0.01751802474904447,-0.004402095130731236,
-0.05845209360122681,0.028974297642707827,0.3304909229278565,-0.05514657869935036,-0.04110199213027954,0.10002607107162476,-0.006236639251624618,-0.018007317750320977,-0.0011829128186843403,
-0.02255411148071289,0.0554295301437378,0.30012700557708744,-0.010072575882077217,-0.02798592485487461,0.11147766560316086,-0.015541065945868217,-0.020479627541998204,0.007646503331609564,
0.007154261320829392,0.06828140020370484,0.3028446435928345,0.03220510482788086,0.003372798440977931,0.10402081161737442,-0.01815690719599689,-0.0221538981407129,0.013053638043564242,
0.04107947647571564,0.07839138507843019,0.30174002647399906,0.06229882687330246,0.03792731463909149,0.08457973599433899,-0.019238148387732988,-0.0232696028725689,0.01882094342956767,
0.08713524341583252,0.0694374978542328,0.261783766746521,0.11469652503728867,0.04764785245060921,0.05774838477373123,-0.016689191071297807,-0.02209217146496566,0.02926872592122215,
0.08957142233848572,0.05389751791954041,0.23812711238861084,0.1530459076166153,0.04418576508760452,0.045697327703237534,-0.013124423744205952,-0.019665473481363143,0.03312117393235299,
0.08239483833312988,0.04563538134098053,0.19442149400711062,0.16110196709632874,0.05157604068517685,0.040104687213897705,-0.007793273559945575,-0.01712790928597677,0.03612949453911361,
0.08343756198883057,0.03465933799743653,0.07595649957656861,0.14372484385967255,0.07687606662511826,0.03038414940237999,0.007288148391837473,-0.012484435711144166,0.0408537097077836,
0.09645878076553345,0.034541869163513185,0.03823968768119812,0.15810590982437134,0.06742184609174728,0.008213333785533905,0.015205300157168413,-0.009581737147066286,0.04294214647941941,
0.10275707244873047,0.03522310853004456,0.034441211819648744,0.17854566872119904,0.037461284548044205,-0.009230371564626694,0.022577104350857472,-0.005894929111024206,0.044733357987461156,
0.08698763251304627,0.030040863156318667,-0.013257342576980592,0.17388513684272766,0.010896250605583191,-0.02893776446580887,0.04081518566149613,-0.004821444631753061,0.04580025553202497,
0.08248042464256287,0.024113065004348757,-0.06745792627334594,0.14179404079914093,0.006169140338897705,-0.045582521706819534,0.05051004884811795,-0.004422677098356644,0.045184837658842195,
0.08329204320907593,0.01706140786409378,-0.1114893674850464,0.10803848505020142,0.006701772566884756,-0.04664778709411621,0.05943664927184879,-0.00354621205273129,0.0439108611926585,
0.06758711338043213,-0.007112746685743332,-0.1498289942741394,0.07594739645719528,-0.0009548160014674067,-0.047446735203266144,0.07378162738418188,-0.001955521152302546,0.03975362613391032,
0.0772457778453827,-0.012481476366519929,-0.14842891693115234,0.053576838225126266,-0.01726667769253254,-0.06142833083868027,0.0788395218884292,-0.0010809972588203148,0.03759302198532729,
0.09440937638282776,-0.010754486173391344,-0.15225894451141359,0.024148907512426376,-0.022459842264652252,-0.08253388106822968,0.08616512270593042,-0.0001842157831198493,0.032461538874575445,
0.09334378242492676,-0.010014169663190842,-0.1552804470062256,-0.0032150729093700647,-0.02345852740108967,-0.09824652969837189,0.08851378992803288,-0.00018221876994648978,0.028931575963899468,
0.09335046410560609,-0.013774842023849487,-0.15757098197937014,-0.022190095856785774,-0.01606825552880764,-0.11422550678253174,0.08985437541958254,-0.00012048563976279471,0.024672782947998528,
0.08378257751464845,-0.024906280636787417,-0.1375094771385193,-0.03996669873595238,-0.00794561393558979,-0.12254787981510162,0.0896143646283617,0.0005386855952865702,0.014212927107770274,
0.06837129592895508,-0.0327435314655304,-0.1273815393447876,-0.052416976541280746,-0.012739304453134537,-0.12760788202285767,0.08822051693068744,0.001531664845165532,0.008236323325712095,
0.05889129638671875,-0.03627814650535584,-0.12034947872161866,-0.06639856845140457,-0.018132206052541733,-0.14418606460094452,0.08627165919489903,0.002803419433148489,0.002067408595126431,
0.05643083453178406,-0.04276460707187653,-0.11946442127227784,-0.0834427997469902,-0.050822507590055466,-0.1519758105278015,0.08067741309230621,0.00495157439818416,-0.011091447596827446,
0.031064072251319887,-0.04642297625541687,-0.11365575790405275,-0.0948943942785263,-0.07352595776319504,-0.14491842687129974,0.07697375852464942,0.005634695200644816,-0.01868338812849773,
0.01009330376982689,-0.05194656848907471,-0.10314484834671021,-0.09635913372039795,-0.09250097721815109,-0.1362631469964981,0.07272098948420892,0.005224509098160961,-0.026750715788048277,
0.0024863755330443386,-0.05687983632087708,-0.07238463163375855,-0.13757196068763733,-0.07765378803014755,-0.12241549044847488,0.06301052323658661,0.0010801065714121736,-0.042790276678642415,
0.0063363216817379,-0.05713993906974793,-0.0921048939228058,-0.16220620274543762,-0.06254035234451294,-0.12527839839458466,0.05791001254137268,-0.002286835967716162,-0.0503177096192123,
0.014280928671360016,-0.055581122636795044,-0.07239565253257751,-0.14842434227466583,-0.06700114160776138,-0.1357978731393814,0.051472936542352514,-0.0053539447715186235,-0.057280389923865804,
0.035263606905937196,-0.041363960504531866,0.021181368827819826,-0.12558773159980774,-0.0845780074596405,-0.14984604716300964,0.03552451247405326,-0.010346111380635443,-0.07092675398055914,
0.04581704437732697,-0.037643232941627504,0.03321802616119385,-0.14416328072547913,-0.06753377616405487,-0.15710316598415375,0.028585003432629937,-0.013306885884112052,-0.07871664225377263,
0.04245010316371918,-0.026790013909339907,0.02066081613302231,-0.14742565155029297,-0.058412447571754456,-0.1598329097032547,0.02248067476708024,-0.016952738201477965,-0.08693800382370524,
0.031065198779106143,0.005663397908210755,0.08120014071464539,-0.12825089693069458,-0.045895591378211975,-0.18786267936229706,0.009073787703444686,-0.023298446498180386,-0.10436519198589357,
0.04742068946361542,0.01266556978225708,0.11151791810989381,-0.1199285238981247,-0.04176769033074379,-0.21016664803028107,0.0024498563463075263,-0.026036073159332047,-0.11348837143554873,
0.04381396770477295,0.0024848828092217446,0.12826353311538696,-0.09789086878299713,-0.04429769515991211,-0.19978031516075134,-0.0033754756266782273,-0.02849733200871699,-0.123610875356388,
-0.022510676085948946,0.007948888838291169,0.18627604246139529,-0.07398899644613266,-0.03451057896018028,-0.19425426423549652,-0.013268694197327615,-0.033310739269161505,-0.14537593766041784,
-0.02808240056037903,0.06049368381500245,0.20339667797088623,-0.05834292247891426,0.0004434109723661095,-0.22927483916282654,-0.01686959979057738,-0.036084130081326396,-0.1551797527196239,
-0.017315852642059325,0.09710500836372377,0.22211410999298098,-0.036771319806575775,0.015823164954781532,-0.24625247716903687,-0.019585474213147547,-0.03851722270867664,-0.16495028035830797,
-0.062402427196502686,0.03360836207866669,0.2640003919601441,0.037131402641534805,0.02567686140537262,-0.22687798738479614,-0.02253159332657273,-0.040413902665407404,-0.18821879711519698,
-0.10312312841415405,-0.029185149073600772,0.28167841434478763,0.08140645921230316,0.023546332493424416,-0.17707687616348267,-0.02236104425270547,-0.04018362265854907,-0.20098590642903302,
-0.16115852594375613,-0.085490220785141,0.18917218446731568,0.07654618471860886,0.07241534441709518,-0.12634365260601044,-0.015581609016962506,-0.0390490512484352,-0.22368016211148084,
-0.16534539461135866,-0.08559442162513733,0.12471123933792115,0.0996491089463234,0.0748787671327591,-0.07927227765321732,-0.010359581815305021,-0.03775002074899896,-0.232180083933269,
-0.18334296941757203,-0.0766681432723999,0.12203465700149536,0.12488256394863129,0.049911629408597946,-0.04977777227759361,-0.005598817956061898,-0.03455305066226813,-0.23897208779831383,
-0.1675756573677063,-0.047415262460708624,0.08240349292755128,0.14638759195804596,0.013293163850903511,-0.03080274909734726,0.005464958225401995,-0.027403374862094036,-0.24644617831098156,
-0.15948804616928103,-0.03386587202548981,0.05624868273735047,0.15391357243061066,0.0010422066552564502,-0.022076135501265526,0.012190258801650297,-0.025240235235200005,-0.24822546185627545,
-0.15917246341705324,-0.03179442286491394,0.027844756841659546,0.15378041565418243,-0.004683590028434992,-0.005764273460954428,0.0195098844857404,-0.024078034907658738,-0.2495981609963278,
-0.14571678638458252,-0.03830341994762421,-0.029079079627990723,0.13713565468788147,-0.007479908876121044,0.03591419756412506,0.030589938144047694,-0.0013499495849628115,-0.2505643308993019,
-0.15090897083282473,-0.04489206075668335,-0.05880520939826966,0.11429904401302338,-0.0012214803136885166,0.06847134232521057,0.03788932598862104,0.00046670247123032147,-0.2500189579052459,
-0.13550271987915039,-0.0488623708486557,-0.08211948275566101,0.10650929808616638,-0.004483852535486221,0.08937715739011765,0.045037464697702236,-1.762160745289201e-05,-0.24803345767578824,
-0.11789462566375733,-0.04077525436878204,-0.08844032883644104,0.09425875544548035,-0.0038180623669177294,0.10522297024726868,0.05690238151708188,-0.0013825767068441977,-0.24055097013183097,
-0.09904593229293823,-0.03972396850585938,-0.1039125680923462,0.07741426676511765,-0.007746225222945213,0.11407797783613205,0.06222638330548586,-0.0025134978519494454,-0.2355550245388586,
-0.08463597893714905,-0.041174438595771794,-0.12415482997894288,0.06356582790613174,-0.015935445204377174,0.11840561777353287,0.06715337407610646,-0.0037264697343601175,-0.23028517395542575,
-0.056718152761459355,-0.03470391929149628,-0.13919596672058107,0.03493684530258179,-0.00614832853898406,0.11813930422067642,0.07496886665805276,-0.0070795897125863335,-0.21909543922382216,
-0.046025538444519044,-0.0383754163980484,-0.15112273693084718,0.0014475933276116848,0.008166163228452206,0.12333246320486069,0.07781935687453688,-0.009263596846842009,-0.2134322201380972,
-0.051275467872619634,-0.04334540665149689,-0.1615856647491455,-0.017327692359685898,-0.009743595495820045,0.1367148458957672,0.07964328474182342,-0.011137302537931541,-0.20766410893713713,
-0.07806636691093445,-0.0584298849105835,-0.15158206224441528,-0.03856640309095383,-0.04183468967676163,0.158885657787323,0.07960650802140379,-0.013892328370844984,-0.19529563689755042,
-0.07904923558235169,-0.06400191783905029,-0.14887512922286988,-0.05674247816205025,-0.0518881231546402,0.16993777453899384,0.07822773503444674,-0.016483608212996447,-0.18857822860512552,
-0.06665467023849488,-0.0717224419116974,-0.1475955367088318,-0.0823754072189331,-0.0500904880464077,0.1781269907951355,0.0761291634415355,-0.02020619681271717,-0.1814255255063386,
-0.021773505210876468,-0.07609864473342896,-0.11537611484527588,-0.09349410235881805,-0.03584257513284683,0.1836530566215515,0.06906868952810032,-0.029097496019483603,-0.16568508343875354,
-0.010762450844049455,-0.06237629652023316,-0.05642605423927308,-0.10754227638244629,-0.02199413813650608,0.19756807386875153,0.06376128626180627,-0.03335337654363781,-0.1572214963891997,
-0.012343572080135347,-0.0663158118724823,-0.025783932209014895,-0.13084493577480316,-0.01953071355819702,0.22499863803386688,0.0579069400333263,-0.03701111700887479,-0.14833083903076563,
0.017384827136993408,-0.06101772785186768,0.04851896762847901,-0.12631756067276,0.013359327800571918,0.21760836243629456,0.041624590617406754,-0.042189894509957346,-0.12850848062162715,
0.06707190275192261,-0.04943121671676636,0.12257894277572633,-0.09362725913524628,0.04298699274659157,0.19157595932483673,0.03329661069653879,-0.04433610745609641,-0.11704287427934396,
0.09030609130859375,-0.02931784987449646,0.1832308888435364,-0.04682275652885437,0.03473128378391266,0.19497045874595642,0.025132379796487008,-0.04501158270325762,-0.10573865750232617,
0.05433525443077088,-0.0031154613941907884,0.23559415340423584,-0.020257720723748207,0.055836837738752365,0.20249389111995697,0.01331664688077944,-0.04218610153528442,-0.08658731954678621,
0.08413878679275513,0.015669783949851992,0.2223444700241089,-0.028180625289678574,0.09012503921985626,0.2032262682914734,0.009960755174366991,-0.04082494254152797,-0.0770179655471546,
0.10650558471679689,0.03935278654098511,0.2157986879348755,-0.01919245533645153,0.10170978307723999,0.1929730921983719,0.007548689730066238,-0.0386161636027261,-0.06731375325039185,
0.18264194726943972,0.07388272881507874,0.34267487525939944,0.10963796079158783,0.0506436713039875,0.1279919594526291,0.0024686307486789898,-0.029966439152239243,-0.04783806948104099,
0.2309198617935181,0.06800417304039001,0.45638465881347656,0.2189607322216034,0.03746102377772331,0.07499506324529648,0.0013352374904303426,-0.025034243271387476,-0.038850299876684445,
0.2595690727233887,0.05927616357803345,0.49835910797119143,0.2507189214229584,0.08346713334321976,0.05115976557135582,0.004492821564217509,-0.021738842659883014,-0.03142447127751803,
0.254784369468689,0.034403023123741154,0.3414041519165039,0.29639214277267456,0.14005930721759796,0.02372920513153076,0.024694777881428615,-0.01766871529304939,-0.022949093452649155,
0.24059038162231447,0.006180009245872498,0.29620938301086425,0.3506540358066559,0.1264106184244156,-0.00010608602315187454,0.037609220271520284,-0.013039467873958292,-0.020161962471628117,
0.22148871421813965,-0.01614965945482254,0.26178832054138185,0.37442275881767273,0.09678293764591217,-0.0337950736284256,0.05193912031043719,-0.006514307120588273,-0.017677795981174665,
0.17129194736480713,-0.06462673544883728,0.08600298166275025,0.37815117835998535,0.05490472912788391,-0.05330273136496544,0.08692360271920847,0.006113909094507511,-0.014681117546654498,
0.12452751398086548,-0.09722191095352173,0.0063311740756034855,0.3641029894351959,0.022946797311306,-0.049840621650218964,0.10212998922411176,0.006177238529416443,-0.015475085858784689,
0.0831802248954773,-0.12156232595443726,-0.06948440074920655,0.34146612882614136,-8.95469420356676e-05,-0.04777667298913002,0.12122694678793508,0.009887596523596599,-0.016897568059150103,
0.05031921267509461,-0.14449433088302613,-0.18625922203063966,0.27295631170272827,0.027074698358774185,-0.05589931458234787,0.15823158832260284,0.014505322479667971,-0.02042030744915206,
0.055058979988098146,-0.14750368595123292,-0.2438208341598511,0.2195599526166916,0.030869701877236366,-0.029067963361740112,0.1750905418418836,0.01579611399868229,-0.0225437982430908,
-0.009162893891334534,-0.14676411151885987,-0.2891486167907715,0.15571065247058868,0.018219687044620514,-0.0028358260169625282,0.20269496661750921,0.02081484806697149,-0.025492822860108552,
-0.0010916380211710931,-0.1446879506111145,-0.3002226829528809,0.09585610032081604,0.02680838108062744,-0.0057653035037219524,0.21337658284933897,0.022637665606336555,-0.02551111419724082,
0.019929975271224976,-0.1463603973388672,-0.3171310901641846,0.06230027228593826,0.014424681663513184,0.0042215511202812195,0.22192224699974697,0.023535901818457206,-0.02511048911472713,
-0.004489541426301003,-0.13637243509292604,-0.27132225036621094,0.03640102967619896,-0.008145608939230442,0.020333673804998398,0.23209767917000107,0.025709269046270338,-0.023790140126399864,
-0.0009130151942372323,-0.12728240489959716,-0.27183897495269777,-0.022055767476558685,0.011362113058567047,0.020466063171625137,0.23514867681934412,0.0258508164339683,-0.023177469013974734,
0.019411908090114595,-0.1159219264984131,-0.30298881530761723,-0.09462690353393555,0.02021712437272072,0.020798958837985992,0.2373687573891162,0.02498531545404942,-0.022731626348043536,
