0.024524386227130893,-0.13624683618545533,-0.37629687786102295,-0.05216367170214653,-0.014734553173184395,0.032024309039115906,0.2592740796190555,0.047512032326187295,-0.04172863401192607,
0.013429734110832215,-0.13631528615951538,-0.3674059391021729,-0.09038003534078598,-0.04362985119223595,0.04487406462430954,0.25856144649122315,0.04710809324322324,-0.040752606044253924,
0.029406696557998657,-0.1235970139503479,-0.3814183473587036,-0.15409617125988007,-0.06946250796318054,0.04973433166742325,0.2517981873316147,0.04248003977504838,-0.039984367147899276,
0.03225273489952087,-0.13506289720535278,-0.40034074783325196,-0.2192770391702652,-0.10328465700149536,0.06344961374998093,0.24566085943709376,0.038682629636722365,-0.04039559402681176,
0.02984587550163269,-0.15322619676589966,-0.4081314086914063,-0.28212761878967285,-0.14223340153694153,0.056525394320487976,0.23722690678505032,0.03413390423915287,-0.04106626939185603,
0.07722097039222718,-0.1924999475479126,-0.41459045410156253,-0.37733563780784607,-0.21467137336730957,0.03348904848098755,0.21208603681246305,0.02098650363009674,-0.04428689942941052,
0.08286892771720887,-0.18737791776657106,-0.368964958190918,-0.4484420418739319,-0.23870640993118286,0.03342247009277344,0.19511031405222048,0.012470967613143456,-0.04784525040466079,
0.03479643166065216,-0.17283000946044924,-0.2698129177093506,-0.5206809043884277,-0.24809394776821136,0.05985318124294281,0.15333813352876208,-0.009026039745006417,-0.057091856044525165,
-0.01208721473813057,-0.16628183126449586,-0.1545897960662842,-0.6001762747764587,-0.18970413506031036,0.12629905343055725,0.12815539314396573,-0.02121107837045027,-0.060429565953898395,
0.016507780551910402,-0.14575707912445068,-0.0012576894834637642,-0.5952494144439697,-0.10914351791143417,0.13342301547527313,0.09953277196859163,-0.03450574495234796,-0.060954417718665534,
0.08886450529098511,-0.18562369346618654,0.5133748531341553,-0.37147730588912964,-0.1327124983072281,0.1482701301574707,0.03704722701450134,-0.052813083220613184,-0.05251073525939047,
0.09872881770133973,-0.15496156215667725,0.7705085277557373,-0.1769333779811859,-0.11400378495454788,0.1614527851343155,0.010097422244194097,-0.05898023895645621,-0.046110155233446824,
0.15499985218048096,0.0019161613658070565,0.801750659942627,-0.0914459154009819,0.013295319862663746,0.1777646392583847,-0.020766696720891313,-0.07156335239531507,-0.02987968652418355,
0.1887565016746521,0.07389510869979858,0.7854056835174561,0.0421781912446022,0.07914197444915771,0.1560598760843277,-0.029300411669541917,-0.07346925498208969,-0.020583511668953492,
0.22619056701660156,0.12755048274993896,0.8140468597412109,0.18465732038021088,0.0640285387635231,0.11804325878620148,-0.03477653789881061,-0.07085580335791784,-0.011678191840107625,
0.30142199993133545,0.18253000974655154,0.606684160232544,0.29218244552612305,0.06442800909280777,0.03535210341215134,-0.027748670061722394,-0.06204529390966572,0.002164160416701261,
0.31716666221618656,0.17197195291519166,0.42770137786865237,0.31821486353874207,0.1031104251742363,-0.031226927414536476,-0.015637888409476452,-0.058814288519790994,0.005919589298606414,
0.2786478281021118,0.14064832925796508,0.258730411529541,0.3311977684497833,0.10284411162137985,-0.05646038055419922,-0.0004223926003129755,-0.055046090162710316,0.00686016791158887,
0.16575911045074465,0.03817858099937439,0.06717357635498047,0.34691041707992554,0.057437215000391006,-0.07916382700204849,0.033018291856364373,-0.04433132749825911,0.003323709730744579,
0.1429728388786316,0.00543355867266655,-0.018358634412288667,0.31808170676231384,0.05057957395911217,-0.09893780201673508,0.05101548872149812,-0.04041362183136442,0.0003671112579073426,
0.12518038749694824,-0.02092816084623337,-0.08771865963935853,0.27959901094436646,0.08400224894285202,-0.10286596417427063,0.06892257392118965,-0.042603577530074065,-0.0035958211111519413,
0.10811430215835571,-0.048225861787796025,-0.1914730191230774,0.23259422183036804,0.10018095374107361,-0.10126806795597076,0.10087832672782011,-0.03363509625775449,-0.01180613911220113,
0.10053250789642335,-0.05417410731315613,-0.22239439487457277,0.19158153235912323,0.09605304896831512,-0.10772623121738434,0.11414108828692682,-0.027268873756451574,-0.015029546745185012,
0.09913341999053955,-0.06247686743736267,-0.25250351428985596,0.1439109593629837,0.055506423115730286,-0.11045597493648529,0.12574726304639405,-0.02058556349872754,-0.018018408793986317,
0.0749264657497406,-0.08151097893714905,-0.30322229862213135,0.07054086029529572,0.04458746314048767,-0.10539596527814865,0.14354066468862037,-0.008648934655306839,-0.024895974370055918,
0.07108485102653504,-0.08687032461166383,-0.3113991975784302,0.01621237024664879,0.04185771942138672,-0.10140122473239899,0.14916946666334385,-0.004108097652975088,-0.028819765859122902,
0.06367012262344361,-0.09526313543319703,-0.32191855907440187,-0.027729786932468414,0.03306929022073746,-0.10053569823503494,0.15250121882027756,0.0003845922647941587,-0.032526283663256966,
0.05116040110588074,-0.10356143712997437,-0.31474750041961674,-0.07446826249361038,0.016158217564225197,-0.090016208589077,0.15250705607831846,0.008673636016412611,-0.0398466644615999,
0.042224800586700445,-0.09828990101814271,-0.3148011922836304,-0.10995488613843918,-0.015333662740886211,-0.08721989393234253,0.14985876011163313,0.012116061665083968,-0.043527753227326986,
0.004838023707270623,-0.10183080434799195,-0.33009736537933354,-0.15835782885551453,-0.06912951916456223,-0.06218617409467697,0.1404435811344707,0.016376094676255497,-0.051605776700605885,
0.011815180629491807,-0.10518230199813844,-0.3280634164810181,-0.2142176330089569,-0.07445584237575531,-0.0497358962893486,0.13331969163204202,0.015925201996747837,-0.05612283954793603,
0.0628704071044922,-0.10227560997009277,-0.3373439311981201,-0.2895185351371765,-0.04649265110492706,-0.06032196432352066,0.12451732680394399,0.013628703860509853,-0.060353240250859606,
0.1335278630256653,-0.07826319336891174,-0.2967187166213989,-0.33931964635849,-0.06014135107398033,-0.09201358258724213,0.09927175016479205,0.009557129797947268,-0.06773637757137152,
0.14101258516311646,-0.05118386745452881,-0.23037559986114503,-0.35882729291915894,-0.10048824548721313,-0.12510335445404053,0.08279128053803952,0.008485129614382001,-0.07211761422001944,
0.1600972652435303,-0.03149155378341675,-0.17870426177978516,-0.3730086088180542,-0.14336512982845306,-0.1551305055618286,0.06516774872095175,0.00623365326812744,-0.07785202156586728,
0.17155717611312868,0.006862964481115341,0.00659463107585907,-0.38465994596481323,-0.15714699029922485,-0.19640949368476868,0.027903821079469784,-0.006986379903606545,-0.09355049667656354,
0.19737521409988404,0.0231208473443985,0.13949731588363648,-0.361623615026474,-0.11933010816574097,-0.27989959716796875,0.008913344598818743,-0.014521911827468967,-0.10277032436033195,
0.21140303611755373,0.014768707752227784,0.3214823484420777,-0.2449105679988861,-0.08537480235099792,-0.30819568037986755,-0.010085649612785434,-0.022306069921871875,-0.11384237075954566,
0.04199846088886261,-0.02826177775859833,0.7017716884613038,-0.09224486351013184,-0.027717361226677895,-0.26538535952568054,-0.0400410949029044,-0.03577351671569533,-0.14356872884405367,
0.0038006119430065155,0.0014401204884052277,0.6914943218231202,-0.024533994495868683,0.07448144257068634,-0.2242395281791687,-0.04644198824146755,-0.0411849080292391,-0.15852449252852602,
-0.02801855802536011,0.037269997596740725,0.602038335800171,0.033589497208595276,0.11196544021368027,-0.2008037120103836,-0.04868501657840204,-0.04342640751170058,-0.17256119014148336,
-0.04010736048221589,0.07423757314682007,0.49170613288879395,0.11887723207473755,0.12068729102611542,-0.20759478211402893,-0.04618685147820293,-0.038098995715740304,-0.19595097778781378,
-0.02918135225772858,0.05554788112640381,0.4336997985839844,0.17959731817245483,0.1001143679022789,-0.21718215942382812,-0.04120273555354079,-0.03332733249676006,-0.2069689072252146,
-0.045953464508056645,0.022540743649005893,0.3491951942443848,0.2160160392522812,0.10963517427444458,-0.20885977149009705,-0.03344013080560798,-0.028675997459501744,-0.21831838269626394,
-0.13002390861511232,-0.02996465265750885,0.18321149349212648,0.23871907591819763,0.10504128783941269,-0.15346680581569672,-0.012282319357240825,-0.0196117352772138,-0.24089768135516434,
-0.17704992294311525,-0.05220934748649597,0.05133458375930786,0.25696173310279846,0.06249729171395302,-0.12730123102664948,0.012301367304550014,-0.0084350110650222,-0.25849957119395556,
-0.18070424795150758,-0.076347815990448,0.010892673581838609,0.26821357011795044,0.03366857022047043,-0.1004033088684082,0.025047488433493657,-0.003573655420308672,-0.26529395532944827,
-0.179422402381897,-0.08919864892959595,-0.03038730323314667,0.2516354024410248,0.0389283150434494,-0.05959036573767662,0.0350166033315975,0.007335209535407925,-0.2711830902868668,
-0.18918384313583375,-0.10655381679534913,-0.15715196132659914,0.21375194191932678,0.045453060418367386,0.007654453627765179,0.0584486238876553,0.018684858433761282,-0.2794380305181864,
-0.2007089138031006,-0.1031240701675415,-0.18939598798751833,0.18625479936599731,0.012696175836026669,0.060984257608652115,0.07020113618778795,0.021194962679025802,-0.28037260099955147,
-0.19972394704818727,-0.10186705589294434,-0.22182488441467285,0.15769240260124207,-0.027850452810525894,0.09194350987672806,0.08095091367811648,0.023087435069216868,-0.2789884887684587,
-0.1761112689971924,-0.09788606762886048,-0.2981536865234375,0.10962233692407608,-0.04988810792565346,0.12603196501731873,0.0994926903548651,0.0210257421397124,-0.27229318683446846,
-0.16353275775909426,-0.09912071824073793,-0.3314586162567139,0.05382910743355751,-0.054814957082271576,0.1673109531402588,0.10668309285374374,0.017203422288441742,-0.26774665443624823,
-0.16290569305419922,-0.09888132810592652,-0.3524986267089844,-0.004427540116012096,-0.06573392450809479,0.18954835832118988,0.11209906168726344,0.012464187653353618,-0.2622561978549175,
-0.1604691505432129,-0.12569994926452638,-0.3723568916320801,-0.045972853899002075,-0.11200634390115738,0.21538101136684418,0.11596370615368348,0.0006822330344999855,-0.24773987684407803,
-0.18957228660583497,-0.14598089456558228,-0.34158353805541997,-0.09757159650325775,-0.1422332227230072,0.27297189831733704,0.11441811208184864,-0.006953872851997088,-0.23985860845348714,
-0.21715078353881836,-0.17408242225646975,-0.3465110301971436,-0.1658816784620285,-0.1253887265920639,0.3480064570903778,0.11152432160031044,-0.016619195270829817,-0.23126228423864367,
-0.16385313272476199,-0.18124914169311523,-0.2986318349838257,-0.2704107463359833,-0.020260443910956383,0.4141194224357605,0.09726054992210711,-0.03958926096901009,-0.20709805044388313,
-0.05777491331100464,-0.14870477914810182,-0.2423107385635376,-0.33818820118904114,0.04079252853989601,0.3785662353038788,0.08384037867498935,-0.049199191713821734,-0.1890744126804901,
0.037333044409751895,-0.10959019660949708,-0.14164148569107057,-0.3101584315299988,0.006104852072894573,0.3107887804508209,0.06606160027997958,-0.05437808133493986,-0.16854293067148707,
0.15476354360580447,-0.022173261642456057,0.2707056045532227,-0.20276646316051483,-0.034774668514728546,0.26824477314949036,0.025187537019486447,-0.057885722023361494,-0.13189061651659384,
0.19877681732177735,0.01815560758113861,0.4024979114532471,-0.16241957247257233,0.07721125334501266,0.22197234630584717,0.00956951170231047,-0.059902942206735726,-0.11729095917062485,
0.29243447780609133,0.06480144262313843,0.47961006164550785,-0.09297764301300049,0.14691950380802155,0.19340993463993073,-0.003020068737911661,-0.06116980734666239,-0.1038220323227926,
0.3427184104919434,0.11275714635848999,0.7261735439300537,0.07839718461036682,0.1338033527135849,0.13848301768302917,-0.0213874604779289,-0.05046551463352369,-0.08276899519963811,
0.3717527389526367,0.12921266555786134,0.7519910335540771,0.1987054944038391,0.11569386720657349,0.08308926224708557,-0.023465528055474773,-0.04231193286287765,-0.07457592136806987,
0.37012312412261966,0.12799924612045288,0.6797037601470948,0.2510366141796112,0.16050155460834503,0.04833501577377319,-0.019216086636930047,-0.03538978911184618,-0.06839602627480217,
0.3313311576843262,0.0887946367263794,0.47309217453002933,0.33918723464012146,0.1748160421848297,-0.001932153943926096,0.0016755226099803456,-0.021762880995202075,-0.06126282395510604,
0.30174505710601807,0.038676208257675176,0.40452437400817876,0.40043994784355164,0.1489167958498001,-0.02956245094537735,0.01598446678182285,-0.012946702257682624,-0.059572883337029245,
0.20348289012908938,-0.052082902193069464,0.1962046265602112,0.4254070818424225,0.12767808139324188,-0.03189271688461304,0.05276194518907061,0.003981315041308815,-0.058986335858957205,
0.14387062788009644,-0.08000322580337525,0.0778243660926819,0.4158862829208374,0.1103675439953804,-0.010254532098770142,0.07407503790204818,0.011130236376228283,-0.059399081952078034,
0.09179449677467347,-0.0927743434906006,-0.012122605741024018,0.4003733694553375,0.09019409865140915,-0.005926895886659622,0.09140835769109738,0.013127277145999615,-0.05958861258951392,
0.09010972976684571,-0.11749001741409303,-0.14762252569198608,0.36854860186576843,0.08140566200017929,-0.024702182039618492,0.13361653660285863,0.023631321845141478,-0.05690644025835883,
0.09101260900497438,-0.12823809385299684,-0.18471604585647583,0.35183724761009216,0.0664253830909729,-0.022904548794031143,0.15330673590146643,0.02778503584161712,-0.055534400101246384,
0.056510263681411745,-0.14318746328353882,-0.25719394683837893,0.29937300086021423,0.06203116849064827,-0.018044278025627136,0.1904416852279616,0.035562953078751375,-0.053678043449131095,
0.052238589525222784,-0.1454511284828186,-0.3070258140563965,0.23865291476249695,0.04565272480249405,0.00019837450236082077,0.20746671337204478,0.03878562897299291,-0.05264292585825301,
0.02905366122722626,-0.14066753387451172,-0.3658430814743042,0.1180117055773735,0.02707717940211296,0.02057155780494213,0.24582105243382862,0.04448579465210935,-0.0480989152416934,
0.047063332796096806,-0.13910399675369264,-0.3755137205123902,0.07353691756725311,0.016757428646087646,0.011383650824427605,0.25412222575266213,0.044676568189340245,-0.04626234244854399,
0.04987118840217591,-0.14109991788864137,-0.3817067384719849,0.03066002018749714,0.013694793917238712,0.011050757020711899,0.260302706476152,0.04488720424278656,-0.04455933210615181,
0.03127726912498474,-0.17090784311294557,-0.41602563858032227,-0.03671795502305031,0.0288082342594862,0.032622359693050385,0.2669100594815381,0.04510703599771398,-0.04249921735895544,
0.02510424554347992,-0.1835297465324402,-0.43359241485595706,-0.09810382127761841,0.03253665566444397,0.047070011496543884,0.2671531193253592,0.04503199447754237,-0.041090506649759106,
