0.024222308397293092,-0.35480282306671146,-0.5319537639617921,-0.07512737810611725,0.005238167941570282,-0.015901269391179085,0.3487682197296013,0.008357608834408156,-0.14358498471269024,
0.03487460017204285,-0.3456256628036499,-0.5185307025909424,-0.23584914207458496,-0.03417661786079407,-0.024556543678045273,0.34722988993881576,0.008237015431736086,-0.14113196758922986,
-0.0025791415944695474,-0.35539495944976807,-0.4828311920166016,-0.3198052942752838,-0.03930320218205452,-0.023557856678962708,0.33936502586068296,0.009226983242272392,-0.14170605220467686,
-0.011500301212072373,-0.3913176774978638,-0.49875636100769044,-0.44577282667160034,-0.05201979726552963,-0.03121444582939148,0.3117188527678951,0.009286338183760495,-0.14491678154502832,
-0.04552624821662903,-0.4188379287719727,-0.4800003528594971,-0.5271989703178406,-0.14070306718349457,0.020517461001873016,0.291977017606785,0.00914886290634839,-0.14687942939786064,
-0.10655022859573365,-0.44606900215148926,-0.42466397285461427,-0.6052961945533752,-0.20175603032112122,0.07437989115715027,0.2684962655548271,0.007981436930158906,-0.14967180431935476,
-0.03615909516811371,-0.4249745845794678,-0.30991806983947756,-0.8168177604675293,-0.1162019819021225,0.107070192694664,0.21152926536755437,-0.0073240115576553525,-0.1568337855575879,
-0.04251101016998291,-0.4212244033813477,-0.1344361186027527,-0.8371243476867676,-0.12838594615459442,0.13856208324432373,0.1751453958713312,-0.017002310413464356,-0.15754289344670877,
-0.021495139598846438,-0.420714282989502,0.3707744121551514,-0.5247355699539185,-0.2576824128627777,0.1690552830696106,0.13167333788998115,-0.024383000969401575,-0.1544428435336358,
0.07000434398651123,-0.24919250011444094,1.2549628257751466,-0.2758631408214569,-0.14656201004981995,0.18789714574813843,0.05964703414185327,-0.0475244958617843,-0.1438714035828436,
0.10584734678268433,-0.12021872997283936,1.2465590476989747,-0.11507479846477509,0.019952133297920227,0.23330403864383698,0.04017225811864951,-0.06055412797808264,-0.13640583181405558,
0.11904573440551758,-0.01051023080945015,1.3225040435791016,0.1059005856513977,0.08360175043344498,0.1664579212665558,0.02604212144383991,-0.0666022679542648,-0.12594396325972726,
0.32732169628143315,0.16372710466384888,1.1709370613098145,0.3326021730899811,0.10577256977558136,0.032500915229320526,0.020004860593616832,-0.06288267273460443,-0.10308868181393878,
0.3336944341659546,0.14886889457702637,0.8049049377441406,0.39625173807144165,0.1204199567437172,-0.04246707260608673,0.03158860854809035,-0.058457401561906375,-0.09692574274097013,
0.27986233234405516,0.08399425745010376,0.5084897041320801,0.42927491664886475,0.14671868085861206,-0.07156210392713547,0.04874995751983708,-0.053257668225949406,-0.09439319232860877,
0.14076857566833498,-0.10176867246627808,0.07758808732032776,0.4212188720703125,0.10677125304937363,-0.08820686489343643,0.09074378043064725,-0.03918342644391788,-0.09504008609982932,
0.08900375962257386,-0.1543813705444336,-0.08035549521446228,0.3790077567100525,0.06788910180330276,-0.09240134060382843,0.10768124472333447,-0.03695328763268073,-0.09453135711316026,
0.062138915061950684,-0.19061791896820068,-0.21010982990264893,0.313027948141098,0.06369461864233017,-0.08514422923326492,0.12913292168364648,-0.03064957517764725,-0.09611356139619945,
0.002536904625594616,-0.22446417808532715,-0.3893142700195313,0.21275992691516876,0.05756935104727745,-0.056049197912216187,0.16546213994028688,-0.020712616973764943,-0.09970630092420021,
-0.021466682851314547,-0.22851305007934572,-0.4382072448730469,0.1468466967344284,-0.0010201933328062296,-0.04313286393880844,0.1789384993106095,-0.015950162428076543,-0.10028663420390392,
-0.032639697194099426,-0.22616207599639893,-0.4540456771850586,0.0782037153840065,-0.04462945833802223,-0.045929186046123505,0.1892894347641684,-0.012361780566250244,-0.10050347833090625,
-0.017253389954566958,-0.21730566024780273,-0.5375574111938477,-0.05954829603433609,-0.06027552857995033,-0.05112234503030777,0.20171651470307675,-0.011299262897085719,-0.10402660648603639,
-0.014670851826667787,-0.21801862716674805,-0.5653729915618897,-0.17745976150035858,-0.07465659826993942,-0.039004966616630554,0.20248312168472477,-0.01208462926543479,-0.1071557843359976,
-0.02732033133506775,-0.2236574649810791,-0.568095350265503,-0.2600177526473999,-0.09909110516309738,-0.038938384503126144,0.19884850584128586,-0.013193841819150022,-0.11051877088851154,
0.011056854575872422,-0.22421929836273194,-0.5697795867919923,-0.4217382073402405,-0.16367276012897491,-0.04007022827863693,0.1786924548560585,-0.018055955896694877,-0.11764754169299173,
0.02105849534273148,-0.228012490272522,-0.5814960479736329,-0.5784652233123779,-0.12785322964191437,-0.03301285207271576,0.1622412488717882,-0.022637864867968167,-0.12251938118963047,
0.05659251213073731,-0.22169909477233887,-0.5427093505859375,-0.6651511192321777,-0.06253921240568161,-0.03314600884914398,0.1400085018153145,-0.029238111496930792,-0.12773941555750612,
0.08344720602035523,-0.2123039960861206,-0.08057290315628052,-0.634125292301178,-0.1184656023979187,-0.16124406456947327,0.07865778899499123,-0.03779032083213067,-0.1339544576704492,
0.2385572910308838,-0.23192212581634522,0.3929364919662476,-0.3528289198875427,-0.2195991426706314,-0.27735790610313416,0.04404390236080339,-0.040990110138007664,-0.13760867284087377,
0.25567753314971925,-0.2520477771759033,0.9926763534545899,-0.1680055409669876,-0.06693343073129654,-0.2318844050168991,0.014778606423262048,-0.04713492907122357,-0.1471547986225064,
-0.048643586039543156,-0.185987389087677,1.1865930557250977,0.02260836586356163,0.18773165345191956,-0.10032773017883301,-0.00965469402291944,-0.06348822496422499,-0.17425491476614063,
-0.1231202244758606,-0.10247019529342652,1.269408416748047,0.291321337223053,0.14139264822006226,-0.11537458002567291,-0.012724136696238654,-0.05808449171073907,-0.18375931997253292,
-0.04107085764408112,-0.038980069756507876,1.1234854698181154,0.42474570870399475,0.0983160212635994,-0.16178016364574432,-0.007775686764768359,-0.04867559342258542,-0.1900979360340384,
0.013860499858856202,-0.055971312522888186,0.4792493343353272,0.49265632033348083,0.14918239414691925,-0.17835834622383118,0.028234452751896528,-0.035415276627668045,-0.2050445037182528,
-0.024884705245494843,-0.0867160975933075,0.21395454406738282,0.4660246968269348,0.18573428690433502,-0.15365752577781677,0.05310535556598244,-0.02835627140722542,-0.21207956644382975,
-0.04709614217281342,-0.1291408658027649,-0.0145401269197464,0.4268096685409546,0.11562656611204147,-0.13601407408714294,0.0777484245873879,-0.017740422527134706,-0.21806425677507307,
-0.055332022905349734,-0.1701347589492798,-0.14413784742355348,0.40670278668403625,0.03586489334702492,-0.13135355710983276,0.10167889882501528,-0.006707287566504948,-0.22216044652353487,
-0.09015172719955444,-0.22263107299804688,-0.2787424325942993,0.3425205945968628,0.0008443226106464863,-0.10019455850124359,0.14468679100974982,0.007167709920351907,-0.23001602006279814,
-0.1216271996498108,-0.234499192237854,-0.37048912048339844,0.26835158467292786,0.05430728569626808,-0.06257741153240204,0.1639207114857514,0.00993856505328685,-0.2346456130964418,
-0.12892316579818727,-0.24120590686798096,-0.41993741989135747,0.18386277556419373,0.06156439706683159,-0.02342894673347473,0.18049666421297314,0.012850088900020462,-0.23761294693852264,
-0.13878841400146485,-0.26937475204467776,-0.49280772209167484,0.06774894148111343,-0.004948053043335676,0.010659517720341682,0.2043449177210645,0.020295751375370853,-0.23684024110964252,
-0.14984910488128664,-0.28255198001861576,-0.518895435333252,-0.023930376395583153,-0.05161995068192482,0.04181850329041481,0.21054188400857526,0.021583799483754367,-0.23548724468808324,
-0.16898406744003297,-0.2904961347579956,-0.49750943183898927,-0.12526366114616394,-0.0514867939054966,0.08649303019046783,0.212547350625999,0.020019833723678535,-0.2349229636227846,
-0.22390754222869874,-0.3260753870010376,-0.5875393867492676,-0.29623860120773315,-0.06819812953472137,0.13702651858329773,0.20620050493344538,0.012235913301648381,-0.23228954218049305,
-0.20072660446166993,-0.3453179597854614,-0.5805490970611572,-0.4366537630558014,-0.07185997813940048,0.1657220721244812,0.19516338245979978,0.006060942035707151,-0.22877366990928347,
-0.22205934524536133,-0.3745802402496338,-0.5164133071899414,-0.5403172969818115,-0.11906450241804123,0.28696247935295105,0.1778239445768986,-0.0008806989149004097,-0.2242733408255705,
-0.24140524864196777,-0.3587825775146485,-0.2978557348251343,-0.8282050490379333,-0.0241228137165308,0.4179900288581848,0.1282482479994542,-0.019511206670175984,-0.2081842254125335,
-0.09625933766365052,-0.38346049785614017,-0.11462799310684205,-0.6921840906143188,-0.08018235117197037,0.39888182282447815,0.09317772810157408,-0.03034445513640235,-0.19250947424470463,
0.0842986285686493,-0.3652127981185913,0.5888034820556641,-0.2863848805427551,-0.23284806311130524,0.25334006547927856,0.04880809896933323,-0.03627668248580581,-0.1718499865096707,
0.3972390413284302,-0.12111345529556275,1.459971618652344,-0.028923528268933296,-0.10142111033201218,0.15353862941265106,-0.01186524496229832,-0.05154690760892265,-0.1364298901264324,
0.38361353874206544,-0.03812591731548309,1.4210548400878906,0.23120073974132538,0.15464183688163757,0.16958416998386383,-0.0198102860973658,-0.0626359487881408,-0.12655513934032198,
0.36285173892974854,-0.007510002702474594,1.6065481185913086,0.5279434323310852,0.16110000014305115,0.07424300909042358,-0.02129114434339462,-0.06443896432109653,-0.11799521247165241,
0.40276355743408204,-0.18089691400527955,1.2553881645202638,0.77302086353302,0.09851571172475815,-0.022296587005257607,0.009767440677533556,-0.048669233893003976,-0.10354850302729904,
0.2784658670425415,-0.2709963083267212,0.7293839931488038,0.8342069983482361,0.01389376726001501,-0.07043322175741196,0.04369686326514855,-0.04171233701265655,-0.10132643934111635,
0.1807729959487915,-0.3510128736495972,0.2904355525970459,0.8173624873161316,-0.02159285545349121,-0.09513404220342636,0.08334483277477965,-0.03696789473835763,-0.10098112473676879,
0.011632749438285829,-0.44852962493896487,-0.39350826740264894,0.5818058848381042,0.04991301894187927,-0.09307008981704712,0.15875229704314436,-0.037442788819031216,-0.10488515471173222,
-0.013406777381896974,-0.45229501724243165,-0.6307921886444092,0.49092552065849304,0.0754127949476242,-0.08428166061639786,0.1964021537804656,-0.03520486270703263,-0.10856964351209332,
-0.03688398897647858,-0.44081006050109867,-0.5480963706970216,0.4511112570762634,0.051910389214754105,-0.08567982167005539,0.22569504947034955,-0.030264736141128748,-0.10992442863099833,
-0.04579150676727295,-0.4523371696472168,-0.5423105716705322,0.30983057618141174,0.016956401988863945,-0.06517347693443298,0.274724344143636,-0.01933207799514011,-0.11021773307468889,
-0.060637748241424566,-0.4141111850738526,-0.5868796348571778,0.20436939597129822,0.07907463610172272,-0.036011867225170135,0.2946755033591663,-0.015324416309617736,-0.11097882975893841,
-0.06308665275573731,-0.37410049438476567,-0.5654612064361573,0.13759063184261322,0.15018104016780853,-0.029021069407463074,0.30948721544124436,-0.012182277770331264,-0.11117519160055254,
-0.024282036721706392,-0.3317466259002686,-0.5277173519134521,-0.02719247341156006,0.04398748651146889,-0.04073897749185562,0.3275423581051446,-0.003613006501589334,-0.10291128916066876,
-0.0442019671201706,-0.32998590469360356,-0.6507668018341065,-0.1513623595237732,-0.06154027208685875,-0.01883447729051113,0.33188263698781284,0.0015146037166290831,-0.09748022321074304,
