0.007201221585273743,-0.11629310846328736,-0.42690725326538087,-0.053295787423849106,-0.03071347437798977,0.010452189482748508,0.20499503165702584,0.0195998516145934,-0.06327602171366012,
-0.015621493756771089,-0.11852301359176637,-0.41555037498474123,-0.10629270225763321,-0.06573404371738434,0.016976933926343918,0.2006035501869866,0.01650469983435771,-0.06450309049825138,
-0.027464759349823,-0.11891433000564576,-0.414470911026001,-0.14550773799419403,-0.08590748906135559,0.020771939307451248,0.1953834362322827,0.0134528158290675,-0.0656939595638356,
-0.049924987554550174,-0.12706282138824462,-0.426926326751709,-0.20709334313869476,-0.0727248415350914,0.04294275492429733,0.18863623359663745,0.009473185861392173,-0.06732903765240973,
-0.052237898111343384,-0.14819072484970094,-0.4318753719329834,-0.3019684851169586,-0.10707961767911911,0.07576622068881989,0.16826205175350933,0.0006565271762671778,-0.06809539552823213,
-0.027263787388801575,-0.15314868688583375,-0.407884168624878,-0.38106435537338257,-0.18391183018684387,0.10166545957326889,0.15346836716143372,-0.005576137119297053,-0.06744391848699181,
-0.003960264474153519,-0.12329709529876709,-0.3174724102020264,-0.4124230742454529,-0.21140895783901215,0.10699178278446198,0.1354454207436477,-0.01456848138670803,-0.0670206129013698,
0.0815812349319458,-0.13591915369033813,-0.15406813621520998,-0.4855268597602844,-0.16999681293964386,0.08515386283397675,0.0936077049772468,-0.037625980383919344,-0.06536614763555844,
0.07834252715110779,-0.15019811391830445,-0.030384060740470887,-0.5355276465415955,-0.1436980962753296,0.08834965527057648,0.06835427984107165,-0.04791698495983115,-0.06371910358232333,
0.05606557130813599,-0.15565611124038697,0.21679430007934572,-0.4208786189556122,-0.15688073635101318,0.10046704113483429,0.04052874256761708,-0.05630035882135663,-0.061041973086810315,
0.0706603765487671,-0.08067276477813722,0.5746281147003174,-0.2704765796661377,-0.13211333751678467,0.1215725913643837,-0.006395657591283947,-0.07238862315921571,-0.051930867709872784,
0.10569053888320923,-0.0005576461087912322,0.6465332508087158,-0.20775912702083588,-0.026252679526805878,0.12949548661708832,-0.023321582759312048,-0.07971836806740275,-0.045249759249494384,
0.16050618886947632,0.13869202136993408,0.7901506423950195,-0.09077978134155273,0.04312266781926155,0.12922917306423187,-0.04865443824698421,-0.08283517189097747,-0.03138219584302131,
0.2233808994293213,0.19841902256011965,0.8324182510375977,0.062485143542289734,0.07428165525197983,0.08135885745286942,-0.05520293474629073,-0.07969798372759695,-0.02504298556074305,
0.2578683376312256,0.23099892139434816,0.7389920711517335,0.16734711825847626,0.09944853186607361,0.023501675575971603,-0.0550147491163591,-0.07549763308954742,-0.020598069259902256,
0.22463829517364503,0.20676827430725098,0.4504323959350586,0.244046151638031,0.12388303130865097,-0.019042320549488068,-0.0397892974609186,-0.06532641895920291,-0.018350687760492215,
0.21526644229888917,0.1642958760261536,0.30271434783935547,0.2692791819572449,0.14445601403713226,-0.0572594553232193,-0.027540609742638066,-0.05929968136986911,-0.01928957088666555,
0.18070685863494873,0.11131045818328858,0.1826593279838562,0.2832607626914978,0.14618706703186035,-0.073504738509655,-0.013788511375213839,-0.05240542957093823,-0.0215855152815257,
0.12186909914016725,0.027554601430892944,0.004285355284810066,0.28113025426864624,0.12148625403642654,-0.08149421960115433,0.015732291339704173,-0.037646806521634185,-0.028579222300758763,
0.09601043462753296,0.0007013699505478144,-0.0750065565109253,0.25816047191619873,0.10590676218271255,-0.08149421960115433,0.0311559275883535,-0.0348322728050464,-0.032450690595523135,
0.0791931688785553,-0.01136549785733223,-0.14125463962554932,0.23106282949447632,0.08120594173669815,-0.07656737416982651,0.04526345642487292,-0.028660730650865905,-0.03592766632457551,
0.08139009475708009,-0.02017260789871216,-0.2199779272079468,0.18658803403377533,0.052643537521362305,-0.09141449630260468,0.06976367374425052,-0.018564468816568567,-0.04222898196262695,
0.07873305082321168,-0.020435555279254915,-0.2549431085586548,0.1491706222295761,0.04185773432254791,-0.1006024032831192,0.08007944008367666,-0.014711104916260495,-0.04579530268514039,
0.06830450892448425,-0.030165687203407288,-0.28424785137176517,0.11281847208738327,0.021417971700429916,-0.10206714272499084,0.0889510283102718,-0.010972187623523056,-0.04985168116948676,
0.05056456923484803,-0.04249956607818604,-0.3280344009399414,0.041179440915584564,0.003974266815930605,-0.10140135139226913,0.1013889810368057,-0.005365547343980857,-0.05901329019619597,
0.04267864525318146,-0.055231505632400514,-0.3239488124847412,-0.004094300791621208,-0.013269701041281223,-0.10386477410793304,0.10426406406691532,-0.0033996872225837767,-0.06381392097277383,
0.043536981940269476,-0.0702694594860077,-0.3270878553390503,-0.051498569548130035,-0.023722609505057335,-0.10639477521181107,0.10520519486699752,-0.0019824573318306324,-0.0688025605099431,
0.041109046339988714,-0.08100576996803284,-0.3380800247192383,-0.0837893933057785,-0.032244723290205,-0.10366503894329071,0.10419328241049333,-0.001112189801905771,-0.07418307739454219,
0.015178713202476503,-0.0983234465122223,-0.31104154586791993,-0.10556074231863022,-0.05980844050645828,-0.09860502928495407,0.09673720449593617,-0.0007160916376361257,-0.0853289381771821,
0.009877094626426698,-0.10200006961822511,-0.3264732599258423,-0.16042186319828033,-0.08783821016550064,-0.0800960585474968,0.0914754230812465,-0.0020042129036485393,-0.09101709636121827,
0.02223504185676575,-0.08269659280776978,-0.31556286811828616,-0.23152826726436615,-0.1020195409655571,-0.050734709948301315,0.07562874680751362,-0.00824995820829773,-0.10120178011363332,
0.06061099767684937,-0.05791670083999634,-0.28305008411407473,-0.2955772876739502,-0.11307166516780853,-0.05093444883823395,0.06423169233182308,-0.012675251577877498,-0.10490088394303396,
0.08064280152320863,-0.02378625273704529,-0.21557316780090333,-0.3365899920463562,-0.1327124834060669,-0.08142764121294022,0.05037698324676735,-0.01762190674486313,-0.1083752465006025,
0.1379311800003052,0.01241963729262352,0.035840994119644164,-0.3172820508480072,-0.1381053775548935,-0.14121562242507935,0.017943203530252017,-0.03273913506582097,-0.11796396004127677,
0.11373076438903809,0.014905905723571778,0.18425153493881227,-0.29045072197914124,-0.10548165440559387,-0.16451826691627502,0.002288697513335579,-0.03953016173362104,-0.12546650108047006,
0.10136123895645142,0.0367490291595459,0.28919122219085697,-0.25050419569015503,-0.019461406394839287,-0.18036575615406036,-0.011984814930485893,-0.04646521526072384,-0.1338809689009229,
0.0724324643611908,0.08168939352035523,0.5122246265411378,-0.1684788167476654,0.012563107535243034,-0.20366841554641724,-0.03637339230748409,-0.053368747956707395,-0.15285804705326125,
0.07079929113388062,0.11065976619720459,0.532093620300293,-0.05189894139766693,-0.008209548890590668,-0.27364298701286316,-0.04312506391027139,-0.054183810709320206,-0.1643631032076521,
0.011621277779340744,0.1273849368095398,0.5027679920196534,-0.013216523453593254,0.016158374026417732,-0.2679837644100189,-0.04537954143352848,-0.05593433880163609,-0.17712322747438522,
-0.20507495403289797,0.08942748904228211,0.5339366912841798,0.07127226889133453,0.09119293838739395,-0.17470653355121613,-0.04249518707426259,-0.05853608163819395,-0.20450987803474163,
-0.19114265441894532,0.04054665863513947,0.48646206855773927,0.1469060480594635,0.10004794597625732,-0.1312970072031021,-0.037840968894373016,-0.05574829181616845,-0.21486339589864797,
-0.14998533725738525,0.014570462703704835,0.3938022136688233,0.1979721635580063,0.09485478699207306,-0.13289490342140198,-0.030715205142283267,-0.05126727558961759,-0.2228337055279304,
-0.1647447943687439,0.00642172247171402,0.16816586256027222,0.2275998294353485,0.07994107902050018,-0.10386644303798676,-0.009722066560293443,-0.04241623271682515,-0.23687361318758807,
-0.16234112977981568,0.0025145933032035828,-0.004257547482848167,0.20835848152637482,0.061964746564626694,-0.06837982684373856,0.014641771555252127,-0.02899449656131105,-0.24748110579967886,
-0.1596722960472107,-0.02161586880683899,-0.07249414324760438,0.20070189237594604,0.03153813257813454,-0.03908505290746689,0.03645510058851402,-0.010367749979642668,-0.25444836080362054,
-0.15373400449752808,-0.022971318662166597,-0.11177467107772827,0.17626740038394928,0.039527613669633865,-0.021241873502731323,0.046893625937379536,-0.00829347764042056,-0.2564669216385961,
-0.15516804456710817,-0.027912479639053345,-0.15274275541305543,0.14730551838874817,0.03719734773039818,-0.0031989566050469875,0.05660883879729954,-0.006267458978754679,-0.2576979936434495,
-0.17305101156234742,-0.056866502761840826,-0.19133751392364504,0.11035415530204773,0.006038363091647625,0.036815039813518524,0.0722648201087274,-0.002428169921093685,-0.2576356146177481,
-0.17052890062332154,-0.06344128251075745,-0.19153656959533694,0.09470808506011963,-0.018729036673903465,0.0661098062992096,0.07816083985034576,-0.002169720516237207,-0.25599961798799487,
-0.17186623811721802,-0.0827190399169922,-0.23537626266479494,0.050499606877565384,-0.02964799664914608,0.10492537915706635,0.08769514865072323,-0.005323416347995403,-0.2500967214099864,
-0.1610369086265564,-0.08698050975799561,-0.25245461463928226,0.0132819302380085,-0.03703826665878296,0.13814832270145416,0.09061085078709906,-0.008150326767528908,-0.24562251054368417,
-0.1486522436141968,-0.09335790276527406,-0.2645324945449829,-0.020207321271300316,-0.03916879743337631,0.16830861568450928,0.09199299557241332,-0.011474771651021216,-0.24009820296801052,
-0.09340843558311462,-0.07740097045898438,-0.2792332410812378,-0.05669263005256653,-0.027650626376271248,0.18388810753822327,0.09006759775667741,-0.019829916764395356,-0.22552972811287855,
-0.06497411727905274,-0.07199642658233643,-0.27640225887298586,-0.10935746133327484,-0.03177839145064354,0.17110340297222137,0.08644767179315013,-0.02370148198059674,-0.21688020638698144,
-0.07002429962158203,-0.0846445918083191,-0.27798659801483155,-0.13479065895080566,-0.0833105593919754,0.16844023764133453,0.08115395669610126,-0.02718623975704429,-0.2083562206499666,
-0.1485687255859375,-0.1018882155418396,-0.18862870931625367,-0.15576305985450745,-0.11247217655181885,0.21770872175693512,0.0664572353531422,-0.038112357995116815,-0.19303141457697565,
-0.12277559041976929,-0.09794722199440004,-0.16832045316696168,-0.2282010316848755,-0.033309709280729294,0.26830875873565674,0.05748125879292592,-0.045816486468751895,-0.18357953841419933,
-0.08092501759529114,-0.08879361152648926,-0.12898138761520386,-0.28086504340171814,-0.00021993106929585338,0.29134511947631836,0.0455792344706526,-0.05144922701331032,-0.17141793081584117,
0.034671440720558167,-0.034272012114524845,0.16595380306243898,-0.22314102947711945,-0.05947526544332504,0.26351508498191833,0.013003547124924783,-0.05475117553295449,-0.14211110527434542,
0.12872016429901123,0.02860817015171051,0.31522631645202637,-0.16115595400333405,-0.0670652762055397,0.20579107105731964,-0.0020620304454204534,-0.057382709713313,-0.1278982574235853,
0.1998977541923523,0.07580112218856812,0.4255728244781494,-0.11974379420280457,-0.010007048025727272,0.16624313592910767,-0.014002268741590364,-0.06059782537580981,-0.11594697495289026,
0.2819292306900025,0.12320303916931152,0.6993282794952393,0.012815050780773163,0.11875678598880768,0.1423412561416626,-0.030645185707174314,-0.06182409983068347,-0.09836152878986716,
0.3169161319732666,0.1370007038116455,0.7312631130218507,0.129860982298851,0.1664273887872696,0.10572278499603271,-0.03280010243792929,-0.05645693830744857,-0.09156540208436721,
0.3329757928848267,0.13477288484573366,0.6747468948364258,0.23791873455047607,0.16476289927959442,0.053924307227134705,-0.02962199229132096,-0.04797453904776409,-0.08602535874875494,
0.3083514451980591,0.10144325494766236,0.4389208316802979,0.31182149052619934,0.17468318343162537,-0.000537339597940445,-0.008893485299653931,-0.03057598791076777,-0.080263163845684,
0.2756107091903687,0.053693318367004396,0.33396711349487307,0.3640194237232208,0.1742837131023407,-0.025371316820383072,0.006326117254221003,-0.02180126831307575,-0.07977273203453758,
0.222145676612854,0.008572193980216981,0.2381134033203125,0.39378026127815247,0.15424342453479767,-0.03649001568555832,0.02371350722672225,-0.012730231714299297,-0.08021791778802109,
0.15073591470718384,-0.057861077785491946,0.01356106847524643,0.3813299834728241,0.12721233069896698,-0.03981896489858627,0.06294251746549842,0.00338468574640854,-0.0815072566413397,
0.1003954291343689,-0.0689819097518921,-0.07063393592834473,0.3620220720767975,0.12394995242357254,-0.027302108705043793,0.08001314376391057,0.004608877667541549,-0.08194934229550334,
0.07503669857978822,-0.0828578770160675,-0.12006027698516847,0.3421149253845215,0.108037568628788,-0.020377889275550842,0.09885625047454948,0.011268586485522314,-0.08183693805826403,
0.05944305658340454,-0.09284182786941529,-0.22736542224884035,0.3019677698612213,0.0996486097574234,-0.028633689507842064,0.13425457378211375,0.02273562447980254,-0.07986884491093744,
0.037939369678497314,-0.10783926248550416,-0.25464165210723877,0.2631513774394989,0.07747793197631836,-0.02064574882388115,0.1500036275374383,0.027967956111111504,-0.07894161279990203,
0.024239866435527804,-0.11016618013381958,-0.2829998016357422,0.21521447598934174,0.07448187470436096,-0.01199047639966011,0.16420951795658356,0.03237667263946318,-0.0779551299986629,
0.013533596694469453,-0.1058122992515564,-0.3238426208496094,0.18172521889209747,0.07062029093503952,-0.007463102228939533,0.1875457179359786,0.039472784585893705,-0.075129305914346,
0.010141763836145401,-0.10825968980789186,-0.33960933685302735,0.13105857372283936,0.04032682999968529,0.0011921720579266548,0.19671184268974878,0.0424963581394765,-0.07344419544045025,
0.010908715426921844,-0.11030429601669312,-0.3661381721496582,0.09197668731212616,0.009633899666368961,0.004854018799960613,0.2043207772536251,0.044589007535698444,-0.07198291705048376,
0.011904656141996385,-0.12009490728378297,-0.39363181591033936,0.04803453013300896,-0.01113875675946474,0.012377449311316013,0.210331937976515,0.04571767459769935,-0.07092179513096564,
0.008060549199581147,-0.11773514747619629,-0.46587610244750977,-0.045375846326351166,-0.016864553093910217,0.02675851806998253,0.21654774045788858,0.044696711723755556,-0.07035182165559585,
