-0.03971339166164398,-0.18345518112182618,-0.42362413406372074,-0.0746677964925766,-0.020060807466506958,0.017775624990463257,0.26984607583368136,0.03554433785540445,-0.11473243155298,
-0.05470307469367981,-0.15545482635498048,-0.45590262413024907,-0.19158057868480682,-0.028449764475226402,0.056458041071891785,0.26424933264484574,0.03300265294281555,-0.11507326633132509,
-0.040305718779563904,-0.13681738376617433,-0.4240166187286377,-0.2600238025188446,-0.036106355488300323,0.06451410055160522,0.2561101238101714,0.030411911598381455,-0.11446086840743364,
-0.015219445526599885,-0.11785880327224732,-0.39388575553894045,-0.30536413192749023,-0.06739849597215652,0.048868030309677124,0.2448747487230723,0.02703765336719591,-0.11331934788985787,
0.027681830525398257,-0.12960853576660156,-0.32242419719696047,-0.3611573576927185,-0.11766566336154938,0.0324895903468132,0.215161022962576,0.018941528274791605,-0.1130672971665599,
0.027558910846710208,-0.14014973640441894,-0.2806896686553955,-0.40336844325065613,-0.1317138373851776,0.0408785454928875,0.19755238446419648,0.013759084059695361,-0.11487414352117667,
0.02058876007795334,-0.13027857542037966,-0.23679213523864748,-0.4614253640174866,-0.12052855640649796,0.055126458406448364,0.17825033874496313,0.007290131206772433,-0.11701556585489617,
0.013128030300140382,-0.10870062112808228,-0.09654625654220582,-0.513756513595581,-0.10228590667247772,0.062050677835941315,0.13304716992444665,-0.006187581126292373,-0.11837877893620162,
0.03301589787006378,-0.1199198842048645,0.035215127468109134,-0.506432831287384,-0.12339145690202713,0.06158462166786194,0.1053736047741642,-0.012840584898537887,-0.11726889405312402,
0.014448046684265137,-0.1032673478126526,0.22414901256561282,-0.4157521426677704,-0.14862491190433502,0.07110542804002762,0.07880374924564457,-0.019004226679523346,-0.11598357897348485,
0.01635829955339432,-0.04747162461280823,0.5957378387451172,-0.22160771489143372,-0.15068885684013367,0.07782990485429764,0.033463795048890035,-0.034288111291511755,-0.11158950773632191,
0.007831515371799469,0.002049965038895607,0.6129293441772461,-0.15982237458229065,-0.06406953930854797,0.11218468844890594,0.019730187069126014,-0.0425664595564299,-0.10853142185553111,
0.025875368714332582,0.057020616531372074,0.5822953224182129,-0.09444176405668259,0.023415299132466316,0.1443423628807068,0.009844187295328512,-0.048574887118270155,-0.10391103343830356,
0.07632777690887452,0.1332181930541992,0.6216593265533448,0.030127594247460365,0.059567708522081375,0.13994814455509186,-0.0038881920395598063,-0.04870789257058787,-0.09005431556302582,
0.14464826583862306,0.1530323028564453,0.5825282573699951,0.13798561692237854,0.05044638365507126,0.07829596102237701,-0.005510616775558781,-0.04580908202771718,-0.0822602939267439,
0.1723733425140381,0.15874283313751222,0.5208653926849366,0.21062368154525757,0.04278973862528801,0.039880506694316864,-0.0025569800124237976,-0.04273310757342087,-0.07640522889493992,
0.15360924005508425,0.12742594480514527,0.2658688068389893,0.22840027511119843,0.09299032390117645,-0.002596914302557707,0.01574314563448828,-0.03809262903179016,-0.07099967894283785,
0.14374598264694213,0.09471954703330994,0.16990610361099245,0.242648184299469,0.12235167622566223,-0.027231154963374138,0.02731965002744928,-0.0341900548525596,-0.07032895778934661,
0.10740858316421509,0.059956771135330204,0.1300120234489441,0.26115715503692627,0.1125645563006401,-0.025766415521502495,0.03908969519394755,-0.02830050192879919,-0.07061694509554349,
0.099369215965271,0.012555326521396638,-0.01577247232198715,0.2522355616092682,0.09552032500505447,-0.039681434631347656,0.06561523709447775,-0.02011703658515514,-0.07139275696364701,
0.1151544213294983,0.0059541001915931705,-0.0888511598110199,0.22806738317012787,0.08406873792409897,-0.062051985412836075,0.07897753291444919,-0.016271375240021927,-0.07195068224044374,
0.10835987329483032,-0.0026096995919942857,-0.1466160297393799,0.20270077884197235,0.07694478332996368,-0.07030779123306274,0.09128752544509268,-0.01127763270673583,-0.07326651317280772,
0.0854501247406006,-0.02308854013681412,-0.22688820362091067,0.16062283515930176,0.05111211538314819,-0.0778312236070633,0.11280940847051693,-0.0013987592336573633,-0.07738775053895605,
0.0949580490589142,-0.032737651467323305,-0.2791292667388916,0.11148751527070999,0.02088524028658867,-0.09680624306201935,0.12184683336911402,0.002773743446477663,-0.07979843736323136,
0.08376958370208741,-0.04169999957084656,-0.3082767009735108,0.06255192309617996,-0.0009526822250336409,-0.10273177921772003,0.12895813919300086,0.0063233591316552195,-0.08306496007259531,
0.06427279114723206,-0.07213988304138184,-0.3234076023101807,-0.054760321974754333,-0.00787690095603466,-0.112185999751091,0.1371630236673425,0.013056433973399489,-0.09707711780670292,
0.0665086030960083,-0.07206423878669739,-0.32688741683959965,-0.09963458776473999,-0.016798490658402443,-0.12064152956008911,0.13561695723098574,0.014967805750758218,-0.10210663704277378,
0.01750427931547165,-0.08067896366119386,-0.31898927688598633,-0.15489518642425537,-0.057012226432561874,-0.11205284297466278,0.12638378353554997,0.01844724008047591,-0.11367544792626008,
0.005803020671010017,-0.07755013108253479,-0.28885979652404786,-0.1924457550048828,-0.09189963340759277,-0.0886836051940918,0.11877978228920212,0.01855446281007277,-0.11997117293447125,
0.0010703956708312035,-0.06949294209480286,-0.26068661212921146,-0.2278658002614975,-0.09948964416980743,-0.07310409843921661,0.10968860733443866,0.016870660876047987,-0.1262422860195251,
0.055870395898818974,-0.03372119665145874,-0.20501716136932374,-0.28405851125717163,-0.08357726037502289,-0.08462227880954742,0.08722595955901448,0.00996425933515905,-0.1369007760303758,
0.08869852423667908,-0.017226073145866393,-0.1683729887008667,-0.3175477683544159,-0.10721281170845032,-0.12397047877311707,0.07343839529751826,0.00648579111089217,-0.14187101799816668,
0.10468128919601441,-0.014344722032546997,-0.06736703515052796,-0.28585612773895264,-0.17186105251312256,-0.1547965705394745,0.05772795895863233,0.0034641705502718315,-0.14787364316378573,
0.11429636478424073,-0.004329787567257881,0.13803377151489257,-0.24757511913776398,-0.1846439093351364,-0.20260392129421234,0.027188523096743602,-0.013433190135111975,-0.16424781063340627,
0.09197764992713929,-0.004017274454236031,0.1832395672798157,-0.24870696663856506,-0.09409642964601517,-0.20639893412590027,0.014870614372333692,-0.022551253513176026,-0.17467713507088706,
0.04006892740726471,-0.003510304540395737,0.24311361312866211,-0.2187463939189911,-0.018595809116959572,-0.18269678950309753,0.003194318637719954,-0.03003199392139596,-0.18567760173297848,
0.011898872256278992,0.007177761942148209,0.4213939666748047,-0.10010257363319397,-0.053749535232782364,-0.18769022822380066,-0.01798583666910252,-0.035344338601951894,-0.20599945015023863,
0.02607703506946564,0.027839055657386782,0.42485499382019043,-0.03445564955472946,-0.042497679591178894,-0.22730474174022675,-0.023745815403579132,-0.037829512192188684,-0.2156585286082587,
0.0026986761018633846,0.05718590617179871,0.3717768907546997,-0.014415358193218708,0.012696333229541779,-0.21099288761615753,-0.02564407901577704,-0.041848160667066134,-0.22651494250908386,
-0.1467712998390198,0.09427530765533448,0.36026968955993655,0.056158408522605896,0.03533320501446724,-0.17570599913597107,-0.024743248906801244,-0.044402733143463116,-0.24859168873007448,
-0.13270986080169678,0.07346893548965454,0.3679113626480103,0.1266656070947647,0.01842213049530983,-0.18695785105228424,-0.022265753879743343,-0.04315751168773437,-0.25794519955407447,
-0.13664629459381103,0.002949434891343117,0.27554242610931395,0.1765332967042923,0.03779662773013115,-0.17017993330955505,-0.009303201242979106,-0.04159222960256255,-0.27681362532688547,
-0.16643357276916504,-0.0059546161442995075,0.19459201097488404,0.18325777351856232,0.07621272653341293,-0.1324962079524994,0.0003171355439245263,-0.04069370847696091,-0.28596999786063104,
-0.20318872928619386,-0.011018487811088563,0.12615499496459961,0.18705278635025024,0.06236429139971733,-0.09194957464933395,0.010498374638673163,-0.03772902883616716,-0.2936660104207813,
-0.22448878288269045,-0.02363716810941696,0.06593968868255616,0.22267256677150726,0.0041076382622122765,-0.06718217581510544,0.030588423281782174,-0.030155647209270397,-0.30331164247031905,
-0.22414939403533937,-0.043612283468246464,0.03487917482852936,0.24950391054153442,-0.03297688066959381,-0.04454530403017998,0.0416157847674414,-0.028599615207659693,-0.3064229407558822,
-0.21635949611663818,-0.06494088172912597,-0.021105803549289703,0.23039573431015015,-0.010939221829175949,-0.0057297321036458015,0.052264702011168694,-0.02205435537859155,-0.3090901904665016,
-0.21316218376159668,-0.10340960025787355,-0.1686919927597046,0.17267170548439026,0.033136095851659775,0.06524351239204407,0.07607099016684649,-0.021433464840625558,-0.31077836733494024,
-0.21501646041870118,-0.11388919353485108,-0.2203378200531006,0.12886270880699158,0.03606557473540306,0.12549751996994019,0.08564948806434476,-0.02095272510264199,-0.3079318742467902,
-0.21475586891174317,-0.11580479145050049,-0.24147579669952393,0.10176504403352737,0.011963963508605957,0.17090442776679993,0.09304099315847986,-0.020424469223703782,-0.30276531856031696,
-0.15526646375656128,-0.11444847583770752,-0.28751482963562014,0.042909182608127594,0.020020026713609695,0.181024432182312,0.10327287512821444,-0.023200774313059856,-0.28703261815344994,
-0.10517714023590088,-0.11170380115509033,-0.3338717699050904,-0.03492046147584915,0.04804959520697594,0.16970832645893097,0.10618221487781758,-0.025845446979683384,-0.2779848038837626,
-0.09528442025184632,-0.10375688076019288,-0.3395709991455078,-0.08685209602117538,0.004972963593900204,0.19740520417690277,0.10618820755486408,-0.027060599675249424,-0.26898621443285925,
-0.09818018674850465,-0.1106837034225464,-0.2591867923736572,-0.11960898339748383,-0.05727842450141907,0.21311785280704498,0.09782945335143642,-0.03091965457209817,-0.25020031731786013,
-0.061665529012680055,-0.09465026259422303,-0.2158913850784302,-0.1592235118150711,-0.04875630885362625,0.19773809611797333,0.09117393264433801,-0.03624711625153382,-0.24049733863971393,
-0.03700058460235596,-0.07068238854408264,-0.19435976743698122,-0.2079593539237976,-0.024721283465623856,0.1988033652305603,0.0833135934646115,-0.04199028713699586,-0.23096716291795585,
-0.07378286719322205,-0.06898782849311828,-0.07602693438529969,-0.247041255235672,-0.017064694315195084,0.26112133264541626,0.061305517273649184,-0.05009589466605855,-0.21178960437734703,
-0.05148690938949585,-0.040383780002593996,0.02782411277294159,-0.24371229112148285,0.030539309605956078,0.2672466039657593,0.04588361749817746,-0.051775638281306297,-0.1998171800925584,
0.013198220729827882,0.005320041999220849,0.17512810230255127,-0.25030362606048584,0.06402856111526489,0.2842242419719696,0.016303178908522613,-0.053133623318759676,-0.1723616909040484,
0.0708094596862793,0.027087494730949402,0.29724411964416503,-0.17979642748832703,0.044853802770376205,0.2636513411998749,0.0011167815906255128,-0.050354132522049136,-0.1583731239356109,
0.165901255607605,0.06109523177146912,0.4506978511810303,-0.05835627764463425,0.028408780694007874,0.18602019548416138,-0.012742271626703877,-0.04720018419150002,-0.14448765567310065,
0.3115891218185425,0.1376977562904358,0.5961245059967041,0.08172599971294403,0.04405485466122627,0.07283584028482437,-0.02632093860087291,-0.042301027521616186,-0.12430954606860552,
0.32475967407226564,0.16138639450073244,0.5959429264068604,0.16721346974372864,0.08892911672592163,0.017242349684238434,-0.025175038365040297,-0.04015248638701213,-0.11970292343076747,
0.2889288663864136,0.1671316146850586,0.5793221950531006,0.26901280879974365,0.12827733159065247,-0.014515846967697144,-0.01971381518577489,-0.036982749121136554,-0.11815693271995614,
0.23248205184936524,0.07349464297294617,0.5111549854278564,0.41814982891082764,0.11516125500202179,-0.06398406624794006,0.0038921540714530445,-0.025255786645339312,-0.11935684881544018,
0.1944901704788208,0.01344096213579178,0.40357694625854496,0.47414278984069824,0.07801015675067902,-0.07796566188335419,0.023069833464053002,-0.018702315313541544,-0.12157367535021003,
0.14270106554031373,-0.019476626813411713,0.22515835762023928,0.45729827880859375,0.07081962376832962,-0.06491617113351822,0.046240023639854806,-0.013186415450954692,-0.12477540653223684,
0.08074375987052917,-0.04924443066120148,-0.017077603936195375,0.4004397988319397,0.10783755779266357,-0.055928006768226624,0.09134417927006903,-0.008414844353340707,-0.1299260067681737,
0.06279763579368591,-0.0607496976852417,-0.08917415738105774,0.37374162673950195,0.0989825502038002,-0.0449424609541893,0.11311529077926401,-0.002893166626036917,-0.131169358177665,
0.04783679842948914,-0.09873220324516296,-0.18640347719192507,0.34924089908599854,0.06496061384677887,-0.05080077424645424,0.15231583033583598,0.008662571590717974,-0.1315927308459612,
0.0541540265083313,-0.11113778352737427,-0.2282418489456177,0.30589795112609863,0.051445066928863525,-0.06265184283256531,0.17027094527225953,0.013013407593259183,-0.13197546978640096,
0.029906392097473145,-0.1258302688598633,-0.28274505138397216,0.23605652153491974,0.06349587440490723,-0.047338664531707764,0.18711345795581188,0.01702274237360404,-0.13306554105165094,
-0.013942813873291016,-0.13958956003189088,-0.3564342021942139,0.14897115528583527,0.07607930898666382,-0.020307578146457672,0.21391509466116804,0.025115865727502594,-0.13383392950315337,
-0.015930454432964324,-0.14587711095809938,-0.3537997961044312,0.09644030779600143,0.03932768478989601,-0.00752440607175231,0.2229458448433568,0.028999369452268237,-0.1325010095111751,
-0.01672002524137497,-0.143365216255188,-0.3426233768463135,0.06408289819955826,0.006970278453081846,-0.008722828701138496,0.22956210636517826,0.03195471808832661,-0.13090384006346137,
-0.025212723016738894,-0.1467113494873047,-0.36248350143432617,0.014281786046922207,-0.031112926080822945,-0.0019317674450576305,0.23756243624421677,0.03397681500394223,-0.13013609199895057,
-0.0538309395313263,-0.1493937134742737,-0.3653650522232056,-0.06135198846459389,-0.03137924149632454,0.034553539007902145,0.23888332822887076,0.03337307074704211,-0.131135094024209,
