0.02260841429233551,-0.1986523985862732,-0.4171015739440918,-0.09164497256278992,-0.03703853860497475,0.04740419238805771,0.27751605268224805,0.06388329579813298,-0.026687651463546857,
0.036642998456954956,-0.1909083962440491,-0.4337023258209229,-0.16874347627162933,-0.027650894597172737,0.05133235454559326,0.2749123290299362,0.06129334416908621,-0.026921898821708132,
0.04226261973381043,-0.17659754753112794,-0.4566542625427246,-0.26328569650650024,-0.07685279846191406,0.05499420315027237,0.2611253593632715,0.055281600210403174,-0.025915442108344424,
0.026587808132171632,-0.16374640464782717,-0.40546154975891113,-0.2889851927757263,-0.11600127071142197,0.06977474689483643,0.2492559729835822,0.05168330414891565,-0.025877119649916364,
0.04553430676460266,-0.16441015005111695,-0.3527976989746094,-0.3076273202896118,-0.13510943949222565,0.06631264090538025,0.23526016829097574,0.04626875071014256,-0.026804776160160297,
0.10245462656021119,-0.21793451309204104,-0.34219372272491455,-0.4096929728984833,-0.13257943093776703,0.06464815884828568,0.20438293620485712,0.03189098178945291,-0.029646550499459877,
0.08129900693893433,-0.21840057373046876,-0.3039813756942749,-0.447776198387146,-0.1403025984764099,0.08269108086824417,0.1857649178448669,0.024320995308865147,-0.031100177143080842,
0.049749168753623965,-0.22322404384613037,-0.15463293790817262,-0.4483088254928589,-0.20901216566562653,0.1261671781539917,0.1638878933990484,0.016796086133863766,-0.03161193150422782,
0.12019858360290528,-0.19069368839263917,0.0989087462425232,-0.49371570348739624,-0.15395130217075348,0.11977560073137283,0.1146329103507825,-0.005199286150826323,-0.029666704528459244,
0.18352153301239016,-0.10561827421188355,0.25669565200805666,-0.4634888470172882,-0.08024832606315613,0.07909581065177917,0.09043571487380864,-0.016514100624633644,-0.02624391316164147,
0.14610637426376344,-0.020735129714012146,0.5259898662567138,-0.33126288652420044,-0.04649276286363602,0.0635828971862793,0.06496574507127678,-0.023590543329442056,-0.02279427592889197,
0.10556693077087403,0.07330682277679444,0.9227707862854004,-0.1407802850008011,0.012363100424408913,0.08488818258047104,0.024394285216364563,-0.030888039888218352,-0.016520442765864847,
0.11948636770248414,0.12488266229629517,0.8972043991088867,-0.03132498264312744,0.06862248480319977,0.08335570991039276,0.013891457686462171,-0.031669409457611354,-0.012673316890761378,
0.14277136325836182,0.15802375078201295,0.8506245613098145,0.08592068403959274,0.08007407933473587,0.06864175200462341,0.008263477691310762,-0.029984722609997204,-0.008252084558762047,
0.2132948160171509,0.19007068872451782,0.6606496334075929,0.20809319615364075,0.08180513232946396,0.02829485386610031,0.011313037133196119,-0.022352057768013776,-0.00038457042450982864,
0.22801306247711184,0.17422858476638795,0.521537446975708,0.27600380778312683,0.08966145664453506,-0.005527293309569359,0.020003079059433965,-0.018294839998111594,0.0019533735439665636,
0.22379884719848633,0.14263375997543334,0.3566144943237305,0.2967764735221863,0.13646650314331055,-0.03928285837173462,0.032483842076697925,-0.014078240431834808,0.002865229260399439,
0.1850123405456543,0.03918730914592743,0.09978641271591188,0.2976419925689697,0.13586729764938354,-0.04634023830294609,0.06198995960877033,-0.0018660436352435892,0.0019279558289058388,
0.17657121419906618,-0.0014018530026078226,0.02346434146165848,0.28525829315185547,0.10204515606164932,-0.06198630854487419,0.0771948709132603,0.0058164445037061615,0.0012495180027343622,
0.18075281381607056,-0.030141505599021914,-0.050004965066909796,0.27194249629974365,0.08633250743150711,-0.08395738899707794,0.09169976724499292,0.006251392228975676,0.0005538613967161155,
0.17652205228805543,-0.07355172634124756,-0.157524311542511,0.2572951018810272,0.07454801350831985,-0.11251978576183319,0.12000965837511302,0.01785860844127539,-0.0032558073702779054,
0.15866619348526,-0.08951537609100342,-0.20438475608825685,0.21634899079799652,0.05430798977613449,-0.12650138139724731,0.13325204744508465,0.023711413923461218,-0.006491897244152433,
0.14465221166610717,-0.10453060865402222,-0.26558923721313477,0.16055576503276825,0.02860848419368267,-0.12090875208377838,0.1456792228076921,0.029470488287519643,-0.010352567545646549,
0.10267335176467896,-0.1235401749610901,-0.34126484394073486,0.06088697165250778,0.0009781882399693131,-0.09081502258777618,0.16409469633698978,0.03921177167707561,-0.01947144663346568,
0.10992045402526857,-0.1279245138168335,-0.33319046497344973,0.007290850859135389,-0.002617079298943281,-0.08202660083770752,0.16861623624375027,0.04215120105707827,-0.023830686249470528,
0.13158620595932008,-0.11947394609451295,-0.30937626361846926,-0.046105530112981796,-0.018862362951040268,-0.10160082578659058,0.1704242990812555,0.046516054164582106,-0.03147680485909372,
0.15063551664352418,-0.11090925931930543,-0.30489411354064944,-0.0785961002111435,-0.037504490464925766,-0.1420142948627472,0.1683889391530987,0.04822020507203562,-0.035784186787340626,
0.13483219146728517,-0.11236033439636231,-0.2971540451049805,-0.10589350014925003,-0.06014136224985123,-0.14700771868228912,0.1645566650893246,0.05010397927232452,-0.041573994776006706,
0.04173626303672791,-0.13134555816650392,-0.32271163463592534,-0.17380410432815552,-0.09016849845647812,-0.10140109062194824,0.15261192650698463,0.05279257429048211,-0.05711116967618158,
0.030309352278709414,-0.13902809619903564,-0.3262244701385498,-0.2405162900686264,-0.12425696104764938,-0.062319204211235046,0.14405294925781298,0.05226314826584369,-0.06471752670798586,
0.04486137926578522,-0.14159076213836672,-0.3266502380371094,-0.3078942596912384,-0.13477645814418793,-0.0506012961268425,0.13340488961316005,0.049632923994465825,-0.07111587781293018,
0.08978347778320313,-0.09417003393173218,-0.2580101490020752,-0.36854830384254456,-0.13158057630062103,-0.06524971127510071,0.10402149694605882,0.03952219976337253,-0.08148001648428892,
0.10385836362838746,-0.07411747574806214,-0.17267221212387085,-0.3918509781360626,-0.18044957518577576,-0.060056544840335846,0.08566776996618602,0.03412360240094565,-0.08631523355490545,
0.09160358309745789,-0.06682459712028503,-0.06952913403511048,-0.41115888953208923,-0.1735253632068634,-0.06871182471513748,0.0660258354429952,0.02794176359594961,-0.09130403492301788,
0.14284167289733887,-0.001083045918494463,0.19611748456954958,-0.3663511872291565,-0.11779870837926865,-0.10772713273763657,0.02230306932580767,0.006267907507664638,-0.10064306108306491,
0.16648583412170412,0.03928815722465515,0.39434366226196294,-0.2573613226413727,-0.08297787606716156,-0.14114980399608612,0.0020632943616776646,-0.0005872879892792223,-0.10595358666396383,
0.1830918788909912,0.0662620484828949,0.5320353507995605,-0.14237935841083527,-0.04922230914235115,-0.1855580061674118,-0.014686489862179538,-0.00604887411107646,-0.11230431075253747,
0.13579500913619996,0.08988130688667298,0.6953577995300293,0.0010984501568600535,0.022483304142951965,-0.26478707790374756,-0.0342070349751604,-0.013978296620449183,-0.1295492327013815,
0.04212564527988434,0.10808476209640504,0.6525314331054688,0.07333669066429138,0.051977816969156265,-0.2511383593082428,-0.036189453391497116,-0.016123169976952394,-0.14202463023079936,
-0.07520965337753296,0.0999600887298584,0.6088112354278565,0.15209968388080597,0.04911491647362709,-0.21591804921627045,-0.034664580625069955,-0.015896845768823723,-0.1556755209582595,
-0.11430310010910034,0.020923590660095217,0.4292899608612061,0.20875844359397888,0.05976756289601326,-0.18349406123161316,-0.02219357619858365,-0.012993301263187292,-0.17990671757012314,
-0.11035878658294679,-0.0010004875250160695,0.31526725292205815,0.23578952252864838,0.07035362720489502,-0.15985850989818573,-0.012053811726133182,-0.010681802725863937,-0.1898865126494256,
-0.11980595588684083,0.0001109619508497417,0.20355305671691895,0.24005058407783508,0.09338997304439545,-0.13941875100135803,-0.00042506780821312934,-0.007883514575627696,-0.19883110351599165,
-0.12461460828781129,-0.0038876362144947053,0.0532271146774292,0.25243428349494934,0.056971240788698196,-0.11318661272525787,0.023988422036078202,0.0010864432608700418,-0.2136456936459082,
-0.10667403936386109,-0.014114198088645936,-0.009328296035528183,0.2394513636827469,0.03979385271668434,-0.1121879294514656,0.03623162914423085,0.009428835677181753,-0.21940063767104462,
-0.09438298344612123,-0.027491441369056704,-0.0650970458984375,0.21827924251556396,0.04285648837685585,-0.0965418592095375,0.04859486179641989,0.01457087062293644,-0.22471359913561995,
-0.14332460165023805,-0.06568442583084107,-0.1328863501548767,0.18672077357769012,0.037463586777448654,-0.052599694579839706,0.07138425323072432,0.020736977683913846,-0.23442481136015106,
-0.15532889366149905,-0.079637610912323,-0.16877002716064454,0.15609443187713623,0.032470159232616425,-0.005328585393726826,0.08139996107929769,0.02355782368286975,-0.23751252217120444,
-0.15237162113189698,-0.08889039754867555,-0.19681239128112793,0.11394990235567093,0.03333568572998047,0.031889092177152634,0.09034779033457796,0.025856197422831375,-0.23888809419768492,
-0.12563453912734987,-0.08853030800819398,-0.23825592994689943,0.07593314349651337,0.03027307242155075,0.06517834961414337,0.10426297135573541,0.02848846863270001,-0.2364610430177927,
-0.1445696830749512,-0.09530029296875,-0.2387730121612549,0.04936810955405235,-0.0018180187325924635,0.10892077535390854,0.10907227921007123,0.02953999130744554,-0.23367152275354264,
-0.13925074338912966,-0.0957372546195984,-0.2975625514984131,-0.007357224356383085,-0.03051358088850975,0.15772318840026855,0.11630828425088895,0.027774199029434378,-0.22483228878942724,
-0.11175217628479005,-0.08516538739204407,-0.30507633686065677,-0.04777069389820099,-0.03044700063765049,0.16231714189052582,0.11772056635783255,0.024151210809864855,-0.2186507523114751,
-0.08142223358154298,-0.08282038569450378,-0.31203191280364995,-0.09750522673130035,-0.04036727547645569,0.16691109538078308,0.11737591421041797,0.019790275677947635,-0.21164943095059924,
-0.09816609621047974,-0.07520145177841187,-0.3011007070541382,-0.1465739756822586,-0.061472825706005096,0.18941481411457062,0.11060678388422693,0.010540560432587826,-0.19726138892906864,
-0.11169399023056031,-0.09054603576660157,-0.2803052425384522,-0.18552270531654358,-0.08750522881746292,0.2115190476179123,0.10433765944969856,0.004916693740879114,-0.18947883302362592,
-0.1271223545074463,-0.11238079071044922,-0.2538392305374146,-0.20689457654953003,-0.15561556816101074,0.24873672425746918,0.09637991413212134,-0.0012888277226944815,-0.18107627954338312,
-0.13717641830444335,-0.12756376266479494,-0.12406550645828247,-0.24291382730007172,-0.13597476482391357,0.3090573251247406,0.07595923979063254,-0.019156183397574987,-0.16186642607690627,
-0.06273625493049621,-0.1027871608734131,-0.057915914058685306,-0.2817959785461426,-0.03896911442279816,0.32996314764022827,0.06374174279087942,-0.030822571462418992,-0.14959373035801743,
0.010019034147262573,-0.07925975918769837,0.015183335542678833,-0.27553755044937134,-0.01420171745121479,0.3361549973487854,0.047616584700020434,-0.039413813795767735,-0.1347294705038014,
0.20618696212768556,0.023109620809555056,0.3123013973236084,-0.18785296380519867,-0.0051469700410962105,0.24567408859729767,0.01460832559657934,-0.045699275534013054,-0.10121916729626443,
0.31904234886169436,0.07182657718658447,0.44196672439575196,-0.10902339965105057,0.029141228646039963,0.17230400443077087,0.0006037393899482248,-0.04665613146185857,-0.08636697510355731,
0.36346392631530766,0.11578241586685181,0.5557694435119629,-0.017344078049063683,0.07927524298429489,0.12703025341033936,-0.010005012507218665,-0.046401130028795236,-0.07487150760870741,
0.3716847658157349,0.14417446851730348,0.6936527729034424,0.13199268281459808,0.12288450449705124,0.06824098527431488,-0.019217484693916764,-0.04040202215953677,-0.05981201668915538,
0.3493109941482544,0.1314578652381897,0.6917018890380859,0.24064965546131134,0.12594713270664215,0.015443813987076283,-0.01696606855341819,-0.03439306954466605,-0.055212522527314435,
0.3395904064178467,0.10312193632125854,0.6411371231079102,0.3163500130176544,0.12368345260620117,-0.011920166201889515,-0.010033646935793854,-0.028024563081364882,-0.052209259316753215,
0.22346735000610352,0.01341768205165863,0.420871114730835,0.38106483221054077,0.13600057363510132,-0.02636781334877014,0.017112685393031377,-0.015288633844267468,-0.0514690996274502,
0.18047300577163697,-0.02665386199951172,0.27721586227416994,0.39531272649765015,0.11662607640028,-0.029763344675302505,0.03548664512252456,-0.00875231105437278,-0.0521151171311759,
0.11390647888183594,-0.09278761744499207,0.0902081847190857,0.4203477203845978,0.08227109163999557,-0.03195813670754433,0.07520757399989587,0.004550655659810624,-0.052857145845327524,
0.08564554452896118,-0.11669501066207887,0.017662300169467928,0.42014798521995544,0.07834292948246002,-0.031092610210180283,0.09156025341966095,0.006411853966287134,-0.053510569532212476,
0.08334854245185852,-0.1287793755531311,-0.0865540623664856,0.38159871101379395,0.09432189911603928,-0.031891558319330215,0.11275901813191941,0.010404392841865902,-0.05379177589668858,
0.07884638905525208,-0.13794802427291872,-0.1713587760925293,0.3525702655315399,0.08586636185646057,-0.023835495114326477,0.1338578497086309,0.014828020504905661,-0.05377016925255478,
0.07137908935546876,-0.13635331392288208,-0.25370852947235106,0.3139544129371643,0.07248397916555405,-0.02403523400425911,0.17186191253239883,0.024321289268886388,-0.05216804098845158,
0.07835914492607117,-0.12958844900131225,-0.28881373405456545,0.26541832089424133,0.08040688186883926,-0.026764973998069763,0.18880883812150223,0.028145193886678223,-0.05099871535390427,
0.07217694520950317,-0.1307600498199463,-0.3159456014633179,0.22114324569702148,0.09112610667943954,-0.03269050642848015,0.20432929294085464,0.03200371782776322,-0.04981446398102128,
0.07594326138496399,-0.12343814373016358,-0.3400808572769165,0.18039686977863312,0.07807661592960358,-0.0245678648352623,0.2180700581511666,0.03608149822674872,-0.048382610623437475,
0.03743013143539429,-0.13872370719909669,-0.35004327297210697,0.13565576076507568,0.022083651274442673,-0.005792579147964716,0.23994963530853772,0.04494237626418238,-0.04478038361027343,
0.02403429001569748,-0.12686700820922853,-0.35417363643646244,0.06488225609064102,0.006837052758783102,0.009587176144123077,0.2481091916423533,0.04725399125253018,-0.04363586658492693,
0.03266989588737488,-0.1278781294822693,-0.37756397724151614,-0.004825981333851814,0.011897058226168156,0.014913499355316162,0.25789791738176543,0.047479675405584156,-0.04268042282344469,
0.024524386227130893,-0.13624683618545533,-0.37629687786102295,-0.05216367170214653,-0.014734553173184395,0.032024309039115906,0.2592740796190555,0.047512032326187295,-0.04172863401192607,
