0.005075565725564957,-0.2094597101211548,-0.38305461406707764,-0.07226434350013733,-0.02232557162642479,0.02677614614367485,0.2758826650593671,0.029985302416811306,0.0025131071306603303,
-0.01572058200836182,-0.21215453147888186,-0.41050238609313966,-0.14709916710853577,-0.04496244341135025,0.05001222714781761,0.27444003030584474,0.028485968249626178,0.0028903337049802267,
-0.057910048961639406,-0.20729606151580812,-0.41326484680175785,-0.220136359333992,-0.07672064006328583,0.09049227833747864,0.2701227819151262,0.026554633354695024,0.002860833068086777,
-0.09755292534828186,-0.20846939086914062,-0.4145243644714356,-0.29250776767730713,-0.09363171458244324,0.11699073016643524,0.262782276972806,0.02319452744674549,0.002876018862643232,
-0.026966968178749086,-0.23267407417297364,-0.3917634248733521,-0.4114179313182831,-0.08098169416189194,0.14814971387386322,0.23802077281374298,0.010247450625387514,0.004036082384063081,
0.029882556200027468,-0.20062685012817383,-0.3320701360702515,-0.46834298968315125,-0.07392431795597076,0.09408754110336304,0.2199825881948632,0.0019634354375600367,0.006256271290932287,
0.04632203876972199,-0.21005814075469972,-0.17039339542388918,-0.5189430713653564,-0.1439654529094696,0.1077362447977066,0.17480970011363,-0.01155549706492326,0.011332434332121248,
0.018614450097084047,-0.20920417308807374,-0.08932100534439087,-0.5440433621406555,-0.12685464322566986,0.1455531269311905,0.1497928791594971,-0.018645136983149197,0.01225893790143723,
0.015407589077949525,-0.18609654903411865,0.04171724617481232,-0.5296622514724731,-0.07159405201673508,0.15414182841777802,0.1195928100583038,-0.02815503365389708,0.014452390332804932,
0.06981703639030457,-0.14944478273391723,0.3699840545654297,-0.4417113959789276,-0.03917006775736809,0.1390283852815628,0.0634895771594171,-0.04290336336938916,0.02508366201966526,
0.08364785313606263,-0.11469311714172364,0.6113586902618409,-0.24969744682312012,-0.0867740735411644,0.1420244425535202,0.036794458080561046,-0.045857616435332337,0.032141572901651476,
0.07553390860557557,-0.06114922165870667,0.7893998622894287,-0.12965546548366547,-0.044562969356775284,0.1522110402584076,0.01565398735153685,-0.049187781927048264,0.0387537756919933,
0.1444294571876526,0.08363288044929505,0.7569330692291261,-0.04023982584476471,0.05950005352497101,0.13569943606853485,-0.006735248257366569,-0.05638744040389567,0.05389913959084538,
0.2009977102279663,0.13802497386932375,0.7669975280761719,0.13033564388751984,0.08133797347545624,0.08936043083667755,-0.012222049001230797,-0.055199106362034026,0.06141699812309314,
0.24160282611846925,0.16266013383865358,0.7620970249176026,0.2467823624610901,0.07381454110145569,0.025977198034524918,-0.012998213393070274,-0.05111177667591774,0.06764161468541406,
0.26057984828948977,0.1338555693626404,0.40268793106079104,0.2660902738571167,0.09764983505010605,-0.01696627587080002,0.004853883892001864,-0.04311925501296395,0.07379470687287777,
0.20547006130218506,0.10535048246383667,0.25222809314727784,0.2780745029449463,0.12774357199668884,-0.050655264407396317,0.018307998062049958,-0.03853795938531755,0.07371456746893017,
0.16942737102508545,0.05270473957061768,0.1684912919998169,0.30197712779045105,0.1216847375035286,-0.06716544926166534,0.03201753343270209,-0.03267221220525552,0.07256077739317957,
0.15727598667144777,-0.0028957435861229897,0.09667351841926575,0.3029758334159851,0.10990025103092194,-0.07402309030294418,0.04655451925362608,-0.025865617143146363,0.07070158458512792,
0.14236313104629517,-0.05666655898094178,-0.07710869312286378,0.2655584216117859,0.0855989083647728,-0.08920310437679291,0.07654664501852163,-0.016732722989461886,0.06605908420144715,
0.14151886701583863,-0.07037570476531983,-0.14254670143127443,0.23380021750926971,0.06702335923910141,-0.10012206435203552,0.09110805296437814,-0.010939123700697606,0.06325515573150382,
0.1325460910797119,-0.08635727167129517,-0.17482676506042483,0.2054375410079956,0.05956650897860527,-0.12029550969600677,0.10413832957038736,-0.0056078471740752854,0.060001839424362186,
0.13067830801010133,-0.09040709137916565,-0.2128859281539917,0.1766088306903839,0.054173607379198074,-0.14306554198265076,0.11589279686426465,-0.0006948578991887196,0.05624607366583384,
0.12168145179748535,-0.11980785131454469,-0.2908174753189087,0.11062900722026825,0.013027768582105637,-0.15085528790950775,0.13561975223152867,0.00974042502839612,0.04643606472639906,
0.09538625478744507,-0.13121376037597657,-0.33153045177459717,0.036526549607515335,-0.00694594020023942,-0.1523200273513794,0.14279039749158928,0.014576205855224175,0.040260537873759404,
0.07541542053222657,-0.1422529697418213,-0.35706026554107667,-0.027988530695438385,-0.021593326702713966,-0.13986974954605103,0.1473610033426171,0.01824387428270479,0.033449832838500115,
0.03262537121772766,-0.13448358774185182,-0.364499568939209,-0.08537965267896652,-0.0642704889178276,-0.12122762203216553,0.1477953072784845,0.02393944503109467,0.019426088434085168,
0.0371618002653122,-0.127831768989563,-0.3444463014602661,-0.14516761898994446,-0.08457709103822708,-0.11450313776731491,0.14410600250650704,0.024783210467016658,0.012560305429684447,
0.04051410853862763,-0.1316825032234192,-0.36330852508544925,-0.19456925988197327,-0.11507028341293335,-0.09719259291887283,0.13872706645540256,0.024246118912303154,0.005513613529164413,
0.05978803634643555,-0.1217897653579712,-0.35251400470733646,-0.2647435665130615,-0.1575477123260498,-0.057045433670282364,0.1211715964616597,0.019749800356203807,-0.008586042739231204,
0.0852198600769043,-0.08799169659614564,-0.3706550598144531,-0.37413290143013,-0.12119555473327637,-0.10132049024105072,0.10916597600296718,0.014154223040789404,-0.014883545224731244,
0.15391361713409424,-0.0624190628528595,-0.3737704992294312,-0.4114837348461151,-0.15375269949436188,-0.12855131924152374,0.09395349805038052,0.007824828270055482,-0.02054398561155798,
0.0991471290588379,-0.051373982429504396,-0.06958502531051636,-0.42985954880714417,-0.19696249067783356,-0.14180053770542145,0.05390644582160901,-0.00248558471891288,-0.035494719307568486,
0.13805820941925048,-0.06286441087722779,0.022248828411102296,-0.43938034772872925,-0.09862526506185532,-0.2034527212381363,0.03158420034993732,-0.015244609581678385,-0.04337491160249982,
0.1667009234428406,-0.08671210408210756,0.19178695678710939,-0.3548915684223175,-0.046560462564229965,-0.2304838001728058,0.010006748081047246,-0.02420676597313441,-0.05193217416568372,
0.038398393988609315,-0.10414758920669556,0.5918622493743897,-0.16607342660427094,-0.05628100037574768,-0.21690168976783752,-0.029584749890379045,-0.03336706432988872,-0.07430256533219932,
0.01701246201992035,-0.06412752270698548,0.651049566268921,-0.08824296295642853,-0.0021521826274693012,-0.22069746255874634,-0.04167159748851676,-0.037009658286359416,-0.08619429587865465,
0.012578082084655762,0.01098959743976593,0.5819882392883301,-0.046697650104761124,0.06436026096343994,-0.2247587889432907,-0.04760019707633819,-0.04135158576611233,-0.0968070337060867,
-0.037623220682144166,0.05600095391273499,0.6165307521820069,0.09871094673871994,0.06682368367910385,-0.24173644185066223,-0.05217539929439634,-0.042875917793920935,-0.11972381427618181,
-0.03644290566444397,0.011779481172561647,0.5859506607055665,0.16981734335422516,0.10404136031866074,-0.23201589286327362,-0.0495325154697282,-0.04117201923678324,-0.1321011442201429,
-0.057750803232193,-0.05068421959877015,0.472568941116333,0.20816686749458313,0.15464143455028534,-0.1892055869102478,-0.04251676383340851,-0.03942692169711522,-0.14490537762701053,
-0.1508324980735779,-0.09854713082313538,0.2385969400405884,0.23240163922309875,0.16842329502105713,-0.11796601861715317,-0.02134440846803741,-0.029442714960580842,-0.16825577806861058,
-0.14771491289138794,-0.09185512065887452,0.15790234804153444,0.27075114846229553,0.13786351680755615,-0.11237338185310364,-0.009485228910882323,-0.021170553164627966,-0.17636430282259333,
-0.11699414253234863,-0.09486966133117676,0.10896730422973633,0.3188877999782562,0.09571898728609085,-0.11350522935390472,0.002825021791353064,-0.012778171280182382,-0.18245285021904006,
-0.1388386607170105,-0.10908677577972413,-0.002664623595774174,0.31249621510505676,0.08406765758991241,-0.08733966946601868,0.03165752451275069,0.0012331445314833695,-0.19330395998575148,
-0.1715337038040161,-0.10586297512054443,-0.10214391946792603,0.2608308792114258,0.07920738309621811,-0.023690115660429,0.04439678529162205,0.01115065475962406,-0.19824937122848987,
-0.20765271186828616,-0.1124135971069336,-0.16663339138031008,0.20903240144252777,0.061697106808423996,0.03157047927379608,0.059700763516272445,0.016008127833811104,-0.20135099927603967,
-0.1723594069480896,-0.12236704826354981,-0.22035229206085205,0.1736789345741272,0.027009431272745132,0.06133130192756653,0.08430292398717867,0.02310172010792798,-0.19989815535156086,
-0.15146446228027344,-0.12733901739120485,-0.23057708740234376,0.15177443623542786,-0.026453528553247452,0.07770974189043045,0.09414545408372829,0.02505722732892038,-0.19678946786081722,
-0.14665073156356812,-0.13250621557235717,-0.29200856685638427,0.08512882888317108,-0.03171326965093613,0.11279688775539398,0.11147729780773481,0.02311919577302878,-0.19008909898216853,
-0.14469373226165771,-0.13692389726638796,-0.33068523406982425,0.023210329934954643,-0.020594574511051178,0.14695192873477936,0.11826132596259625,0.01965137467318735,-0.18639492597501953,
-0.1312648296356201,-0.14665876626968385,-0.34037055969238283,-0.03205026313662529,-0.0375722274184227,0.1809072345495224,0.12258265752701938,0.016071480541600677,-0.18149060735717185,
-0.12213284969329835,-0.1354529857635498,-0.34271295070648194,-0.11360957473516464,-0.045428551733493805,0.21559491753578186,0.1237190087116212,0.007386116219710426,-0.16758919743750073,
-0.09940164089202881,-0.12188698053359986,-0.3215553998947144,-0.16700595617294312,-0.039702754467725754,0.21859097480773926,0.12037978900173686,0.0014623400961103715,-0.15913587380002242,
-0.08107432723045349,-0.1136715292930603,-0.30454316139221194,-0.23564893007278442,-0.06267252564430237,0.24309204518795013,0.11464740415502415,-0.0046157725049687705,-0.14979275004353415,
-0.13500261306762695,-0.11880064010620117,-0.2351149082183838,-0.2809903025627136,-0.07126104831695557,0.28962886333465576,0.09544303932807657,-0.016508264684521396,-0.13010759529271473,
-0.09024580121040345,-0.10359032154083253,-0.12451764345169068,-0.3290603458881378,0.0005111467326059937,0.3032110035419464,0.08131460576614495,-0.023688343268492423,-0.11824631460470857,
0.025738993287086488,-0.04633690714836121,0.06777268052101136,-0.3470366895198822,-0.005148070864379406,0.2779109477996826,0.046531123786857524,-0.033304328879646586,-0.08910264654790052,
0.06914620995521546,-0.009183461964130403,0.2677993059158325,-0.21128204464912415,-0.04762549325823784,0.2333695888519287,0.02686940077346103,-0.03422334152513191,-0.07448842184004924,
0.16612598896026612,0.035264122486114505,0.5209582328796387,-0.0821853056550026,-0.0257209911942482,0.18177084624767303,0.008503861604335479,-0.035684763203864815,-0.06087077759637699,
0.2883738994598389,0.08246626257896424,0.770940113067627,0.08412910252809525,0.09272310137748718,0.1352986842393875,-0.011763864996908086,-0.03961799543283462,-0.03932463393387009,
0.2958950996398926,0.07758297324180603,0.8079543113708496,0.19864504039287567,0.16156581044197083,0.1105312779545784,-0.013492893126674534,-0.03843900690610102,-0.03166220598223362,
0.2908090829849243,0.07660645842552186,0.7760712146759033,0.2783401310443878,0.15437528491020203,0.09022466838359833,-0.010222032848345386,-0.03366620284246726,-0.025220412156802912,
0.24862346649169922,0.03806595504283905,0.5461419105529786,0.38093841075897217,0.1302070915699005,0.048146724700927734,0.011001969549295458,-0.01794886784872179,-0.014691304188974878,
0.22101848125457765,-0.006842236965894699,0.38224608898162843,0.41442766785621643,0.11369549483060837,0.02790670283138752,0.028082565653595407,-0.011414294031952692,-0.010877409349949909,
0.179331636428833,-0.045949578285217285,0.23029086589813233,0.4172905683517456,0.08946073055267334,0.018053006380796432,0.047699924338891975,-0.00514000673329091,-0.007850581772248847,
0.12903153896331787,-0.09238271713256836,0.013414521515369416,0.40650475025177,0.07867492735385895,0.0076000988483428955,0.08861435413818156,0.0032379498334933225,-0.0030055927209742903,
0.11338118314743043,-0.11412456035614015,-0.053315991163253786,0.3979826271533966,0.06549227982759476,0.0020074602216482162,0.10783785234671896,0.004807910456526038,-0.0011811709078097168,
0.10040429830551148,-0.12772808074951172,-0.1093100666999817,0.3817373514175415,0.04724962264299393,-0.00018964800983667374,0.12855126293561275,0.008402761893585494,0.0006328791090457426,
0.0869624435901642,-0.14424676895141603,-0.2111454486846924,0.32800808548927307,0.03979277238249779,-0.020496251061558723,0.16873165062352447,0.01379757775469254,0.003526320785349431,
0.08424253463745118,-0.14462716579437257,-0.26753532886505127,0.273546427488327,0.029606182128190994,-0.03467758372426033,0.18719831988857055,0.015765944182973106,0.004305857798413292,
0.05987408757209778,-0.14289354085922243,-0.29572429656982424,0.22793981432914734,0.025877755135297775,-0.02901836670935154,0.20349474402859072,0.018054157910282916,0.004423499996643206,
0.008732570707798004,-0.15367562770843507,-0.31109440326690674,0.18086844682693481,-0.007411757484078407,-0.014304401353001595,0.22973423237021623,0.02246798191004983,0.003744752144734381,
-0.0052264008671045305,-0.15393623113632204,-0.317298436164856,0.13579443097114563,-0.021792829036712646,0.0019408809021115303,0.24025757212767965,0.02388561155021404,0.00339748526318415,
-0.012809655070304871,-0.15374561548233034,-0.3544888257980347,0.06848303228616714,-0.02765178307890892,0.003605356439948082,0.25684886702045173,0.023482549060320976,0.0018243829366949645,
-0.019109860062599182,-0.15793232917785646,-0.372520661354065,0.00949401780962944,-0.04130048304796219,0.014524318277835846,0.262064658515182,0.022501804180782244,0.0011079728911212784,
-0.04548524916172028,-0.16563652753829958,-0.3727509260177613,-0.0642089694738388,-0.06080814078450203,0.05220805108547211,0.26471493454846634,0.02133714444853507,0.00017202810467635587,
-0.0731329083442688,-0.16383655071258546,-0.3747169017791748,-0.12033509463071823,-0.032911527901887894,0.06592332571744919,0.26503755132036455,0.019220621640490567,-0.0009390793303648733,
