-0.08513716459274293,-0.23050270080566407,-0.6361409664154053,-0.12739817798137665,0.018088942393660545,0.02037259191274643,0.21460513205231596,-0.0037661118277465587,-0.09432725610900217,
-0.07505064606666566,-0.23299009799957277,-0.6135175228118896,-0.2125527560710907,-0.020793210715055466,0.01264942530542612,0.20919423944339485,-0.0037260468962731527,-0.09325525095814327,
-0.07703129053115845,-0.28466937541961673,-0.7235386848449707,-0.3654847741127014,-0.04729166626930237,0.03242339938879013,0.18884418626359467,-0.005762708655489232,-0.09333034140252332,
-0.10536233186721802,-0.3326806783676148,-0.7380832672119141,-0.5064325928688049,-0.05887641757726669,0.0683760717511177,0.17159609266018339,-0.008440058768277012,-0.09370818496064376,
-0.10212585926055909,-0.37107717990875244,-0.7103386878967286,-0.6303361654281616,-0.11713306605815887,0.062117643654346466,0.14851035660768025,-0.01213729233678715,-0.09276349804539656,
-0.28896796703338623,-0.41988821029663087,-0.42677173614501956,-0.785198986530304,-0.21307343244552612,0.19307859241962433,0.08672356724005947,-0.024853305420693413,-0.09076459962733396,
-0.2392307996749878,-0.37642803192138674,-0.16718201637268068,-0.9160933494567871,-0.1317804455757141,0.3347587585449219,0.03428930832130648,-0.03002843282158305,-0.08360391744689612,
0.11333984136581421,-0.2276826858520508,0.4210702419281006,-0.7676221132278442,-0.04362981766462326,0.18122752010822296,-0.012025674206617782,-0.03996678140964125,-0.06898910741590766,
0.32741994857788087,0.06351613998413086,2.1901325225830077,-0.13352344930171967,-0.1558820605278015,0.12317061424255371,-0.09484933140480598,-0.04385394034064357,-0.04572778400939639,
0.31431097984313966,0.27117691040039066,2.008511543273926,0.10423025488853455,0.12075380235910416,0.163384348154068,-0.10803047133835787,-0.04994130415977523,-0.037292429822569854,
0.391861629486084,0.4053526401519776,1.6282657623291017,0.3459121584892273,0.15817122161388397,0.09134583920240402,-0.10766128577983422,-0.04673402862005112,-0.030225008965876772,
0.5043092250823975,0.3779303312301636,0.7871268749237061,0.4962475895881653,0.06336268037557602,-0.062451716512441635,-0.07895275420117426,-0.028750198367228492,-0.02429406505026369,
0.3710078001022339,0.2749864339828491,0.2781131505966187,0.4541030526161194,0.11749143153429031,-0.10546176880598068,-0.05395198576197987,-0.025571183817658473,-0.026562743209907324,
0.09897486567497255,-0.037627300620079046,-0.2531366586685181,0.3571639955043793,0.03160448372364044,-0.11484941095113754,0.01907364095464696,-0.019966800832494913,-0.04321557184716301,
0.060604906082153326,-0.08000748753547669,-0.3269522190093994,0.3096931576728821,0.029407378286123276,-0.10672677308320999,0.03793780748178938,-0.0172254199293201,-0.04873971474177831,
0.023150320351123813,-0.10192053318023682,-0.4255511283874512,0.2345919907093048,0.033668432384729385,-0.08841753751039505,0.05526762035485773,-0.0152330036695535,-0.05425388969722265,
0.016864070296287538,-0.11574808359146119,-0.5536094188690186,0.12187370657920837,-0.002950030844658613,-0.0808941125869751,0.0813307906533121,-0.01002225867712548,-0.06293236550405573,
0.021680237352848054,-0.10777671337127687,-0.5605244159698487,0.018609629943966866,-0.011671883054077625,-0.08036147803068161,0.08867488021321282,-0.00870619643508822,-0.06717106166462886,
0.02660413980484009,-0.10521982908248902,-0.5687955379486084,-0.046438079327344894,-0.018795838579535484,-0.07696594297885895,0.09221266409980533,-0.008033809818880492,-0.07145692485246606,
0.004885242879390717,-0.11078290939331055,-0.5204117774963379,-0.12919582426548004,-0.06473536789417267,-0.0719059407711029,0.08936141904820596,-0.007627561010669677,-0.08010485772268423,
0.004001716896891594,-0.11123356819152833,-0.5481969356536865,-0.21654750406742096,-0.08703934401273727,-0.06538119912147522,0.08408505306529727,-0.009328007708288727,-0.08464144238007063,
-0.01239345595240593,-0.11181789636611938,-0.5766425609588623,-0.31621628999710083,-0.11313832551240921,-0.05412933975458145,0.07564644228036994,-0.012167275886991987,-0.08939996780863721,
0.019285355508327485,-0.08988088965415955,-0.603861951828003,-0.49078649282455444,-0.14456361532211304,-0.053064074367284775,0.04628848225514808,-0.021707820467902317,-0.0978854975454957,
0.0015835126861929894,-0.0659978747367859,-0.5317513942718506,-0.633531928062439,-0.19203446805477142,-0.029761414974927902,0.0238668694888675,-0.028419210264528882,-0.10169836900180379,
0.061647182703018194,-0.01732715517282486,-0.14490407705307007,-0.7517762780189514,-0.1799170821905136,-0.06897646188735962,-0.037302845471199,-0.046703571885402244,-0.10567954977775264,
0.12775150537490845,-0.022107368707656862,0.40033817291259766,-0.5618919134140015,-0.19083622097969055,-0.1339556723833084,-0.07506083969680445,-0.05748030011860621,-0.10710480538077947,
0.1847983479499817,-0.07871896028518677,1.1388240814208985,-0.24743913114070892,-0.091233991086483,-0.18042783439159393,-0.11020842462031923,-0.06807872718713472,-0.10980994652375127,
-0.04802768230438233,0.10760163068771363,1.478908157348633,0.04477621987462044,0.10703835636377335,-0.10665826499462128,-0.1412714112994217,-0.08573162509742166,-0.12198030691974783,
-0.055847012996673585,0.19149688482284546,1.2816620826721192,0.25922727584838867,0.18174001574516296,-0.11391537636518478,-0.13996180086011686,-0.0858060161050857,-0.13009198068916458,
0.01664281338453293,0.10591753721237183,0.6960626125335694,0.4007742702960968,0.15177945792675018,-0.13309013843536377,-0.1143172792221061,-0.07453042438324997,-0.1496667954450938,
-0.00972752645611763,0.08181769847869874,0.3123011350631714,0.3910537362098694,0.12987495958805084,-0.13036039471626282,-0.09271236267388573,-0.0686443835961602,-0.1597792097748326,
-0.0444032907485962,0.07579206228256226,0.049260014295578004,0.3634900152683258,0.1439897119998932,-0.13255751132965088,-0.07021594627385451,-0.06349077423925874,-0.16894626456172948,
-0.1284656286239624,0.04296161532402039,-0.19363195896148683,0.32886892557144165,0.09119255095720291,-0.12137223035097122,-0.028462289023651312,-0.05110524223534737,-0.1851051282047459,
-0.15476455688476565,0.013137482106685638,-0.27510225772857666,0.2839280962944031,0.04851539060473442,-0.1002000942826271,-0.010427276131040775,-0.04630291511647476,-0.1917508180043529,
-0.2015406608581543,-0.0033262219280004502,-0.3186091184616089,0.2250722348690033,0.05783645436167717,-0.05059872195124626,0.005722095403783802,-0.04360421437306306,-0.19749215924735442,
-0.24436302185058595,-0.019330191612243655,-0.3805042028427124,0.16222164034843445,0.017889035865664482,-0.0025286637246608734,0.031012251979542143,-0.03780271958419276,-0.20374978612074945,
-0.21825737953186036,-0.01801646947860718,-0.3796717643737793,0.10949103534221649,0.006437443662434816,0.01305082906037569,0.03989265613010736,-0.036545500583112255,-0.20415557435821838,
-0.1914003610610962,-0.031740957498550416,-0.38452959060668945,0.06588177382946014,0.020618775859475136,0.021639522165060043,0.046741213665213645,-0.0360970075723949,-0.2036930099975503,
-0.2138223171234131,-0.06255747079849243,-0.47884926795959476,-0.04224257171154022,-0.02405575104057789,0.06544852256774902,0.054344187491224896,-0.03499901691190013,-0.20140476505094754,
-0.229227352142334,-0.07116938829421997,-0.49659471511840825,-0.13465425372123718,-0.016931796446442604,0.10426409542560577,0.05314049318529493,-0.035866137264360644,-0.1987106740795335,
-0.24465928077697754,-0.07134842276573182,-0.5208151817321778,-0.21727882325649261,-0.04795762151479721,0.14148177206516266,0.048193643929883324,-0.0380509760894305,-0.19466922697060318,
-0.26824796199798584,-0.09413757920265198,-0.5629837989807129,-0.35349953174591064,-0.10841137915849686,0.18489129841327667,0.026864348737479136,-0.043586202193834224,-0.1823048919735073,
-0.31133508682250977,-0.10956580638885499,-0.5169220924377441,-0.46248939633369446,-0.15754671394824982,0.2958119511604309,0.009624129189838071,-0.049089517781237955,-0.17414661414486995,
-0.3391294956207276,-0.12396780252456666,-0.42767314910888676,-0.6255414485931396,-0.1459619551897049,0.40919604897499084,-0.012441137742298262,-0.05564993311011534,-0.1627438369756303,
0.09522526264190674,-0.006432230770587921,0.28865532875061034,-0.6252120137214661,-0.07312393188476562,0.33542004227638245,-0.07870287037356562,-0.06514253374928057,-0.12337356720770672,
0.4164130687713623,0.01251555383205414,1.2772605895996094,-0.029995471239089966,-0.2426341325044632,0.06770578026771545,-0.11674407291028728,-0.0630876742658853,-0.10401228039149615,
0.6135737419128419,0.03048084080219269,2.0159948348999026,0.2436443418264389,-0.05581338703632355,0.06184682622551918,-0.13798625756540106,-0.06629602406377741,-0.09137948811656997,
0.3831927537918091,0.05298353433609009,1.6542787551879883,0.5583633780479431,0.289065957069397,0.11983716487884521,-0.12400130176951461,-0.07387323215391513,-0.08112724895405066,
0.46834740638732913,-0.0006671067792922259,1.5302011489868166,0.7950518131256104,0.1623660922050476,-0.0016695689409971237,-0.10340770626782259,-0.05954285369049044,-0.07929254324538443,
0.49388875961303713,-0.08692174553871156,0.9622130393981934,0.8396597504615784,0.09831706434488297,-0.06278911232948303,-0.07016845600935163,-0.045780119168630486,-0.07885391244778535,
0.21912622451782227,-0.21170759201049805,-0.053109663724899295,0.7770088911056519,0.13020841777324677,-0.07137781381607056,0.014069896177246737,-0.03338903808843438,-0.08424100607626701,
0.1472852110862732,-0.2574188232421875,-0.39714314937591555,0.6280716061592102,0.09438890218734741,-0.0872901976108551,0.05505960235296854,-0.02756038977089942,-0.08719368012929093,
0.02379775047302246,-0.3133142471313477,-0.7285787582397462,0.4511711895465851,-0.015599653124809265,-0.08589203655719757,0.12328042591871727,-0.014803499919500291,-0.09241224293729661,
-0.03064265549182892,-0.30763721466064453,-0.7368232727050782,0.32507050037384033,0.02155144512653351,-0.051870156079530716,0.14868804301571972,-0.01302048774480423,-0.09653841280419431,
-0.08715282678604126,-0.30585808753967286,-0.7832836151123047,0.21368378400802612,0.04026015102863312,-0.025704598054289818,0.16966284660532194,-0.011449384479063419,-0.10018561146496907,
-0.061526489257812504,-0.2904859781265259,-0.7251293659210205,0.09350862354040146,0.0017108944011852145,-0.002135621849447489,0.19566227666767247,-0.006720829083692892,-0.1014853016132966,
-0.0821255624294281,-0.2743924856185913,-0.6972248554229736,-0.019143089652061462,-0.00701095862314105,0.021433353424072266,0.20259050261657305,-0.005294286574700848,-0.10155072602704955,
-0.08519922494888306,-0.24352726936340333,-0.7358352661132813,-0.10989030450582504,0.0097669567912817,0.028357572853565216,0.2061168240474258,-0.005520796464514209,-0.1017140036230819,
