-0.05290971398353577,-0.10214878320693971,-0.28123011589050295,-0.013331711292266846,-0.019797230139374733,0.035317301750183105,0.17221731219067274,6.0573317417751606e-05,-0.07122857007629754,
-0.04886243045330048,-0.07876326441764832,-0.28511743545532225,-0.05920466035604477,-0.021728022024035454,0.05961864814162254,0.17196775638069703,-0.002975149271873256,-0.06975971377961436,
-0.033765488862991334,-0.06033154129981995,-0.274560284614563,-0.10660893470048904,-0.0032190531492233276,0.06487839668989182,0.16971357803607276,-0.005283508659716193,-0.06807008294894025,
-0.008298732340335846,-0.04732998609542847,-0.26108558177948,-0.14688923954963684,0.012094122357666492,0.050297584384679794,0.16564678251404955,-0.0075653078982890806,-0.06573240763755482,
0.0066084608435630805,-0.03516092896461487,-0.18283592462539675,-0.15427951514720917,-0.012939591892063618,0.024731237441301346,0.15214396886132694,-0.009840560254375488,-0.06041626045710918,
-0.011910665780305862,-0.038774615526199346,-0.15205568075180054,-0.15947267413139343,-0.04596278816461563,0.02319991961121559,0.1441395149622292,-0.010682652244421212,-0.05894527157770371,
-0.02843160629272461,-0.0457733690738678,-0.14301178455352784,-0.18297506868839264,-0.035643041133880615,0.0461031049489975,0.13636148125406666,-0.012296961065327645,-0.05859125286895864,
-0.01175595298409462,-0.0379488468170166,-0.13081705570220947,-0.24549278616905212,0.012959649786353111,0.05049731954932213,0.11865201214847036,-0.017515824487760668,-0.05691120146954616,
0.00277574323117733,-0.0478714257478714,-0.09723562002182007,-0.25241702795028687,-0.002087209839373827,0.03664888069033623,0.10718665709237093,-0.01856157282934656,-0.05440398948063722,
0.0002746477723121643,-0.05230010747909546,-0.016298294067382812,-0.23044592142105103,-0.03517698496580124,0.03438519686460495,0.0941900031168335,-0.018634831372455942,-0.051939437412815675,
-0.01413169950246811,-0.04206453859806061,0.05672462582588196,-0.23304250836372375,-0.01959749311208725,0.04690205305814743,0.06924613707833153,-0.02147963870248626,-0.04898148167556305,
-0.0064861044287681585,-0.029518651962280276,0.07462168335914612,-0.23783619701862335,0.016954392194747925,0.047101788222789764,0.05754127508010446,-0.02353504455969335,-0.047155258483741296,
-0.0018158525228500367,-0.02575183212757111,0.1225294828414917,-0.21240299940109253,0.011228595860302448,0.042907312512397766,0.0453110194275385,-0.024275496164619725,-0.04480417297412763,
-0.016767488420009614,-0.007703215628862382,0.2030263662338257,-0.157541885972023,-0.043632522225379944,0.054625216871500015,0.02217978915584702,-0.023288505241684278,-0.04005135066221715,
-0.011407888680696488,0.009754369407892228,0.21070163249969484,-0.12724842131137848,-0.04323304817080498,0.05895285680890083,0.012954102901707022,-0.024723267973911445,-0.03754639010122958,
-0.006644587963819504,0.025973886251449585,0.20002074241638185,-0.11985816061496735,-0.041834890842437744,0.06827392429113388,0.005241104479243086,-0.0271594649600106,-0.03472869936463354,
0.024903051555156708,0.041825231909751896,0.22799711227416994,-0.09042919427156448,-0.03331294283270836,0.07579928636550903,-0.007936543054964986,-0.03146828720490856,-0.028101903393682983,
0.04864016473293305,0.05799482464790345,0.25503728389739994,-0.045488350093364716,-0.026987936347723007,0.0720042809844017,-0.013632861494313218,-0.03335574392881802,-0.02415841270194537,
0.0628115713596344,0.06978443264961243,0.27192513942718505,-0.025248326361179352,-0.01367212925106287,0.06681111454963684,-0.017854318038848915,-0.03462555151009653,-0.020221237231890003,
0.12044048309326172,0.09778919219970704,0.2905708074569702,0.023221207782626152,0.014424221590161324,0.043175555765628815,-0.022150646605811775,-0.03620731321817609,-0.012240466897469087,
0.14131835699081421,0.10489501953125001,0.3107597351074219,0.07182389497756958,0.026475025340914726,0.012416047975420952,-0.022410342605014354,-0.03580645798126722,-0.009087859735957615,
0.1410804033279419,0.0923348903656006,0.2675447463989258,0.09505997598171234,0.03572951257228851,-0.009688190184533596,-0.02028010721596812,-0.03471345775835802,-0.0071198791465858354,
0.11785385608673096,0.0556189239025116,0.21086058616638184,0.13906872272491455,0.04431820660829544,-0.029994793236255646,-0.011570631969139508,-0.03159610538373659,-0.006323666165902293,
0.09838856458663942,0.0364253044128418,0.17386403083801272,0.15111951529979706,0.05257400497794151,-0.0333237461745739,-0.005279164528609052,-0.029511233609671672,-0.007102418839145486,
0.08687374591827393,0.023655283451080325,0.12014515399932862,0.15178531408309937,0.057833749800920486,-0.03738506883382797,0.0022338131337498682,-0.027150263402259553,-0.008269420929898767,
0.08423387408256532,0.007296618819236756,0.0713028371334076,0.16922901570796967,0.049577947705984116,-0.05010166019201279,0.01796654955891598,-0.021428063655351257,-0.0108242654862444,
0.08574888706207276,0.0037275545299053194,0.042990297079086304,0.17568717896938324,0.04478425905108452,-0.06681299954652786,0.02632220316479681,-0.01856344358244493,-0.01263978132117403,
0.08270567059516908,-0.0008547553792595864,-0.007607747614383698,0.16909585893154144,0.04924505576491356,-0.0826588049530983,0.03524099559230612,-0.01943846641809657,-0.015074484912612561,
0.053465813398361206,-0.01701539009809494,-0.07846583724021912,0.16150584816932678,0.04538347199559212,-0.08845117688179016,0.0531057228777692,-0.01612096390357632,-0.021899943730886266,
0.03931244015693665,-0.02583925426006317,-0.1102860450744629,0.1400008201599121,0.03679477423429489,-0.0887174978852272,0.061585408542248726,-0.012913830318174484,-0.025772741973149257,
0.03163006901741028,-0.03666777312755585,-0.15408101081848147,0.10917473584413528,0.02614212967455387,-0.08252564817667007,0.06960599028811316,-0.009900100915011862,-0.029711654147195316,
0.01913232207298279,-0.050302070379257206,-0.20433485507965088,0.05637756362557411,0.02607554942369461,-0.0766666904091835,0.08231758620343502,-0.004749109924357337,-0.03734464366719068,
0.021295958757400514,-0.04832171499729157,-0.214701247215271,0.024752523750066757,0.027540288865566254,-0.07593432068824768,0.08638182229088451,-0.0025810174038173464,-0.04087061191249401,
0.018386569619178773,-0.05151869654655457,-0.2057602882385254,0.00477881683036685,0.019018173217773438,-0.07620063424110413,0.08881701431586707,-0.00015849527363822051,-0.04426022117579981,
0.01845307946205139,-0.048425668478012086,-0.2066593408584595,-0.032305702567100525,0.004370787646621466,-0.08139380067586899,0.09026192567923001,0.004278479693155127,-0.05099289565138124,
0.013711674511432648,-0.04101040959358215,-0.19978941679000856,-0.05301322788000107,-0.007013990543782711,-0.08073071390390396,0.08927633213763977,0.00596512045956345,-0.054671960632602816,
0.0010090678930282594,-0.0336268424987793,-0.1888041138648987,-0.06905876845121384,-0.01779979281127453,-0.07753492146730423,0.0872351647937538,0.007172117664345554,-0.058664652594874016,
-0.012315108627080918,-0.038187924027442935,-0.17257905006408691,-0.12172278016805649,-0.07758776098489761,-0.06322042644023895,0.0762826202301877,0.006968654678246949,-0.07094902580719299,
0.014874821901321411,-0.025846520066261293,-0.15050982236862184,-0.14063122868537903,-0.0714624896645546,-0.06322042644023895,0.07078979730652431,0.004415592882625454,-0.07505465576172515,
0.06519246101379395,-0.01493174731731415,-0.11445151567459107,-0.17245599627494812,-0.05781378969550133,-0.08425940573215485,0.05728489279060316,-0.001653054432582456,-0.08292044141246283,
0.08535069227218628,-0.006286877393722534,-0.07249024510383606,-0.1693933606147766,-0.05535036325454712,-0.1128883883357048,0.04900590789942155,-0.004186407597903539,-0.08721400924841502,
0.08194165825843812,-0.008762267231941224,-0.019231176376342776,-0.16113756597042084,-0.06373932212591171,-0.12959972023963928,0.040087927063800356,-0.008072131779346757,-0.09232411104132265,
0.02921157479286194,-0.008479297161102295,0.026249462366104127,-0.16972626745700836,-0.0678672194480896,-0.13485947251319885,0.02345538541777984,-0.01747087411737735,-0.10523886571875321,
0.026417240500450134,0.00023411307483911514,0.07462463974952697,-0.16526547074317932,-0.05355273187160492,-0.14204999804496765,0.015354602383874164,-0.020463779503747306,-0.1122820856177936,
0.013578161597251892,0.0010563677176833152,0.12287348508834839,-0.1495528221130371,-0.04037008434534073,-0.1441139578819275,0.007246619609789997,-0.023330803022218315,-0.11947317654803871,
-0.01078813374042511,0.006699176877737046,0.15946109294891359,-0.13097727298736572,-0.036907974630594254,-0.14045210182666779,-0.00040150353498984116,-0.025783445230861072,-0.12730187849865363,
-0.05446805953979492,0.028973501920700074,0.21329221725463868,-0.09708854556083679,-0.027653489261865616,-0.13439340889453888,-0.01344568427170518,-0.030031137936268812,-0.14338270265661548,
-0.06634700894355774,0.028092482686042787,0.23141362667083742,-0.0736527219414711,-0.02532322332262993,-0.12114418298006058,-0.018443922087453078,-0.031976293995761136,-0.15140031724625697,
-0.0786386549472809,0.030781757831573487,0.3102838277816773,-0.009603699669241905,-0.016268474981188774,-0.10609732568264008,-0.025368872869522538,-0.03565355306893685,-0.16412173371174824,
-0.07048864960670471,0.026452949643135073,0.3448032379150391,0.04033057019114494,0.016355248168110847,-0.09910652786493301,-0.026589029159658387,-0.037247214105782245,-0.16970401342708777,
-0.056726384162902835,0.028968170285224915,0.33178391456604006,0.07941246032714844,0.04272054508328438,-0.0978415235877037,-0.02551657782851185,-0.03806789191770479,-0.17490436244852303,
-0.0796457350254059,0.023711539804935455,0.27680740356445316,0.12761567533016205,0.037527378648519516,-0.08326072245836258,-0.018123917429797808,-0.03561410722808772,-0.18521011675123725,
-0.07701712250709535,0.019252127408981325,0.2405709743499756,0.15591175854206085,0.05044371262192726,-0.0791993960738182,-0.012058427792944129,-0.03382891262388905,-0.18992071112127706,
-0.0716950535774231,0.016017402708530425,0.18606513738632202,0.17861314117908478,0.05463852360844612,-0.07361061871051788,-0.0045778998666347395,-0.03183564232030908,-0.1941757375324197,
-0.07715837359428407,0.010674875229597092,0.09615777730941773,0.19106341898441315,0.04391930252313614,-0.0719461441040039,0.013209055855547576,-0.026316454444101432,-0.20191196051214802,
-0.07484050393104554,0.001906423643231392,0.039676743745803836,0.18127630650997162,0.05044404789805412,-0.0730779841542244,0.023133698540146765,-0.023659016830118177,-0.2055086925065932,
-0.06646233201026917,-0.004564045742154121,0.0011317209340631963,0.17614972591400146,0.045583777129650116,-0.06402324140071869,0.03287480571170334,-0.015974784816439255,-0.20911971396649887,
-0.08048554062843323,-0.027440950274467468,-0.04128279387950898,0.1684931367635727,0.03200165554881096,-0.05170612037181854,0.050854930309072406,-0.005767117372740145,-0.2150541944062988,
-0.09497469067573548,-0.03531540930271149,-0.06701850295066834,0.15670864284038544,0.021881645545363426,-0.03353004530072212,0.059688960073366805,-0.0032691660061039064,-0.21723695094392537,
-0.10929419994354249,-0.039160463213920596,-0.09009937047958375,0.14006388187408447,0.020683223381638527,-0.016219496726989746,0.06816160469994276,-0.001356776699990949,-0.21897701073255094,
-0.11763136386871338,-0.06356137990951538,-0.14684765338897707,0.09445726126432419,0.018819009885191917,0.014140540733933449,0.08333892407244968,0.001336089288301926,-0.2204532038701756,
-0.1181442141532898,-0.07528918981552124,-0.1770522236824036,0.05490931496024132,0.0214155912399292,0.0327826663851738,0.08945502009585692,0.002304023890695032,-0.22020048570830075,
-0.1074303388595581,-0.0885101079940796,-0.18579525947570802,0.029476124793291092,0.018020061776041985,0.04976031929254532,0.09700390440967696,0.003546103833458385,-0.21722140314704613,
-0.10613641738891602,-0.09645251631736756,-0.19611252546310426,-0.003547073109075427,0.015157163143157959,0.07139850407838821,0.09901324429913405,0.0038296427210812033,-0.21482609220502782,
-0.10479180812835694,-0.09516640305519104,-0.21457624435424805,-0.03011210635304451,0.012627160176634789,0.08944141864776611,0.100166068936533,0.0038027585525955577,-0.2118756901434039,
-0.09296091198921204,-0.08670358657836914,-0.2118083477020264,-0.04702317714691162,0.012427423149347305,0.09569984674453735,0.10004212090355519,0.003366509084279463,-0.20815954887177487,
-0.06468455791473389,-0.055821001529693604,-0.20249154567718508,-0.08011295646429062,-0.005149440839886665,0.09303668886423111,0.0963902361163069,0.0017753869178637643,-0.19891062094014314,
-0.0659028172492981,-0.04245449304580689,-0.20420265197753906,-0.10867536067962646,-0.03497684746980667,0.09483432024717331,0.09316881636056716,0.0006569245605342417,-0.19419096559707746,
-0.06746192574501038,-0.03441654145717621,-0.1746875882148743,-0.1419648826122284,-0.05887871980667114,0.11061355471611023,0.08339975556908934,-0.003986842325713686,-0.185560114635239,
-0.05864700675010681,-0.032411372661590575,-0.13513679504394532,-0.15854305028915405,-0.06660188734531403,0.11693856120109558,0.07680279409054748,-0.0077308257610424,-0.18106642691491803,
-0.046461287140846255,-0.029372984170913698,-0.08814961910247804,-0.1648680716753006,-0.0706632062792778,0.11733803153038025,0.06921522337812927,-0.012079404210276638,-0.17621560813821485,
-0.035129159688949585,-0.026546365022659304,-0.006504993885755539,-0.1793123334646225,-0.05015741288661957,0.1212725043296814,0.0522438205416297,-0.021117637889192437,-0.16581740322174762,
-0.010777158290147783,-0.022286763787269594,0.07891267538070679,-0.17258785665035248,-0.03264712914824486,0.11894223093986511,0.033226772799194025,-0.028994968999432588,-0.15426805572716384,
-0.014210306107997894,-0.0180305153131485,0.12695280313491822,-0.13177490234375,-0.04576319828629494,0.12699829041957855,0.023727734706060537,-0.0312983870652356,-0.14842769446993703,
-0.014371421933174134,-0.004130572825670242,0.1888553261756897,-0.09961723536252975,-0.04443161562085152,0.12959487736225128,0.014679880281979725,-0.03351301070866677,-0.14235778154670833,
0.004407088458538056,0.0048766501247882845,0.2155696153640747,-0.08457037061452866,-0.026188964024186134,0.13232462108135223,0.007209674945266414,-0.03603803361010731,-0.13632774379050347,
0.026713138818740847,0.03180249035358429,0.24480381011962893,-0.05800534412264824,-0.0008223542245104909,0.1393819898366928,-0.004018020867783409,-0.03983459643424108,-0.12424381129202845,
0.054287999868392944,0.04190955758094788,0.28198952674865724,-0.006539755500853062,0.004770284052938223,0.132191464304924,-0.008519649707384355,-0.04018345838920112,-0.1180169923284527,
0.10520915985107422,0.07460923790931702,0.329485559463501,0.03640371561050415,0.02600899338722229,0.1110193282365799,-0.013229763446512076,-0.0393426305358042,-0.10592522582609469,
0.13011869192123413,0.08331463932991029,0.35861122608184814,0.11210407316684723,0.032733477652072906,0.08378850668668747,-0.013212381874309332,-0.03828509355292276,-0.10030732617941149,
0.16453264951705934,0.07921172976493836,0.38552575111389165,0.18307732045650482,0.07008431106805801,0.04610477760434151,-0.006768935574591063,-0.034914622163337294,-0.09081529553517424,
0.14635822772979737,0.06462361216545105,0.3283233642578125,0.2171657830476761,0.07827352732419968,0.0376492403447628,0.0009151992002846134,-0.03221421490868517,-0.0877904502383078,
0.1209942102432251,0.04441255033016205,0.26619064807891846,0.24579475820064545,0.0736129954457283,0.02053843066096306,0.010552144818682973,-0.02849859021157197,-0.08554154691933558,
0.11841766834259033,0.027498137950897217,0.21350555419921877,0.2587776482105255,0.053972188383340836,0.003494199365377426,0.02155979298822109,-0.024657424206210685,-0.08346273037007611,
0.07049613595008851,-0.009366059303283691,0.09500904083251954,0.2666339874267578,0.038326114416122437,-0.00562712736427784,0.04688084783979259,-0.018102810235032657,-0.08129664807108729,
0.0371492475271225,-0.026703259348869326,0.05136796832084656,0.26929715275764465,0.042587172240018845,0.00249551422894001,0.06030483730529976,-0.016029740879681592,-0.08123477397474209,
0.024130026996135714,-0.04698978662490845,0.011879167705774308,0.2672997713088989,0.04212111979722977,0.001163933426141739,0.0737868229662897,-0.014148401773665607,-0.08086832946529315,
0.026782664656639102,-0.06832979321479797,-0.07584104537963868,0.24779213964939117,0.007766340393573046,-0.008023972623050213,0.10087380305512288,-0.010215943516893963,-0.07941986013288829,
0.022838783264160157,-0.06656278371810913,-0.1273169159889221,0.22109395265579224,-0.0007557751960121095,-0.011685819365084171,0.11407670164672706,-0.008883212744449706,-0.07909828223619668,
0.012309759110212327,-0.059448581933975224,-0.1601787805557251,0.19106638431549072,0.01828589476644993,-0.00995553657412529,0.12642806694194725,-0.008656224246401096,-0.0794760675909126,
0.017757606506347657,-0.07534227967262269,-0.23277664184570312,0.1252863109111786,0.03779355064034462,-0.0073589542880654335,0.1475760624150435,-0.007338162226145727,-0.07998617455122796,
0.025281918048858643,-0.08624582886695863,-0.23203935623168948,0.10011943429708481,0.02893853932619095,-0.024136869236826897,0.15533226519423973,-0.00557173916688818,-0.07934154922820108,
0.03041548728942871,-0.09852628707885742,-0.2262427568435669,0.09199678897857666,0.017553525045514107,-0.03452319651842117,0.1613068409310073,-0.0036304620932424135,-0.07881323316373884,
-0.017322376370429993,-0.1024059534072876,-0.26371469497680666,0.05278174579143524,0.01242693979293108,-0.022139498963952065,0.17118230565957038,-9.43567573583864e-05,-0.07998379529213721,
-0.033070698380470276,-0.11541564464569093,-0.2953455448150635,0.004645108245313168,0.02461090311408043,-0.0008342093788087368,0.17499158882769827,0.0011902429728589997,-0.08108072281715203,
-0.049789467453956605,-0.1100591540336609,-0.32127525806427004,-0.04069521278142929,0.02148168906569481,0.017874497920274734,0.17734017323420823,0.002287961406613324,-0.08150133529804886,
