-0.045605340600013734,-0.23075654506683352,-0.6147035121917725,-0.11461327970027924,-0.008676107972860336,0.024969760328531265,0.21306249873320984,-0.013575447018485965,-0.167670086677306,
-0.05078403949737549,-0.20611298084259033,-0.6441673278808594,-0.21960841119289398,-0.005347156431525946,0.019843176007270813,0.207670667675011,-0.016439030847675198,-0.1670074909956972,
-0.06854943037033082,-0.1965500593185425,-0.6664607524871826,-0.33066225051879883,-0.036173246800899506,0.014050801284611225,0.2001709992374577,-0.01734922098343559,-0.16641851817295622,
-0.10115058422088624,-0.2003426790237427,-0.6949320316314698,-0.4233402609825134,-0.0860409364104271,0.03102845326066017,0.1889591527815634,-0.018174592959799542,-0.16610124528037057,
-0.1508260488510132,-0.2589294910430908,-0.6062188625335694,-0.512289822101593,-0.13704046607017517,0.08888563513755798,0.1535668313058893,-0.02329608185058267,-0.16750677451546675,
-0.14929295778274537,-0.28077757358551025,-0.5443775653839111,-0.6853953003883362,-0.1408354789018631,0.10972487181425095,0.13071749961559634,-0.02925049081243314,-0.1679014049868091,
-0.09117220044136048,-0.2806240558624268,-0.5358260631561279,-0.7851972579956055,-0.12858493626117706,0.0769679844379425,0.10433433187075657,-0.037337109327509735,-0.16655288671573654,
0.0005139376968145371,-0.2699390649795532,-0.04848310053348542,-0.7391911149024963,-0.18677499890327454,0.09814012050628662,0.02469063119467495,-0.054832437328460666,-0.1588905932978519,
-0.029638403654098512,-0.21368849277496338,0.36348886489868165,-0.6305341720581055,-0.1697307676076889,0.13582384586334229,-0.015703109043971916,-0.06241727831793914,-0.15540045472905123,
-0.01392582505941391,-0.10524096488952638,0.7538993835449219,-0.3266674876213074,-0.14589548110961914,0.10839328914880753,-0.05458744191674738,-0.07118867147740794,-0.14964446176671475,
0.19308135509490967,0.14508172273635864,1.6523649215698244,-0.004691309295594692,0.012296286411583424,0.10180196166038513,-0.11637180053877402,-0.08405753429585305,-0.13266841441438046,
0.19439200162887574,0.2912511110305786,1.57854642868042,0.1936476230621338,0.10357613861560822,0.06864561140537262,-0.1289091687552033,-0.08739298273855439,-0.12548906286711653,
0.27330334186553956,0.44620876312255864,1.1915651321411134,0.35170620679855347,0.1071048229932785,-0.020037662237882614,-0.1258952837588302,-0.07989369639490516,-0.11773566647125723,
0.20675394535064698,0.3097488641738892,0.421893835067749,0.40696680545806885,0.10544034838676453,-0.10212960094213486,-0.09068393947721164,-0.07013644020256427,-0.1223200033953468,
0.1105160117149353,0.20676162242889407,0.1603250503540039,0.40709996223449707,0.11362957209348679,-0.12549884617328644,-0.06854437567882574,-0.06622494316464764,-0.12865427316895844,
0.02529601752758026,0.1146636962890625,-0.0288105845451355,0.37693968415260315,0.10863614082336426,-0.11131750792264938,-0.045130818676096605,-0.06194059628138911,-0.1362477004774248,
-0.01952008157968521,0.013706234097480775,-0.22341651916503907,0.35490041971206665,0.08173847198486328,-0.10512861609458923,-0.004247821143869428,-0.05204349959527958,-0.14880879573525754,
-0.02884798347949982,-0.01658066958189011,-0.31665606498718263,0.2933814227581024,0.05018001049757004,-0.10106730461120605,0.014542956115370926,-0.04783644084658774,-0.15415807570012396,
-0.04478787183761597,-0.03455706536769867,-0.42403264045715333,0.21242131292819977,0.03446735814213753,-0.09281149506568909,0.03147623657927376,-0.044467456816835754,-0.15917541078384728,
-0.0572875201702118,-0.04886586666107178,-0.5047415256500244,0.12819884717464447,0.005771799478679895,-0.0892828106880188,0.05478865589302716,-0.039717312691957295,-0.16813728224664234,
-0.045750084519386294,-0.054390746355056765,-0.5365152359008789,0.04164611175656319,-0.025187447667121887,-0.09041465818881989,0.06160757014246005,-0.03872218919294904,-0.17277408459976118,
-0.044845908880233765,-0.05385813713073731,-0.5500264644622803,-0.04437399283051491,-0.031379297375679016,-0.09514176845550537,0.06521795597728308,-0.03880437408183891,-0.17762196073985695,
-0.05911290645599365,-0.06846502423286438,-0.5722188949584961,-0.13485489785671234,-0.0697953999042511,-0.09614044427871704,0.06228470443738447,-0.040330808583661386,-0.18838553373045552,
-0.08137843608856202,-0.07087086439132691,-0.5632325172424316,-0.22560212016105652,-0.1089438647031784,-0.07623331248760223,0.0559373008562234,-0.04312403275157605,-0.19414534433204986,
-0.08351488113403321,-0.08195752501487732,-0.5980151176452637,-0.3457106947898865,-0.15035602450370789,-0.04846986383199692,0.04635698524047089,-0.047647110523055966,-0.19922942441466704,
-0.019437289237976076,-0.014194093644618988,-0.5415256977081299,-0.48805665969848633,-0.16260656714439392,-0.04720486328005791,0.012801470949882508,-0.06165876281512818,-0.2066972515369311,
0.04273116588592529,0.01016521528363228,-0.4759431838989258,-0.6596307754516602,-0.14010284841060638,-0.08502174913883209,-0.012049692998944516,-0.0700023015609996,-0.2095686720558554,
0.05730332136154175,0.048304381966590884,-0.19482766389846803,-0.7049045562744141,-0.13743969798088074,-0.134489968419075,-0.04309591003692556,-0.0780307341022267,-0.2129977886672695,
0.11360809803009034,0.04493437707424164,1.0034076690673828,-0.39071810245513916,-0.21893242001533508,-0.2452109009027481,-0.109136465738595,-0.09594504755105022,-0.22391994773059964,
-0.003015066683292389,0.09881199002265931,1.3522838592529298,-0.12446856498718262,-0.13011600077152252,-0.23529061675071716,-0.12757523766111567,-0.11054652989495381,-0.2321226423385027,
-0.14013572931289672,0.15290038585662843,1.3399414062500001,-0.004226839169859886,0.07261714339256287,-0.18209397792816162,-0.13386324008499817,-0.12415632293298755,-0.24147961831880366,
-0.16121078729629518,0.07900171875953675,1.1703423500061036,0.21222157776355743,0.17295174300670624,-0.14720657467842102,-0.1258486432107975,-0.12770400437607243,-0.26346331070251483,
-0.1398470640182495,0.03738638162612915,0.8406479835510254,0.34957411885261536,0.22361837327480316,-0.11511547863483429,-0.11046693066591289,-0.12211310613913164,-0.274465425840255,
-0.1079338312149048,0.022313442826271058,0.45827817916870117,0.3780033588409424,0.21103493869304657,-0.11837784945964813,-0.09014707980612396,-0.11377653885161505,-0.28438357520265317,
-0.10913599729537965,0.01211160719394684,0.04775117337703705,0.39711153507232666,0.16269856691360474,-0.14720657467842102,-0.04595783765903262,-0.09514742649694519,-0.30309966318245685,
-0.17008210420608522,-0.010950907319784165,-0.10373212099075318,0.36915123462677,0.13986147940158844,-0.12023665010929108,-0.022959244590465923,-0.0854039875081313,-0.31207470381913344,
-0.2276787281036377,-0.037997987866401677,-0.23284292221069336,0.314090371131897,0.10563987493515015,-0.0764276534318924,-0.001541137508649711,-0.07797254039610893,-0.31945793163081987,
-0.22724721431732178,-0.043139475584030154,-0.3868597507476807,0.20882895588874817,0.10663855820894241,-0.05039525032043457,0.032366380284529844,-0.06621881481074575,-0.3273497196043384,
-0.2169814109802246,-0.04870417416095734,-0.39696917533874515,0.1723436415195465,0.07141824811697006,-0.050728149712085724,0.04401273134109579,-0.060568356942359486,-0.32929335110866725,
-0.27190790176391605,-0.057571148872375494,-0.384900975227356,0.1410515010356903,0.034666627645492554,-0.016439948230981827,0.05355078529666057,-0.05561052816305761,-0.3313448958595993,
-0.3071612596511841,-0.08649350404739381,-0.5376022815704345,0.03632267937064171,-2.104749728459865e-05,0.027302471920847893,0.06777579907976854,-0.05152457873805954,-0.3325187474996381,
-0.3172035217285156,-0.10181500911712647,-0.56004376411438,-0.0798577219247818,-0.006346055306494236,0.06984647363424301,0.06918439787959134,-0.05180869022406447,-0.33109225406036297,
-0.3429752588272095,-0.11908423900604248,-0.5399263381958008,-0.15242886543273926,-0.05135347694158554,0.12723760306835175,0.06597891904551835,-0.05262645531388415,-0.3282163900059638,
-0.36481871604919436,-0.1264972686767578,-0.5081570148468018,-0.23891501128673553,-0.11114144325256348,0.19122004508972168,0.04892556340017326,-0.059830247012041406,-0.3166198316505718,
-0.3480562210083008,-0.13118011951446534,-0.4916214942932129,-0.31854355335235596,-0.17499074339866638,0.24275220930576324,0.035301021011832204,-0.06664676380111655,-0.307750152558799,
-0.37850301265716557,-0.13792905807495118,-0.4222004890441895,-0.4200765788555145,-0.20022419095039368,0.3315686285495758,0.017930054097878845,-0.07514249633692324,-0.2969856760881018,
-0.2198434352874756,-0.08640228509902954,-0.21485209465026855,-0.6062980890274048,-0.12399119883775711,0.43822821974754333,-0.03369845592951659,-0.09371842052064842,-0.26251149448578376,
0.055413234233856204,-0.01527557522058487,0.20070321559906007,-0.5765372514724731,-0.10781249403953552,0.33722785115242004,-0.07096000128485995,-0.0966404770482298,-0.238998304036398,
0.32645778656005864,0.0712911069393158,0.9066711425781251,-0.1917104870080948,-0.2214629054069519,0.18396292626857758,-0.10817570034034654,-0.09619915775466199,-0.21846131407302077,
0.4306339263916016,0.15497384071350098,1.6318315505981447,0.1301991194486618,-0.07372403144836426,0.08788938820362091,-0.1404580981242523,-0.10606588628043366,-0.19127423746822347,
0.34957051277160645,0.14031333923339845,1.5449215888977053,0.3841980993747711,0.22195342183113098,0.10173782706260681,-0.13585856952882752,-0.1070526436350299,-0.1857738854221213,
0.24182667732238772,-0.007105027884244919,0.5607431411743165,0.7283450961112976,0.14578701555728912,-0.019569162279367447,-0.06210563556036971,-0.07555391740457415,-0.18616937614438386,
0.13495036363601684,-0.06407048106193543,0.14092564582824707,0.7076390385627747,0.1781444251537323,-0.022764956578612328,-0.02474415329903714,-0.06813628504760767,-0.18813857407430695,
0.0388672411441803,-0.0994556725025177,-0.11374280452728272,0.6599010229110718,0.15910296142101288,-0.015109912492334843,0.01162312048429158,-0.059990914285584354,-0.1895346506594064,
-0.03092511594295502,-0.16990520954132082,-0.5225993633270264,0.5383943319320679,0.07288312166929245,-0.03774677962064743,0.07862611260322697,-0.043778444389765324,-0.18918275944016621,
-0.10096241235733033,-0.18220252990722657,-0.5392935276031494,0.47268080711364746,0.040792033076286316,-0.02722729556262493,0.10620842782551447,-0.03960595695675168,-0.18992497192377086,
-0.13274643421173096,-0.19808831214904787,-0.49747700691223146,0.4337986707687378,0.021217796951532364,0.00413142703473568,0.1309593127581241,-0.03698370822828207,-0.19072608961868057,
-0.05379972457885743,-0.2204068183898926,-0.6344629764556885,0.2713458240032196,0.03906097635626793,0.005130112171173096,0.1745071603290448,-0.03451927135933086,-0.18966662271137466,
-0.048307865858078,-0.20125150680541992,-0.5481513023376465,0.2196139246225357,0.06149810925126076,0.00912485457956791,0.18892779987893668,-0.03315674712355603,-0.18843456505453632,
-0.06610757112503052,-0.19914782047271729,-0.48734230995178224,0.1353248655796051,0.04212361201643944,0.0016680024564266205,0.20038402043383458,-0.030940646914660943,-0.18649626457959675,
-0.05940016508102417,-0.19811424016952517,-0.6169923305511475,0.009557085111737251,-0.00341644324362278,-0.007852798327803612,0.21482752471017103,-0.027788485452224634,-0.18370521516238963,
-0.08999494314193726,-0.20217242240905764,-0.6171508312225342,-0.09310777485370636,0.002242774236947298,0.0033324789255857468,0.21579768400998234,-0.027626443285285057,-0.18418042770820423,
