-0.06620586514472962,-0.2556465148925781,-0.47209830284118653,-0.11875840276479721,-0.020601807162165642,-0.002501706127077341,0.25180315186359037,-0.01263426605956783,-0.01480625088239541,
-0.10454410314559937,-0.2555259704589844,-0.4175719738006592,-0.1825411021709442,-0.04796578362584114,0.025062009692192078,0.2472823754116421,-0.011976132880701509,-0.016047927230677238,
-0.08472429513931275,-0.2534569025039673,-0.4566240787506104,-0.28007936477661133,-0.038245245814323425,0.01966911181807518,0.24077389852260378,-0.013116182378286904,-0.0167717490281485,
-0.05052574872970581,-0.2740144968032837,-0.4864243030548096,-0.39699214696884155,-0.06554264575242996,0.03464939072728157,0.2169279057285022,-0.01786290746132541,-0.017906432139030277,
-0.0608193576335907,-0.28125140666961673,-0.5017540931701661,-0.5045838356018066,-0.11015059798955917,0.06414390355348587,0.19924355429839805,-0.020587284596557384,-0.018254373174276535,
-0.04648368060588837,-0.2724681854248047,-0.4213575839996338,-0.6325487494468689,-0.13784748315811157,0.08351840078830719,0.1514397168986615,-0.03172803947703191,-0.018989209016515535,
0.016043034195899964,-0.29159860610961913,-0.30692379474639897,-0.700459361076355,-0.17699594795703888,0.09856525808572769,0.12127210936391318,-0.039069736594408454,-0.018055573782094887,
0.06812906265258789,-0.2450342655181885,-0.04475862085819245,-0.7404733896255493,-0.1362495869398117,0.07186707109212875,0.08687765062970194,-0.04829064079220107,-0.016488600622822404,
0.2472380876541138,-0.18573658466339113,0.7033226013183594,-0.4864743649959564,-0.14377301931381226,-0.020810939371585846,0.012253072097671996,-0.06524002218625213,-0.01104462873147101,
0.20377326011657715,-0.020261140167713167,1.4694750785827637,-0.004375629127025604,0.06941304355859756,0.0040896181017160416,-0.040270199033300105,-0.07921172368791402,-0.011429558488200008,
0.165501868724823,0.17468451261520387,1.1987887382507325,0.29229816794395447,0.13925482332706451,-0.020415838807821274,-0.04657283840107884,-0.08142895899704415,-0.012744395487632293,
0.20691497325897218,0.16798533201217652,0.9742043495178223,0.40648120641708374,0.0886547639966011,-0.07927170395851135,-0.03943690793868869,-0.07395503211119754,-0.013631346198978633,
0.11806079149246217,0.06993416547775269,0.2754528999328613,0.4212617576122284,0.07327500730752945,-0.1156238466501236,-0.002437228534808349,-0.0627375563569145,-0.020595161600560474,
0.029436397552490237,0.00915268510580063,0.010546615719795227,0.35554826259613037,0.0952460840344429,-0.10523752123117447,0.020451298874122364,-0.05915423698044198,-0.026274607376741543,
-0.04927954077720642,-0.04420434534549714,-0.14496271610260011,0.3146021366119385,0.07347474247217178,-0.09731461852788925,0.04198421686943592,-0.054224394313698424,-0.03183267969929473,
-0.12139319181442261,-0.1209269404411316,-0.2748201131820679,0.2551470696926117,0.047908395528793335,-0.06782010197639465,0.07764932619858264,-0.04381450276257957,-0.04048664985838507,
-0.1501016616821289,-0.14173718690872192,-0.3245867252349854,0.18796883523464203,0.0525023490190506,-0.027939269319176674,0.09246436986625049,-0.04018403465570377,-0.04397094992142772,
-0.16709164381027222,-0.1473293662071228,-0.35797688961029056,0.12092376500368118,0.05090445280075073,-0.0011079208925366402,0.10486933093469519,-0.03687850978425522,-0.046040415073645216,
-0.12819398641586305,-0.12889024019241332,-0.36352994441986086,0.04322603717446327,0.03192942962050438,-0.0005752886645495892,0.12054815370352852,-0.03146945781347327,-0.045537545714221354,
-0.11752161979675294,-0.12520600557327272,-0.3536343812942505,-0.01636219583451748,0.03366048261523247,0.002154451794922352,0.1243716606847587,-0.029490972523793874,-0.04469234194426058,
-0.1405753493309021,-0.14784866571426392,-0.35715780258178714,-0.09326097369194031,0.028933372348546982,0.028985798358917236,0.1253138802138402,-0.026493375260881323,-0.04340037669580118,
-0.1625901222229004,-0.162471079826355,-0.35245389938354493,-0.14306209981441498,0.011689404025673866,0.05408609285950661,0.12211720340789839,-0.02522015644228711,-0.04204736708172203,
-0.1831158995628357,-0.16453107595443728,-0.3416123151779175,-0.1937287300825119,-0.018537474796175957,0.0847124457359314,0.11651896200928531,-0.02469441342788219,-0.03983170167734668,
-0.28621983528137207,-0.1832368850708008,-0.34503653049468996,-0.33427706360816956,-0.08458387106657028,0.26247844099998474,0.09891385456013646,-0.027371117896806126,-0.03325637604348531,
-0.26914851665496825,-0.16374962329864504,-0.28506176471710204,-0.42502427101135254,-0.015275102108716965,0.34070882201194763,0.08506146274013478,-0.03328054513374267,-0.026581220839664216,
-0.06346735954284669,-0.12112401723861695,-0.038282576203346255,-0.4561832547187805,-0.013011415489017963,0.33351826667785645,0.04279715321863192,-0.0444290599636839,0.002109671032929662,
-0.022274772822856906,-0.08630157113075257,0.2642784357070923,-0.3086441457271576,-0.060282524675130844,0.33305221796035767,0.016249080960272305,-0.04485881059452123,0.01907671810344351,
0.1261221170425415,-0.015520216524600984,0.7904367923736573,-0.04891933873295784,-0.02626064233481884,0.3138774633407593,-0.02734142780956079,-0.048227327656354804,0.053143955953158996,
0.2591214895248413,-0.003554748371243477,0.8684923171997071,0.11846137046813965,0.018014244735240936,0.18891054391860962,-0.03840268349627508,-0.049159441019569934,0.07027798993465319,
0.4916909217834473,0.08491626977920533,0.8776412010192871,0.36154142022132874,0.055498238652944565,0.06600566953420639,-0.03807673203072752,-0.04606557524515794,0.09569071593812492,
0.47509770393371586,0.0989339828491211,0.5953086376190185,0.3877735435962677,0.1279362291097641,-0.015287324786186218,-0.024876573881767044,-0.04425417336685483,0.1016191670194325,
0.3524348258972168,0.05511744022369385,0.16231142282485964,0.4291191101074219,0.07766904681921005,-0.11648745089769363,0.01311833125236203,-0.03438914130882891,0.10387129306029022,
0.2734949827194214,-0.019915860891342164,-0.0007707059849053621,0.40321987867355347,0.012088709510862827,-0.1373266875743866,0.03438913538965873,-0.028162987037153416,0.10064455552777779,
0.10277436971664429,-0.09293684363365173,-0.2757269859313965,0.30261898040771484,-0.016673428937792778,-0.12554219365119934,0.07724176173226972,-0.026136570996962476,0.08836837692653067,
0.08075243830680848,-0.10676761865615846,-0.3479408025741577,0.2379041463136673,-0.025262124836444855,-0.13586193323135376,0.09580427717263618,-0.024885876218045548,0.0818576961852339,
0.0404229611158371,-0.12613657712936402,-0.35476977825164796,0.16426774859428406,-0.051560841500759125,-0.12674061954021454,0.12407647839143555,-0.022281899106843528,0.06853273318129062,
0.022451893985271455,-0.13621954917907717,-0.3753982067108155,0.06739525496959686,-0.05136110261082649,-0.10809849202632904,0.1349954914487619,-0.021251216963140748,0.061515428152303604,
0.015725214779376984,-0.13901976346969605,-0.4202345371246338,-0.06636201590299606,-0.06534270197153091,-0.10982954502105713,0.14759528915599662,-0.02088173264933728,0.048476424587163794,
0.030734390020370483,-0.14400721788406373,-0.3671586990356446,-0.10830680280923843,-0.074863500893116,-0.12054876983165741,0.14738128714974577,-0.021015848875203403,0.042349409432569575,
0.03583329617977143,-0.17439612150192263,-0.3564776420593262,-0.19752269983291626,-0.0917079970240593,-0.13106825947761536,0.13934175369364862,-0.0223225353995264,0.028545697868131804,
0.039555683732032776,-0.17709162235260012,-0.3795448064804077,-0.27675172686576843,-0.12220119684934616,-0.12980325520038605,0.13216316882568316,-0.02359330674154881,0.020943210493396217,
-0.0030799364671111108,-0.16196155548095703,-0.35325844287872316,-0.38334476947784424,-0.1849186271429062,-0.08299819380044937,0.10874822946603949,-0.028721551342154546,0.004428197818660983,
0.036008217930793764,-0.1448438882827759,-0.32791728973388673,-0.5242925882339478,-0.14184199273586273,-0.08233240246772766,0.09258411167262942,-0.03505995064244036,-0.003452447130263339,
0.11103446483612062,-0.11833213567733765,-0.30217971801757815,-0.6274234652519226,-0.12007066607475281,-0.10117427259683609,0.07263042115804223,-0.04288816287610115,-0.009892335071692631,
0.15715771913528442,-0.03524700701236725,0.15648518800735475,-0.5351449251174927,-0.20382706820964813,-0.16935119032859802,0.015559474357435321,-0.05895802810850832,-0.02133981979114673,
0.2628423929214478,0.0045844830572605135,0.5985382080078125,-0.2733583450317383,-0.18858014047145844,-0.316361665725708,-0.014766578466487525,-0.0670706162333761,-0.027938038074236005,
0.33575077056884767,-0.018039698898792266,0.9446694374084473,-0.10211708396673203,-0.07792578637599945,-0.34199461340904236,-0.037240798820250075,-0.07856735067187111,-0.03794750787673825,
0.025934439897537232,0.0321243554353714,1.016235637664795,0.10760685801506042,0.135992631316185,-0.32395169138908386,-0.048309820944228796,-0.09740119907128393,-0.07119444055997645,
-0.11532407999038696,-0.007018381357192994,0.9803601264953614,0.2801796793937683,0.1348607838153839,-0.29126137495040894,-0.04333871676099488,-0.09698182757589488,-0.09010370229978407,
-0.238124418258667,-0.11863547563552856,0.5157335758209228,0.3769190311431885,0.11708418279886246,-0.22434945404529572,-0.013727936618853158,-0.08633932808558882,-0.12429030598556226,
-0.2551142454147339,-0.15306459665298464,0.26187522411346437,0.3818458616733551,0.1179497092962265,-0.17987467348575592,0.00732993838492162,-0.08002179008355736,-0.13788120154055641,
-0.2671494722366333,-0.18410996198654175,0.05028945207595825,0.3516189754009247,0.11681786924600601,-0.1195540726184845,0.029358841488700254,-0.07348704665122349,-0.14882458164095408,
-0.287328839302063,-0.18512743711471558,-0.18987985849380495,0.297756552696228,0.08732336014509201,-0.01768815703690052,0.06079454661441316,-0.04701127880532683,-0.1611260200620464,
-0.28638339042663574,-0.16683666706085207,-0.26039462089538573,0.24009911715984344,0.09544599801301956,0.04056849330663681,0.07794145269168284,-0.04151646657181209,-0.16375465522816832,
-0.23101718425750734,-0.14163579940795898,-0.38492665290832523,0.12218765914440155,0.08865494281053543,0.07472353428602219,0.10530736555219418,-0.03299981439914371,-0.16034376942025863,
-0.18925312757492066,-0.1331288456916809,-0.4077630043029785,0.059337057173252106,0.07394097745418549,0.08684092015028,0.11408904736608678,-0.029705470146973854,-0.1557391076962958,
-0.16265405416488649,-0.13756524324417116,-0.4160960197448731,-0.0388004295527935,0.014552482403814793,0.11653516441583633,0.12245469707986588,-0.024843666158898804,-0.14503170609418736,
-0.1544295907020569,-0.15097081661224365,-0.43900661468505864,-0.14026688039302826,-0.01287807710468769,0.1325141340494156,0.12285962867930497,-0.024908250957419473,-0.13954583275030613,
-0.13120546340942382,-0.18670889139175417,-0.4598411083221436,-0.27435705065727234,-0.05049522966146469,0.1764562875032425,0.11296494192552788,-0.02954141823601568,-0.12755347031898764,
-0.1741676688194275,-0.2065905809402466,-0.3893884897232056,-0.38035085797309875,-0.05801865831017494,0.2603458762168884,0.10152191780591234,-0.03274916218173499,-0.12118173299050533,
-0.13993542194366457,-0.20202579498291018,-0.27024159431457523,-0.5294212698936462,-0.009482546709477901,0.3227970004081726,0.06602407126383011,-0.044021392976137136,-0.10128088542497504,
-0.09226160645484925,-0.18763761520385744,-0.10452812910079956,-0.5115781426429749,-0.0493633858859539,0.3449012339115143,0.04053157955203572,-0.047731243740336916,-0.08664589862401786,
-0.011078412085771561,-0.11905680894851685,0.227800989151001,-0.40391960740089417,-0.0620800144970417,0.3112126290798187,0.010700803395020783,-0.049553025384674626,-0.07020878335440336,
0.28453128337860106,0.10069642066955567,1.0418106079101563,-0.009239133447408676,-0.06341159343719482,0.09909184277057648,-0.0427937371998317,-0.053067832278263866,-0.036469622128839856,
0.40353097915649416,0.0924663007259369,1.4749691009521486,0.3906345069408417,0.004032962489873171,0.08484393358230591,-0.05701080443547038,-0.053900147977044566,-0.02572503927451698,
0.36302118301391606,0.04521483778953553,1.7043182373046877,0.5608105063438416,0.15237103402614594,0.09716105461120605,-0.05679393931109827,-0.0560817898948468,-0.02049489284615681,
0.42321143150329593,-0.06485652327537537,0.9918774604797364,0.7312528491020203,0.20343714952468872,0.04436388239264488,-0.013551962496035817,-0.04916988110691481,-0.01207096591378429,
0.43102841377258305,-0.12917615175247193,0.6279876232147217,0.808684229850769,0.09691070765256882,-0.041256748139858246,0.01910387904115472,-0.03820449100153816,-0.007716969298193672,
0.3721472263336182,-0.20826580524444582,0.271932053565979,0.7871126532554626,0.08086516708135605,-0.08666364848613739,0.05686270955689516,-0.028982460723216606,-0.005159846387828459,
0.15966563224792482,-0.33176345825195314,-0.3238156318664551,0.620398759841919,0.10556598007678986,-0.08000573515892029,0.13821080751583795,-0.018501472887858948,-0.008120986704494015,
0.07224456667900085,-0.3676943302154541,-0.4855376243591309,0.4756559133529663,0.05010564997792244,-0.04911307245492935,0.17451060528755424,-0.011627473657521327,-0.009464585515898943,
-0.01021624878048897,-0.3788280487060547,-0.5624221324920654,0.36213868856430054,-0.006752840243279934,-0.018087245523929596,0.20487536992242938,-0.005338727965565953,-0.009866261097851176,
-0.07980423569679261,-0.36525456905364995,-0.6131919860839844,0.19182953238487244,-0.007551788818091154,0.025322280824184418,0.24865888450147597,-0.0007266674997621729,-0.01099555212016941,
-0.05385923385620117,-0.3520610570907593,-0.6290645599365234,0.07871176302433014,-0.0016928341938182712,0.015934636816382408,0.26289163462709464,-0.0016307969578077753,-0.011327029847942467,
-0.0035046812146902087,-0.32445526123046875,-0.5521712303161621,-0.01769467070698738,-0.03191971406340599,0.006879889406263828,0.2758884441314994,-0.0034734859140429244,-0.01014609777406624,
-0.008506865799427032,-0.3100406885147095,-0.5623309135437012,-0.12575243413448334,-0.024729179218411446,0.012539107352495193,0.2771509454486486,-0.004462733599839889,-0.010590117773644261,
