-0.021650633215904238,-0.12927656173706056,-0.25258119106292726,-0.058126386255025864,-0.012475661002099514,0.024822132661938667,0.20889043659806822,0.003382521964450276,-0.06565085150255782,
-0.016418671607971193,-0.11485042572021485,-0.2559680461883545,-0.11471855640411377,-0.029919367283582687,0.04053477942943573,0.20771766176003573,0.0015380538157875481,-0.06526492666896408,
-0.012238644063472748,-0.09461060762405396,-0.2334686279296875,-0.1473422795534134,-0.037309639155864716,0.04333110153675079,0.20396991851018428,-4.3434649316024394e-05,-0.06456919530236419,
0.01454431861639023,-0.052265417575836186,-0.18492527008056642,-0.17703652381896973,-0.032915424555540085,0.01556764729321003,0.19180361382904335,-0.005067753091358704,-0.0630274769939782,
0.044043856859207156,-0.04828033745288849,-0.1593944787979126,-0.1936812847852707,-0.03651069104671478,-0.0014100056141614914,0.18388289484561737,-0.007864492890658832,-0.06236494911474403,
0.039959922432899475,-0.05751143097877503,-0.1211297631263733,-0.2088613063097,-0.06593862175941467,0.008976323530077934,0.16574030994572017,-0.011656045858105611,-0.06283027975452796,
0.012645787000656128,-0.04377748668193818,-0.09216883778572083,-0.23089896142482758,-0.05428729206323624,0.0006539449095726013,0.15564787806823416,-0.013682431275816368,-0.06403845430902122,
0.021286897361278534,-0.03712337911128998,-0.08118081688880921,-0.26085951924324036,-0.05242307856678963,-0.0079347500577569,0.14513367406712124,-0.01674119867331868,-0.0652107121909746,
0.0625513255596161,-0.055647230148315435,-0.04188092052936554,-0.2599274218082428,-0.05189044773578644,-0.023381084203720093,0.12172048327176184,-0.022086940262168234,-0.06744588878613895,
0.06050136685371399,-0.043977117538452154,0.024921290576457977,-0.240020290017128,-0.05521939694881439,-0.039759524166584015,0.10591954665302884,-0.02736719525073975,-0.06890694246689427,
0.04376650452613831,-0.0315035879611969,0.060124683380126956,-0.2298336923122406,-0.07073231041431427,-0.03995925933122635,0.09260307796986368,-0.029568729888906214,-0.07077882332342303,
0.021740832924842836,-0.014028684794902803,0.10445094108581543,-0.2112581580877304,-0.0426359623670578,-0.04022558033466339,0.06863698650466545,-0.03428780040173627,-0.07598600606556254,
0.03858478367328644,-0.012640950083732606,0.13235279321670532,-0.17477284371852875,-0.027189627289772034,-0.03643057495355606,0.05740528510301336,-0.03744135091823525,-0.07873322865762533,
0.016464324295520784,-0.013853977620601655,0.19731602668762208,-0.13708911836147308,-0.032116472721099854,-0.021583450958132744,0.03698087398081512,-0.04118011439366096,-0.08337448402018295,
0.008165867626667022,0.0014748419634997845,0.19242893457412721,-0.10533091425895691,-0.03438016027212143,-0.011530017480254173,0.028915732654800835,-0.042484364683994844,-0.0852070648477146,
0.011482659727334976,0.014633363485336304,0.196305251121521,-0.08921879529953003,-0.025192255154252052,-0.0006776358932256699,0.0219084974292153,-0.044034032603678754,-0.08654755912336225,
0.024993728101253512,0.045077505707740786,0.1772346615791321,-0.06345105171203613,-0.017269620671868324,0.004651774652302265,0.011210078161288802,-0.047288703021428666,-0.08789259752506642,
0.05485682487487793,0.07947513461112976,0.19178123474121095,-0.035021811723709106,-0.007282766047865152,-0.022445891052484512,0.0068310188980515935,-0.048471624620939305,-0.08768501303488531,
0.09293323755264282,0.10789620876312256,0.21443035602569582,0.003394288942217827,-0.0010909164557233453,-0.04608144611120224,0.003205634186788485,-0.04945275852216007,-0.08736153406738731,
0.1011468768119812,0.1268559455871582,0.26773622035980227,0.07310253381729126,0.0021048770286142826,-0.07757332175970078,-0.00010917647246654335,-0.050351103456043614,-0.09055818678616111,
0.0886257827281952,0.11050949096679688,0.2559832572937012,0.09873545914888382,0.003369878511875868,-0.0867612287402153,0.0014114813519750503,-0.0503562547044119,-0.09388355697408583,
0.06099511981010437,0.08650885820388794,0.21955630779266358,0.11990758776664734,0.0055669862776994705,-0.08343227952718735,0.005104446499817181,-0.05024020580715162,-0.09819015170411542,
-0.008250071108341217,0.05131472945213318,0.15376093387603762,0.14880289137363434,-0.011743561364710331,-0.06945068389177322,0.01647186838114866,-0.04957933560047449,-0.10753447008126066,
-0.024988897144794464,0.03831947147846222,0.12252029180526734,0.15772448480129242,-0.010611717589199543,-0.06825226545333862,0.02356368338684005,-0.04917167843820234,-0.11159104737225915,
-0.03813075721263886,0.012646581232547761,0.062054336071014404,0.15865658223628998,0.0027706671971827745,-0.055202774703502655,0.039691629585336535,-0.04941229215458181,-0.11882165493566059,
-0.056645441055297854,0.0032669719308614734,0.029085570573806764,0.14347656071186066,0.0055669862776994705,-0.042752496898174286,0.048364976220163856,-0.04932905229638877,-0.12230327374930157,
-0.08004439473152161,-0.0190195769071579,-0.031521865725517274,0.13382260501384735,-0.006150922738015652,-0.025042472407221794,0.06480950625729066,-0.04357308882073019,-0.12767543255607586,
-0.09084298014640808,-0.03511150777339935,-0.041778343915939334,0.12663207948207855,-0.005019078962504864,-0.010128770023584366,0.0721505488711315,-0.042998356167920415,-0.12956071834577132,
-0.09827535748481751,-0.04836982190608979,-0.05677099227905274,0.10938810557126999,-0.0012906535994261503,0.011709151789546013,0.07918370025404882,-0.04296282898154484,-0.1310189852068054,
-0.10983800888061523,-0.07068940401077271,-0.10175355672836305,0.07643148303031921,0.0022380349691957235,0.042002610862255096,0.0920435896297278,-0.04316314440395735,-0.13209356183757304,
-0.10553823709487915,-0.07163811326026917,-0.12075271606445313,0.055059611797332764,-0.0008911794284358621,0.05565131455659866,0.09712449408589573,-0.043435598290454784,-0.13115542382790832,
-0.09779093861579896,-0.07229913473129272,-0.1320120096206665,0.03295537456870079,-0.0012906535994261503,0.07116422802209854,0.10110997155103846,-0.04389870595378181,-0.12934745747865592,
-0.09263973832130433,-0.07989792823791504,-0.139765465259552,0.003261131001636386,0.0027706671971827745,0.08880766481161118,0.10609682309208357,-0.045651064543576744,-0.1240402915169363,
-0.07782908082008362,-0.07822619676589966,-0.13519119024276735,-0.009721779264509678,0.0023711929097771645,0.10558558255434036,0.10686884442757165,-0.04695675108484665,-0.12036825236142674,
-0.05294984579086304,-0.0775233268737793,-0.11963720321655275,-0.03628818690776825,0.011492744088172913,0.11177485436201096,0.1057104280156366,-0.049877392803554826,-0.1113186371925992,
-0.040283778309822084,-0.08031086325645448,-0.12774925231933595,-0.050469521433115005,0.000706941878888756,0.11676828563213348,0.1040588489220744,-0.051382314129461225,-0.10595351635940181,
-0.03888090252876282,-0.07986629605293274,-0.11480715274810792,-0.05939111113548279,-0.007748594973236322,0.1360761970281601,0.10132794472554407,-0.052669809044477885,-0.10034116127155891,
-0.047459846735000616,-0.07328012585639954,-0.09376525282859803,-0.075103759765625,-0.00668333051726222,0.1450643688440323,0.09789773359576662,-0.05420744087493822,-0.09462431736315573,
-0.041464656591415405,-0.061916458606719973,-0.09285174608230591,-0.08608929812908173,-0.011077546514570713,0.15698201954364777,0.09401828214573257,-0.05641170164720216,-0.08833226510342825,
-0.023114144802093506,-0.05331911444664002,-0.06309607028961182,-0.08935167640447617,-0.019732819870114326,0.1674349159002304,0.08404577501277252,-0.06119883080933673,-0.0742083940549918,
-0.006378830969333649,-0.04041877090930939,-0.037810477614402774,-0.10106958448886871,-0.023461245000362396,0.17189571261405945,0.07801622718044912,-0.06392129867016393,-0.06631796859803238,
0.015360671281814576,-0.03264809548854828,-0.021237181127071382,-0.11079011857509613,0.0021716805640608072,0.178819939494133,0.06529321835266824,-0.06979078101837353,-0.04984870264649336,
0.025860336422920228,-0.018762700259685516,0.005703956261277199,-0.10845985263586044,-0.004552801605314016,0.17802098393440247,0.057956772235646284,-0.07248306236089858,-0.041086866483154065,
0.023405669629573824,-0.01775372922420502,0.047918543219566345,-0.0817616656422615,-0.016403868794441223,0.17722204327583313,0.042498435924592945,-0.07530256745555877,-0.022662312778968956,
0.04243986606597901,-0.010453633219003678,0.08697323203086854,-0.05992374196648598,-0.01147702056914568,0.17928598821163177,0.03490974435257234,-0.07683981711666464,-0.013369523498056188,
0.05050742030143738,-0.007338562607765198,0.1006051778793335,-0.06471743434667587,0.006432738155126572,0.18527810275554657,0.02818841454213389,-0.07851136642814753,-0.004180399805073955,
0.0630987823009491,0.012813015282154084,0.07798967957496644,-0.0654498040676117,0.016819067299365997,0.17555756866931915,0.017127291441300443,-0.08091771849117023,0.01446848060402925,
0.10022717714309692,0.02199041247367859,0.10571597814559937,-0.021840538829565048,4.11516084568575e-05,0.1432667374610901,0.011378798015781967,-0.0808519366688511,0.02415709866728043,
0.12030161619186402,0.028805369138717653,0.15385342836380006,0.01551029458642006,-0.002821746515110135,0.11570301651954651,0.0059361110939736015,-0.08030469698395008,0.033203599497698855,
0.16150374412536622,0.03909542262554169,0.18934497833251954,0.05499165877699852,0.03619356453418732,0.08148139715194702,-9.80619520336261e-05,-0.08023864974252524,0.0482211880857579,
0.17326176166534424,0.04303676784038544,0.18701494932174684,0.0669093057513237,0.07301176339387894,0.05904426798224449,-0.00017669448198198254,-0.08024575509626702,0.05391627126555573,
0.17672802209854127,0.04127421081066132,0.16817488670349123,0.10971961915493011,0.07507571578025818,0.023424487560987473,0.0033083553819413273,-0.07628117910471026,0.062333945475162904,
0.17817829847335817,0.02858884334564209,0.16867582798004152,0.12856163084506989,0.07128068804740906,-0.00021081045269966125,0.0064285906382330425,-0.07241782519920575,0.06500224604188848,
0.17259180545806885,0.01720026582479477,0.14001386165618898,0.13482005894184113,0.0781383290886879,-0.019119255244731903,0.011209312413642624,-0.06856126626074788,0.06663887947935353,
0.14860866069793702,0.008479626476764679,0.0654581606388092,0.14400796592235565,0.07640727609395981,-0.04069085791707039,0.02398974965256079,-0.061190987923295574,0.0670835322315217,
0.1389183759689331,0.0017561776563525201,0.042292150855064395,0.14527297019958496,0.07587464153766632,-0.06099746376276016,0.031090664965101544,-0.057155717127045313,0.06626964052957413,
0.14782429933547975,-0.007554677873849869,0.011120588332414628,0.14620506763458252,0.06921674311161041,-0.06825458258390427,0.0385498451589847,-0.05310849324767332,0.06499046948803482,
0.10690439939498902,-0.026171398162841798,-0.037644860148429875,0.12450029700994492,0.06602094322443008,-0.08323486149311066,0.052319129553068965,-0.05551688009993355,0.06066779724341692,
0.10075709819793702,-0.02917960584163666,-0.06672194600105286,0.10126421600580215,0.06781858205795288,-0.0919567123055458,0.05993944443117924,-0.05290119502969985,0.05772036965982142,
0.09205642342567444,-0.04255878925323486,-0.10546902418136597,0.08868078142404556,0.04311776161193848,-0.10280909389257431,0.07352620111533341,-0.044600007429573235,0.05069856157385257,
0.08747623562812806,-0.04675282537937164,-0.10724763870239258,0.06884023547172546,0.039123017340898514,-0.11459358036518097,0.07909082722209863,-0.04032529992495542,0.046758482893320207,
0.09061424136161805,-0.0484342634677887,-0.12852052450180054,0.04493836313486099,0.03572748973965645,-0.12604518234729767,0.08428510349141866,-0.036630375306265894,0.04239267457424426,
0.07325856685638428,-0.06662724018096924,-0.16663377285003664,0.009851215407252312,0.0035032385494560003,-0.1323036104440689,0.09241457251181849,-0.029645270449203,0.0322999803947363,
0.05415393114089966,-0.07713589072227478,-0.179810905456543,-0.012319601140916348,-0.02179679274559021,-0.13003991544246674,0.09485563467593301,-0.026182680627472952,0.026473755868171467,
0.045687037706375125,-0.08587514758110047,-0.1821241855621338,-0.03395778313279152,-0.04043892025947571,-0.1315712332725525,0.09618985783444567,-0.02363625405764318,0.020204650592914517,
0.04635138511657715,-0.08852207064628602,-0.1975019931793213,-0.062453608959913254,-0.08657819032669067,-0.14635178446769714,0.09595493728738409,-0.021623382289601655,0.006912905935414671,
0.05493989586830139,-0.08168143033981323,-0.19939600229263307,-0.06385177373886108,-0.1475645750761032,-0.17451471090316772,0.09435659495597633,-0.02186255904271732,-0.0002488564544119893,
0.06931700706481934,-0.07271527647972108,-0.17830249071121218,-0.07397178560495377,-0.1835838258266449,-0.2129308134317398,0.09196509654194554,-0.023439204801269715,-0.008338470490580679,
0.0914872169494629,-0.06060462594032288,-0.14142944812774658,-0.21125774085521698,-0.06414105743169785,-0.1966855376958847,0.0871892464002496,-0.03242866776529961,-0.029342439204276302,
0.054293835163116456,-0.06331639289855957,-0.1645972728729248,-0.2500067353248596,-0.016270732507109642,-0.163529172539711,0.08411033107004735,-0.03805331529231923,-0.04247128848805512,
0.03619076907634735,-0.04210829734802246,0.009141657501459122,-0.16751530766487122,-0.0644739493727684,-0.22511477768421173,0.06655767476410533,-0.04084856019358642,-0.06413473681127123,
0.10491613149642945,-0.016166284680366516,0.11538972854614259,-0.11252104490995407,-0.12426191568374634,-0.27751246094703674,0.05527395093608799,-0.0400544360526885,-0.07259625566245029,
0.08417949080467224,0.007324386388063431,0.152538800239563,-0.14055080711841583,-0.08657819032669067,-0.274915874004364,0.04134200517477159,-0.04346812361737404,-0.09652153455543563,
0.0565150260925293,-0.004380177333950997,0.1041991949081421,-0.20280219614505768,-0.020731527358293533,-0.2668597996234894,0.0379158632589692,-0.048110648577726275,-0.11158668617418176,
-0.018694305419921876,-0.015203484892845155,0.2338033199310303,-0.10526392608880997,-0.01740257628262043,-0.27864429354667664,0.019285702072894387,-0.05286141965357165,-0.15444703268173993,
-0.036695641279220585,0.0008362473919987679,0.2967226982116699,-0.022306455299258232,-0.028854168951511383,-0.28470298647880554,0.014109417872087408,-0.05277564928100511,-0.16925682649025744,
-0.11344486474990845,0.010732821375131608,0.16699650287628176,-0.0567278116941452,0.05976251885294914,-0.2508808374404907,0.014741682025996353,-0.05385470908988225,-0.19965683571519863,
-0.15200725793838502,-0.01239277943968773,0.18799886703491211,-0.04141463711857796,0.10277257114648819,-0.19835001230239868,0.014681997202125813,-0.05149514886064538,-0.21313407827103042,
-0.15346542596817017,-0.04654446244239807,0.2576066017150879,0.03788098692893982,0.06721936911344528,-0.17211787402629852,0.013425486595029823,-0.04637743859667319,-0.22440921940028555,
-0.11107155084609986,-0.07967208027839662,0.21246793270111086,0.1027289554476738,0.05157329887151718,-0.14408810436725616,0.01775089745163311,-0.037802199609389915,-0.24233837370785996,
-0.11814606189727783,-0.07466662526130677,0.14264395236968994,0.1063908040523529,0.0788041204214096,-0.11272937059402466,0.02344229099949819,-0.03489438636328651,-0.2500746986669008,
-0.1248247504234314,-0.06121397018432617,0.06885464191436767,0.11471318453550339,0.08526228368282318,-0.072049580514431,0.03536819450805654,-0.02650771386371205,-0.2615414914807071,
-0.12218753099441529,-0.05038779377937317,0.07238683104515076,0.14620506763458252,0.05583435669541359,-0.05374034866690636,0.041222131970074,-0.021491927174300485,-0.26496044023987475,
-0.12810950279235842,-0.0396436482667923,0.028271326422691347,0.16484719514846802,0.005234293173998594,-0.029971636831760406,0.05586501544449793,-0.014561359048988731,-0.26904597457571716,
-0.11525022983551025,-0.03591162860393524,0.0035729531198740007,0.15139824151992798,0.021013522520661354,-0.014392144046723843,0.0629399002842312,-0.008910436104158368,-0.2702760339319119,
-0.09337212443351746,-0.040192076563835145,-0.022118555009365083,0.1376829594373703,0.035461172461509705,0.018764212727546692,0.07590756802919227,0.002029870454554989,-0.2705232855166399,
-0.09263344407081604,-0.04789911806583405,-0.01942587047815323,0.14360849559307098,0.027937741950154305,0.03614133968949318,0.08222053222601729,0.005636879572143567,-0.2691601329632383,
-0.07952274680137635,-0.06755588054656983,-0.05598371028900147,0.14560434222221375,0.004568750504404306,0.05544642359018326,0.09647404288407094,0.008258910157580885,-0.26389643087734527,
-0.09267056584358216,-0.07218962907791138,-0.08056884407997132,0.12942562997341156,-0.004952050745487213,0.08141224831342697,0.10395216783394605,0.008126843346673497,-0.26070601358858375,
-0.08613165020942688,-0.08396530747413636,-0.1368492364883423,0.09220796078443527,0.01555428933352232,0.1129041314125061,0.11762092271218785,0.005264628931550691,-0.25259903814581786,
-0.08030611872673035,-0.09599094986915589,-0.1597652316093445,0.047267112880945206,0.030601151287555695,0.14206573367118835,0.12279635235799535,0.00375905259493313,-0.24694934601192814,
-0.07676994800567627,-0.11059060096740723,-0.16815887689590456,0.02636129967868328,0.02088061347603798,0.1628383994102478,0.12633122352405013,0.002472814457414862,-0.2403312336437616,
-0.038820239901542666,-0.11516925096511842,-0.1597833871841431,0.0003954788262490183,-0.0017562576103955507,0.18194657564163208,0.12952143526584736,-0.0017815769792537493,-0.22454331266797994,
-0.025171539187431338,-0.10711572170257569,-0.17175596952438354,-0.02750113420188427,0.003303748555481434,0.17522209882736206,0.12979196332446444,-0.005369233316086668,-0.2161434117798158,
-0.015433970093727113,-0.09690747261047364,-0.18894478082656863,-0.0628545954823494,-0.011210479773581028,0.17948314547538757,0.12901179571816535,-0.009038104715624516,-0.20769999283813737,
-0.03372929394245148,-0.07565519213676453,-0.1725811004638672,-0.11185676604509354,-0.035578403621912,0.2230258285999298,0.12287469449594841,-0.016849366650427865,-0.191192361502512,
-0.0013490713201463223,-0.05657031536102295,-0.15186910629272463,-0.14095179736614227,-0.003021259093657136,0.21417084336280823,0.11736777894513721,-0.02240496952180696,-0.18184108955049366,
0.04286922216415406,-0.04339241981506348,-0.1379602074623108,-0.17743711173534393,0.024342721328139305,0.18301185965538025,0.11021319158453217,-0.027624658405130002,-0.17156549854160927,
0.0171439066529274,-0.042610627412796025,-0.05706778168678284,-0.18243053555488586,-0.04023893550038338,0.18947002291679382,0.09131074367431867,-0.032311619949914196,-0.15235399197296795,
0.03310787379741669,-0.021587821841239932,0.008311223983764649,-0.15759655833244324,-0.042635783553123474,0.1676321029663086,0.08070142004581023,-0.035769048011839895,-0.1433716953082215,
0.03202159106731415,-0.014511077105998993,0.021419577300548553,-0.18356238305568695,-0.03304840251803398,0.16663339734077454,0.06188906415155749,-0.04401720355972052,-0.1269997384404973,
0.04857108294963837,-0.00583835393190384,0.061582326889038086,-0.18476079404354095,0.002238484099507332,0.16297155618667603,0.05204968630291989,-0.047158882829340935,-0.11915787512324501,
0.07203972935676575,0.015413126349449158,0.1729869842529297,-0.14794260263442993,0.034396152943372726,0.15072101354599,0.030676156798264693,-0.04992651832322518,-0.10254972671362098,
0.07413827180862427,0.02416113168001175,0.21104867458343507,-0.11205650120973587,0.027338778600096703,0.14186599850654602,0.021262439959602468,-0.04880860118085646,-0.09471314677158119,
0.15275679826736452,0.0511613667011261,0.27521114349365233,-0.0713101327419281,0.031200362369418144,0.11616650223731995,0.006704681493280538,-0.046530566762705616,-0.08028508074991383,
0.18246252536773683,0.07025843262672425,0.3275574922561646,-0.011720665730535984,0.05064123496413231,0.08414430171251297,0.0014985716658982616,-0.045135018204406505,-0.07406703871368434,
0.18140281438827516,0.07284387350082398,0.4169313907623291,0.1099192202091217,0.059163350611925125,0.04965636879205704,-0.0022214206171222136,-0.040338681573759125,-0.06489496460095079,
0.17537077665328982,0.059817236661911015,0.4137289524078369,0.1706392914056778,0.07440994679927826,0.030814502388238907,0.0006581489038619199,-0.03750804049161314,-0.061886978754709554,
0.145018470287323,0.016155435144901278,0.27676517963409425,0.22257092595100403,0.087326280772686,0.009109738282859325,0.01584045502865024,-0.030421792213462587,-0.057955907373698226,
0.11791278123855592,-0.005008532479405404,0.22643857002258302,0.2550615072250366,0.07634074240922928,0.005913945846259594,0.026256692568050275,-0.026108427072977853,-0.056926566959116014,
0.07826370596885682,-0.037069213390350346,0.10780831575393678,0.26424941420555115,0.06136045977473259,0.001519729383289814,0.051265862889809326,-0.0182009493930095,-0.05537519511709235,
0.06395504474639893,-0.04568284749984741,0.07669193148612977,0.2766996920108795,0.051173869520425797,-0.0018092216923832893,0.06463013099339551,-0.01498916142729886,-0.05460196619474347,
0.055527603626251226,-0.05610231161117554,0.04878663122653962,0.28116050362586975,0.047844916582107544,-0.006403174716979265,0.07830211714557277,-0.012168495815411202,-0.053904842436384354,
0.0441382646560669,-0.06952423453330994,-0.02958388924598694,0.2677115201950073,0.032798055559396744,-0.012395286932587624,0.10231822269998232,-0.010696402970646923,-0.052816951828636306,
0.035404142737388615,-0.07560408711433411,-0.04376378953456879,0.26618021726608276,0.014888296835124493,-0.011796075850725174,0.11612334861464739,-0.008425666616550169,-0.05263248136237901,
0.03583733141422272,-0.08973870277404786,-0.10165650844573976,0.24747149646282196,0.015021455474197865,-0.015790818259119987,0.14327729801680517,-0.006003920450208821,-0.05292383994977302,
0.032564812898635866,-0.09287949800491334,-0.1364738941192627,0.22270409762859344,0.013623295351862907,-0.017987925559282303,0.15623380622350455,-0.004989151199973107,-0.053237510758134717,
0.027450010180473328,-0.09394059777259828,-0.169230055809021,0.19340932369232178,0.009295659139752388,-0.018187662586569786,0.16832427131414043,-0.0039008824637894292,-0.053589416790656624,
0.032826569676399235,-0.10424389839172364,-0.22753627300262452,0.12962660193443298,0.023676728829741478,-0.02025161311030388,0.18885706000235952,-0.0019986342039820214,-0.054525828514365555,
0.017833508551120758,-0.11464307308197022,-0.2450025796890259,0.08987893164157867,0.024608835577964783,-0.009266072884202003,0.19657615275908116,-0.0007069407170045633,-0.05486701741068427,
0.0009343378245830537,-0.13402055501937868,-0.2644470453262329,0.04314045608043671,0.01155934575945139,0.004515785723924637,0.20670324774948062,0.002035051925120172,-0.05435227450402991,
-0.002719043381512165,-0.13873257637023925,-0.27602808475494384,-0.0066606588661670685,0.0003074901760555804,0.013970009051263332,0.20928344474282873,0.0024990722034998135,-0.05384923602743968,
0.008910429477691651,-0.1408320903778076,-0.2865670442581177,-0.05939124897122383,-0.0074156769551336765,0.014036587439477444,0.21005348669949453,0.0023431876191944453,-0.053285548223601535,
