0.006219527497887612,-0.10565721988677979,-0.28252577781677246,-0.07550158351659775,-0.020199142396450043,0.03294837847352028,0.21734782693314095,0.0025025237726018757,-0.0646198896028442,
-0.0024844566360116005,-0.09359308481216431,-0.2727320194244385,-0.11198689043521881,-0.01886756345629692,0.04233602061867714,0.21609100492413433,0.0016676298776052763,-0.064131441549359,
0.005584830418229103,-0.05984439849853516,-0.2613961458206177,-0.17823302745819092,-0.020864933729171753,0.037009697407484055,0.20856613826270012,-0.0018757138828508087,-0.06276679429526008,
0.024263645708560946,-0.055169254541397095,-0.2652961492538452,-0.20746122300624847,-0.04896128177642822,0.023427575826644897,0.20215785288904484,-0.0038847493012694476,-0.06150360195788657,
0.030066972970962526,-0.052529484033584595,-0.2301445484161377,-0.22344018518924713,-0.04796259477734566,0.003986499272286892,0.19361693331241445,-0.005733153223937355,-0.060403235847428745,
0.050812345743179325,-0.07270925641059876,-0.18333922624588014,-0.2802986800670624,-0.05615181848406792,0.014905459247529507,0.17265398588371614,-0.010744913258252936,-0.060912672355265506,
0.015891313552856445,-0.09893116354942322,-0.1868579387664795,-0.3117905557155609,-0.05049259960651398,0.03228258714079857,0.16097354566188762,-0.012713501901692308,-0.06207602990954237,
0.025216206908226013,-0.09541382789611817,-0.1187265157699585,-0.33196398615837097,-0.0331820510327816,0.017635200172662735,0.13280901421747746,-0.01804499319168831,-0.06314563908833735,
0.051544153690338136,-0.10484609603881836,-0.07977158427238465,-0.3585290312767029,-0.06547287851572037,0.01384019572287798,0.11662078177752291,-0.020685082147968874,-0.06267554037767711,
0.04635456204414368,-0.0939958155155182,-0.023552227020263675,-0.31558555364608765,-0.08711106330156326,-0.007864568382501602,0.0993512096526182,-0.022753774982888667,-0.06244770816173318,
0.058170384168624883,-0.05232316851615906,0.17084493637084963,-0.26578444242477417,-0.10029371082782745,-0.01785142347216606,0.06075777020177058,-0.03129615053665623,-0.06295256541330876,
0.055826985836029054,-0.041239950060844424,0.22077729701995852,-0.22870104014873505,-0.06107848510146141,-0.00926478672772646,0.045604411509741746,-0.03578576263742103,-0.06435752308718463,
0.057264435291290286,-0.026796606183052064,0.24757187366485597,-0.1874220371246338,-0.024926073849201202,0.0023199645802378654,0.03230299494466144,-0.04067066795215196,-0.06589362920663726,
0.042584490776062016,0.004709174856543541,0.2981139183044434,-0.12363932281732559,-0.02485949546098709,0.014637084677815437,0.009493546950888212,-0.046586067161940956,-0.06713662273734629,
0.026608371734619142,0.028556945919990542,0.3023606061935425,-0.09201428294181824,-0.015338693745434284,0.01603524386882782,0.00048708097907355474,-0.047699260637399814,-0.06692404073846213,
0.04159927666187287,0.04540670216083527,0.2869940519332886,-0.06524951756000519,0.006299490109086037,0.013372082263231277,-0.006561222972885898,-0.048883563916556357,-0.06628742578380703,
0.08081895709037781,0.09027816653251648,0.2651462316513062,-0.0058610220439732075,0.01968187466263771,-0.0076668900437653065,-0.016377562970067126,-0.05033702662719768,-0.06462967499029573,
0.08396252393722535,0.11005719900131226,0.25889785289764405,0.030557705089449883,0.014089236967265606,-0.02597612328827381,-0.01931980153137031,-0.049736320455126194,-0.06411712499279677,
0.08697664737701416,0.12392382621765137,0.22757489681243898,0.06977275758981705,0.014222394675016403,-0.0496782585978508,-0.020037973984472695,-0.04794071563503782,-0.06497324830008079,
0.07560250759124756,0.11590996980667115,0.1949791669845581,0.09094488620758057,0.01282423548400402,-0.056868791580200195,-0.017805708565299613,-0.04729655599127471,-0.06670209862744719,
0.05254667401313782,0.10269193649291992,0.1665126085281372,0.10466016829013824,0.009095810353755951,-0.06439222395420074,-0.014265441492863216,-0.04666955322018741,-0.06915732372507562,
0.024256141483783723,0.06992516517639161,0.11078346967697145,0.1254328191280365,0.0035031712613999844,-0.0635266900062561,-0.004328121806662342,-0.045492906062167604,-0.07500086876422761,
-0.012774503231048584,0.03683465421199799,0.05231063961982727,0.1416115164756775,0.0017055374337360263,-0.052541155368089676,0.01528138145624112,-0.04439582967180405,-0.08481833021259486,
-0.02069198936223984,0.02561963498592377,0.04341860413551331,0.1441415250301361,-0.0010907817631959915,-0.05021088942885399,0.022361346707864927,-0.043747428374114015,-0.08770604820508503,
-0.03940709233283997,0.008035659790039062,-0.005368157848715783,0.13968072831630707,-0.005484997760504484,-0.035496924072504044,0.03749595348534164,-0.04297376656406,-0.09305596054270188,
-0.06145315766334534,0.00010560986120253802,-0.02240825444459915,0.1253662407398224,-0.002688678214326501,-0.022380854934453964,0.04513920749003991,-0.042617081942866133,-0.09554779490782019,
-0.08775149583816529,-0.019328442215919495,-0.07539944648742676,0.0960048958659172,0.002637644065544009,0.0033186497166752815,0.05968406479476911,-0.0423752775937609,-0.09914412938122423,
-0.08611743450164795,-0.03965307176113129,-0.11349449157714844,0.07083877176046371,0.007630947511643171,0.021096665412187576,0.07551767256962684,-0.04200119230064823,-0.09960118105880329,
-0.08941192030906678,-0.055199009180068974,-0.12532689571380615,0.06185060739517212,-0.006417227443307638,0.028353780508041382,0.0791050319053865,-0.04180988847301722,-0.09858437922208284,
-0.0906395733356476,-0.06731547117233276,-0.14469484090805054,0.04440690204501152,-0.019599873572587967,0.03754168748855591,0.08224280855089175,-0.04217813517972146,-0.09731976223327676,
-0.09879344701766968,-0.0743392527103424,-0.168225634098053,0.010784492827951908,-0.020798297598958015,0.061643291264772415,0.08489253576961935,-0.04325932641931393,-0.09595146171865636,
-0.09156726598739624,-0.08805781602859497,-0.1752364277839661,-0.039349514991045,0.006365946028381586,0.09872780740261078,0.0860030713117863,-0.046717172225852574,-0.09089496257913826,
-0.06936551332473755,-0.0897143840789795,-0.1601239800453186,-0.06458297371864319,0.0051675233989953995,0.1085149347782135,0.08384595584940661,-0.04801005682915076,-0.08633021589272442,
-0.06079208254814148,-0.08819563984870911,-0.13424085378646852,-0.06817823648452759,-0.021930139511823654,0.1181688904762268,0.08024894275232314,-0.048817952018846346,-0.0809298535138804,
-0.04443929493427277,-0.06845572590827942,-0.10634086132049561,-0.10273275524377823,-0.01167697086930275,0.14426787197589874,0.07152655074214778,-0.05302659430181661,-0.06961006556433899,
-0.022748140990734102,-0.0535416841506958,-0.08294574022293091,-0.11811251193284988,0.007364631164819002,0.15252366662025452,0.06578503855284575,-0.0557272072003157,-0.06286666019844647,
-0.04339033365249634,-0.0342584490776062,-0.015691038966178895,-0.11078881472349167,-0.03165067732334137,0.17722448706626892,0.0513689559852695,-0.058317878075861064,-0.04742263112808334,
-0.02338075786828995,-0.019208872318267824,0.00925467610359192,-0.1206425130367279,-0.027123304083943367,0.19719819724559784,0.04394958165246208,-0.06052460195896042,-0.03883782689751472,
0.039534881711006165,0.002405422367155552,0.034592241048812866,-0.12177436053752899,0.020480701699852943,0.1843484342098236,0.03630094665950729,-0.0636201481482997,-0.02921896528383401,
0.049730661511421206,0.02049761712551117,0.108758282661438,-0.08409062772989273,0.004368575289845467,0.17030026018619537,0.020042939317644344,-0.06458827257472106,-0.00977529777098888,
0.032930734753608706,0.021519626677036288,0.11139384508132935,-0.05692638084292412,-0.017602503299713135,0.1680365800857544,0.013472097815985917,-0.06421495607594806,-0.0009127830302967748,
0.039569178223609926,0.02495923787355423,0.07926819920539857,-0.06318481266498566,0.03339703381061554,0.17862264811992645,0.0035513272005553,-0.06580695372842929,0.016619301329516233,
0.02914470136165619,0.021978659927845003,0.08065993785858155,-0.05819138139486313,0.03832387924194336,0.18940845131874084,-0.001396209706349055,-0.06479595200340357,0.025685225806802554,
0.05097203254699707,0.009830470383167268,0.09653718471527101,-0.03129345178604126,-0.00215616961941123,0.17602606117725372,-0.006480229234294394,-0.06254832416620004,0.035286816431993474,
0.11768150329589844,0.020858676731586458,0.13486063480377197,0.016110815107822418,-0.03238304704427719,0.13907469809055328,-0.013805941238319264,-0.06114721178657442,0.05389553880953055,
0.10474944114685059,0.021351784467697144,0.12594724893569947,0.029027145355939865,-0.014673027209937572,0.1313515305519104,-0.014950199569621169,-0.0622885918867094,0.06139167141308085,
0.12609848976135254,0.02172772437334061,0.11694467067718506,0.03928031772375107,0.04225204139947891,0.11377467215061188,-0.01495436130417776,-0.06352855803422984,0.07390513939879806,
0.15209556818008424,0.01506045162677765,0.15375477075576782,0.07836220413446426,0.041852567344903946,0.09433360397815704,-0.014800662923273566,-0.061879315838942295,0.07952610627498279,
0.171496057510376,0.02384665608406067,0.12308937311172485,0.10459434241056442,0.04351704567670822,0.05631697550415993,-0.00970916845634129,-0.05714511147739235,0.08947413513555773,
0.16838225126266482,0.03375328183174133,0.092230886220932,0.11331619322299957,0.05390337482094765,0.027488254010677338,-0.005110655695349109,-0.05499546147611654,0.09222989121961492,
0.16217713356018068,0.02268739938735962,0.08495365381240845,0.14261096715927124,0.07068128138780594,-0.0026054680347442627,0.00558785331920396,-0.049729491929212145,0.09469753474911882,
0.15924164056777956,0.022342853248119354,0.055495220422744754,0.14880281686782837,0.07234576344490051,-0.02490944229066372,0.012437692503878897,-0.046350639208667985,0.09484616627514485,
0.13580104112625122,0.010574524104595185,0.003853229805827141,0.14187858998775482,0.057432062923908234,-0.040888410061597824,0.027641532290282406,-0.03908520022851397,0.09337060181888954,
0.1396735668182373,0.0032139770686626435,-0.012622451782226563,0.1435430645942688,0.05084073916077614,-0.05873158946633339,0.035182079275704485,-0.036966355195234044,0.09182704779863432,
0.11390150785446168,-0.00340706966817379,-0.04707519710063934,0.11684487760066986,0.05503521487116814,-0.08929136395454407,0.051339433302416415,-0.048893184256241846,0.08626535949131015,
0.10301223993301392,-0.02775731086730957,-0.07612490057945252,0.0978032797574997,0.056899428367614746,-0.09921163320541382,0.06500789727948701,-0.04310961158625208,0.07855231239511637,
0.09633082151412964,-0.03255033195018769,-0.08420674204826356,0.08308931440114975,0.04511494189500809,-0.10866585373878479,0.07072594181872789,-0.03917040405569592,0.07426022591718456,
0.0971025049686432,-0.03784154951572419,-0.10023435354232789,0.06338191777467728,0.033729925751686096,-0.12065008282661438,0.0759098147822343,-0.03542078130930761,0.06971480530511869,
0.08510267138481141,-0.04033198952674866,-0.11121206283569336,0.03808189556002617,0.025407548993825912,-0.14089012145996094,0.08400104117858694,-0.028773841832301993,0.05897583369528745,
0.07897033691406251,-0.045136612653732304,-0.10814728736877442,0.027362670749425888,0.012158321216702461,-0.14741486310958862,0.08681553285220635,-0.02559688858706144,0.05267773637102356,
0.06555922627449036,-0.04520232975482941,-0.10042624473571778,0.02243582159280777,-0.003754066303372383,-0.14987827837467194,0.08895860394411462,-0.022648871591361624,0.045900109592023834,
0.05577283501625061,-0.06446530222892762,-0.12748148441314697,-0.017311858013272285,-0.015072501264512539,-0.15220855176448822,0.09222056955236217,-0.018297293679233852,0.031294694445242126,
0.04985399544239044,-0.06931625604629517,-0.13358161449432374,-0.03502187877893448,-0.03224989026784897,-0.15893302857875824,0.09263273807804293,-0.016675509977095514,0.023723581086335346,
0.018124018609523774,-0.07999958992004395,-0.10447145700454713,-0.035421352833509445,-0.07765679061412811,-0.1611301451921463,0.0903994287455919,-0.01483773102016889,0.007600874112233985,
0.002233925461769104,-0.09142171144485474,-0.12322071790695191,-0.06245243921875954,-0.09463444352149963,-0.14861327409744263,0.08910738295288956,-0.015823768976983503,-0.0012519271873327083,
-0.023077024519443514,-0.09439523816108704,-0.13773573637008668,-0.110389344394207,-0.09416838735342026,-0.12697508931159973,0.0844245778048769,-0.02064337673703355,-0.018659750880689628,
-0.008539997041225433,-0.08414135575294496,-0.11301529407501221,-0.1302298903465271,-0.09656523168087006,-0.13236799836158752,0.07990203809904678,-0.02361752870204907,-0.026352923687120566,
-0.014632950723171235,-0.05556734800338745,-0.04571458399295807,-0.14248043298721313,-0.11261077970266342,-0.13489800691604614,0.06826819126230883,-0.030138262456118923,-0.04160278312493233,
-0.014814776182174683,-0.055257862806320196,-0.023825310170650482,-0.1495378166437149,-0.11074656993150711,-0.13063694536685944,0.061911629088450326,-0.03421970972745157,-0.049549421360623805,
-0.019817771017551424,-0.0403305321931839,0.04097617566585541,-0.1530665010213852,-0.09669839590787888,-0.11865271627902985,0.04843869131182227,-0.042984065978774695,-0.06487869843268494,
-0.009365614503622055,-0.030473795533180238,0.07045189142227173,-0.1501370221376419,-0.08411495387554169,-0.11645559966564178,0.04178109669864657,-0.04734631516261813,-0.07184953749989234,
0.004024387151002884,0.004357362911105156,0.1456676721572876,-0.12010987848043442,-0.08764364570379257,-0.12717482447624207,0.028532451740755325,-0.054880687966825305,-0.08480154593448985,
0.00976310893893242,0.0175303190946579,0.17522000074386598,-0.09134773910045624,-0.07625862956047058,-0.13629616796970367,0.023035136399595535,-0.05869453416036132,-0.09153344605364425,
0.01530742794275284,0.02652671039104462,0.16055700778961182,-0.080894835293293,-0.040772005915641785,-0.1490793377161026,0.01595128187766751,-0.06577215747818613,-0.10610349315255342,
0.003414161130785942,0.029429471492767336,0.16779837608337403,-0.05952296033501625,-0.02605804055929184,-0.15580381453037262,0.013299046413211552,-0.06783235164787599,-0.11443952984582638,
-0.01362457126379013,0.029795026779174807,0.1799664378166199,-0.028563713654875755,-0.02545882947742939,-0.15580381453037262,0.011345948158167267,-0.06911851702330431,-0.12327445120770414,
-0.025431111454963684,0.03166697323322296,0.1705617666244507,0.008254488930106163,-0.03910753130912781,-0.1617293506860733,0.011086979425505579,-0.07121321148299493,-0.14125038822434025,
-0.03467866480350495,0.03962296545505524,0.1489831328392029,0.014646075665950775,-0.030319098383188248,-0.1641927808523178,0.013073661631034848,-0.07277742247579655,-0.15042765166629898,
-0.034958806633949284,0.04500208497047425,0.13724188804626467,0.021969769150018692,-0.0031548552215099335,-0.17158304154872894,0.015721964656589153,-0.07429733461457083,-0.1594906739768441,
-0.05757838487625122,0.016318058967590334,0.16420005559921266,0.05932018905878067,0.012757599353790283,-0.17338144779205322,0.021910782903675683,-0.07444582474816099,-0.17740380201598105,
-0.08228498101234437,-0.00457623265683651,0.15879441499710084,0.08861496299505234,0.02820393443107605,-0.1612640768289566,0.026454391063459544,-0.0732703777277405,-0.186516140852402,
-0.11871001720428467,-0.031158030033111572,0.10291156768798829,0.11045288294553757,0.029069462791085243,-0.13383351266384125,0.03843502660261074,-0.06919669431436455,-0.2032515025023964,
-0.1306604862213135,-0.0335224449634552,0.07565488815307618,0.12177132070064545,0.021679190918803215,-0.11565742641687393,0.045233254991664786,-0.06670911983829296,-0.210424256508801,
-0.14594579935073854,-0.035358291864395146,0.01708604097366333,0.1148471012711525,0.01575365662574768,-0.08489792048931122,0.05799934150411932,-0.055709597882701696,-0.2218699262134226,
-0.11718970537185669,-0.0275224506855011,0.00872412770986557,0.11884184181690216,0.024342350661754608,-0.06572315841913223,0.06110331327377191,-0.03941738627614806,-0.226115195488792,
-0.10699403285980225,-0.032949316501617434,-0.006009974703192711,0.11411473155021667,0.020547347143292427,-0.0348304882645607,0.06397295303089529,-0.024419227736264967,-0.22961235209042427,
-0.09990620017051698,-0.03505520522594452,-0.0376554012298584,0.10845551639795303,0.017218396067619324,0.002387186512351036,0.07549349099917489,-0.019182689206846786,-0.23218962985523367,
-0.08906812071800232,-0.03472000956535339,-0.04893041551113129,0.10579235106706619,0.010959966108202934,0.019897472113370895,0.08111083949840306,-0.018096129724910422,-0.23178509311382606,
-0.06660919189453125,-0.033226051926612855,-0.07752413153648377,0.09147786349058151,0.0003739007515832782,0.030483536422252655,0.09190426722043485,-0.01722036379017589,-0.2288427568553999,
-0.05941480994224549,-0.032714107632637025,-0.09316015839576722,0.07137099653482437,0.013889443129301071,0.03967144340276718,0.09682194521043927,-0.017557445933454346,-0.22689505026001675,
-0.06433413624763488,-0.03945029079914093,-0.10064297914505005,0.0595199279487133,0.013023915700614452,0.05798067897558212,0.10096207904890186,-0.0177769382194129,-0.22467138506877452,
-0.08336576819419861,-0.06274467706680298,-0.10940240621566773,0.04846780747175217,-0.0064837392419576645,0.09386677294969559,0.1071705024268341,-0.018194666622189663,-0.2181468195798404,
-0.07906188368797303,-0.06976295709609985,-0.1122438907623291,0.03175647184252739,-0.011277429759502411,0.11397363990545273,0.10960272602471444,-0.019600398871019494,-0.21370097739945998,
-0.047163331508636476,-0.07803497910499574,-0.13840845823287964,-0.005993835628032684,0.002837324980646372,0.131151020526886,0.11263684380402518,-0.024408384083572376,-0.20332795332251283,
-0.05245699286460877,-0.07705692648887635,-0.1385538697242737,-0.03129386529326439,0.0007067958940751851,0.15744973719120026,0.1124098990568861,-0.02658058026839698,-0.19737795730163252,
-0.04287824332714081,-0.0755820393562317,-0.13772950172424317,-0.05952337384223938,0.004235484637320042,0.17955397069454193,0.11102712569354913,-0.02892054753507965,-0.19051777317397584,
0.015482091903686525,-0.051214754581451416,-0.11912225484848023,-0.09980368614196777,0.024941563606262207,0.17003317177295685,0.10423660965560909,-0.034391172983045656,-0.17377185656137362,
0.040404829382896426,-0.04683191776275635,-0.09136470556259156,-0.10073599964380264,0.011758948676288128,0.1555851399898529,0.0986532699752055,-0.036468513044410726,-0.16478419399257074,
0.030718189477920533,-0.042935699224472046,-0.058256471157073976,-0.10919153690338135,-0.0045529138296842575,0.16610464453697205,0.09251337820688951,-0.037820842479652554,-0.1564533430215279,
0.05070263743400574,-0.03039224743843079,-0.04103520214557648,-0.13309340178966522,0.031333182007074356,0.1621098816394806,0.07970562776068192,-0.041931015449446586,-0.14039672890406943,
0.06708347201347352,-0.023228466510772705,-0.016951434314250946,-0.13988445699214935,0.045647673308849335,0.15598461031913757,0.07144736117801408,-0.04501375039277329,-0.1317845741336052,
0.061684834957122806,-0.01781810522079468,0.00816759243607521,-0.13402551412582397,0.034395817667245865,0.15325486660003662,0.06196377760011086,-0.04816403623609491,-0.12325178247629826,
0.1035853147506714,0.013976971805095674,0.06764282584190369,-0.1257031261920929,0.04851057380437851,0.1242930069565773,0.045673566915906065,-0.04691064138594219,-0.1070231983294025,
0.10426721572875977,0.015492990612983704,0.08062041401863099,-0.1197776049375534,0.056899528950452805,0.12083088606595993,0.03814545374114735,-0.04580566313204487,-0.09981536801362804,
0.09202837347984315,0.020967639982700348,0.13666968345642092,-0.08269308507442474,0.05996216461062431,0.11097719520330429,0.02397849362414556,-0.041489797890705546,-0.08691194060588825,
0.10149391889572144,0.01782342791557312,0.14380820989608764,-0.06025594845414162,0.046979255974292755,0.1068492978811264,0.01820645502855213,-0.038869099295445575,-0.08069491098077866,
0.11549391746520997,0.02145761549472809,0.16434693336486816,-0.03302512690424919,0.025141334161162376,0.1013898178935051,0.010062290055627813,-0.03411931358884835,-0.0693804178188439,
0.1437203049659729,0.03375490605831146,0.18557552099227906,-0.0050619360990822315,0.029868444427847862,0.08308058232069016,0.0073190924612955045,-0.032763982644158154,-0.06391410037104145,
0.19085402488708497,0.041961783170700075,0.26446778774261476,0.07057183980941772,0.015753690153360367,0.044864222407341,0.004970788516581871,-0.03015411424286603,-0.054670016850808884,
0.20775535106658938,0.041696479916572576,0.3024246454238892,0.12536638975143433,0.02088027633726597,0.015436289831995964,0.006552330930367845,-0.029113798109990784,-0.051416545529871314,
0.20049581527709961,0.038561430573463444,0.29901268482208254,0.15312984585762024,0.05050794407725334,0.00957733578979969,0.010843136876578677,-0.02836578381657371,-0.04953100759788254,
0.16124455928802492,0.027316528558731082,0.25370790958404543,0.2123851776123047,0.07713955640792847,-0.0020739943720400333,0.02517132625015797,-0.02446913242089875,-0.04762288955018509,
0.15956510305404664,0.009764734655618668,0.23046524524688722,0.24900364875793457,0.06262532621622086,-0.024377968162298203,0.0344667322454795,-0.020508750829847034,-0.04690590424585719,
0.1303839325904846,-0.005863315239548684,0.15205758810043335,0.28382447361946106,0.043783459812402725,-0.045816417783498764,0.05806632423508043,-0.013305549642301325,-0.04639132757879152,
0.09557883739471436,-0.02169381678104401,0.09341952204704285,0.28136104345321655,0.05017504841089249,-0.05227458104491234,0.07215825380507528,-0.010440082290622264,-0.04742546981309196,
0.08138601183891297,-0.036965963244438176,0.038160237669944766,0.27663475275039673,0.05124017968773842,-0.05453672260046005,0.08666891106716222,-0.0077178792533605725,-0.04863759321651497,
0.03760364055633545,-0.06543191075325012,-0.010631981492042543,0.27510344982147217,0.03193226084113121,-0.04694671928882599,0.10989126944640917,-0.006158280011853213,-0.051520059944519955,
0.042885982990264894,-0.07282940745353698,-0.03310324251651764,0.2800302803516388,0.009361968375742435,-0.05094145983457565,0.12383420147632886,-0.0035769754664378896,-0.05295951541550008,
0.044036054611206056,-0.0797578513622284,-0.06429162621498108,0.26584896445274353,0.0039024881552904844,-0.05613461881875992,0.13803229152907268,-0.0015210241538600724,-0.05471614308984019,
0.024644677340984345,-0.09693260192871095,-0.1535326361656189,0.2325594425201416,0.021013297140598297,-0.05233961343765259,0.165819230945429,0.001593192515859988,-0.059076849274392315,
0.006855406612157822,-0.10596016645431519,-0.190145742893219,0.16651304066181183,0.04764490947127342,-0.031700119376182556,0.17807954320079386,0.0036715804572574925,-0.060739327932766526,
-0.0012789925560355187,-0.1101475477218628,-0.2265711545944214,0.12376930564641953,0.03499489650130272,-0.019715894013643265,0.18848839758498478,0.006337111594159579,-0.06155163602132166,
-0.013234825432300569,-0.11995905637741089,-0.21237800121307374,0.09187795221805573,-0.009879370220005512,-0.011659830808639526,0.2027305468480751,0.011128382302861936,-0.061172969979387426,
-0.015485660731792451,-0.12242752313613892,-0.2262378215789795,0.05466027557849884,-0.02252938784658909,0.0029875561594963074,0.20803327016562895,0.01185924821885088,-0.0616541262111556,
-0.005018263682723046,-0.12470062971115113,-0.24208598136901857,0.017309444025158882,-0.00568489171564579,0.008979668840765953,0.21224989407047343,0.011522244591453542,-0.06243146972317722,
0.01754438430070877,-0.11654237508773804,-0.27536075115203856,-0.05719248950481415,0.005700122099369764,0.014772044494748116,0.21561711612774406,0.010120336401453326,-0.06271498154036005,
