0.013093440234661103,-0.13594892024993896,-0.4074485778808594,-0.11247634887695312,-0.017265846952795982,0.05514202639460564,0.20956490858857776,0.031471571549285794,-0.040945684729948875,
0.02141271382570267,-0.1118552565574646,-0.4030087471008301,-0.17399537563323975,0.0005107536562718451,0.04389017075300217,0.2069606671852476,0.029196284741561492,-0.039593214253966384,
0.049377372860908514,-0.06576007604598999,-0.35980963706970215,-0.23065413534641266,-0.03031533770263195,0.009801709093153477,0.194418675935,0.025032755295791912,-0.036043947362176476,
0.050017243623733526,-0.06614675521850587,-0.2955624580383301,-0.24110724031925201,-0.06560218334197998,-0.014766339212656021,0.18427670925431308,0.023987046575537907,-0.03467560045288636,
0.03852298557758332,-0.0918958604335785,-0.22727665901184083,-0.3010949492454529,-0.06680060923099518,0.002743946388363838,0.16047153577707765,0.020287905018169444,-0.03653639832131448,
0.025466957688331605,-0.10079845190048219,-0.21589622497558594,-0.3660760819911957,-0.01027501467615366,0.01539396122097969,0.14745829925987228,0.017230530676915795,-0.03909065047761197,
0.05941964387893677,-0.09795766472816468,-0.12350233793258668,-0.3981671929359436,-0.04456321522593498,-0.023288454860448837,0.11479435452676898,0.012344414535960937,-0.04046330592069849,
0.06433241367340088,-0.10629546642303467,-0.017172279953956603,-0.3500305414199829,-0.11340592801570892,-0.031943727284669876,0.09499445617493756,0.012145579193276199,-0.040394318996080855,
0.05423389077186585,-0.057946234941482544,0.18636435270309448,-0.30695390701293945,-0.10408486425876617,-0.017496079206466675,0.05287051310223639,0.0044760944858425935,-0.04447580943488221,
0.05445623993873597,-0.029744309186935425,0.23018236160278321,-0.291707307100296,-0.04942348226904869,-0.019360292702913284,0.03611227698520717,-0.0015094515310008808,-0.04697739243423208,
0.10531034469604493,0.02020697295665741,0.3550891876220703,-0.2301217019557953,-0.03524215146899223,-0.018960818648338318,0.00525738589572431,-0.010610659747562418,-0.04953542797175956,
0.0858740508556366,0.04823791682720185,0.4372945308685303,-0.14623212814331055,-0.05834507197141647,-0.03980005532503128,-0.008814888769018689,-0.012268419565018533,-0.05057422354342162,
0.10677361488342285,0.08688958287239075,0.5070375919342042,-0.08651074022054672,-0.022991610690951347,-0.058042705059051514,-0.020587165607764576,-0.014110440933332098,-0.051511665090632326,
0.10939222574234009,0.11784545183181763,0.5356546401977539,0.019949128851294518,0.03932636231184006,-0.06383508443832397,-0.034282704114522417,-0.01934121402751222,-0.055435015464376236,
0.07906597852706909,0.12305376529693604,0.5308060169219971,0.09618211537599564,0.04092425853013992,-0.06956087797880173,-0.036722181944238826,-0.019495032098314487,-0.05905910436258953,
0.056076413393020635,0.12173961400985718,0.46421232223510744,0.15523771941661835,0.025278184562921524,-0.07794983685016632,-0.03564500642546828,-0.01799544665518203,-0.06305070625312904,
0.019731818139553072,0.09275677204132081,0.29082670211791994,0.2031746208667755,0.003573422785848379,-0.08560642600059509,-0.0243373063341317,-0.014869512156887614,-0.07177790434390335,
0.0013180817477405071,0.06692320704460145,0.20093696117401125,0.21728937327861786,0.007901059463620186,-0.07761693745851517,-0.015171212404613872,-0.014301591724335665,-0.07645194909122906,
-0.04784227311611176,0.029098743200302125,0.06168172955513001,0.20923331379890442,0.008034218102693558,-0.06237034499645233,0.006304640936798024,-0.01393893637428353,-0.08545583384708783,
-0.0670742154121399,0.01019357666373253,0.004804652556777001,0.19578434526920319,0.008433692157268524,-0.04778953641653061,0.017721470854282783,-0.011873556125240953,-0.08906841861499212,
-0.08780882358551026,-0.028994920849800113,-0.08384639024734497,0.1702834814786911,0.0021754426416009665,-0.02655288577079773,0.03906842598202003,-0.007652866617692674,-0.09470801820483364,
-0.0975724458694458,-0.03977006673812866,-0.11445623636245728,0.1444508135318756,0.01089729554951191,-0.0053141750395298,0.04856294131408765,-0.006973944460896622,-0.09667202210975927,
-0.09933621287345887,-0.05156063437461853,-0.14633966684341432,0.11342497915029526,0.017022566869854927,0.018654275685548782,0.05728679265182767,-0.006610240510444033,-0.09797469140279308,
-0.12292071580886842,-0.06587450504302979,-0.199012291431427,0.06562123447656631,0.014492562972009182,0.06339538097381592,0.07136382227792396,-0.005483381751579916,-0.09786524523305132,
-0.12943941354751587,-0.07627490758895875,-0.21435317993164063,0.041386473923921585,-0.006679567974060774,0.09462094306945801,0.07619933686882155,-0.004971636396405838,-0.09601757509079703,
-0.13565051555633545,-0.08823096752166748,-0.21330153942108154,0.003835901152342558,-0.006146935746073723,0.09415489435195923,0.07961107016247454,-0.0050020351733292,-0.09284223540081485,
-0.07375761270523072,-0.092552649974823,-0.24763979911804201,-0.05761653929948807,0.004505708813667297,0.09735068678855896,0.0828154272844929,-0.0078709038018185,-0.08396122298850107,
-0.06160014271736145,-0.09440575242042543,-0.240159273147583,-0.08950790017843246,0.0042393929325044155,0.10993412137031555,0.08186883646121192,-0.009290927042553571,-0.0794344386917611,
-0.060947525501251223,-0.07627544999122621,-0.19393640756607056,-0.12452846765518188,-0.01440273504704237,0.1180567741394043,0.0748873270291246,-0.011303024446773474,-0.06937053046033476,
-0.06139160990715027,-0.05833515524864197,-0.17857710123062134,-0.1607474535703659,-0.018663793802261353,0.12977467477321625,0.06956540972453776,-0.012761373752107803,-0.06374224736106035,
-0.06698561906814575,-0.05378410220146179,-0.16628422737121584,-0.17313115298748016,-0.036240655928850174,0.15613996982574463,0.06306152697122266,-0.014657036845609915,-0.05797541661090856,
-0.04969714879989624,-0.02740324139595032,-0.06267806887626648,-0.1884443312883377,-0.028850384056568146,0.16399629414081573,0.04600973640029237,-0.019266291846415047,-0.044776193724921774,
-0.025743961334228516,-0.014381790161132814,-0.025087723135948183,-0.1847158968448639,-0.047559089958667755,0.17245183885097504,0.036456658761002625,-0.022204732975215146,-0.03685394675135127,
-0.011770793795585634,-0.014201664924621583,0.10139116048812867,-0.13438215851783752,-0.07225991040468216,0.20094765722751617,0.016016341333072483,-0.027022225764734516,-0.020104679921049574,
0.019824209809303286,-0.01687842756509781,0.16803859472274782,-0.0999608039855957,-0.05241936072707176,0.2059410810470581,0.006394632664264498,-0.03039437611712272,-0.010942999900131886,
0.08390626907348633,-0.011678065359592439,0.25407209396362307,-0.024793080985546112,-0.04975619912147522,0.21599452197551727,-0.008984707042905467,-0.03710361951802452,0.009722182872197196,
0.10224270820617676,-0.0030426526442170147,0.3033364295959473,0.02667250670492649,-0.01779826544225216,0.20913687348365784,-0.014332797817850641,-0.03924148391413411,0.020379183911840928,
0.1886892318725586,0.03715372085571289,0.28743906021118165,0.07440967112779617,0.028274422511458397,0.1740497350692749,-0.018504332602751902,-0.0422823236572635,0.042576059392262604,
0.2156026840209961,0.050461006164550785,0.26475989818573,0.10916461795568466,0.04605090990662575,0.13556833565235138,-0.017670594203725805,-0.04164504895768174,0.05274780871133823,
0.24222314357757568,0.06518414616584778,0.23768317699432373,0.14152202010154724,0.059100400656461716,0.10454250872135162,-0.015170131571145157,-0.039841618590031526,0.061716936557937176,
0.24560325145721437,0.07586408853530885,0.18304603099823,0.19631657004356384,0.07008594274520874,0.055140867829322815,-0.005173017551616763,-0.034550200111620605,0.07508725097898403,
0.2274483680725098,0.07042680382728576,0.14480602741241455,0.20670288801193237,0.0716838389635086,0.02424819953739643,0.002475670230471902,-0.031264136546712874,0.07956026431650566,
0.19019538164138794,0.04394965171813965,0.015042264759540559,0.18373312056064606,0.06609120219945908,-0.006311573088169098,0.0224122950805316,-0.02427827470569025,0.08458759523782275,
0.1712268590927124,0.029410776495933533,-0.017670537531375884,0.18206864595413208,0.05364092066884041,-0.0400005578994751,0.03259499358782973,-0.02123439613152255,0.08596914650884592,
0.14973665475845338,0.008866009116172791,-0.01550840735435486,0.19585050642490387,0.03166984021663666,-0.06150558590888977,0.051635009647034984,-0.018811789914203018,0.08466414721714408,
0.1280777096748352,-0.0012476845644414426,-0.04695958495140076,0.1756104826927185,0.03366721048951149,-0.08474166691303253,0.062204224856152,-0.02718910173960731,0.08177202447590691,
0.13219771385192872,-0.007677616178989411,-0.09947115778923035,0.14684835076332092,0.029073258861899376,-0.10851038247346878,0.07239853826481563,-0.025159336150119716,0.07921722081036167,
0.13455477952957154,-0.01537671685218811,-0.17425485849380495,0.08739326894283295,0.016423244029283524,-0.12861724197864532,0.09062664496228612,-0.019700806047803623,0.07161922635962287,
0.1114054799079895,-0.019872827827930453,-0.19383411407470705,0.04425005987286568,0.012761395424604416,-0.13946963846683502,0.09756385705543744,-0.016765147111715242,0.06625202762334076,
0.09808512330055237,-0.03332432210445404,-0.21863195896148682,-0.013673694804310799,0.01921956241130829,-0.1663675606250763,0.10612201786951961,-0.011057751590112668,0.054159149872445925,
0.08860913515090943,-0.04073574841022492,-0.2220251798629761,-0.049759529531002045,0.01336060743778944,-0.17122782766819,0.10762874201641608,-0.007772660796508375,0.047328833442767226,
0.06611304879188538,-0.05127421617507935,-0.21405487060546877,-0.07632455974817276,-0.0032841498032212257,-0.16137413680553436,0.10728207225452144,-0.004069147941799957,0.03980165349329102,
0.024417589604854587,-0.07208237648010254,-0.19783353805541992,-0.12932147085666656,-0.010341526940464973,-0.14938990771770477,0.10201200035927617,0.0025061208222610285,0.0238323055124794,
0.02629840970039368,-0.07453544735908509,-0.1986344337463379,-0.16840335726737976,-0.0213270653039217,-0.14426332712173462,0.0974220703358267,0.004452657100977376,0.01619140258988839,
0.018634477257728578,-0.07876681685447694,-0.18376431465148926,-0.18258468806743622,-0.03391050174832344,-0.1435975283384323,0.0912054640561585,0.0061078025276783835,0.008772154307221077,
0.022450341284275057,-0.07890827655792237,-0.10908044576644899,-0.18145284056663513,-0.05947684869170189,-0.1459278017282486,0.07401554425096901,0.007809852713589585,-0.006053073742495248,
0.022926755249500275,-0.06963966488838196,-0.07098268270492554,-0.17652647197246552,-0.0876397043466568,-0.15851213037967682,0.06434577624595797,0.007369534042324602,-0.013688189027292847,
0.03366833627223969,-0.02232187539339066,-0.02890714704990387,-0.20815150439739227,-0.07059547305107117,-0.16037634015083313,0.04572423693380478,0.003256185512471098,-0.02976799009087843,
0.02211032956838608,-0.0033132802695035935,-0.008847842365503312,-0.20402361452579498,-0.06134098395705223,-0.14539605379104614,0.036318752013115484,-0.00019980490914682427,-0.0385303884657354,
0.042273277044296266,-0.001257418841123581,0.10768892765045167,-0.17432937026023865,-0.060408879071474075,-0.17795319855213165,0.015426926456698959,-0.005983857084335464,-0.054939985345226226,
0.060227274894714355,0.020926231145858766,0.1511302709579468,-0.1396416872739792,-0.09296602755784988,-0.19659532606601715,0.0055664223332670725,-0.00876775916122078,-0.0627360752245021,
0.04346244633197785,0.039506477117538456,0.19162371158599856,-0.11520719528198242,-0.08138127624988556,-0.22442536056041718,-0.0031652097648094133,-0.011806587884657457,-0.0716276165385848,
0.08216435909271241,0.04522230625152588,0.21925947666168213,-0.10095928609371185,0.0381280854344368,-0.21650245785713196,-0.01615739072587228,-0.021431274633779283,-0.09242308802682528,
0.0026619846001267435,0.04326933324337006,0.23375492095947267,-0.05049237981438637,0.05963310971856117,-0.19479769468307495,-0.020810906683660528,-0.024749053801810705,-0.10518125235853491,
-0.045586541295051575,0.03611518442630768,0.34828460216522217,0.058630649000406265,0.02121701091527939,-0.22608983516693115,-0.02833175435377963,-0.02247672269097624,-0.12963397887517272,
-0.027112564444541933,0.025576794147491456,0.3490780353546143,0.12214703857898712,0.00770146818831563,-0.23441222310066223,-0.02858385686271549,-0.020850773055409087,-0.14136137447042557,
-0.05130372047424317,-0.0046543613076210025,0.3149192094802857,0.13066916167736053,0.0549725778400898,-0.19839297235012054,-0.025334222970723543,-0.020519425191128083,-0.15403194593420083,
-0.14525655508041382,-0.05813701152801514,0.16193631887435914,0.1407891809940338,0.11422791332006454,-0.10478285700082779,-0.011730640081482389,-0.02019470658017456,-0.17912310358085387,
-0.19730248451232912,-0.0700372338294983,0.14318007230758667,0.20537082850933075,0.03439965844154358,-0.05924279987812042,0.0019068846439271446,-0.010105484777794339,-0.19485388419087152,
-0.17841984033584596,-0.06512303948402405,0.11727317571640015,0.22780796885490417,0.005304623395204544,-0.05478201061487198,0.010090282110577253,-0.005182197216165833,-0.1992489706275902,
-0.1500611424446106,-0.05378220677375794,0.0531891405582428,0.2248784899711609,0.005038307048380375,-0.04173251986503601,0.02027942676238801,-0.002842371931076525,-0.20234357395418504,
-0.1490275025367737,-0.0471665233373642,-0.04846349656581879,0.2164895385503769,0.01688937470316887,0.012396233156323433,0.039662293708140846,0.010063116157467964,-0.20777374768310033,
-0.16146250963211062,-0.049984127283096313,-0.06824342608451843,0.2014426738023758,0.010564367286860943,0.046751007437705994,0.05077967311439799,0.01129124922367934,-0.2092623587485323,
-0.14433754682540895,-0.06071026921272278,-0.09796641469001771,0.17294876277446747,-0.006480179261416197,0.06379884481430054,0.0618812018833911,0.011999691848664375,-0.20900392566798043,
-0.11210658550262452,-0.08343588709831239,-0.1942661166191101,0.10583710670471191,-0.009875709190964699,0.08810019493103027,0.08245593084139675,0.011910788886332738,-0.20446697381592296,
-0.10480692386627198,-0.0922681987285614,-0.220116400718689,0.06948495656251907,0.0007769350195303559,0.11686233431100845,0.09041936851908493,0.010481129243074743,-0.20120637685950407,
-0.1130755662918091,-0.10320171117782594,-0.24483916759490967,-0.003618815680965781,0.012561422772705555,0.15880711376667023,0.1008493115339827,0.00695433645933205,-0.1922902276534789,
-0.09930436611175537,-0.11397674083709718,-0.28044719696044923,-0.07079705595970154,0.018553536385297775,0.1731216013431549,0.10373333518360242,0.005082697006826965,-0.18600899606563553,
-0.046957445144653324,-0.1195557713508606,-0.2965055227279663,-0.14236950874328613,0.01948564127087593,0.16439975798130035,0.10250725787505555,0.0011256312424032316,-0.17008014390421278,
-0.029683917760849,-0.11484668254852295,-0.26096925735473636,-0.16999980807304382,-0.004416229203343391,0.17079134285449982,0.09760413551938762,-0.0006046808820851283,-0.16152087332548218,
-0.05185472369194031,-0.11099139451980591,-0.2121583700180054,-0.1891079843044281,-0.03251258283853531,0.19262926280498505,0.0904506681279105,-0.0021074723626817336,-0.1532093060372864,
-0.060087728500366214,-0.0903158724308014,-0.137949800491333,-0.24223804473876953,-0.007545443717390299,0.21306902170181274,0.07270704460653674,-0.007503762267175671,-0.13619986566620487,
-0.022801391780376434,-0.0703516960144043,-0.10699533224105835,-0.28331732749938965,0.019885115325450897,0.19748952984809875,0.062231300400522,-0.011315720125976455,-0.1265250965220903,
0.022948503494262695,-0.05538507699966431,-0.04774584770202637,-0.2708004415035248,-0.0028183325193822384,0.19302873313426971,0.04984447407632567,-0.01385814065829948,-0.11599517039500135,
0.06466123461723328,-0.00015665857354179026,0.21562752723693848,-0.19290299713611603,-0.025854676961898804,0.1724558174610138,0.020248080516326483,-0.015094426713156207,-0.09568457047918165,
0.11827772855758667,0.0374146044254303,0.30250670909881594,-0.13684344291687012,-0.00042148749344050884,0.13184261322021484,0.007185174591961996,-0.016186902643737275,-0.08600597433616718,
0.1554095506668091,0.0727163314819336,0.3489012002944947,-0.10448604077100754,0.029006443917751312,0.11839365214109421,-0.002984116283147085,-0.017464439875572443,-0.07734210376079516,
0.17892726659774782,0.12450839281082154,0.5021102905273438,0.008498567156493664,0.05317462980747223,0.08849966526031494,-0.017613266120232385,-0.016819626173335094,-0.06429450973835923,
0.1875096082687378,0.13521134853363037,0.6211451053619386,0.15437321364879608,0.045451462268829346,0.05860568583011627,-0.022237091112566016,-0.014480247276590332,-0.05910598707107345,
0.1859841585159302,0.12508440017700195,0.7012170314788819,0.259967565536499,0.06216280162334442,0.036168549209833145,-0.022949681538370358,-0.011534466234566085,-0.05451944053407287,
0.1627292037010193,0.06530178785324096,0.5559643268585205,0.33713266253471375,0.09312204271554947,0.01892457902431488,-0.007217376456753383,-0.006211170119470847,-0.04898779108105913,
0.14968585968017578,0.026946535706520083,0.4292314529418946,0.3893980383872986,0.0713505670428276,0.0040790000930428505,0.007151355814593374,-0.002484480616188311,-0.047322570252195974,
0.12940576076507568,-0.013640694320201874,0.32005345821380615,0.4214891195297241,0.05111054331064224,0.0002839956432580948,0.023881366463718547,0.002125922545711444,-0.04596788368336928,
0.08525997996330262,-0.08036984205245973,0.09330163002014161,0.39146196842193604,0.046982645988464355,-0.001979691442102194,0.06358687667907974,0.009226132256186235,-0.044091242973204936,
0.08021026849746704,-0.093244868516922,-0.02404245436191559,0.36383166909217834,0.037661582231521606,-0.019290238618850708,0.08330158293647365,0.010114676177098254,-0.04310472369521621,
0.09113789796829225,-0.12028141021728517,-0.15380401611328126,0.32062187790870667,0.04278816655278206,-0.028544723987579346,0.12318516816229391,0.014552381856692906,-0.04160079110371121,
0.06424525380134583,-0.13500394821166992,-0.21332345008850098,0.25544100999832153,0.06249555945396423,-0.023018665611743927,0.14117115127110325,0.016724035058592355,-0.04202886503804074,
0.018618015944957735,-0.1650900721549988,-0.32276027202606206,0.16156457364559174,0.01855340227484703,-0.0008478476665914059,0.17250294439381045,0.02237757785456467,-0.0421394014746822,
0.002287067659199238,-0.17504276037216188,-0.34243996143341066,0.09172318130731583,0.011429444886744022,0.007208215072751045,0.1940974740450233,0.027181458502592643,-0.04067953640138313,
0.007617457211017609,-0.16960209608078003,-0.348288893699646,0.0403907485306263,0.013826289214193821,0.007607689127326012,0.20157881067329927,0.027650608135454308,-0.04027538550324808,
0.029659545421600344,-0.1571414351463318,-0.3720520257949829,-0.014670108444988728,-0.007878473959863186,0.0017487341538071632,0.21077829046248273,0.028122344626083474,-0.03893859025416317,
0.023332831263542176,-0.14880305528640747,-0.35524630546569824,-0.06280674040317535,-0.0159345343708992,0.016063224524259567,0.2120253340759798,0.028410009275039717,-0.03845629808957725,
