-0.009921374917030336,-0.12703753709793092,-0.38508841991424564,-0.09063801914453506,-0.026786716654896736,0.0011472078040242195,0.2025571724350148,0.04351320357019631,-0.02459982064847992,
-0.015293079614639283,-0.12218507528305055,-0.4036765575408936,-0.15741679072380066,-0.039236992597579956,0.015461698174476624,0.20112036862352192,0.04259980197746689,-0.026330495923520502,
-0.012770876288414001,-0.10832860469818116,-0.36781387329101567,-0.1974307894706726,-0.06440386921167374,0.025515133515000343,0.19647596587812713,0.041432826171809226,-0.027130710863031263,
-0.010504958778619768,-0.07668914198875428,-0.29232583045959476,-0.2436366230249405,-0.08910468965768814,0.021320654079318047,0.17953557691196118,0.03656467666988077,-0.028218591977410612,
-0.005037423595786095,-0.07069118618965149,-0.2716792821884155,-0.29443642497062683,-0.10215418040752411,0.023584341630339622,0.16848324392440506,0.03259161877036814,-0.029044147810388114,
-0.0005434625782072544,-0.07632825374603272,-0.2582350015640259,-0.3443041145801544,-0.09050285071134567,0.03030882216989994,0.15594437728219573,0.028103424641128152,-0.030277040804898233,
0.05243650674819947,-0.10246020555496216,-0.16855640411376954,-0.3749304711818695,-0.07878493517637253,0.01526196114718914,0.1247300596295053,0.018007422808828475,-0.03217728793395062,
0.053538805246353155,-0.0987308442592621,-0.09430981874465943,-0.3789252042770386,-0.11560314148664474,0.009735902771353722,0.106324430473582,0.01362404365839953,-0.032318259608244186,
0.04434953033924103,-0.08868143558502198,-0.023314718902111054,-0.37639522552490234,-0.12239420413970947,0.006340372376143932,0.08717775438652903,0.00950052161128615,-0.032775205689674264,
0.07707155346870423,-0.07130789756774902,0.10332685708999634,-0.34863176941871643,-0.06367149949073792,-0.005044641904532909,0.04484158606209754,-0.0043981844496773885,-0.034350209855477154,
0.058763086795806885,-0.06732566952705384,0.1736658215522766,-0.3002953827381134,-0.05887780711054802,0.005075370892882347,0.026012167694723705,-0.009294425534642051,-0.035021120198394824,
0.0909220278263092,-0.03641321659088135,0.32126722335815433,-0.2394421547651291,-0.013204594142735004,-0.010637280531227589,-0.008102214840959906,-0.015875171501256773,-0.035262261337512674,
0.09190865159034729,-0.0010701455175876617,0.37525966167449953,-0.18065287172794342,0.00929911807179451,-0.009572016075253487,-0.02209769872005834,-0.01824146128429118,-0.03518829559694644,
0.07085893154144288,0.05397137403488159,0.4511763095855713,-0.08817459642887115,0.013160701841115952,-0.019359134137630463,-0.03428557802842264,-0.01906567691503713,-0.03568227735708042,
0.11153602600097656,0.15732455253601074,0.5678576469421387,0.04378503933548927,0.004505428019911051,-0.06363418698310852,-0.05053679625320717,-0.018322167356501023,-0.03698919460053682,
0.11841081380844116,0.179857873916626,0.5326103687286378,0.11262775212526321,-0.0030180022586137056,-0.09679054468870163,-0.05239034292384308,-0.017939916331010913,-0.03874056225194183,
0.07696107625961304,0.13313852548599245,0.4194680690765381,0.1901923269033432,0.006236482877284288,-0.10930740088224411,-0.04571178859683903,-0.018907199707925617,-0.04615467649813875,
0.038218343257904054,0.09143896698951721,0.3453721523284912,0.22075209021568298,0.022082291543483734,-0.09579186141490936,-0.03818384184183212,-0.019721950242451523,-0.05141592767524372,
-0.02640875577926636,0.03455122709274292,0.1781464457511902,0.24571922421455383,0.005171218421310186,-0.07235603779554367,-0.017332465871786867,-0.019493633652802243,-0.06220811142822306,
-0.03831613063812256,0.01893278956413269,0.1149670958518982,0.24745029211044312,-0.002152474829927087,-0.06729603558778763,-0.005326642829163055,-0.018632195902115196,-0.06668598181342655,
-0.0513630211353302,-0.010466570407152176,-0.008742982149124145,0.22428078949451447,0.012561489827930927,-0.050784431397914886,0.020089178608109656,-0.017887065192886152,-0.07407667239063662,
-0.06179396510124207,-0.025838175415992738,-0.049438655376434326,0.21096497774124146,0.018220707774162292,-0.03906652331352234,0.032597527711755316,-0.01753715097221361,-0.07727520782730564,
-0.07902328372001649,-0.05537499785423279,-0.10793594121932984,0.16296149790287018,0.01802097074687481,-0.011169912293553352,0.05565260915690676,-0.015576274323350368,-0.08203346168704787,
-0.08590400218963623,-0.06908424496650696,-0.14952243566513063,0.13752831518650055,0.017621496692299843,0.008604058995842934,0.065935270763747,-0.01438525896580368,-0.08337971474855835,
-0.09958301186561586,-0.07823147177696228,-0.18306711912155152,0.07980546355247498,0.0376615934073925,0.040297865867614746,0.08221397124619755,-0.012523589326945826,-0.08372588447186892,
-0.0893922507762909,-0.08276263475418091,-0.20922207832336426,0.04751463606953621,0.036063697189092636,0.05814104527235031,0.08836583722309643,-0.011705194027179528,-0.08252486984592228,
-0.08964107632637025,-0.09706213474273682,-0.24642784595489503,-0.0035514794290065765,0.0180873591452837,0.07744896411895752,0.09586362753014242,-0.009441336612907246,-0.07720390752248116,
-0.08181558251380922,-0.10624405145645142,-0.2630669116973877,-0.034710463136434555,0.0009765486465767026,0.09569161385297775,0.09730636853174886,-0.008995138293741217,-0.07360436973079235,
-0.0882549822330475,-0.10370758771896363,-0.2650010585784912,-0.0662689283490181,-0.002552140038460493,0.11866138130426407,0.09713413388936727,-0.009275078131371768,-0.0696529829772724,
-0.08974887728691101,-0.07809857726097108,-0.27718141078948977,-0.14137005805969238,-0.0014868754660710692,0.1476898342370987,0.09270465725287645,-0.012141556841710963,-0.0598692891844685,
-0.07964594364166261,-0.06938132047653199,-0.28217689990997313,-0.1775224804878235,-0.024789534509181976,0.1615382730960846,0.08797506789274587,-0.014005720820834476,-0.05353493735000083,
-0.06291090250015259,-0.03503638803958893,-0.1922694206237793,-0.21380804479122162,-0.03957008197903633,0.1748540699481964,0.07198283704477439,-0.018645858031953906,-0.03880320709261448,
-0.048910149931907655,-0.03886668086051941,-0.1588932514190674,-0.2521575689315796,-0.04649430140852928,0.19549357891082764,0.061951142075645886,-0.022015329528715124,-0.030855050667448345,
-0.03649697601795197,-0.042064258456230165,-0.1149980902671814,-0.2606131136417389,-0.029050592333078384,0.1994217336177826,0.05069217274127041,-0.025518026200190568,-0.02246799057930831,
0.0019789351150393485,-0.029057478904724123,0.06403117179870606,-0.21094514429569244,-0.05841194465756416,0.207943856716156,0.023568951301726142,-0.03204779296097078,-0.003367925421936175,
0.008815331012010574,-0.03302150666713715,0.1537014961242676,-0.17599116265773773,-0.05255299061536789,0.20694516599178314,0.009740816159114268,-0.03410800507464859,0.006779994062984763,
0.08310907483100892,-0.012896999716758728,0.2608339548110962,-0.1156039908528328,-0.015801366418600082,0.2073446363210678,-0.013666617217676287,-0.03952443891187697,0.027988777370683397,
0.11736525297164918,0.0020536316558718683,0.318563985824585,-0.05927812680602074,0.02501157857477665,0.19209803640842438,-0.023190681644402356,-0.04109379028876537,0.03873339707815657,
0.20871188640594485,0.04599992334842682,0.3812052965164185,0.02993777208030224,0.05204266309738159,0.13617165386676788,-0.03633039839888347,-0.039680803865800765,0.05957903074218286,
0.24408335685729982,0.07441723942756653,0.3926348447799683,0.09531837701797485,0.07767558842897415,0.09615767002105713,-0.03920680218213953,-0.03684525156781801,0.06850279105518312,
0.26673715114593505,0.09117767214775085,0.3289913892745972,0.14931397140026093,0.09718324989080429,0.05048445612192154,-0.03589922580238949,-0.02936149854563916,0.08077847022582019,
0.2642890691757202,0.08681593537330629,0.2776982069015503,0.18945960700511932,0.09878139197826385,-0.0002515949308872223,-0.03039336003272634,-0.024535167430325883,0.08443063244401867,
0.25157172679901124,0.056275701522827154,0.1676287889480591,0.21842148900032043,0.10224349796772003,-0.04892086237668991,-0.014003115625236677,-0.014347108382635828,0.08719981851705438,
0.21726887226104738,0.038897168636322026,0.09476864337921143,0.22268255054950714,0.09378796070814133,-0.07242326438426971,-0.0034985245826706654,-0.00926636881377824,0.08576842057429741,
0.18911746740341187,0.02600325345993042,0.03338834047317505,0.22161728143692017,0.07754267752170563,-0.09486039727926254,0.007694071979904413,-0.004090041805640812,0.08375598932198385,
0.16454942226409913,0.005072565004229546,-0.06138790845870972,0.21242937445640564,0.06282871216535568,-0.1252870112657547,0.031666665320221804,-0.008924128170091824,0.07652084850494686,
0.15274974107742312,-0.0054146677255630495,-0.10606191158294678,0.18166986107826233,0.05710291862487793,-0.12941491603851318,0.042991552346373064,-0.0048987903697294425,0.07147487384082642,
0.12448099851608277,-0.01552695631980896,-0.15750943422317507,0.14092350006103516,0.036130525171756744,-0.12502069771289825,0.05372830884770525,-0.0008220703149497053,0.06561145659783563,
0.08788704872131348,-0.02647465765476227,-0.19304307699203493,0.10576976835727692,0.013360495679080486,-0.1252204328775406,0.07090512077826512,0.006849627210209851,0.0538603488993119,
0.0806494414806366,-0.02815905809402466,-0.20394642353057862,0.07427789270877838,-0.008477426134049892,-0.12854938209056854,0.07723103261565048,0.009697144604077402,0.04805275488188588,
0.06571947932243348,-0.03146894872188568,-0.21235804557800295,0.017419401556253433,-0.02798508293926716,-0.1356067657470703,0.08223882990948896,0.011810028953289314,0.04198581774966633,
0.06161209344863892,-0.03449556827545166,-0.22591533660888674,-0.022394858300685883,-0.03437666594982147,-0.1433299332857132,0.08570237225217442,0.01310171528244923,0.035551244735223975,
0.04882653057575226,-0.049394655227661136,-0.1993577480316162,-0.052555158734321594,-0.08111514151096344,-0.14439520239830017,0.0864795733764239,0.014268697170711168,0.02135140845747985,
0.03745872378349304,-0.06219606399536133,-0.17666826248168946,-0.0586138516664505,-0.09622858464717865,-0.15165230631828308,0.0844000246974152,0.013897243495374051,0.013655045089341181,
0.029281458258628847,-0.07560416460037232,-0.15922678709030152,-0.0802520364522934,-0.10108885169029236,-0.14306361973285675,0.08148123399393663,0.012005268431429815,0.005544948105905137,
-0.003250531852245331,-0.08038994073867799,-0.17808165550231936,-0.13704395294189453,-0.10841254889965057,-0.12382227182388306,0.07462858510695222,0.006187023126530912,-0.01150759349868101,
-0.0052972212433815,-0.08071228861808777,-0.1786686420440674,-0.17792347073554993,-0.1133393943309784,-0.11350252479314804,0.06958944074842363,0.0027929769292461457,-0.019409276239793154,
-0.023538735508918763,-0.06989992260932923,-0.16622482538223268,-0.1999611258506775,-0.09622858464717865,-0.09845566004514694,0.06283491077715836,-0.0011887423307404366,-0.02677067838205929,
-0.06384280920028687,-0.05205966234207154,-0.12122292518615724,-0.2265261560678482,-0.08231356739997864,-0.04073164239525795,0.044868350166744286,-0.010223404414069936,-0.03984056049247976,
-0.09088240265846254,-0.040956351161003116,-0.08913170695304871,-0.251559853553772,-0.06407091021537781,-0.03507242724299431,0.03445051543848874,-0.014122232287717912,-0.044699853406759145,
-0.021137098968029025,0.04347611367702484,0.01925644874572754,-0.22625777125358582,-0.0925670713186264,-0.10144785791635513,0.011141634768616246,-0.021439411787773758,-0.04947172758666538,
0.0539327085018158,0.03318678140640259,0.14490714073181152,-0.1648719161748886,-0.10381893068552017,-0.13760027289390564,-0.0017497442557437093,-0.024799496904858245,-0.05176521613477492,
0.04907386898994446,0.0568469762802124,0.32491202354431153,-0.0968281477689743,-0.03437700495123863,-0.13267341256141663,-0.022872586406098894,-0.0348039606974684,-0.06304950533960615,
0.03503376841545105,0.06507351398468018,0.34890778064727784,-0.061740998178720474,0.019418848678469658,-0.1360689401626587,-0.029354837996066845,-0.04000094365120178,-0.07072746708628617,
0.030516096949577333,0.0896900236606598,0.3814283609390259,0.020217783749103546,0.028007542714476585,-0.2023816704750061,-0.03682037081817784,-0.043931139227452225,-0.08657052818597062,
0.048986864089965824,0.05563143491744996,0.3958707571029663,0.10250946134328842,0.014958054758608341,-0.23467248678207397,-0.03797513060346906,-0.04329810531527053,-0.09573537908362653,
-0.04297406077384949,-0.01591896414756775,0.32494812011718754,0.13759662210941315,0.07194970548152924,-0.18347322940826416,-0.0312514023246664,-0.043046934853741926,-0.11995516809259965,
-0.08835790157318116,-0.02979998290538788,0.22938241958618166,0.12787607312202454,0.11742318421602249,-0.13360553979873657,-0.023532956807878674,-0.042966565571543845,-0.1326097442949184,
-0.10915251970291139,-0.040507885813713077,0.15542274713516235,0.1475168913602829,0.11875475943088531,-0.12268656492233276,-0.015219544468530518,-0.04037266575244712,-0.14322273480248898,
-0.08140347003936768,-0.040439489483833316,0.1337694764137268,0.21396276354789734,0.05131020396947861,-0.1385989487171173,-0.0001226344464067213,-0.029051454975182092,-0.15744853509755305,
-0.09213956594467164,-0.04383404850959778,0.10757743120193482,0.23446910083293915,-0.0017532814526930451,-0.12075577676296234,0.008777179766502982,-0.02352885873633845,-0.16384234196692338,
-0.15393648147583008,-0.04733538925647736,-0.020096462965011597,0.21502803266048431,-0.013804085552692413,-0.0741504579782486,0.02895534231399973,-0.008705681590746271,-0.17732330039844324,
-0.1645889759063721,-0.05421862602233887,-0.0681395947933197,0.19485458731651306,-0.014403296634554863,-0.027678294107317924,0.04029320120370819,-0.006366925668594931,-0.1829942444390692,
-0.17579889297485352,-0.062167811393737796,-0.12342169284820557,0.15876874327659607,0.006103043910115957,0.015331758186221123,0.06203211077590094,-0.006797931246462259,-0.18983522381569293,
-0.14958512783050537,-0.059975409507751466,-0.14387741088867187,0.14112530648708344,-0.001886439509689808,0.03850125893950462,0.07144933334386322,-0.0072098067961304585,-0.19058343019906446,
-0.1302632212638855,-0.054688227176666264,-0.16834402084350586,0.10856815427541733,-0.02731962874531746,0.07005971670150757,0.08736438720727868,-0.007437841974052452,-0.18858498484136837,
-0.12873399257659912,-0.050909203290939335,-0.1897096872329712,0.06462599337100983,-0.011606977321207523,0.09029974043369293,0.09415958819424006,-0.008491530585436068,-0.18651232427223138,
-0.10317553281784059,-0.05877524018287659,-0.25398566722869875,-0.012074214406311512,0.02507825754582882,0.10973863303661346,0.10421439327281926,-0.013035517297579721,-0.18023059665388302,
-0.08633825182914734,-0.06483367085456848,-0.27902681827545167,-0.06760112941265106,0.03566431999206543,0.11559758335351944,0.10628670643797282,-0.014592990859877017,-0.17561586429999898,
-0.0771963119506836,-0.07175747156143189,-0.2712145566940308,-0.10175617039203644,0.03466563671827316,0.12032469362020493,0.1055973100988592,-0.015270861016431497,-0.17001762194713554,
-0.09861819148063661,-0.08582963347434998,-0.2458507061004639,-0.16254281997680664,0.01296087447553873,0.1454249918460846,0.09769640777017982,-0.01561838198194895,-0.15775628555193077,
-0.1178552508354187,-0.11168392896652223,-0.2558873414993286,-0.22346262633800507,0.0034400736913084984,0.1947600543498993,0.0916681981167706,-0.016048325767384054,-0.15134234431932525,
-0.12405836582183838,-0.1186033606529236,-0.20493354797363283,-0.2700013518333435,0.0231474656611681,0.22758351266384125,0.07373861142796286,-0.018733242062659586,-0.13612586146390232,
-0.04873868525028229,-0.10977840423583984,-0.12310668230056764,-0.29004165530204773,0.026676155626773834,0.20341533422470093,0.060913365910955565,-0.020974286421829375,-0.12543479484847062,
0.025447565317153933,-0.04928529858589173,0.04474194347858429,-0.23125237226486206,-0.03950340300798416,0.1948266327381134,0.030080930633857365,-0.022413210899729495,-0.10254140935080384,
0.04982959628105164,-0.01547846794128418,0.16919337511062624,-0.19250337779521942,-0.04682709276676178,0.1713908165693283,0.01506983770357734,-0.022861530874522418,-0.09226231811598591,
0.08811669945716859,0.015235088765621185,0.20823464393615723,-0.16999967396259308,-0.03231286630034447,0.16579817235469818,0.002327613629956699,-0.025001829736348156,-0.08236635440375721,
0.1315648674964905,0.06759563684463502,0.33683285713195804,-0.11087749153375626,0.02321404591202736,0.15161684155464172,-0.018687957373125494,-0.029138955975788042,-0.06479620555859317,
0.18418114185333254,0.09206117391586305,0.4066953659057617,-0.014204743318259716,0.02640983834862709,0.09802071750164032,-0.027551726592017895,-0.029607545165960227,-0.056733324667825415,
0.25433261394500734,0.11731809377670288,0.565636157989502,0.12913990020751953,0.009765081107616425,0.025516163557767868,-0.038471581288064334,-0.025920612555325843,-0.043077101308144704,
0.24726507663726807,0.11569546461105347,0.5554213047027589,0.19065892696380615,0.04465249180793762,0.00054902583360672,-0.037466156762116246,-0.024573966989760398,-0.03926819977630747,
0.208201003074646,0.09888467192649841,0.4760293960571289,0.23406845331192017,0.07201647013425827,-0.012100989930331707,-0.031836632711512554,-0.02392135216045789,-0.037659307072085195,
0.1252775549888611,0.051372194290161134,0.36859023571014404,0.33320462703704834,0.04252196103334427,-0.02009047195315361,-0.012443690161622816,-0.019385389098483998,-0.037889879014661114,
0.0862776517868042,0.021535809338092807,0.3251250505447388,0.3740841746330261,0.02754168212413788,-0.027347587049007416,0.0005443605606185668,-0.01575329907139534,-0.03868846255851711,
0.0738857090473175,-0.016787418723106386,0.2570836067199707,0.37847837805747986,0.03826090320944786,-0.032873645424842834,0.016221329110875534,-0.0129508858629137,-0.039525224712278845,
0.05723560452461243,-0.06803112030029297,0.05436268448829651,0.35790544748306274,0.05324118584394455,-0.02381889894604683,0.05370178949341636,-0.009477520898174989,-0.04175439953651718,
0.030658993124961856,-0.08026266694068909,-0.02129180580377579,0.3286772668361664,0.0439201220870018,-0.030277065932750702,0.07004700748027315,-0.008331490211951825,-0.04277989692008725,
0.018878333270549774,-0.09459314346313477,-0.14429856538772584,0.29239168763160706,0.004571917466819286,-0.028412852436304092,0.10587122071925202,-0.0024683779705852458,-0.0439209389538184,
0.01155867800116539,-0.10042339563369751,-0.18456778526306153,0.2354666143655777,0.02767484076321125,-0.017959944903850555,0.12222725997851665,-0.0003908627782244315,-0.044812295046405465,
0.0024329865351319317,-0.08748427629470826,-0.28142457008361815,0.1541736125946045,0.06955304741859436,0.003744819201529026,0.1508566009256293,0.0017193649126683922,-0.04684165730246698,
-0.003950636088848114,-0.0893109142780304,-0.300156307220459,0.09897959977388382,0.06023198366165161,0.00054902583360672,0.16188400729432031,0.003791526535916382,-0.04647518445846938,
0.021774595975875857,-0.09804243445396424,-0.3250478506088257,0.05297349765896797,0.02447904646396637,-0.0164286270737648,0.17700662871949405,0.009455835420950767,-0.04283130168616935,
0.023030804097652437,-0.10272035598754883,-0.3139597654342652,0.010362917557358742,0.01695561595261097,-0.005842560902237892,0.1813728706766795,0.011826039440778185,-0.041599935047099974,
-0.004694519564509392,-0.12268725633621216,-0.3559891223907471,-0.0701977089047432,0.011496135964989662,0.01399798970669508,0.18601350101762607,0.014661452673374811,-0.041420896660968355,
