0.06874958872795105,-0.12190073728561401,-0.31881551742553715,-0.028540099039673805,-0.06354589015245438,-0.11021962016820908,0.1580751256403013,0.0015502804714782295,0.04901092133946298,
0.01728363335132599,-0.16569133996963503,-0.3861191511154175,-0.10790230333805084,-0.11414594948291779,-0.09950040280818939,0.15586874205895304,0.001521565922802488,0.0369578649916885,
-0.04194498956203461,-0.1742804765701294,-0.42453432083129883,-0.21489480137825012,-0.14410650730133057,-0.04989902675151825,0.15150068541848455,-0.0004993649392958662,0.029620074564713248,
-0.015833979845047,-0.1639270305633545,-0.4319308757781983,-0.3062412142753601,-0.13638333976268768,-0.02546452358365059,0.1435484622996646,-0.004843488501969294,0.0232033841903599,
0.09848559498786927,-0.11867114305496217,-0.3228280067443848,-0.4157637357711792,-0.11760806292295456,-0.04756876081228256,0.11489389161935494,-0.016424251052378554,0.014518729983615232,
0.14366822242736818,-0.08795060515403748,-0.2255864143371582,-0.4603716731071472,-0.12546437978744507,-0.08971328288316727,0.09518998493927297,-0.021736501628676554,0.010849005237845688,
0.13843835592269899,-0.0528602421283722,-0.10653027296066285,-0.4971233010292053,-0.11261463165283203,-0.12686438858509064,0.07316734917266243,-0.026746312532608507,0.005636222589352258,
0.1839426636695862,-0.03876433372497559,0.23720462322235109,-0.42754822969436646,-0.12706227600574493,-0.20256473124027252,0.025020774331805197,-0.0374921531665042,-0.008369663000493688,
0.17051085233688357,-0.02821813225746155,0.4554898262023926,-0.3273468017578125,-0.12819412350654602,-0.22746528685092926,0.002573957566683395,-0.043107871937551445,-0.01805197623338523,
0.15251019001007082,0.0019018793478608133,0.597441291809082,-0.23486851155757904,-0.09237460792064667,-0.23831766843795776,-0.015598022417634399,-0.05009431242321065,-0.028995492630142967,
0.0860983967781067,0.0764190137386322,0.8692554473876953,-0.026476148515939713,-0.021001888439059258,-0.25403034687042236,-0.03776626614415739,-0.06249523545663851,-0.052537746119669354,
0.054820758104324345,0.08391861319541932,0.883701229095459,0.1183324083685875,0.03365962952375412,-0.2815290093421936,-0.03944037324423931,-0.06579059982572617,-0.06533881676399562,
0.0412988692522049,0.05020101666450501,0.7669034004211426,0.21547122299671173,0.08725574612617493,-0.3108903765678406,-0.03404021143312446,-0.06726153806695344,-0.07928135660030013,
-0.039053025841712954,-0.12254099845886231,0.4445087432861328,0.316937655210495,0.15956057608127594,-0.28658902645111084,-0.008124920531745903,-0.06195836246597575,-0.11126400076359917,
-0.11326394081115723,-0.18382077217102052,0.2291433572769165,0.3301202952861786,0.13978660106658936,-0.23066262900829315,0.009922288563923357,-0.05507645449306674,-0.126973487543472,
-0.18402934074401855,-0.19231297969818117,-0.024450816214084625,0.3091479241847992,0.10230260342359543,-0.16947650909423828,0.04337285744744054,-0.03510171566880596,-0.15053533306096242,
-0.16670743227005005,-0.18881179094314576,-0.10294960737228394,0.28910762071609497,0.10889393091201782,-0.12952908873558044,0.06008215861728594,-0.02835037273407687,-0.15878690193621706,
-0.18904670476913454,-0.18052453994750978,-0.19265098571777345,0.24137046933174133,0.07014493644237518,-0.05529347062110901,0.09067558439477147,-0.014529615479211836,-0.16994143892105046,
-0.16241399049758912,-0.1522806763648987,-0.2703957796096802,0.16214141249656677,0.08698942512273788,0.0014984393492341042,0.1161741661622403,-0.004952525572019404,-0.17394714473473652,
-0.12145161628723145,-0.13409643173217775,-0.28748469352722167,0.09955712407827377,0.05749492347240448,0.016079246997833252,0.13340863447607332,0.0031355900765703765,-0.17115622819102533,
-0.14108288288116455,-0.12400848865509034,-0.2648428678512573,0.07845157384872437,0.0218085628002882,0.04450849071145058,0.13894681132074307,0.005924340428548574,-0.16915232766743205,
-0.1492648243904114,-0.14030297994613647,-0.2762823820114136,0.041566792875528336,-0.02006964571774006,0.08092721551656723,0.14345976838239322,0.006931814946119738,-0.16687428006516902,
-0.18013321161270143,-0.1603159785270691,-0.30984263420104985,-0.03073803335428238,-0.0362483486533165,0.13718649744987488,0.1486881908863258,0.00281626692151499,-0.1607599878690266,
-0.1909806251525879,-0.16743786334991456,-0.31362922191619874,-0.09725048393011093,-0.03837887942790985,0.18738707900047302,0.1482032858246648,-0.0016761310428165372,-0.15603817084494093,
-0.22160491943359376,-0.18305946588516236,-0.2929260730743408,-0.1555071324110031,-0.07652866840362549,0.25389954447746277,0.13945244280511152,-0.013125166505630446,-0.14167293304548564,
-0.18689926862716677,-0.18276244401931763,-0.27533998489379885,-0.20404323935508728,-0.07027023285627365,0.2978416979312897,0.13157454270800953,-0.0214057069947973,-0.1319918292599703,
-0.15766929388046266,-0.17321449518203735,-0.2668252229690552,-0.2931259870529175,-0.06294654309749603,0.344779908657074,0.12140993917573513,-0.030391173255283756,-0.12033324120422988,
-0.0368132621049881,-0.13945332765579224,-0.17061666250228882,-0.4190934896469116,0.011888287961483002,0.36142465472221375,0.09023308998634334,-0.04757686099404644,-0.09036374534381461,
0.004042842611670494,-0.12095532417297364,-0.07905018329620361,-0.5017861723899841,0.04937252774834633,0.3745379149913788,0.06824447115972818,-0.052635715776139354,-0.07273007845886545,
0.18719450235366822,-0.013251267373561859,0.41250157356262207,-0.3933289349079132,0.029531976208090782,0.29058173298835754,0.011361033968982371,-0.05396483541263238,-0.03447835653990142,
0.28625590801239015,0.05537614822387696,0.825235652923584,-0.1068393737077713,-0.061548132449388504,0.15769000351428986,-0.015190766619152763,-0.0507576205203465,-0.017743778978132164,
0.4470611095428467,0.14788976907730103,1.1900403022766113,0.190435990691185,0.021742230281233788,0.021868791431188583,-0.0372043485189862,-0.05247379243754278,0.0022824250551573126,
0.3841563224792481,0.12056139707565308,1.1262085914611817,0.3619435727596283,0.1654197722673416,0.01847326196730137,-0.031411656968202376,-0.053306844247948765,0.004506767935628868,
0.3159766435623169,0.0029833283275365833,0.8107792854309083,0.5786582827568054,0.12220998853445053,-0.030129428952932358,0.001308124686285847,-0.04021550157110681,0.005539899314339496,
0.29017977714538573,-0.0716441035270691,0.5309634208679199,0.6458365321159363,0.05070410668849945,-0.073738694190979,0.027586111805950164,-0.03253995416157439,0.00550850072065335,
0.22659940719604493,-0.13556970357894899,0.2437631130218506,0.62985759973526,0.043580152094364166,-0.0983729362487793,0.058783596460164726,-0.02740096662746272,0.003779781240375415,
0.10232596397399903,-0.21450960636138916,-0.18627655506134033,0.5237305760383606,0.10023891180753708,-0.10276715457439423,0.12320306227038803,-0.02065919467214822,-0.0035356252014429245,
0.027608829736709598,-0.2427593469619751,-0.30347106456756595,0.4305865466594696,0.06581754982471466,-0.07660159468650818,0.15200167477038404,-0.014438048456144577,-0.006753677593137929,
-0.05417971014976502,-0.2737782955169678,-0.3987135410308838,0.35328829288482666,-0.027925724163651466,-0.03712022677063942,0.19856349759691871,-0.003333897535618315,-0.010082800354570449,
-0.06673129796981812,-0.25766801834106445,-0.4211843013763428,0.2546847462654114,-0.021600717678666115,-0.01707994006574154,0.21735981006515856,-0.002272175881449294,-0.012411363491386615,
-0.03398257195949555,-0.25279614925384525,-0.4708908557891846,0.16067516803741455,0.010157480835914612,-0.012019934132695198,0.2332782635661812,-0.0030039541812192276,-0.014427383712335819,
-0.03435613214969635,-0.23499488830566406,-0.3879441022872925,0.08790428191423416,-0.013944127596914768,0.008885880932211876,0.25267371306803904,-0.0021883912155480478,-0.015377263223994221,
-0.011295253038406373,-0.2307400941848755,-0.37875986099243164,0.029447894543409348,-0.022932298481464386,0.011881936341524124,0.258143233992316,-0.0026603723777424084,-0.015592477828487165,
0.01693582981824875,-0.19995108842849732,-0.3816030740737915,-0.04798351600766182,-0.004756222013384104,-0.007559139281511307,0.26266033957605023,-0.004917054738465993,-0.01638244971495158,
