0.02780439853668213,-0.13450241088867188,-0.32634954452514653,-0.03078657016158104,-0.019329359754920006,0.02883829176425934,0.2078768360940251,0.02924513305023097,-0.04593884862291889,
0.019016544520854953,-0.11451538801193238,-0.3313399076461792,-0.08837742358446121,-0.018730148673057556,0.04035646468400955,0.20653194872322375,0.026474241121559005,-0.04362114177008781,
0.012843073904514314,-0.09489587545394898,-0.33096766471862793,-0.14210671186447144,-0.00035433570155873895,0.04894515872001648,0.2035314613424188,0.024499773233208115,-0.043097311502930565,
0.02077169418334961,-0.08423744440078736,-0.3336343050003052,-0.18152031302452087,-0.01107375044375658,0.029506271705031395,0.19858672057645604,0.02262936181684585,-0.041770049147896775,
0.06933089494705201,-0.0975378155708313,-0.30274457931518556,-0.23631486296653748,-0.03324456512928009,-0.0031840312294662,0.18266816608614533,0.01985380333271159,-0.03860254978225315,
0.06006134152412415,-0.10180038213729858,-0.27155399322509766,-0.265409916639328,-0.03910352289676666,-0.004515612032264471,0.17201168649322957,0.018493751121013667,-0.03882655293343262,
0.03166821599006653,-0.10638622045516968,-0.2290386199951172,-0.310017853975296,-0.03950299695134163,0.01292809285223484,0.15981175039463288,0.017118885671984316,-0.039821157446163685,
0.055585783720016484,-0.10809049606323243,-0.16694310903549195,-0.3676087260246277,-0.024722451344132423,0.008999930694699287,0.13099448290499754,0.013487903991167473,-0.04131704543532422,
0.06596572399139404,-0.09419221878051759,-0.03360831439495087,-0.3363165855407715,-0.06839829683303833,-0.012638254091143608,0.11292079485216529,0.01177478619813042,-0.04089365617752326,
0.07000297904014588,-0.07547568082809449,0.12957912683486938,-0.3039591610431671,-0.09003648161888123,-0.02515511028468609,0.07317488247488958,0.005136420044766939,-0.0423006401547964,
0.08715468049049378,-0.047100532054901126,0.1816984534263611,-0.2745312452316284,-0.042299315333366394,-0.03667328506708145,0.05686396479399538,0.0004031883292787319,-0.04424432540826094,
0.05704917907714844,0.005312417075037957,0.24617321491241456,-0.2509622573852539,-0.035441674292087555,-0.03980249911546707,0.027344045934318616,-0.005947082593019044,-0.048357176845155045,
0.0815887451171875,0.020246878266334534,0.30832269191741946,-0.17879058420658112,-0.056680385023355484,-0.048258036375045776,0.013795801103155059,-0.007674548583800609,-0.05021343944364097,
0.06749309897422791,0.0442134290933609,0.37238233089447026,-0.11207839101552963,-0.08471015840768814,-0.04326460510492325,0.0015992626897868673,-0.009568479339581144,-0.052414724691416205,
0.06577863097190857,0.09815071821212769,0.359531307220459,-0.06008017435669899,-0.044296685606241226,-0.035674598067998886,-0.01366978326323969,-0.016690701251058614,-0.05694309575287962,
0.07449866533279419,0.11384537220001222,0.34407093524932864,-0.03677751496434212,-0.014669017866253853,-0.030414853245019913,-0.01785697520611372,-0.020696111928662494,-0.05885094909213465,
0.08817887902259827,0.11972082853317262,0.34685556888580327,0.03306388854980469,-0.0064797974191606045,-0.05478277802467346,-0.022811491621967443,-0.024260109470021142,-0.06271997552970064,
0.0982142448425293,0.10551517009735108,0.3477954387664795,0.0848623737692833,-0.010607697069644928,-0.06443674117326736,-0.023049510230668948,-0.024824091847607473,-0.06519713108096323,
0.0400288850069046,0.06466383934020996,0.3146180391311646,0.13519611954689026,0.03180314227938652,-0.053051725029945374,-0.0171118413852755,-0.026101319226803827,-0.07252321413165533,
0.005132919177412987,0.04978247880935669,0.25642855167388917,0.16176114976406097,0.049712903797626495,-0.03081432916224003,-0.010992682384236672,-0.02606235119632026,-0.07643549551772222,
-0.03231185376644135,0.021383167803287507,0.18624329566955566,0.20983120799064636,0.021083921194076538,-0.017298784106969833,0.004286381921815648,-0.021951922098708648,-0.08145775180875564,
-0.026636776328086854,0.00836188942193985,0.14044045209884645,0.2209514081478119,0.012162083759903908,-0.025019124150276184,0.013773420484625194,-0.01980842001739442,-0.08251117321264864,
-0.023198069632053377,-0.014425003528594972,0.03293392062187195,0.21129745244979858,0.027541838586330414,-0.023021752014756203,0.03577897578454441,-0.01798308932947289,-0.08445963171107754,
-0.031440913677215576,-0.031432411074638365,-0.007364840805530549,0.20390717685222626,0.04305475577712059,-0.01663016527891159,0.04688458276239566,-0.01688040805260349,-0.08559374359268412,
-0.04049725830554962,-0.044175490736961365,-0.04050178527832032,0.20517218112945557,0.031203685328364372,-0.006310415454208851,0.057575186612467084,-0.015100630595050188,-0.08638348389573042,
-0.0598716676235199,-0.06901039481163025,-0.12054287195205689,0.1849321573972702,-0.005148463882505894,0.008536708541214466,0.07840399131007932,-0.011002694149634454,-0.08678089929258109,
-0.05110845565795899,-0.0731784999370575,-0.17806358337402345,0.13899263739585876,0.001908913254737854,0.010467500425875187,0.0886759210636495,-0.010464177088133941,-0.08651790248603668,
-0.053917801380157476,-0.08190882802009583,-0.2788808107376099,0.04737989604473114,0.03419974446296692,0.029309362173080444,0.10551240213148964,-0.010934068034609055,-0.0856552260969354,
-0.07959312796592713,-0.08418002724647522,-0.29054367542266846,0.00017536283121444285,0.045185282826423645,0.05607413128018379,0.11043536019475059,-0.010236818653733918,-0.08467123093331123,
-0.07530986666679383,-0.09394138455390931,-0.2802942991256714,-0.05082417279481888,0.024346044287085533,0.07444994896650314,0.11298563519885903,-0.007928627676908055,-0.07930758091054774,
-0.06545639634132386,-0.094400292634964,-0.2929299831390381,-0.10495292395353317,0.01043102890253067,0.08729970455169678,0.11176331348669205,-0.007270289185901395,-0.0754491457001708,
-0.06138409972190857,-0.08869647979736328,-0.2920362949371338,-0.13631165027618408,0.007967605255544186,0.10101497918367386,0.10877897795383676,-0.007511225608418533,-0.07144180415232392,
-0.04816299974918366,-0.06673617959022522,-0.23621020317077637,-0.1918385624885559,-0.002884776797145605,0.10674078017473221,0.0970605852867727,-0.009523761513600671,-0.0623106015937873,
-0.032537803053855896,-0.06379597187042237,-0.19210432767868044,-0.20428884029388428,-0.021793222054839134,0.10281261801719666,0.08861425660307896,-0.010943378897219682,-0.05713151952899086,
-0.046035826206207275,-0.061918610334396364,-0.06511113047599792,-0.20029409229755402,-0.07352513074874878,0.12465053796768188,0.06803652877075808,-0.014619412570088744,-0.047032620328345744,
-0.05148664116859436,-0.05515040755271912,-0.014477705955505371,-0.19390250742435455,-0.06486985832452774,0.14196108281612396,0.057263895098745625,-0.017770259210152756,-0.04213997717810408,
-0.024123023450374606,-0.03362900614738464,0.10831325054168701,-0.16367563605308533,-0.04909062013030052,0.17059007287025452,0.034646517944108446,-0.025267121572494878,-0.02975878778407714,
-0.02171931117773056,-0.03544580638408661,0.14740633964538574,-0.1370440274477005,-0.03903718665242195,0.1890324503183365,0.024822372224122927,-0.028631853456695326,-0.022305488307368098,
0.03442310392856598,-0.007212162017822266,0.22931456565856934,-0.09709646552801132,-0.031713515520095825,0.18936561048030853,0.0074070780415462865,-0.03417663095543373,-0.004189992031308125,
0.040495488047599795,-0.0029123863205313683,0.2427705764770508,-0.06527169048786163,-0.014203233644366264,0.19795429706573486,0.0005963192210391653,-0.03592668076394376,0.005381678442078039,
0.07437360286712646,0.016249486804008485,0.2645979166030884,-0.02605663798749447,0.027808131650090218,0.19868667423725128,-0.0050120295736906855,-0.03736958564763792,0.015244713306154426,
0.14669002294540406,0.04374722838401795,0.2733006000518799,0.019150523468852043,0.061563700437545776,0.1771150678396225,-0.012038673572702675,-0.03601856479647424,0.03556892645684471,
0.19388320446014407,0.06181476712226868,0.268198299407959,0.056767676025629044,0.0840008333325386,0.13723422586917877,-0.013187423532605892,-0.033214589878670306,0.04533560620578933,
0.21781909465789795,0.07524073123931885,0.25974810123443604,0.09465114027261734,0.09911426901817322,0.1055426076054573,-0.012711308436644362,-0.02949010869197666,0.053846340410534946,
0.24412574768066408,0.07922513484954835,0.23620965480804446,0.14585041999816895,0.09638453274965286,0.05580807477235794,-0.006656084499331567,-0.019971485001842603,0.0665567339433877,
0.24414112567901614,0.07185610532760621,0.19152035713195803,0.1660238653421402,0.09405426681041718,0.01412960421293974,-0.0006498767221688776,-0.01482225893660261,0.07056623705943277,
0.23063578605651858,0.06122344136238098,0.13343411684036255,0.172615185379982,0.09212347120046616,-0.008041213266551495,0.006904064336890961,-0.010000179864931081,0.07300215078382562,
0.19155590534210207,0.029177901148796082,0.04457217156887055,0.17161650955677032,0.0857984647154808,-0.036670196801424026,0.023955150031647696,-0.0005792164332213927,0.0746491488349076,
0.18267722129821778,0.015016648173332215,0.013319467008113862,0.18007203936576843,0.06702318042516708,-0.05444679781794548,0.03270642484810714,0.004073521736112036,0.07408979698897883,
0.14612890481948854,-0.004198184609413147,-0.036539888381958006,0.17534492909908295,0.0484476312994957,-0.07608497887849808,0.05070193312870447,-0.0008583751080970747,0.06942050689963047,
0.1376185417175293,-0.0026617225259542468,-0.07503262162208557,0.16795465350151062,0.027075763791799545,-0.08727025985717773,0.05983310970136963,0.0022426617666005816,0.06675334271943324,
0.12743476629257203,-0.01552441567182541,-0.14409464597702026,0.12188196182250977,0.019685490056872368,-0.1063118577003479,0.0773276039045696,0.008082107119447655,0.059698352119569066,
0.11895052194595337,-0.023017218708992006,-0.1860147476196289,0.07261347770690918,0.016223382204771042,-0.1105063408613205,0.08500973603549689,0.010274100461342995,0.055212185415154616,
0.09914807081222535,-0.037895587086677555,-0.21761698722839357,0.021281052380800247,0.0005773102166131139,-0.11669819056987762,0.09507405939869769,0.015197630447817122,0.045215224336136436,
0.10238404273986818,-0.043050560355186465,-0.21964113712310793,-0.014871359802782536,-0.0028847993817180395,-0.13034687936306,0.09735546587422193,0.017232940025064213,0.039916281577156654,
0.09897729754447937,-0.04790994822978974,-0.21692187786102296,-0.050890613347291946,-0.036107733845710754,-0.1460595428943634,0.09733190341808053,0.020925733866033178,0.028134338174327037,
0.0762624442577362,-0.0526959240436554,-0.21524415016174317,-0.07912218570709229,-0.07259270548820496,-0.14632971584796906,0.09531668908862054,0.022322700536392064,0.021095593598418342,
0.058953589200973516,-0.07810039520263673,-0.19969552755355835,-0.1237301379442215,-0.09289930760860443,-0.14612998068332672,0.08796350381262542,0.0216502719775366,0.005247882250966364,
0.05457301735877991,-0.076044899225235,-0.19385472536087037,-0.17100125551223755,-0.08158086985349655,-0.14333365857601166,0.08251288365749508,0.01939499474109893,-0.003140361571769527,
0.04954482913017273,-0.07270495891571045,-0.17795002460479736,-0.19137443602085114,-0.08750640600919724,-0.15072393417358398,0.07554519984271048,0.01670219967623406,-0.011489841540130009,
0.061565315723419195,-0.0575966477394104,-0.055698084831237796,-0.17659388482570648,-0.14050331711769104,-0.1694326400756836,0.05679860318028178,0.011465352290192542,-0.027833741764785064,
0.05104683637619019,-0.028209489583969117,-0.012743347883224489,-0.21148130297660828,-0.11120853573083878,-0.1838802844285965,0.04696072952089582,0.00700584328404595,-0.03678428230544305,
0.03783496320247651,-0.013360351324081421,0.030589935183525086,-0.2321207970380783,-0.05707979202270508,-0.18780845403671265,0.027236601475782763,-0.005180327833401917,-0.0561271534128869,
0.021008528769016266,-0.016701868176460268,0.1112115740776062,-0.18524916470050812,-0.069862961769104,-0.1936008185148239,0.015793759266457482,-0.00866843605698564,-0.06585499926002633,
0.0014113096520304682,0.001976374723017216,0.24985280036926272,-0.12326408177614212,-0.08218008279800415,-0.21011242270469666,-0.00528094788891287,-0.014609997907546792,-0.08537687379020938,
0.014857837557792665,0.019727852940559388,0.26577038764953614,-0.08125271648168564,-0.0427653007209301,-0.22589164972305298,-0.012562147857828164,-0.019000574654484303,-0.09601584339971463,
-0.0012127314694225788,0.042986252903938295,0.30923330783843994,-0.05495399981737137,0.052043236792087555,-0.21111111342906952,-0.021618899575521624,-0.02709042957446693,-0.11966868248223324,
-0.033958053588867186,0.0233339861035347,0.3172670602798462,0.002636859193444252,0.08346854150295258,-0.18607740104198456,-0.024055047894950818,-0.028078865049577906,-0.1321324725013888,
-0.07402172684669495,-0.0005052745342254639,0.35414125919342043,0.06855009496212006,0.0800064280629158,-0.1700318455696106,-0.025709082205231697,-0.02617852448650035,-0.144096081274849,
-0.09154997467994691,-0.027555570006370544,0.29112136363983154,0.1224125325679779,0.07208352535963058,-0.1562499850988388,-0.022027179195210495,-0.019342451172629116,-0.16414814289991086,
-0.10719810724258423,-0.03585752844810486,0.23020217418670655,0.1518404632806778,0.07554563879966736,-0.12622284889221191,-0.01661214960753145,-0.016031943255949217,-0.17320446858394556,
-0.13875514268875122,-0.03744030296802521,0.17904925346374512,0.17334549129009247,0.07747642695903778,-0.09339939057826996,-0.009785363840221691,-0.012706328012856526,-0.18116870802550306,
-0.16259909868240358,-0.045639851689338685,0.1002665400505066,0.20097579061985016,0.05543876811861992,-0.05218696966767311,0.006675880990580023,-0.005077026987894295,-0.19309857620084858,
-0.15668376684188845,-0.057555544376373294,0.056021887063980105,0.20437242090702057,0.046184103935956955,-0.03846963122487068,0.016248805462628607,-0.0013123633180446282,-0.19689828296211065,
-0.1313153386116028,-0.07196770310401916,-0.01187187284231186,0.21222874522209167,0.024812234565615654,-0.009441173635423183,0.03409477305528039,0.009603047335865105,-0.2011328022374216,
-0.14281460046768188,-0.06671677231788635,-0.09194347262382507,0.18792739510536194,0.02454591915011406,0.05001389980316162,0.05031019189380738,0.023407110432722793,-0.2023540107660628,
-0.13985161781311037,-0.08931138515472413,-0.17827690839767457,0.13905839622020721,0.01109695341438055,0.09428895264863968,0.07094482604498813,0.024969394052848242,-0.19896314962631176,
-0.12736992835998537,-0.09290287494659424,-0.2237534523010254,0.08020252734422684,0.007901160046458244,0.12325082719326019,0.07989872888169278,0.025145162648890326,-0.19521506713050557,
-0.1043898344039917,-0.0937842071056366,-0.24572041034698489,0.037525370717048645,0.008367213420569897,0.13989558815956116,0.08697451338355215,0.024327461885696705,-0.19023583350874157,
-0.06591960787773132,-0.09260417222976686,-0.27284252643585205,-0.0028215195052325726,0.00563747389242053,0.14402347803115845,0.09534383120799025,0.021471441091718786,-0.1776357003699506,
-0.03943305611610413,-0.08191982507705689,-0.2761849880218506,-0.05222315713763237,-0.0002214808773715049,0.13789820671081543,0.09667841600871234,0.01964503421474805,-0.17056101395148815,
-0.03440430164337158,-0.08416554927825928,-0.2837998390197754,-0.10075926780700684,-0.01853071339428425,0.15054823458194733,0.0962484283223773,0.01771365516768195,-0.16356041038173674,
-0.07116854786872864,-0.08912220597267151,-0.27333912849426273,-0.16054724156856537,-0.04602785035967827,0.18204011023044586,0.08987962627202728,0.012938600201287615,-0.14987088739823293,
-0.06314914226531983,-0.08951252102851869,-0.24000942707061768,-0.2100154608488083,-0.04542864114046097,0.20474356412887573,0.08383043277767849,0.009062835086584148,-0.14238152582102284,
0.006500944495201111,-0.07279925346374512,-0.17687867879867555,-0.2731989622116089,-0.029715990647673607,0.18483643233776093,0.06632350195445091,7.875257088791513e-05,-0.1247978638563414,
0.05555744767189026,-0.05636531114578247,-0.08947478532791138,-0.26321208477020264,-0.04762575030326843,0.17345140874385834,0.053969104016517944,-0.003909953554929553,-0.11493361440397153,
0.05429530143737793,-0.03339737057685852,0.0345483273267746,-0.23731285333633423,-0.05761260166764259,0.16406376659870148,0.03873010662647243,-0.008593531550916071,-0.10577560142725378,
0.0940971612930298,0.014676344394683839,0.23386549949645996,-0.19416964054107666,-0.02745230309665203,0.1510142832994461,0.011980429992376269,-0.014910738498254557,-0.08872293118112491,
0.13054121732711793,0.03749741911888123,0.29010608196258547,-0.15388932824134827,0.021549861878156662,0.13450267910957336,0.000768332987349291,-0.017857170855531006,-0.08118151386087182,
0.1365552306175232,0.055669051408767704,0.37561628818511966,-0.0813181921839714,0.016090381890535355,0.12551450729370117,-0.009458417729329854,-0.01878217821804728,-0.07419580687926532,
0.17210589647293092,0.08819887638092042,0.5225240230560303,0.02920299395918846,0.020950650796294212,0.10054738074541092,-0.023915475478376542,-0.016276286978908774,-0.06211195912991991,
0.1904016971588135,0.10664446353912355,0.5253993034362793,0.10024364292621613,0.06509240716695786,0.07844468951225281,-0.025794981360374673,-0.015195765198286708,-0.05702767179047928,
0.21162972450256348,0.1282195329666138,0.5255050659179688,0.16915293037891388,0.08959349244832993,0.04535491019487381,-0.024508117747089796,-0.013661278102463401,-0.05258463590927147,
0.20176851749420166,0.1209108591079712,0.5140426158905029,0.2765448987483978,0.07927374541759491,-0.00125040952116251,-0.013310978913908375,-0.006229405932692236,-0.04571531939790161,
0.169473671913147,0.0674094557762146,0.4395878314971924,0.3294086456298828,0.08033900707960129,-0.010038841515779495,-0.002474334093099007,-0.001731370966029457,-0.04450898006483123,
0.09643500447273255,-0.0196677565574646,0.2645048379898071,0.36096709966659546,0.08786243945360184,-0.0001851450651884079,0.02738963670440375,0.006452869875725438,-0.044647197077160194,
0.08289531469345093,-0.04749912321567536,0.17613437175750735,0.36096709966659546,0.09152428060770035,-0.0028483057394623756,0.045091045145348785,0.010701348582603186,-0.04451045891785626,
0.09986538887023927,-0.07678888440132142,0.09675648212432862,0.3625650107860565,0.07334820926189423,-0.023620963096618652,0.0634907479392849,0.015113297182625059,-0.04373798472870389,
0.09697936177253724,-0.10790828466415406,-0.013526637852191926,0.3804081976413727,0.04099080339074135,-0.049520205706357956,0.09371292607355433,0.017194983040298033,-0.04324519982134842,
0.07489833235740662,-0.12861441373825075,-0.07000150084495545,0.3630976378917694,0.0340665839612484,-0.05244968459010124,0.11243508720057067,0.02057195422611097,-0.04411292458744498,
0.052283871173858645,-0.15339378118515015,-0.1671579957008362,0.2967183589935303,0.06103109195828438,-0.039466772228479385,0.13171326879569678,0.023413711530513942,-0.04577735569792102,
0.016530954837799074,-0.16487401723861694,-0.3600726366043091,0.1824687421321869,0.05743582546710968,-0.013900425285100937,0.1667126017218171,0.029436360822573067,-0.048302992510179464,
-0.0007619143929332496,-0.17458544969558717,-0.38520939350128175,0.14724843204021454,0.02474552020430565,0.009202498011291027,0.17941065947608875,0.03321625324571737,-0.047840179976928555,
-0.016358076035976412,-0.17993177175521852,-0.3606635093688965,0.11568997800350189,-0.0012203010264784098,0.031373314559459686,0.1889045147626266,0.03600165808129071,-0.046875020162167796,
-0.00873699113726616,-0.18035564422607422,-0.4030502796173096,0.023145128041505814,-0.012006103061139584,0.040561217814683914,0.20343190217159482,0.03661510960109793,-0.04467595606804567,
0.009854586422443391,-0.16503591537475587,-0.42510471343994144,-0.029385725036263466,-0.01426979061216116,0.04235885292291641,0.20808052109258546,0.035065613661967476,-0.043446270688729215,
0.013093440234661103,-0.13594892024993896,-0.4074485778808594,-0.11247634887695312,-0.017265846952795982,0.05514202639460564,0.20956490858857776,0.031471571549285794,-0.040945684729948875,
