-0.030803716182708742,-0.14376206398010255,-0.30457959175109867,-0.029488177970051765,-0.002690048422664404,-0.0002609211951494217,0.24919939579802644,-0.022708810526550764,-0.06954964733984789,
-0.03875000774860382,-0.14031493663787842,-0.36719129085540775,-0.13195329904556274,-0.013076376169919968,0.00792829878628254,0.24776205294540363,-0.023094068189234346,-0.07016668563291546,
-0.0438202977180481,-0.12131997346878053,-0.33824844360351564,-0.1822870522737503,-0.032850347459316254,0.026969900354743004,0.24221713906337106,-0.023608120515205732,-0.07024174683818324,
-0.02098609209060669,-0.08894227147102357,-0.31254708766937256,-0.25172895193099976,-0.02585955150425434,0.03309517353773117,0.22472180935081754,-0.02717005975820231,-0.07051938659489028,
0.006483209133148194,-0.07581746578216553,-0.303598952293396,-0.29580429196357727,-0.050493791699409485,0.015251992270350456,0.21297922470702568,-0.02933334856062743,-0.07005724245812704,
0.026578894257545473,-0.06426346302032471,-0.2341860294342041,-0.2831542491912842,-0.07832382619380951,-0.01657278463244438,0.19889693940735048,-0.031520346167112426,-0.06999230000010499,
0.02798965573310852,-0.08093037009239197,-0.16131938695907594,-0.262979656457901,-0.10369063168764114,-0.015172435902059078,0.18403373089961236,-0.034176878261544065,-0.07141003207187614,
-0.01532779484987259,-0.08927329182624817,-0.15226680040359497,-0.34460553526878357,-0.08065428584814072,0.03136630728840828,0.15703494366279952,-0.041795758559279486,-0.07750137776051634,
0.06198989748954773,-0.0626110076904297,-0.18567787408828737,-0.42463353276252747,-0.019734470173716545,-0.020165864378213882,0.14195759613726228,-0.047278637766494075,-0.07872390147164354,
0.034363067150115965,-0.08671793937683106,0.09616394042968751,-0.3574552834033966,-0.17699413001537323,-0.02682376652956009,0.10053399734750733,-0.05167957763035268,-0.08067073955532086,
0.019450256228446962,-0.05597338676452637,0.2646248579025269,-0.29527047276496887,-0.15555568039417267,-0.017236385494470596,0.08069289267977849,-0.05715027757917593,-0.08420385317832906,
0.0458799958229065,-0.03822903633117676,0.2544442176818848,-0.32875972986221313,-0.048563189804553986,-5.899649113416672e-05,0.04994483498641616,-0.07305724274321002,-0.08967459557584713,
0.03916648328304291,-0.025763532519340517,0.37367637157440187,-0.26570940017700195,-0.032783959060907364,0.009328645654022694,0.03353827196518249,-0.07646407184823503,-0.09070012214599975,
0.07627624273300171,-0.006361498683691025,0.4473773002624512,-0.19660036265850067,-0.04550055414438248,-0.010778220370411873,0.01774583338242568,-0.07848200899458514,-0.0906318230397715,
0.09992205500602723,0.07413785457611084,0.4873271942138672,-0.07183127105236053,-0.019601311534643173,-0.024560078978538513,-0.005007120168190968,-0.08253331957584381,-0.09168584943032895,
0.10419526100158692,0.11899867057800294,0.4301458835601807,-0.03388122096657753,0.011491093784570694,-0.037742726504802704,-0.010742198002863525,-0.08486181191998873,-0.09322510419690973,
0.12060894966125489,0.15705264806747438,0.3617359399795532,0.04055413231253624,0.00902767013758421,-0.0816848874092102,-0.014508759733100044,-0.08515645077866116,-0.09816967248906916,
0.09697148799896241,0.14354429244995118,0.3257086038589478,0.10726631432771683,0.013421885669231415,-0.11284387111663818,-0.012387327343626492,-0.08478736935821236,-0.10264338699641173,
0.05261912941932678,0.11688692569732667,0.2562438488006592,0.1413547843694687,0.014021096751093864,-0.11750440299510956,-0.007156948293697195,-0.08440856947712636,-0.10857771432985683,
-0.02519974708557129,0.07761430144309998,0.12841798067092897,0.1696508675813675,-0.00841603521257639,-0.12216493487358093,0.009330439944785782,-0.08311369814333167,-0.12198091129596245,
-0.056630623340606694,0.05344313979148865,0.08165916800498962,0.16212743520736694,-0.0041549778543412685,-0.11177860200405121,0.01922912231928482,-0.08278912622621307,-0.12875483893411716,
-0.06336456537246704,0.016121257841587067,0.002514847926795483,0.1594642847776413,0.00543240224942565,-0.11011412739753723,0.043020649511655816,-0.07223570551499092,-0.14179459029028824,
-0.07005451321601867,-0.005322043225169182,-0.0016163945198059083,0.17184798419475555,-0.009681036695837975,-0.1075175479054451,0.05254867611791532,-0.06682028028468703,-0.14755574947078098,
-0.11420934200286866,-0.03808971643447876,-0.04011853039264679,0.18096910417079926,-0.03371603414416313,-0.09020739048719406,0.0717584511812887,-0.06365101643489257,-0.15874297458717057,
-0.1412906289100647,-0.05194882154464722,-0.08948590755462647,0.13935720920562744,-0.014607851393520832,-0.054720766842365265,0.08200214443394531,-0.06392686938407144,-0.16384304283020032,
-0.18070759773254397,-0.09385893344879151,-0.14174102544784548,0.08243213593959808,0.026271671056747437,0.014987478032708168,0.09823786482898805,-0.06412516551417938,-0.17036515983369913,
-0.17260557413101196,-0.1015020489692688,-0.13510673046112062,0.062325265258550644,0.026005355641245842,0.049275677651166916,0.10297138967927318,-0.06315870475193214,-0.17030978987233109,
-0.1506224274635315,-0.11256730556488037,-0.1499144673347473,0.04454866424202919,0.007230069488286972,0.06698569655418396,0.10629322107215973,-0.06232488310345705,-0.16832392105635421,
-0.13883424997329713,-0.128079354763031,-0.19235357046127322,-0.0006584945949725807,-0.006019157357513905,0.10706627368927002,0.11012565754550906,-0.06305916464586128,-0.16180198005136504,
-0.08399089574813844,-0.09630761742591859,-0.18508917093276978,-0.09639913588762283,0.03133167698979378,0.16998344659805298,0.10408663062410647,-0.06864934767224273,-0.14403462973955838,
-0.060988140106201176,-0.08646513223648072,-0.15090461969375613,-0.10132598131895065,0.006497700233012438,0.16978371143341064,0.09801954350773959,-0.06963804576831371,-0.13534612642762955,
-0.026713213324546816,-0.06466472744941712,-0.10374932289123535,-0.11271099746227264,-0.0011588879860937595,0.17164793610572815,0.08387759065064322,-0.07305661579336908,-0.11785200850583609,
-0.033073958754539494,-0.062275183200836186,-0.1293376088142395,-0.16710606217384338,0.014420605264604092,0.195416659116745,0.07669299512408123,-0.07535927453756923,-0.10937833395467339,
-0.01238299161195755,-0.04927348494529724,-0.11180009841918946,-0.18854451179504395,0.03719063103199005,0.2008095383644104,0.06774408417550894,-0.07730902578322857,-0.10016616684644213,
0.030689120292663574,-0.03293114602565766,0.020347496867179873,-0.154056578874588,-0.009481266140937805,0.19188794493675232,0.04421449641938055,-0.07799724002144881,-0.07907297227526237,
0.029931113123893738,-0.026234596967697144,0.08004934787750245,-0.11171231418848038,-0.04117288440465927,0.19468426704406738,0.03293333747640655,-0.07827726274582494,-0.06888873725067989,
0.05697917342185974,-0.00760066881775856,0.09248532056808473,-0.11291073262691498,-0.003023100784048438,0.2091985046863556,0.015144543637390324,-0.0828758052690715,-0.04874021030428071,
0.0635916829109192,0.0003481368999928236,0.09504010677337647,-0.10844993591308594,0.024207722395658493,0.20899876952171326,0.006900475608360437,-0.08418650295746447,-0.03802534672489376,
0.09675862789154054,0.007546961307525635,0.169956111907959,-0.047130655497312546,-0.0022241524420678616,0.18483057618141174,-0.010062137878045283,-0.08234720608750136,-0.015949330371752446,
0.0938155770301819,0.013256894052028657,0.18778353929519653,-0.013175352476537228,-0.008482581004500389,0.18376532196998596,-0.016482098612953446,-0.08136337369114555,-0.005710042207985961,
0.1269377946853638,0.030042749643325806,0.16974416971206666,0.01052630040794611,0.06289021670818329,0.17550861835479736,-0.02374308968386788,-0.08079734798718219,0.0135672319084397,
0.15185748338699342,0.04015045166015625,0.2031176567077637,0.05260424688458443,0.08006761223077774,0.15426990389823914,-0.026217241918556265,-0.078208427529812,0.02288317814554459,
0.1988197445869446,0.04980214834213257,0.23024435043334962,0.09841062128543854,0.07181181013584137,0.12071406841278076,-0.02597546019679709,-0.0691581645630222,0.039011024061657115,
0.21364326477050782,0.05447070598602295,0.21890947818756104,0.13862434029579163,0.0798012912273407,0.07743770629167557,-0.022734697063186312,-0.06491911695931289,0.04535521278313408,
0.2220184087753296,0.05307983160018921,0.19066911935806274,0.16179384291172028,0.1009068414568901,0.03882186859846115,-0.01757146882933377,-0.06085155687842056,0.05026974096422955,
0.19644167423248293,0.03365602195262909,0.12212868928909303,0.1872936189174652,0.10496816784143448,0.005598933435976505,-0.0027142768489905916,-0.051156168914433656,0.05527460165478462,
0.19211350679397585,0.018580892682075502,0.08160327672958374,0.18935756385326385,0.09191867709159851,-0.01876899041235447,0.006335339636651344,-0.04577828598614738,0.05610440125180192,
0.18588898181915284,0.006988245248794556,0.03451831936836243,0.18383149802684784,0.07154549658298492,-0.047331396490335464,0.016018214627912974,-0.04070197916327114,0.05602562251797723,
0.16452769041061402,-0.018643438816070557,-0.013046865165233613,0.17544254660606384,0.04870888218283653,-0.07216536998748779,0.0351947856559149,-0.03287398709262203,0.0527602801653099,
0.13700764179229738,-0.024875786900520325,-0.03561778068542481,0.16399095952510834,0.05743073672056198,-0.0884772315621376,0.04294296029463128,-0.041350472586037024,0.05040265920971723,
0.1269163131713867,-0.033494070172309875,-0.0623190462589264,0.1570667326450348,0.05123888701200485,-0.10924988985061646,0.05155020618749159,-0.042223663816692646,0.04703234345979723,
0.11404019594192505,-0.04635904431343079,-0.08512417078018189,0.14102119207382202,0.02347543090581894,-0.13435018062591553,0.06885468747573208,-0.035356829473237025,0.037888959861583756,
0.10594879388809204,-0.05621846914291382,-0.13585938215255738,0.11092747747898102,0.018881477415561676,-0.15685389935970306,0.08492101177575229,-0.029350674352020826,0.02581512024835983,
0.08297332525253297,-0.0708024561405182,-0.1501027822494507,0.07564058899879456,0.01974700577557087,-0.1630457490682602,0.09167848332560506,-0.026238870363622897,0.0187462608819826,
0.05947099328041077,-0.07968050837516785,-0.17659752368927004,0.04201818257570267,0.013288839720189571,-0.16564232110977173,0.09735581553991819,-0.022947142448991098,0.011223432275230196,
0.014683794975280762,-0.09338326454162599,-0.17961802482604983,0.011391827836632729,-0.019334884360432625,-0.15332521498203278,0.10390642999678512,-0.016218980439734146,-0.004216311880337287,
0.005936011299490929,-0.09742807149887085,-0.18186081647872926,-0.018701894208788872,-0.044435176998376846,-0.14793230593204498,0.10535412810392875,-0.013919503333391665,-0.011916151866345122,
0.014889007806777954,-0.09403066635131836,-0.18917510509490967,-0.04113902524113655,-0.053889401257038116,-0.14733310043811798,0.10579147670564475,-0.012861178972509409,-0.01963091030795915,
0.0012093222700059415,-0.08175746798515321,-0.19344279766082764,-0.09380289912223816,-0.06267786026000977,-0.14839810132980347,0.10314361150171084,-0.012823862414442985,-0.035513793047120226,
0.007989559322595596,-0.08020461797714235,-0.18227490186691286,-0.12083398550748825,-0.07153286784887314,-0.15139415860176086,0.09967471319991132,-0.013308267870102355,-0.0434969197934228,
0.02051354944705963,-0.0780865490436554,-0.15626121759414674,-0.13062109053134918,-0.06554075330495834,-0.16038233041763306,0.09481126251454386,-0.014211052640623341,-0.051704852084322066,
0.0203909769654274,-0.053963035345077515,-0.13670390844345093,-0.17609457671642303,-0.08245182782411575,-0.17735998332500458,0.08272940428506478,-0.016438857327477983,-0.06900846572603302,
0.007775996625423432,-0.03266354501247406,-0.10266624689102173,-0.18814538419246674,-0.12712635099887848,-0.17649444937705994,0.0752082474780722,-0.017443959257819077,-0.07835478541149175,
0.05412971377372742,-0.020924267172813416,-0.032393038272857666,-0.222233846783638,-0.12985609471797943,-0.18668104708194733,0.05775837129413605,-0.024568726539135933,-0.0983087192780135,
0.04657268524169922,-0.014665462076663971,0.009509675949811936,-0.19833196699619293,-0.10602080821990967,-0.1588510125875473,0.04786482657097833,-0.030687685576694768,-0.10884023075275562,
0.012578272819519044,0.022896163165569305,0.17344685792922976,-0.11670608818531036,-0.07579392939805984,-0.1781589388847351,0.02867598887514772,-0.04013494299487277,-0.12755478144623678,
0.08428025245666504,0.028610360622406007,0.15406111478805543,-0.1348821520805359,-0.05661916360259056,-0.22696135938167572,0.022576076585218572,-0.04430704104998324,-0.1357744741497526,
-0.0474881261587143,-0.009841248393058777,0.1429302453994751,-0.14773191511631012,-0.11128054559230804,-0.18082208931446075,0.012952176195802856,-0.04963998166464866,-0.15769226787407245,
-0.11396172046661378,-0.012837034463882447,0.26102015972137455,-0.08002104610204697,-0.08731209486722946,-0.17496314644813538,0.0064208764349263855,-0.053661592261294085,-0.16884768446218443,
-0.08913549780845642,0.04396241307258606,0.31152114868164066,-0.030219927430152893,-0.036179400980472565,-0.19234026968479156,-0.0009485009948230857,-0.06364608185675533,-0.18796281681831664,
-0.0879335641860962,0.034662699699401854,0.30796802043914795,0.022377504035830498,-0.05342337116599083,-0.1991313248872757,-0.0012218641808304385,-0.06577776987353817,-0.19771845706613472,
-0.09055469036102295,-0.03946241140365601,0.2774954319000244,0.07211203873157501,0.006764072459191084,-0.17769287526607513,0.0038849151238721205,-0.07054915832139548,-0.21819528069588442,
-0.1328938126564026,-0.07328623533248901,0.22299113273620608,0.08496178686618805,0.061492033302783966,-0.11903674900531769,0.009245403153037127,-0.07126755370791964,-0.22818071259989714,
-0.14417959451675416,-0.07961070537567139,0.1726722836494446,0.11126050353050232,0.06235756352543831,-0.08741170912981033,0.014983519189925762,-0.0693094560520528,-0.23607916601367834,
-0.1004116415977478,-0.04879288971424103,0.14991111755371095,0.17417769134044647,-0.0032227816991508007,-0.080021433532238,0.02727876610732929,-0.06235062751232832,-0.24580922070159217,
-0.08986682295799256,-0.0392521470785141,0.10572940111160278,0.19601519405841827,-0.042704079300165176,-0.07915668189525604,0.03578910185269889,-0.06063012113988591,-0.24965428619278326,
-0.11525222063064576,-0.02693753242492676,0.03595818877220154,0.19455045461654663,-0.02785695530474186,-0.055654287338256836,0.056402319494974006,-0.06172690473654522,-0.25741803823875764,
-0.1163339614868164,-0.02558457851409912,0.002527708746492863,0.18742650747299194,-0.009547722525894642,-0.034881629049777985,0.06486182103230914,-0.051802143256976824,-0.2609954692983485,
-0.09365569353103638,-0.02775622308254242,-0.003542822599411011,0.19581545889377594,-0.023662475869059563,-0.01763766258955002,0.08337702339974258,-0.044779947279648416,-0.2647639453887305,
-0.10347993373870851,-0.03648421764373779,-0.020346599817276004,0.18502965569496155,-0.03870933875441551,0.001004466786980629,0.09313163672616404,-0.044016490585058854,-0.2658026807274003,
-0.11941583156585694,-0.05520424246788025,-0.083427631855011,0.16678699851036072,-0.03498091176152229,0.025106072425842285,0.11273770676372107,-0.04701435818647291,-0.26651060952123895,
-0.14051578044891358,-0.06861112713813781,-0.106915283203125,0.1390901356935501,-0.017137732356786728,0.06651823222637177,0.1216736962671343,-0.049169066649270586,-0.26622516640946164,
-0.13994119167327881,-0.09235785007476807,-0.15460240840911865,0.0914861261844635,-0.009015089832246304,0.1124577596783638,0.13635236403541326,-0.053473273620323405,-0.26146788037516366,
-0.1249691128730774,-0.10276515483856202,-0.17364684343338013,0.044081855565309525,0.008894668892025948,0.13283094763755798,0.14143110570329506,-0.05608455018173756,-0.25679522316544373,
-0.1011289119720459,-0.11359183788299561,-0.19375027418136598,-0.0003929358208552003,0.008561773225665092,0.1534038633108139,0.14571992552745822,-0.061504618320358646,-0.24458376949241054,
-0.09704304933547975,-0.11878541707992554,-0.19174845218658448,-0.03687824308872223,0.01974705047905445,0.16878361999988556,0.145222568374627,-0.06418583629044566,-0.23748374256011542,
-0.098727947473526,-0.1261339068412781,-0.20629708766937258,-0.10798464715480804,0.05110577121376991,0.20287208259105682,0.13962233066902288,-0.07008569113702012,-0.22149599320263716,
-0.10195858478546144,-0.12947119474411012,-0.19569252729415895,-0.1599828600883484,0.05783025547862053,0.23855844140052795,0.13367787898986394,-0.07192204261558947,-0.21186419185171987,
-0.07270738482475281,-0.1126158356666565,-0.15933476686477663,-0.17855840921401978,0.07647238671779633,0.227439746260643,0.12506081288435308,-0.07376609675319307,-0.20070196227034404,
0.018567104637622834,-0.0665123999118805,-0.06717181205749512,-0.19999685883522034,0.06242420896887779,0.2021397203207016,0.10203469576565982,-0.07566575709520165,-0.1755796170365604,
0.02464525103569031,-0.05061472058296204,-0.01909502297639847,-0.18941079080104828,0.05536682903766632,0.1986110359430313,0.08954872132195486,-0.07504168998795609,-0.16407161664044248,
0.06594808101654052,-0.007005143910646439,0.05720555782318115,-0.18641473352909088,0.07793712615966797,0.1618594080209732,0.06457254599147441,-0.07436133402368206,-0.1423308499077709,
0.0714425265789032,-0.001873801276087761,0.07583133578300477,-0.18947537243366241,0.07161179184913635,0.1637939214706421,0.052901665253484324,-0.07245633637357599,-0.13247440788684037,
0.09987276792526245,0.029185342788696292,0.18023762702941895,-0.15059322118759155,0.10143919289112091,0.14328758418560028,0.029902912082148424,-0.0670454530242399,-0.11458105643881109,
0.10121899843215942,0.03545206487178803,0.21871047019958498,-0.1286887228488922,0.11382289230823517,0.13469888269901276,0.019557282122735296,-0.06327811850968781,-0.10617041390639817,
0.08668413758277893,0.03008687794208527,0.23200383186340334,-0.08621130883693695,0.10210498422384262,0.1415565311908722,0.010854960271316976,-0.05805289387523873,-0.09871124897749937,
0.11033399105072023,0.04027877449989319,0.3189562797546387,-0.014039640314877033,0.10024077445268631,0.1313033550977707,-0.0022841646704122322,-0.04726483624557861,-0.08430638562534148,
0.1434006690979004,0.049674981832504274,0.3466792106628418,0.05413728579878807,0.08259733021259308,0.10800069570541382,-0.005495112866949861,-0.04216168221260368,-0.0772639682025582,
0.18732030391693116,0.05253508687019348,0.4824711799621582,0.19788141548633575,0.03306253254413605,0.06385879963636398,-0.004367350343048735,-0.03268203306616681,-0.06536871476768356,
0.20622599124908447,0.046964126825332644,0.5308770179748535,0.3275107741355896,0.04511333629488945,0.025242965668439865,0.0023914306519883773,-0.030127586739517816,-0.06134735588018319,
0.212471342086792,0.041396841406822205,0.4733029365539551,0.36439552903175354,0.08559338748455048,-0.0009891730733215809,0.014866127566145084,-0.028659938826499264,-0.05879899058620571,
0.1893927574157715,0.002600221149623394,0.26382026672363285,0.40720584988594055,0.08725786209106445,-0.02708815410733223,0.050077241888883704,-0.022010062086231855,-0.05637453182414763,
0.1596308708190918,-0.023909090459346773,0.20758280754089356,0.42225271463394165,0.05523334816098213,-0.04186869412660599,0.06954597165867377,-0.01686397342185177,-0.055745632452550674,
0.10060632228851318,-0.08357115387916565,0.05813762545585632,0.41266533732414246,0.03133147582411766,-0.044798173010349274,0.11193253835696133,-0.009027758841993057,-0.05616824223984244,
0.05454322099685669,-0.12542922496795655,-0.0347939133644104,0.3896290063858032,0.032995954155921936,-0.04213501140475273,0.14781124774678628,-0.008434637558848728,-0.058177181050129596,
0.041965517401695254,-0.14788763523101808,-0.08414160609245301,0.3811734616756439,0.008494868874549866,-0.03820684924721718,0.16831404120361826,-0.006036149222373259,-0.05890579690988089,
0.009595086425542833,-0.17179572582244873,-0.16610199213027954,0.32538023591041565,-0.020933061838150024,-0.036875270307064056,0.2074499811441226,-0.002021682009772001,-0.061033561958127085,
-0.0007510298863053322,-0.17659373283386232,-0.25835695266723635,0.20493878424167633,0.034127797931432724,-0.021096039563417435,0.22590215603022334,-0.001496621331461786,-0.06274173539109261,
-0.008762616664171219,-0.18212451934814455,-0.3121407270431519,0.1482134461402893,0.058628879487514496,-0.006049179472029209,0.2410743793165615,-0.0008001647909739539,-0.0640709384650309,
-0.03127490878105164,-0.18797280788421633,-0.24678335189819336,0.11425745487213135,-0.015406889840960503,0.008330604061484337,0.2595270104669226,0.0032980055369946915,-0.061485899774889836,
-0.016775432229042053,-0.1864167332649231,-0.23228824138641357,0.09401743113994598,-0.05595351755619049,-0.004985201172530651,0.2659444755849976,0.0042866913804092835,-0.05998835146134478,
-0.00027789524756371975,-0.17578309774398804,-0.24651141166687013,0.05946291983127594,-0.0439692921936512,-0.011310208588838577,0.2717015070981447,0.003410748116000113,-0.06048450633437683,
-0.017798508703708648,-0.17083625793457033,-0.3177889585494995,-0.04966010898351669,0.027137110009789467,0.018184300512075424,0.27961116818002624,0.0007515987702434133,-0.06474453430268533,
-0.022813263535499576,-0.1699819326400757,-0.31785402297973636,-0.0906062126159668,0.020279470831155777,0.033297739923000336,0.27971400298496973,0.0006217567766275087,-0.0647989652677083,
