-0.020772854983806613,-0.019638390839099885,0.00652739554643631,-0.09070491790771484,0.008562331087887287,-0.062230367213487625,0.3620846535502309,0.0004507656849878627,0.16295224417964985,
0.017690812051296235,-0.0296603798866272,0.026908096671104432,-0.0940338745713234,0.023609193041920662,-0.07874196767807007,0.35193568523425967,0.007541816076593401,0.16201313027066777,
-0.00820671021938324,-0.025411558151245118,-0.010341172665357591,-0.09190334379673004,0.03366262465715408,-0.07141827046871185,0.3473124613675215,0.010626260816227587,0.16060497846331595,
-0.002156651206314564,-0.0042975183576345445,0.0033284503966569904,-0.10541888326406479,-0.017004014924168587,-0.06735695153474808,0.3377662164874893,0.018708848622232075,0.15922013312525615,
0.044496732950210574,-0.009545791149139405,0.016556541621685027,-0.10035888105630875,-0.015472698025405407,-0.06675773859024048,0.33262489039663024,0.02202332267255497,0.1583091966650091,
0.006351967155933381,-0.0007997317239642143,0.010888327658176423,-0.06633699685335159,0.01129207108169794,-0.08786329627037048,0.3214543872007593,0.026726370020060345,0.15342493138856755,
0.012337608635425568,-0.030656644701957704,-0.004920827597379685,-0.08398044109344482,0.01721760630607605,-0.0915917158126831,0.3168007420864852,0.029778520940551875,0.15108373299980818,
0.0013535642065107822,-0.06651065349578858,-0.10768120288848877,-0.1518910527229309,0.01122549269348383,-0.07328248769044876,0.3090034893042835,0.03804327952577716,0.14717368624642177,
0.006219751387834549,-0.08154197931289674,-0.15622743368148806,-0.21400906145572662,0.020945915952324867,-0.09105857461690903,0.3034369147475611,0.04203549073869181,0.14520882249175868,
0.0744649589061737,-0.1282331109046936,-0.19239461421966553,-0.3094834089279175,0.05609964206814766,-0.14398889243602753,0.2856089998288585,0.04917818026082534,0.14118118546067165,
0.06233852505683899,-0.0014232512563467027,-0.006558524072170258,-0.2753283679485321,-0.09390290826559067,-0.03113744407892227,0.2717560820873042,0.05518005007201325,0.13926191071949517,
-0.2474961280822754,0.38621048927307133,0.594819164276123,-0.06327414512634277,0.009228006936609745,0.010407867841422558,0.24013490523090195,0.06321694999708194,0.13149450258567869,
-0.272816801071167,0.41773672103881837,0.7316583156585694,0.19758248329162598,0.0268714502453804,0.04163343086838722,0.22669434495286173,0.059391063613066904,0.12838332685347756,
-0.17429965734481812,0.3260276556015015,0.5950735092163086,0.28466784954071045,-0.05229101702570915,0.1281861662864685,0.2273125852740392,0.05878494996009839,0.1304359397287528,
-0.1195573925971985,0.1537036895751953,0.22882578372955323,0.22674410045146942,-0.06294365972280502,0.11946432292461395,0.24146956783293844,0.05610312694051706,0.13333120891909672,
0.03644579350948334,-0.11700702905654908,-0.1650267004966736,0.150244802236557,-0.020066766068339348,0.08743980526924133,0.26926459050464724,0.043016726469120956,0.13811031816814423,
0.020004895329475404,-0.16426020860671997,-0.2391556739807129,0.09911210834980011,-0.010745701380074024,0.06999609619379044,0.27959238156749655,0.03750896996727836,0.13988893656650647,
0.02048347443342209,-0.17909022569656374,-0.23290851116180422,0.09092288464307785,-0.018069393932819366,0.06067503243684769,0.2870918099603426,0.03353406756947903,0.14191454735282913,
0.04120209217071533,-0.20247352123260498,-0.2008619785308838,0.04331887513399124,-0.02838914468884468,0.03717263787984848,0.297544370890288,0.027273410397792314,0.1450945967698538,
0.03355117440223694,-0.1797589421272278,-0.20131611824035645,-0.01620277389883995,-0.00035937363281846046,0.008943130262196064,0.3014429576007764,0.02427381073471483,0.14549580393496714,
0.01685699224472046,-0.12173782587051392,-0.16118404865264893,-0.04616333916783333,-0.0018241123761981726,-0.0044392552226781845,0.30393311155960484,0.02080698558039673,0.14552641582428819,
0.0025692790746688846,-0.08282614350318909,-0.0858691692352295,-0.05049097537994385,-0.0032222718000411987,-0.009366103447973728,0.30222455677480936,0.02072244245137333,0.14551340870442833,
6.954158889129759e-05,-0.049735221266746524,-0.04481824040412903,-0.037840958684682846,-0.002423323690891266,-0.011163736693561077,0.29990461412208524,0.020840258665883613,0.14537198257519393,
-0.00401928648352623,-0.015262943506240845,0.02942330837249756,-0.015204089693725109,0.024474604055285454,-0.030937708914279938,0.2950594862733277,0.021474279122973977,0.14460710424478937,
0.0007108121644705534,-0.01117725893855095,0.007183480262756348,-0.030717002227902412,0.016418542712926865,-0.023281119763851166,0.2936351393004275,0.02237655800117075,0.1442682446064654,
-0.010212938487529756,-0.002673872746527195,-0.02242322266101837,-0.05708229914307594,0.005699317902326584,-0.016556639224290848,0.2928329776682638,0.024265238100658445,0.14427496500818215,
-0.0016640605404973031,0.009969768673181535,-0.01724306344985962,-0.03324759751558304,0.007230952847748995,-0.013428838923573494,0.2890693559629331,0.02693670921642539,0.1439720361516019,
-0.008677114546298981,0.007357557862997056,0.01699727326631546,-0.03218233585357666,0.0016383142210543156,-0.0069706737995147705,0.28636470475861536,0.027721707984750026,0.14365064198026592,
-0.01702723354101181,0.009752056002616883,0.0053493201732635505,-0.054952360689640045,0.010559904389083385,-0.016158580780029297,0.28458379181955223,0.02842976938166392,0.1434805018873776,
0.006511914730072022,-0.0006432581227272749,-0.0004224965814501047,-0.025058377534151077,0.008962007239460945,-0.015359630808234215,0.2805783507115713,0.029618859931236804,0.14330756390750835,
-0.00794358178973198,-0.0018918434157967569,0.022845725715160373,-0.02086389809846878,-0.005685378797352314,-0.006770936772227287,0.27804196557090843,0.0307403441805231,0.143049418599837,
0.008359353244304658,-0.02295067459344864,-0.035551241040229796,-0.04609735310077667,-0.03498015180230141,0.004014866426587105,0.27548250661291607,0.0320945614146267,0.14244105156849315,
0.020520429313182834,-0.0355570524930954,-0.061109894514083864,-0.06513895094394684,-0.02392803318798542,-0.008701728656888008,0.2739257458184426,0.031623076303322124,0.14170438974533373,
0.031346648931503296,-0.05532377362251282,-0.0800547182559967,-0.06806842982769012,-0.01167749147862196,-0.018422266468405724,0.27149139240270687,0.030406523056035313,0.14056959062582894,
0.03219529390335083,-0.07194998860359192,-0.08880274295806885,-0.08497950434684753,0.015353593975305557,-0.03393518179655075,0.26477710824364675,0.02950825072578609,0.1382311252040475,
0.015473268926143646,-0.0339529275894165,-0.06037474870681763,-0.12259665876626968,-0.01201038621366024,-0.03633202612400055,0.2611138583874334,0.030451131081355422,0.13741382677392275,
-0.0982222318649292,0.2009727954864502,0.27577517032623294,-0.038773659616708755,-0.042903054505586624,0.05315018817782402,0.2513635830830759,0.03358387853809423,0.13552310632342293,
-0.3152937412261963,0.4406473159790039,0.6753812789916993,0.3492489457130432,-0.03451409935951233,0.12425659596920013,0.2438239254760165,0.032894805385043586,0.1333309172978771,
-0.14729889631271362,0.44083695411682133,0.9953727722167969,0.525150716304779,-0.06041334196925163,0.14582820236682892,0.25176195288608616,0.024780496227220984,0.13595805761454882,
-0.028915390372276306,0.2021047115325928,0.48856043815612793,0.42721298336982727,-0.0313183069229126,0.1397029310464859,0.2752074327551221,0.01812478125010738,0.13855249555307103,
0.07982773184776307,-0.14608755111694335,-0.13301295042037964,0.28093886375427246,-0.007083538454025984,0.10641340911388397,0.32543819077086933,0.003194801201055752,0.14319222573915,
0.07900655269622803,-0.2809841394424439,-0.27269773483276366,0.16708870232105255,-0.01880144700407982,0.08557417243719101,0.3451630209259656,-0.003034030420012283,0.1453375606334166,
0.07478248476982118,-0.3671396493911743,-0.34482617378234864,0.057033564895391464,-0.04030647501349449,0.07059389352798462,0.3714722900015512,-0.01293556280333798,0.14871515447036288,
0.04693279564380646,-0.35757873058319095,-0.30597016811370853,-0.015736935660243034,-0.02532639354467392,0.03643975406885147,0.37804637070922764,-0.017540766771134506,0.14887031872640877,
0.03154017627239227,-0.3088058948516846,-0.2909934282302857,-0.04057091102004051,-0.0009584695799276233,0.014734990894794464,0.38160055721770825,-0.021837321927717205,0.14835955290533873,
-0.03328373730182648,-0.15957629680633545,-0.12942012548446655,-0.008879296481609344,0.0017046915600076318,0.01007445901632309,0.38035205224704294,-0.026059824687750456,0.14762111575199136,
-0.036500954627990724,-0.12487679719924927,-0.057105571031570435,-0.038373805582523346,-0.011078482493758202,0.01753130927681923,0.3785574410136863,-0.0264642478487191,0.14808070627562187,
-0.03895929455757141,-0.06924622654914857,-0.10882134437561036,-0.08231596648693085,-0.002489787293598056,0.007278138771653175,0.37671590894939166,-0.027689860314328504,0.14838384104406432,
-0.021868087351322174,-0.04964326322078705,-0.06913694739341736,-0.05548461526632309,0.009294700808823109,-0.013760834001004696,0.3735425525181982,-0.028600532266967512,0.14827132926772316,
0.01743873953819275,-0.03507991135120392,0.02547932267189026,-0.013073775917291641,0.007963120006024837,-0.03633112460374832,0.36599532128285706,-0.028519920822539464,0.1483375963559383,
0.029925817251205446,-0.038883402943611145,0.022708629071712495,-0.01680220104753971,0.007896540686488152,-0.04325534403324127,0.3638307411271173,-0.027509293680071642,0.14825826533167977,
0.029108217358589174,-0.06343392133712769,-0.03314838409423828,-0.06527173519134521,-0.001624259864911437,-0.04618481919169426,0.3630719353544377,-0.025752078598554277,0.1479108498299114,
0.02926340997219086,-0.06704663038253784,-0.12478522062301636,-0.10508599132299423,0.004967064131051302,-0.0626964196562767,0.36036169648208555,-0.02147513289028289,0.1467014680023778,
0.018139937520027162,-0.08385428786277771,-0.0946567714214325,-0.1157386377453804,0.008029699325561523,-0.08047302067279816,0.3560092915701426,-0.019209932046297895,0.14558276943118983,
-0.015007561445236206,-0.06253678798675537,-0.01675863415002823,-0.1048862561583519,0.00816285703331232,-0.07494696229696274,0.3451294823778194,-0.012796287818315011,0.14298277148745484,
-0.04182862341403962,-0.04000699818134308,0.005781448632478714,-0.09969308972358704,0.017550500109791756,-0.08153828233480453,0.3393077689567047,-0.008989201770756511,0.1414264833742783,
-0.025601473450660706,-0.0435386210680008,-0.003772939741611481,-0.1072831004858017,0.020746294409036636,-0.09145855903625488,0.33395170131220187,-0.005389925140274582,0.1399417820791857,
-0.0019384633749723436,-0.04594199657440186,-0.0485767126083374,-0.12159758806228638,0.019414713606238365,-0.08306960016489029,0.32365949050586007,0.00283743401397645,0.13711434201101108,
-0.02719535529613495,-0.032720628380775454,-0.05984879136085511,-0.13484682142734528,0.0061654867604374886,-0.07155142724514008,0.3178360641232274,0.007517430331921219,0.1355439161355181,
0.01159636527299881,-0.09623944759368896,-0.14123682975769045,-0.20255769789218903,0.015819445252418518,-0.06695747375488281,0.30512790089237296,0.015478250067193111,0.13188404933806394,
0.04416608214378357,-0.16612287759780886,-0.25198500156402587,-0.3496973514556885,0.04344974458217621,-0.09645199030637741,0.2974077043205158,0.018444344595007756,0.13005619984198977,
0.04639270901679993,-0.16318364143371583,-0.3509912729263306,-0.41814279556274414,0.028071168810129166,-0.13101178407669067,0.2872065683914035,0.0215923360552779,0.12854769416753936,
0.09250789880752563,-0.11915513277053834,-0.1630327343940735,-0.3714043200016022,-0.02852100506424904,-0.09705647081136703,0.2714117442079058,0.025945503450570364,0.12713593512733357,
-0.3515009880065918,0.5245453834533692,1.071724033355713,-0.02745705097913742,-0.03238258883357048,0.026181306689977646,0.21345966277808773,0.035526218826006026,0.11514409148429168,
-0.32489650249481206,0.5534785747528076,1.1740659713745119,0.3163570463657379,-0.008414139039814472,0.07804637402296066,0.20865624872801103,0.033438654619865935,0.11419861491459816,
-0.01255093514919281,0.11942825317382813,0.23360219001770022,0.42614585161209106,0.023477215319871902,0.07571610808372498,0.23922665317391273,0.0280337936917314,0.11920817870862671,
0.03578790724277497,-0.051681309938430786,-0.12502694129943848,0.29611700773239136,0.001173241063952446,0.07551636546850204,0.26121077064205656,0.025993198747095353,0.12262068627373945,
0.042569670081138614,-0.15389077663421633,-0.3250132560729981,0.14564841985702515,-0.005284924991428852,0.07478399574756622,0.2788012158039116,0.023377189020943275,0.12550837711370733,
0.0033130053430795673,-0.2242304801940918,-0.29420597553253175,0.04131908342242241,-0.006217030808329582,0.06532977521419525,0.2944478113963666,0.017080777609188403,0.12950051475509297,
0.01073710396885872,-0.18687252998352052,-0.20791354179382326,-0.005019919015467167,-0.0011570248752832413,0.043691594153642654,0.2985504427929208,0.011556815607674863,0.13282668587645724,
-0.000873616710305214,-0.14644711017608644,-0.17210817337036133,-0.03857574984431267,-0.00242202659137547,0.0415610633790493,0.2985843644282158,0.009684286351348607,0.1341803992663959,
-0.0006947846151888371,-0.11176756620407105,-0.1262080192565918,-0.05575314164161682,-0.011143879033625126,0.034370530396699905,0.29709467328384664,0.007920846428879984,0.13536940669369388,
0.054671978950500494,-0.06728296279907227,-0.02582680881023407,-0.04270365089178085,-0.012741776183247566,-0.004777939990162849,0.29179404302606543,0.0047163647687853754,0.13644095258404088,
0.029549998044967652,-0.0411020576953888,-0.004971078410744668,-0.04383549466729164,-0.006483347155153751,-0.019625063985586166,0.28949988164852025,0.004198092379710964,0.13603043632057626,
-0.03510997593402863,0.004326888173818588,0.031221911311149597,-0.020199937745928764,0.00863009225577116,-0.02095664292573929,0.2852615424120054,0.005326817331194022,0.1344227068579701,
-0.029944100975990297,0.005118799209594727,0.02358265221118927,-0.007683080155402422,0.006632721051573753,-0.016961902379989624,0.2840988292273823,0.006435791859103976,0.13408708277966971,
-0.024226997792720795,0.005978836864233017,-0.01599676311016083,-0.019400987774133682,0.00370324426330626,-0.011036369018256664,0.2836318071311707,0.007381143873174137,0.13379914209040694,
-0.016867907345294954,0.004230472445487976,-0.040354230999946596,-0.04270365089178085,0.005034824833273888,-0.002980306278914213,0.2815635901930734,0.008505033682101046,0.13344428622357343,
0.00039418563246726993,-0.003303833305835724,-0.017900265753269196,-0.033382587134838104,0.009162724018096924,-0.007574259303510189,0.2794662037761183,0.008835904074228103,0.13351806407906072,
0.02331318557262421,-0.02823682129383087,-0.03207787275314331,-0.026190005242824554,0.008628997020423412,-0.01236305944621563,0.2761451433546646,0.009914447472083778,0.13372638190483227,
0.03716940879821778,-0.044618320465087895,-0.062102824449539185,-0.05042477324604988,0.004634255077689886,-0.02501307614147663,0.2745754027049596,0.010711975677162118,0.13357649804035604,
0.037116613984107975,-0.049898549914360046,-0.05579572916030884,-0.05734899267554283,0.0009058296564035118,-0.035798877477645874,0.27211819081106564,0.011777043435022458,0.13299458566755298,
0.011381583660840989,-0.05309597253799439,-0.04652179777622223,-0.06387373805046082,-9.285575652029365e-05,-0.03559914231300354,0.26919362292084564,0.01307964592513676,0.13193025859469115,
-0.017368334531784057,-0.038225993514060974,-0.0448890894651413,-0.06234242022037506,-0.005685494281351566,-0.027875972911715508,0.2626533715406536,0.01572140712454902,0.12944526174520518,
0.0007379973772913218,-0.05209622979164124,-0.0579183042049408,-0.061343733221292496,-0.008215497247874737,-0.027210183441638947,0.2593462407635025,0.016697187597666967,0.12826729593694416,
0.03616246581077576,-0.04434094429016114,-0.16599353551864626,-0.09529903531074524,0.030866391956806183,-0.04851546883583069,0.2526094552039217,0.01856894942446974,0.12590901512529762,
0.06327521204948426,-0.021991002559661868,-0.11051790714263916,-0.18964152038097382,0.034062184393405914,-0.09265737235546112,0.24783359427035948,0.021200249543455577,0.12522536103225257,
-0.059105205535888675,0.19233336448669436,0.17180315256118775,-0.2304544597864151,0.001638198969885707,-0.04545284062623978,0.23987945069571986,0.02558167498046967,0.12370270307870802,
-0.4194224834442139,0.6647077083587647,1.2685107231140138,0.3040419816970825,-0.006750758737325668,0.11353787779808044,0.22001577075669218,0.028673706816160997,0.12086001897115316,
-0.22500331401824952,0.5069154262542724,1.2723868370056153,0.5706244111061096,-0.01087865885347128,0.1356421262025833,0.22932066437497917,0.025442821048004993,0.12405468025278832,
0.025853034853935242,0.0883852779865265,0.18561849594116211,0.45337873697280884,-0.027656573802232742,0.13590843975543976,0.2843750924035851,0.014816521629798792,0.13282970742790054,
0.05031614899635315,-0.06026047468185425,0.010047639161348343,0.38833102583885193,-0.025459466502070427,0.12385762482881546,0.3077242728092912,0.006797337288788208,0.13598273932418706,
0.028227561712265016,-0.3041633844375611,-0.15507588386535645,0.30677172541618347,-0.018335510045289993,0.10441655665636063,0.3476610317516624,-0.005177796100520895,0.14029457191840813,
0.004683851450681687,-0.3620167255401612,-0.199093496799469,0.25370824337005615,-0.0394410602748394,0.10674682259559631,0.3640032074299778,-0.010341029353544006,0.1418803475930703,
-0.005655622482299805,-0.3912493467330933,-0.30035452842712407,0.15144285559654236,-0.042903169989585876,0.08244547247886658,0.3897593069244638,-0.021502851453699814,0.14241274546490057,
-0.0321111410856247,-0.34356198310852054,-0.3104730129241944,0.07061590254306793,-0.03451421484351158,0.06466887146234512,0.3981497506147829,-0.02631863211754522,0.14178435860169383,
-0.036256060004234314,-0.30423841476440433,-0.29583210945129396,0.021214261651039124,-0.023262357339262962,0.0446951687335968,0.4033161082207213,-0.030435561232893375,0.14098599027225298,
-0.020697599649429323,-0.21584157943725588,-0.21743125915527345,-0.0520891398191452,-0.0005589665961451828,0.011472489684820175,0.40572194989202914,-0.03563503458198884,0.1400803460050352,
-0.025559911131858827,-0.1664229154586792,-0.13396096229553223,-0.05255519226193428,0.010093677788972855,0.002883794717490673,0.4034448426100623,-0.03649121327611753,0.14013447609927482,
-0.028376689553260805,-0.073260098695755,-0.05282132625579834,-0.05761519819498062,-0.0012913360260426998,0.009608276188373566,0.39792028768269144,-0.0366906291201588,0.14098506487780627,
0.015898370742797853,-0.06271156072616578,-0.05855715274810791,-0.08011890947818756,0.0019710364285856485,-0.0066370065324008465,0.39496858496014403,-0.03720097096541291,0.141122534397215,
0.02917795479297638,-0.044771102070808415,-0.038514846563339235,-0.07033178955316544,0.014953946694731712,-0.026943610981106758,0.3911553494008816,-0.0371783203019899,0.141067368353657,
0.026549366116523743,-0.04285504519939423,-0.019850194454193115,-0.04742860794067383,0.02607264369726181,-0.04884810745716095,0.3839138043704837,-0.03425512252636311,0.14150036790767703,
0.014787124097347261,-0.06645296812057495,-0.06141210794448853,-0.06547152251005173,0.020879480987787247,-0.05410785228013992,0.38138028495271337,-0.03158818201036592,0.14183093557767407,
0.034707853198051454,-0.1291786789894104,-0.09489496350288391,-0.08657707273960114,0.023276325315237045,-0.08333604782819748,0.37478834656228005,-0.025556073498229644,0.14160823789497015,
0.040092098712921145,-0.1574621081352234,-0.11540046930313111,-0.11553894728422165,0.031998179852962494,-0.1099010780453682,0.3706122312180555,-0.02165105037594342,0.14098109144985405,
-0.014123541116714478,-0.12793893814086915,-0.0885997474193573,-0.17985428869724274,0.003302616998553276,-0.09751737862825394,0.3588118501528251,-0.010608135701322897,0.13910768281204028,
-0.08276612162590027,-0.05401211977005005,-0.015500187873840332,-0.17632560431957245,0.017483949661254883,-0.08999394625425339,0.341218152242897,-0.0012474764093436442,0.13516155030210125,
-0.08308272361755371,-0.04290963113307953,-0.0037748437374830247,-0.16680480539798737,0.02787027880549431,-0.07394840568304062,0.3322226925210686,0.0036654150570331065,0.13380024730540574,
-0.025115761160850528,-0.042340087890625,-0.00755731537938118,-0.1808529794216156,0.011292099952697754,-0.08300314843654633,0.3236855471842773,0.008028466667601002,0.13305177692848397,
-0.043911260366439823,-0.03648000061511993,-0.0138621985912323,-0.18218456208705902,0.03186502307653427,-0.08599920570850372,0.3053228718338358,0.01576361981451101,0.12961156112299427,
-0.038588300347328186,0.00020276454742997887,0.009177670627832413,-0.18611271679401398,0.01355578750371933,-0.07761024683713913,0.2958911226137533,0.02089623952512716,0.1281301479291016,
0.01438027322292328,0.005678113177418709,0.02846324145793915,-0.13897477090358734,0.009827361442148685,-0.08093920350074768,0.28628096010183207,0.02467456797154125,0.12612805265195293,
-0.01636853367090225,0.001626923680305481,-0.11345673799514772,-0.22386303544044495,0.002769984770566225,-0.04498652368783951,0.27079363269397905,0.03132791345994558,0.12156066253187467,
0.0011559961363673211,0.07588608264923097,-0.09994704723358155,-0.418074369430542,-0.03517988696694374,-0.02061937376856804,0.2669511721864682,0.03331477733334633,0.12082354481212924,
-0.12535043954849243,0.3672378540039063,0.7413578987121583,-0.1859133094549179,0.008828849531710148,-0.022084113210439682,0.2274752042267204,0.03338116316386691,0.1166228353189318,
-0.20175001621246338,0.4220193386077881,1.0662878990173341,0.247449591755867,0.0457136295735836,0.018462516367435455,0.2147086390486983,0.03406209526080714,0.11544641221187352,
-0.0696691632270813,0.13894103765487673,0.2665508508682251,0.3477841913700104,0.025739923119544983,0.06193862110376358,0.23476710209108964,0.03611718531075272,0.1191635180244307,
0.0044463150203228,0.024728117883205416,-0.09200674891471863,0.18040449917316437,0.0062322672456502914,0.07332363724708557,0.2527896650842907,0.03503309261271627,0.12232816180748296,
0.02960842251777649,-0.046745082736015325,-0.24947106838226318,0.04185354337096214,-0.01940065808594227,0.07518784701824188,0.26582212603138916,0.032846724444373795,0.125391531985356,
0.015217681229114533,-0.1439691185951233,-0.09815372228622438,0.049643293023109436,-0.012476439587771893,0.06693204492330551,0.2730953075757677,0.026216194832804737,0.12945778731315466,
0.034274131059646606,-0.17517826557159424,-0.07985149621963501,0.06715357303619385,0.012956748716533184,0.029780950397253036,0.27550183351106,0.02314098714909758,0.1311690598253265,
0.025603663921356202,-0.15943211317062378,-0.1895219087600708,-0.00801414530724287,-0.014673547819256783,0.02738410234451294,0.28215053010175634,0.020761089833954697,0.13409180603024307,
0.04023708403110504,-0.15655717849731446,-0.188018274307251,-0.03923971205949783,-0.018468553200364113,0.004414340481162071,0.28236876093848146,0.0193864055342612,0.13460068332908837,
0.07061715126037597,-0.1631827235221863,-0.16458048820495608,-0.07718975841999054,-0.008947751484811306,-0.0402601882815361,0.27847049545341696,0.01770285291110584,0.13363997334290836,
0.04882471859455109,-0.1350851058959961,-0.1281003475189209,-0.10961374640464783,-0.014340652152895927,-0.05384230986237526,0.27480609702146563,0.01868471059139513,0.13221853061344094,
-0.03221612572669983,-0.07973570227622986,-0.039826112985610965,-0.120865598320961,-0.024993296712636948,-0.030406489968299866,0.26968572097959725,0.020447251829845844,0.13008186971199295,
-0.067637038230896,0.050645273923873906,0.10585503578186035,-0.10535268485546112,-0.0042206402868032455,-0.036731500178575516,0.25667196537993087,0.024104621671882532,0.12576621107001498,
-0.09536444544792176,0.09767290949821472,0.16196609735488893,-0.03025154024362564,0.0279370304197073,-0.025879118591547012,0.25139777811916175,0.025497961537601387,0.124412907317905,
-0.10743030309677125,0.10961747169494629,0.20863890647888184,0.023211419582366943,0.01555333100259304,0.006877764128148556,0.24824741446454057,0.027737981814126643,0.12401251304231009,
-0.010948637127876283,0.06671370267868042,0.034898608922958374,0.016886411234736443,0.018815703690052032,0.009341188706457615,0.24962517378737809,0.0290976999818942,0.12533734832342094,
0.025046002864837647,0.047554418444633484,-0.017472946643829347,0.0021058665588498116,0.008495953865349293,0.0078098708763718605,0.25084318558646174,0.02932163283039019,0.12631825290459292,
0.031141585111618044,0.020779675245285036,-0.01988915652036667,-0.0012899867724627256,0.00010716955875977874,0.007343044504523277,0.25161193024742906,0.029364605813896192,0.1271002793786196,
0.03833160996437073,-0.02782680690288544,-0.041453263163566595,-0.012075789272785187,-0.0062844171188771725,-0.0016451235860586166,0.2516746979561117,0.028994860789387008,0.12773569919390756,
0.037569826841354376,-0.04302333891391755,-0.06176491975784302,-0.026390280574560165,-0.001623885240405798,-0.010366976261138916,0.25135834371386445,0.028818453970055145,0.1276446200843171,
0.023572370409965515,-0.08016691207885743,-0.09095239639282227,-0.05155715346336365,0.009561391547322273,-0.027677522972226143,0.24835679697648946,0.02950645827479435,0.12675015113456498,
0.012952466309070588,-0.08582348227500916,-0.1105163335800171,-0.08597850799560547,0.010293761268258095,-0.025280678644776344,0.2456548798057431,0.03077658611551773,0.12609551941769384,
-0.009069931507110596,0.008314266800880432,-0.06414315700531006,-0.1644751876592636,0.016086136922240257,-0.026545681059360504,0.23615649337741643,0.03330879796384654,0.12486134079516392,
-0.09032451510429383,0.18149793148040771,0.23860595226287842,-0.08338192850351334,0.002304277615621686,-0.0035093361511826515,0.2279698676604067,0.0347469515739386,0.12434755135481418,
-0.15435711145401002,0.34558765888214116,0.6976944446563721,0.16822020709514618,-0.05575263872742653,0.03990019112825394,0.2216303346059312,0.03577278916309481,0.12426093468982786,
-0.25506412982940674,0.43005032539367677,0.9883635520935059,0.5436593890190125,0.059029608964920044,0.061604950577020645,0.23638671183029605,0.030713711413099812,0.1244756033401452,
-0.09102950096130372,0.21981940269470215,0.5372850418090821,0.5744854807853699,0.05676592141389847,0.08151207864284515,0.2628669243676569,0.030239426717657267,0.12837786268484355,
-0.015399998426437378,0.09326935410499573,0.13578740358352662,0.4324723780155182,0.03759115934371948,0.1004871129989624,0.2930977668004447,0.02949896202267533,0.13324280139861513,
-0.011759874969720842,-0.15494654178619385,-0.19609808921813965,0.2551724314689636,-0.001956780208274722,0.13404293358325958,0.33983376071427646,0.023054380554753184,0.14193017696784424,
0.0017831904813647272,-0.249016809463501,-0.20188162326812745,0.20976552367210388,-0.020465750247240067,0.1316460818052292,0.35426261984767804,0.017240802973239634,0.1451342365917023,
0.038972428441047674,-0.3256937265396118,-0.13665473461151123,0.21882027387619019,-0.012742582708597183,0.11413580179214478,0.36559366134749766,0.010676833574875455,0.14762731768023957,
0.03578035235404969,-0.34011683464050296,-0.24814739227294924,0.1280064731836319,0.0027037516701966524,0.08390893042087555,0.38736806301182886,-0.0008472225034411528,0.15089297728139311,
0.03169557452201843,-0.2897190809249878,-0.29049339294433596,0.018151089549064636,-0.01633785106241703,0.07545338571071625,0.395691052212281,-0.005072122008666726,0.15257414460633326,
0.004639046266674995,-0.19748289585113527,-0.12774089574813843,0.0015063323080539703,-0.030319446697831154,0.07265707850456238,0.3996924823585113,-0.012960839721313963,0.15366732020946608,
0.032748240232467654,-0.16371395587921145,-0.07926793098449708,0.01661977358162403,-0.012409687042236328,0.03803597763180733,0.3997618432042485,-0.01693397755297462,0.15337963023981965,
0.04867856204509735,-0.16174685955047607,-0.10409065485000611,-0.02066507562994957,-0.007415943779051304,0.012268478982150555,0.40058146809235623,-0.019947072493616567,0.15306916018586744,
0.04255200922489166,-0.143868350982666,-0.12540277242660522,-0.08198436349630356,-0.005751468241214752,-0.023084985092282295,0.3991481082765834,-0.021916532847110176,0.15277434051935346,
0.01716366410255432,-0.12487666606903076,-0.07968440651893616,-0.07299619913101196,0.003103543072938919,-0.0432584322988987,0.3956069595071172,-0.021414388696628123,0.15213086699974912,
-0.009700893610715867,-0.09707292318344117,-0.04580027163028717,-0.06407460570335388,0.0051009138114750385,-0.04984975606203079,0.3880740081172532,-0.017588630897267785,0.15095489854299451,
0.007347318530082703,-0.09915997982025147,-0.07471840977668763,-0.078056201338768,0.0003738027298822999,-0.05664081498980522,0.3849417147933272,-0.014995708864504466,0.15050086054889888,
0.017862056195735932,-0.11565712690353394,-0.15092437267303468,-0.14496812224388123,0.00423538638278842,-0.07108846306800842,0.37689673034153853,-0.009541011316966112,0.14853380291347293,
-0.002189517952501774,-0.09872962832450867,-0.07449849247932434,-0.1688699871301651,-0.016470691189169884,-0.06569556146860123,0.3700819496035084,-0.006073047989580606,0.14743022434866832,
-0.002278920449316502,-0.07353525161743164,-0.020398278534412385,-0.1622786670923233,-0.0058846259489655495,-0.08001004904508591,0.36194771778494994,-0.003158832286377266,0.14565432980726858,
-0.020287804305553436,-0.03490705192089081,0.023465494811534884,-0.15262471139431,0.01635276898741722,-0.0872005894780159,0.34526032890591146,0.0036731108937665723,0.14156154295181253,
-0.047934663295745854,-0.001588607393205166,0.04000043570995331,-0.15115997195243835,-0.0048193614929914474,-0.069756880402565,0.33706728673861863,0.008689689996363183,0.14003352909944553,
-0.030925822257995606,-0.001509140431880951,0.05058959126472473,-0.139308899641037,-0.0058846259489655495,-0.06742661446332932,0.3292067512040381,0.012319905225752291,0.1383463440417008,
-0.031396889686584474,-0.037685889005661014,0.005247976258397103,-0.13950863480567932,0.018483297899365425,-0.07488346844911575,0.31389051687867725,0.01812853887352093,0.13420810723218726,
-0.01866295337677002,-0.0545200526714325,-0.022512808442115784,-0.14763127267360687,0.021545933559536934,-0.07608188688755035,0.30671611801611093,0.0214588844415592,0.13254557055425933,
0.023783037066459657,-0.1074709177017212,-0.10831089019775392,-0.1797223687171936,0.00283722672611475,-0.06662766635417938,0.2915278203822808,0.028961130310079186,0.129705693541131,
0.037257277965545656,-0.1021349310874939,-0.19534088373184205,-0.298898845911026,0.02254461869597435,-0.07534951716661453,0.2824486949797855,0.03181004660309285,0.1277565955835956,
0.05370805263519288,-0.05350251197814942,-0.17376594543457033,-0.3951055407524109,-0.0008246197830885649,-0.09013006091117859,0.2703029393750633,0.03473569387002078,0.12605413267769497,
-0.007091426849365235,0.11938329935073853,0.13088290691375734,-0.3519623279571533,-0.037842556834220886,-0.0630989819765091,0.2530733656879047,0.038330418399052504,0.12380567426836496,
-0.25211868286132816,0.4648991107940674,0.967837429046631,0.04944264143705368,-0.003021727781742811,0.010004791431128979,0.21727302146636102,0.04103961399185187,0.11668730930327935,
-0.2445457458496094,0.4648094177246094,0.963712501525879,0.28959301114082336,0.025607340037822723,0.030643904581665993,0.21507295876147348,0.040605015448089504,0.11593549677758286,
-0.115683913230896,0.2959689855575562,0.5591007709503174,0.32434728741645813,0.022145230323076248,0.04149628430604935,0.22540011443266617,0.04049431528562429,0.11727697164122089,
-0.008429401367902756,0.01606414020061493,-0.06611067652702332,0.21262767910957336,-0.00728269899263978,0.07032500952482224,0.2579488341893659,0.0392824820222493,0.12168971952647441,
-0.015069748461246492,-0.056946927309036256,-0.17563692331314087,0.1009080708026886,-0.02399403601884842,0.08184318244457245,0.27061185755826006,0.03689075003439142,0.12381574053365575,
-0.006018763780593872,-0.11346622705459596,-0.18756728172302248,0.07108066231012344,-0.011144282296299934,0.07125711441040039,0.27848439959860344,0.03320995431928721,0.12570762035250468,
0.01988295167684555,-0.16092798709869385,-0.10606900453567505,0.08259883522987366,0.005766790360212326,0.049019716680049896,0.28684611564632945,0.026561340727706665,0.129448737535056,
0.01884041577577591,-0.15736358165740968,-0.1179770827293396,0.048044320195913315,-0.008214805275201797,0.03929917514324188,0.29120612404461105,0.024655213508689915,0.13139681904053144,
0.01921011507511139,-0.1499464750289917,-0.16321027278900146,-0.009147065691649914,0.0002407311403658241,0.015597043558955193,0.2968766780480477,0.021038047690267625,0.13347875756512434,
0.010675606876611711,-0.12874236106872558,-0.13753353357315065,-0.012143122032284737,0.0018386277370154858,0.0021480796858668327,0.29691731502438024,0.019933852671271745,0.1338615708210731,
0.008818954974412919,-0.10966602563858033,-0.07685841321945192,-0.01667049527168274,-0.007016383111476898,0.0062759798020124435,0.29618541470607673,0.019876700149630562,0.13424997730741012,
0.04680009782314301,-0.09640549421310425,-0.10606608390808106,-0.07026661187410355,-0.013807443901896477,-0.021620633080601692,0.2944956394196124,0.019201947577986322,0.1340348104043468,
0.04430168867111206,-0.06880049705505371,-0.09597563743591309,-0.08351583778858185,0.00756442453712225,-0.04498986899852753,0.2918109029737193,0.018944897730630454,0.13302079638708525,
-0.010312149673700333,0.00108621995896101,0.040119183063507084,-0.03244972229003906,0.002770734252408147,-0.03526933491230011,0.28361406565028874,0.022167544617682822,0.13073775641150837,
-0.018241339921951295,0.01689259707927704,0.001949334517121315,-0.03857499361038208,-0.007482436019927263,-0.021886948496103287,0.2794684095439148,0.025263110247642495,0.12867318223797655,
0.008639200776815415,0.00854308158159256,-0.05778495073318482,-0.0850471556186676,0.006499160081148148,-0.033072225749492645,0.27803642933030276,0.025750698400940235,0.1276995844853357,
-0.02513624131679535,0.029696938395500184,-0.010603658854961395,-0.060213178396224976,0.004701525904238224,-0.022286422550678253,0.27468212584112406,0.026935425921575256,0.1266716030052671,
-0.04400284886360169,0.034954372048377993,0.10160579681396485,-0.0019565303809940815,-0.0016900605987757444,-0.008105090819299221,0.26787639608171065,0.029162170641000407,0.12521969144122214,
-0.022737506031990054,0.019587582349777224,0.03685721755027771,-0.020132604986429214,-0.006883224938064814,-0.009436670690774918,0.26726819574248534,0.029500848564826095,0.12478823847138354,
0.003185305744409561,-0.00563647672533989,-0.03158373236656189,-0.04869500547647476,0.000839942367747426,-0.017492733895778656,0.26709117897042867,0.029578378085029857,0.12439016951636385,
-0.00874476358294487,-0.011597742140293122,0.0063194893300533295,-0.030052879825234413,0.006898634135723114,-0.020022736862301826,0.2629668120990376,0.03051989322570541,0.12328199014857429,
-0.01639758199453354,-0.01909904778003693,0.01124073937535286,-0.02046550065279007,0.005234158132225275,-0.014896150678396225,0.26084530784143967,0.031433275108744566,0.12277492625295305,
-0.009782760590314866,-0.051068031787872316,-0.08981283903121949,-0.05288948491215706,-0.00841454230248928,0.003479660488665104,0.25838506040055276,0.0329269145405928,0.12214279028308027,
0.0032731674611568454,-0.0626851499080658,-0.12210689783096314,-0.07332924753427505,-0.009413228370249271,0.009538352489471436,0.2560502704761198,0.03269448616404859,0.12179242900769044,
0.03379789590835571,-0.07726779580116272,-0.11843277215957643,-0.12426220625638962,0.014754959382116795,-0.02022247388958931,0.2528571055987657,0.03192836493387645,0.12172607117608941,
-0.02976442575454712,0.17143325805664064,0.24050810337066653,-0.07559293508529663,-0.0020229557994753122,-0.03207354247570038,0.24168092059860113,0.03348077469686603,0.12119526369862194,
-0.23026585578918457,0.46068668365478516,0.729429292678833,0.24698245525360107,0.013423378579318523,0.03463864326477051,0.23504973917461594,0.03541844893179876,0.1196385646546821,
-0.23647987842559814,0.5186940670013428,0.9643038749694824,0.5827404856681824,0.03998841345310211,0.09369424730539322,0.2521535887455826,0.03493439808530458,0.12144543437463216,
-0.058028632402420045,0.25752272605896,0.46629223823547367,0.5170935392379761,0.041319992393255234,0.10181688517332077,0.28003425444036556,0.03300586113317648,0.12597482063854956,
0.021738700568675995,-0.09877892136573792,-0.10272903442382814,0.34784966707229614,0.02540760301053524,0.12392111867666245,0.3352875429232203,0.026822827803478836,0.13517180154889805,
0.033979228138923644,-0.22936654090881348,-0.22257802486419678,0.207967147231102,0.0007733633974567056,0.12472007423639297,0.3556881515579113,0.02219793528005101,0.13940951797514578,
0.040766057372093205,-0.32020671367645265,-0.22273497581481935,0.1610289365053177,-0.009945860132575035,0.11806217581033707,0.36998638393490346,0.0166851650612492,0.1427975773335463,
0.0025721129029989244,-0.33055753707885743,-0.15789483785629274,0.13433074951171875,-0.006017697509378195,0.10834163427352905,0.3879738610985845,0.005075777059909744,0.14672350127358952,
