-0.0568160355091095,-0.057843738794326784,-0.1426512598991394,-0.07691536843776703,0.17380735278129578,-0.027457714080810547,0.22933670654785043,0.0020111797460612415,-0.06539355887062258,
-0.07806260585784913,-0.05480923056602478,-0.15544552803039552,-0.17671732604503632,0.19404737651348114,0.0071633802726864815,0.22026290851970304,0.012758146042115294,-0.05618752456504726,
-0.12057168483734132,-0.0033356215804815296,-0.1615849733352661,-0.18537260591983795,0.16095760464668274,0.0347936786711216,0.2156938306705539,0.02157816957631978,-0.050600397023040325,
-0.09764129519462586,0.03691785335540772,0.04933213591575623,-0.15175019204616547,0.20629791915416718,0.08186505734920502,0.20242594538667796,0.041716088832060294,-0.036967288890242304,
-0.15652564764022828,0.08551088571548462,0.044257554411888125,-0.21986053884029388,0.2076960802078247,0.11981509625911713,0.19522635249958395,0.0474378767831191,-0.0301625548173881,
-0.023507072031497957,0.14422032833099366,0.1478578567504883,-0.19036602973937988,0.2154192477464676,0.1317327320575714,0.18066464759310646,0.05949736209805475,-0.010096682832930448,
-0.0470026969909668,0.20230376720428467,0.29668028354644777,-0.17332179844379425,0.17866761982440948,0.1929854452610016,0.17164541780745915,0.06523326519801433,0.0007503252177073705,
-0.08734937310218811,0.2630849599838257,0.408477258682251,-0.14815492928028107,0.08545698970556259,0.231002077460289,0.16461163081186042,0.07105019271533101,0.012555067499181958,
0.04459287822246552,0.24126458168029785,0.6544970512390137,0.04745425656437874,0.002033465076237917,0.2453831434249878,0.15356007913012526,0.07445547556843818,0.03886426081731113,
0.060779142379760745,0.20619008541107178,0.7346485137939454,0.201851025223732,0.009024263359606266,0.22101521492004395,0.15143353464894063,0.07087122693957469,0.051064924806212594,
0.10791730880737305,0.07182297110557556,0.5759361267089844,0.3006542921066284,-0.0028268040623515844,0.19957676529884338,0.1656241762886802,0.059943357656549505,0.07308140312576868,
0.09296306371688844,0.00343974307179451,0.4663867473602295,0.3398027718067169,-0.08638348430395126,0.22294600307941437,0.17979481001659897,0.05515436648263037,0.08276820784034042,
-0.02088007777929306,-0.10377099514007569,0.33016905784606937,0.39466387033462524,-0.15249645709991455,0.25417158007621765,0.21390400408180602,0.04070723534825438,0.09827768222708587,
-0.01563849449157715,-0.16815774440765383,0.22382731437683107,0.44293367862701416,-0.1052919328212738,0.21202704310417175,0.23283187640673986,0.027783050989983828,0.10355681956926041,
0.06675989031791688,-0.2930717468261719,0.03495720624923706,0.4709634482860565,-0.04497133195400238,0.16142699122428894,0.26960247286453254,0.00034675672981057817,0.11034013238737575,
0.0456231027841568,-0.3332204103469849,-0.03947007954120636,0.4551842212677002,-0.06900636106729507,0.1629583090543747,0.2933747821301853,-0.009170838000402642,0.11348827728848924,
0.03782289922237397,-0.3663205146789551,-0.09661061763763429,0.4448644518852234,-0.08252190053462982,0.17760568857192993,0.34060356406916004,-0.025877635743188743,0.11799940343206604,
0.01004401668906212,-0.38257927894592286,-0.11739922761917115,0.4418684244155884,-0.05682239681482315,0.16009540855884552,0.3633014480135255,-0.03541610587534144,0.11817377193812928,
0.05588022470474244,-0.47323093414306644,-0.1926385045051575,0.39678314328193665,0.005745947826653719,0.05616940185427666,0.4085948993580485,-0.05446929463611953,0.11734824818238529,
0.09685248136520386,-0.48482856750488285,-0.22572085857391358,0.3375278115272522,-0.002376693533733487,-0.017666738480329514,0.4304727266699918,-0.0611349323067667,0.1173813914636003,
0.1084845781326294,-0.5244966506958008,-0.25466887950897216,0.1996426284313202,0.009940425865352154,-0.09323393553495407,0.4690132614533739,-0.06471760497585906,0.11852322077395244,
0.06852681636810302,-0.5067384719848633,-0.32575364112854005,0.029000578448176384,0.04995442181825638,-0.12698949873447418,0.4843875326939923,-0.062330396854461956,0.11812309603838825,
0.037983113527297975,-0.4440004348754883,-0.39140789508819585,-0.12186750024557114,0.042297836393117905,-0.168002188205719,0.4946150050450624,-0.05764315843390484,0.1184863150016763,
0.0971563994884491,-0.40589537620544436,-0.3359549045562744,-0.32599878311157227,0.07192549854516983,-0.24430175125598907,0.4940135840553976,-0.043723069991178205,0.12288822307472648,
0.08662582635879518,-0.3919226408004761,-0.31373291015625004,-0.43858394026756287,0.11620055139064789,-0.27186545729637146,0.4838209897452662,-0.033656591395685796,0.12502644379047909,
0.029755195975303652,-0.3351052522659302,-0.2218055009841919,-0.4435107707977295,0.10807791352272034,-0.26387596130371094,0.4673136982712036,-0.0210747433968365,0.12767948353792175,
-0.058598834276199344,-0.21216812133789065,0.09738755822181702,-0.4206741750240326,0.04003414884209633,-0.1939680129289627,0.422979025675724,0.00781551716711697,0.13412855760397283,
-0.09226436018943787,-0.12584936618804932,0.1270356297492981,-0.4448423683643341,0.04942179098725319,-0.2227967232465744,0.4010745330675588,0.020877526896111387,0.1346338203191408,
0.06351630687713623,-0.10414973497390748,0.07608278393745423,-0.47040870785713196,0.14482954144477844,-0.2815859913825989,0.35555670855743743,0.04218725778722755,0.13068907059164303,
0.0037797261029481888,-0.06033633351325989,0.05178170204162598,-0.5132856369018555,0.11779844760894775,-0.22858910262584686,0.3319417754040808,0.05559829104108609,0.12808463474897305,
-0.10292618274688721,0.09964721202850342,0.2571548938751221,-0.3924446702003479,0.024787550792098045,-0.12093081325292587,0.27831675953736185,0.0867754956774156,0.12245350685312602,
-0.07245475053787231,0.11127345561981201,0.3465808391571045,-0.3754670023918152,0.019660964608192444,-0.0795852392911911,0.25234277301545055,0.09653150999138112,0.1181104077453735,
0.017134390771389008,0.22512564659118653,0.33449022769927983,-0.31980693340301514,-0.024547509849071503,-0.05621599406003952,0.21095032122030044,0.10574796541963524,0.11058983005107727,
0.04402007758617402,0.2654364824295044,0.4297338962554932,-0.20861998200416565,-0.046452008187770844,-0.03770702704787254,0.19085351593531855,0.10807899629458109,0.107367048269064,
0.059758645296096806,0.2751926898956299,0.504853630065918,-0.1385122686624527,-0.07647915184497833,-0.005682514049112797,0.159239966321833,0.10812546407481233,0.10101337957022373,
-0.00010627422016113998,0.30514316558837895,0.487443208694458,-0.016195617616176605,-0.1330552101135254,0.009759190492331982,0.1490977604503628,0.10647439476971844,0.09822297677069677,
-0.025889509916305543,0.26535022258758545,0.6034097194671632,0.25917527079582214,-0.1259312480688095,0.013620774261653423,0.13668945628487914,0.09806338436594077,0.0937487516710166,
-0.04799073338508606,0.18799192905426027,0.5408476829528809,0.29233160614967346,-0.06893961131572723,0.00589760672301054,0.1399290674192057,0.09097584620282075,0.09115062382820101,
-0.06103209853172303,0.11994040012359619,0.293281888961792,0.2919987142086029,-0.06607671082019806,0.03212974593043327,0.151218326714364,0.08455348361078065,0.0887121667493108,
-0.15595588684082032,0.036403194069862366,0.12726984024047852,0.3286837637424469,-0.08338725566864014,0.0948471873998642,0.18008096716003377,0.07725917776030514,0.08594138886023607,
-0.17481471300125123,-0.012221838533878327,0.08483333587646485,0.34519535303115845,-0.07459882646799088,0.11974775046110153,0.19557245017729577,0.07259538202380576,0.08625282287521685,
-0.16911987066268921,-0.07022692561149597,0.008692626655101777,0.3593766987323761,-0.0386461466550827,0.12507405877113342,0.21241882870310835,0.06658680414352923,0.08752998610396812,
-0.0997299373149872,-0.2012481451034546,-0.1532181739807129,0.3423990309238434,0.03279314935207367,0.1080964133143425,0.2476030053979364,0.05709417014701958,0.0920409078228135,
-0.04744928181171418,-0.24664616584777832,-0.23937668800354006,0.28560712933540344,0.04963764548301697,0.09531324356794357,0.2665788808076264,0.05210133101345379,0.09584729639366872,
-0.00973811522126198,-0.2653491973876953,-0.2948925018310547,0.20671096444129944,0.05170159414410591,0.07880164682865143,0.28484062508927993,0.04882138619397915,0.10062398038297021,
0.02912984788417816,-0.29511542320251466,-0.3800806522369385,0.016827581450343132,0.08965163677930832,0.05117134749889374,0.31401808841601714,0.04416596945938332,0.11019335202172727,
0.05811210870742798,-0.27795655727386476,-0.4246299743652344,-0.10660994052886963,0.09537743031978607,0.030198954045772552,0.32234287312959314,0.042921350660416344,0.11495905879633415,
0.10659502744674683,-0.2436004638671875,-0.281636118888855,-0.1502857804298401,0.08246110379695892,0.012022878043353558,0.3209887045859592,0.043981767950605766,0.1252348703091647,
0.11301026344299317,-0.22036654949188234,-0.21718971729278566,-0.19762347638607025,0.08459162712097168,-0.015141366049647331,0.31521786547722586,0.04548946904463232,0.12967353245324498,
0.12822422981262208,-0.18847780227661134,-0.198254132270813,-0.24635931849479675,0.11761482805013657,-0.051626674830913544,0.30801145691356857,0.04737207350387178,0.13350994444492392,
0.03890795409679413,-0.11713410615921022,-0.12104923725128175,-0.258743017911911,0.14164987206459045,-0.04337087273597717,0.2877174187054118,0.05491342822694739,0.13972291401261755,
-0.038067167997360235,-0.06620264053344727,-0.026603156328201295,-0.24882274866104126,0.10463191568851471,-0.0007602963596582413,0.27537237838260936,0.06130516377813231,0.14337355644332317,
-0.016614389419555665,-0.04804889261722565,0.024598708748817446,-0.27159276604652405,0.11188903450965881,0.010491560213267803,0.26301913235766916,0.06717853246895665,0.14751018621596101,
0.009268051385879517,-0.038909390568733215,0.003466145321726799,-0.2777838110923767,0.1143520250916481,0.017484288662672043,0.25111110912421186,0.07113019387028989,0.15148697343019693,
0.05066201090812683,-0.021868748962879183,0.0631213128566742,-0.30581358075141907,0.10789385437965393,0.016818497329950333,0.225152247983237,0.07830225238856782,0.16020812838958895,
0.015400676429271698,0.017845310270786285,0.06326119899749756,-0.3275183439254761,0.10909228026866913,0.0503077507019043,0.211642311862118,0.08209430125952402,0.16442867083855844,
-0.06379404067993165,0.05908443331718445,0.10615850687026979,-0.3245222866535187,0.08146198093891144,0.09857754409313202,0.1971238740225921,0.08599444261971735,0.16862602308269703,
-0.10031139850616455,0.08389958143234254,0.21150665283203127,-0.2922314405441284,0.08838620036840439,0.12574179470539093,0.18197291754102252,0.08933891939869106,0.17389364630981474,
-0.11508013010025026,0.1214832901954651,0.33564291000366214,-0.18277554214000702,0.08951804786920547,0.15936419367790222,0.15345586281329293,0.09179609556334709,0.18769935256471165,
-0.0998396635055542,0.15024476051330568,0.40405373573303227,-0.06626223772764206,0.08918514847755432,0.17168131470680237,0.1424226729340835,0.09306761459260515,0.19630425133729956,
-0.05651335716247559,0.14467841386795044,0.430483627319336,0.0032462654635310173,0.1149512380361557,0.1598968356847763,0.13539160699180955,0.09390422937611723,0.20589147628929477,
0.07404130101203919,0.07659159898757935,0.34257206916809085,0.08294136822223663,0.16641683876514435,0.13073521852493286,0.13442151119033635,0.09551485211433407,0.2263716179489463,
0.08947920203208924,0.04293160736560822,0.28721251487731936,0.1086408719420433,0.1433139145374298,0.11189334839582443,0.13919275434538902,0.09850565127263287,0.23660564032454834,
0.1820738196372986,0.012205522507429123,0.27902019023895264,0.18953438103199005,0.030662188306450844,0.1015070229768753,0.15422511038386985,0.1074959755452559,0.25640021367540844,
0.21329615116119385,-0.023519761860370636,0.30437884330749515,0.23707181215286255,-0.015676815062761307,0.10942992568016052,0.16364041905157414,0.10995091193661362,0.2645919891080246,
0.15286480188369753,-0.07827413678169251,0.22579700946807862,0.29592767357826233,0.007226369809359312,0.09338437765836716,0.18736254039145422,0.10635011567837686,0.27545469590627913,
0.1730126976966858,-0.11741364002227783,0.14885846376419068,0.31104111671447754,0.009423477575182915,0.06968224793672562,0.20189928192297205,0.10242733930291481,0.2797058118049166,
0.22944626808166504,-0.1966190814971924,0.03731897473335266,0.2693626582622528,-0.0379142090678215,-0.01846838742494583,0.22423488155602675,0.08836078070926458,0.2839532120590756,
0.28713650703430177,-0.2300654172897339,-0.03248928487300873,0.20677834749221802,-0.08372058719396591,-0.04396815598011017,0.24017598363207057,0.08687809991358758,0.285325905498416,
0.2219080448150635,-0.20578997135162355,-0.07954781651496888,0.16716383397579193,-0.16441436111927032,-0.040039993822574615,0.2533611095242493,0.08615692806642809,0.28326639120740216,
0.17175230979919434,-0.19876133203506471,-0.06883612275123596,0.1278821974992752,-0.22699864208698273,-0.036244988441467285,0.26336566994528354,0.08512204072305064,0.2789605665728843,
0.15076251029968263,-0.20992164611816408,-0.11463558673858643,0.005643110256642103,-0.21794390678405762,-0.0863124206662178,0.2762957752753492,0.0773133709935567,0.26346912423500496,
0.18059626817703248,-0.21597111225128174,-0.1994040608406067,-0.08345188200473785,-0.139995276927948,-0.15189123153686523,0.27876465937886125,0.07115311083361052,0.25242450599013905,
0.18464735746383668,-0.20510468482971192,-0.2320514440536499,-0.09710058569908142,-0.10197865962982178,-0.17293018102645874,0.2772344434388877,0.06700411907460434,0.24085097562277263,
0.06205413937568665,-0.13581963777542114,-0.01161755919456482,-0.06021580100059509,-0.11329709738492966,-0.16560649871826172,0.2647394008800148,0.06924066463388731,0.21962197332702427,
0.024677595496177675,-0.10232975482940675,0.06136382222175599,-0.050295524299144745,-0.13200579583644867,-0.16147860884666443,0.25746571718813593,0.07213657181772139,0.20943264764658578,
0.02543453872203827,-0.08916312456130981,0.04633486866950989,-0.08624820411205292,-0.13733212649822235,-0.16094595193862915,0.24788549117123987,0.0737447221942796,0.19800204986729616,
0.031047597527503967,-0.08424654006958009,-0.00735098347067833,-0.10622190684080124,-0.13060763478279114,-0.15621885657310486,0.24284575674691347,0.07482909720347987,0.18727060382836613,
-0.002880637347698212,-0.06698643565177918,0.0034364163875579834,-0.11933797597885132,-0.13679948449134827,-0.15482068061828613,0.22919441922078138,0.07564103432587216,0.16528060085165097,
0.009879446774721147,-0.0444448322057724,0.03757938444614411,-0.09803269058465958,-0.13733212649822235,-0.16713780164718628,0.2201535896801173,0.07559537743131563,0.1544247445355744,
0.039666208624839785,-0.03757132589817047,0.06436211466789246,-0.10335901379585266,-0.13193921744823456,-0.1847812533378601,0.21058913723727893,0.07470714115873549,0.142987507352575,
0.07646574378013611,-0.05427728295326233,-0.011500546336174013,-0.1734001487493515,-0.1593032032251358,-0.18378257751464844,0.1907873372844305,0.06962471908734545,0.11829669332688653,
0.037390053272247314,-0.034614762663841246,-0.0018847240135073662,-0.16907250881195068,-0.18014243245124817,-0.16440808773040771,0.18186410909668804,0.06899343542230481,0.10559716415301376,
0.005470320954918862,0.021962739527225494,0.13629735708236695,-0.1222674548625946,-0.16962294280529022,-0.1792551875114441,0.1594320880471535,0.06395420165540244,0.07992883633091002,
0.04217202961444855,0.029362747073173524,0.15845669507980348,-0.09563584625720978,-0.14705266058444977,-0.19829681515693665,0.14898929079197346,0.05958941994679708,0.0675461179832188,
0.03491331934928894,0.04657499194145203,0.14701155424118043,-0.08831214904785156,-0.1454547643661499,-0.1991623342037201,0.1326757063381039,0.052251268189126995,0.04284777903739957,
-0.006657347083091736,0.0698101282119751,0.15621289014816286,-0.0464339405298233,-0.17288531363010406,-0.18065336346626282,0.12596252653783271,0.04953134643304122,0.030283176185213753,
-0.03529181182384491,0.09945297837257386,0.1961300849914551,-0.01474232692271471,-0.18613454699516296,-0.17426177859306335,0.11963772736017464,0.04645692588544217,0.01792278744774644,
-0.04564090073108673,0.10924016237258911,0.16922255754470827,0.011489810422062874,-0.1749492734670639,-0.1721312403678894,0.11196140465729712,0.03651392240825626,-0.005746506932671578,
-0.05905848741531372,0.10942635536193848,0.14062117338180544,0.019545873627066612,-0.15617398917675018,-0.15315622091293335,0.11027965807062305,0.030499990284344837,-0.01731396529654066,
-0.14018009901046755,0.12688701152801515,0.11023657321929932,0.05371236056089401,-0.15822207927703857,-0.11787280440330505,0.10964758700000926,0.019862680537425372,-0.03944093756863999,
-0.14814857244491578,0.11714099645614624,0.12013812065124513,0.06995764374732971,-0.16055235266685486,-0.0923064574599266,0.11060554625759027,0.014817502895996586,-0.049002471774767443,
-0.21325130462646485,0.12495348453521729,0.08787786960601807,0.09898609668016434,-0.13944679498672485,-0.0513603575527668,0.11567914007306164,0.003719615688594381,-0.06570024572934885,
-0.21631324291229248,0.11585363149642945,0.06037132740020752,0.10650952905416489,-0.10176306962966919,-0.04190613329410553,0.1195285384340353,-0.0024952821187554774,-0.07245811058158257,
-0.18887659311294558,0.09745599031448365,0.01733647584915161,0.1078411117196083,-0.08625015616416931,-0.024129536002874374,0.12433766024136171,-0.008395221700425455,-0.07795567599128164,
-0.174801242351532,0.08256248235702515,-0.04081433713436127,0.10351347178220749,-0.08831410855054855,0.006763134151697159,0.135840260778725,-0.01590282333961149,-0.08605737277074586,
-0.1447155475616455,0.06159269213676453,-0.05312672853469849,0.10131636261940002,-0.08924621343612671,0.01947972923517227,0.1462889325927824,-0.010854879198294996,-0.08858407994087306,
-0.12273621559143066,0.029516157507896424,-0.09002843499183655,0.0975879430770874,-0.06527776271104813,0.022875260561704636,0.15950068367794626,-0.014671922068220263,-0.09208257075969352,
-0.11180008649826051,0.01288999766111374,-0.10249062776565553,0.11276795715093613,-0.022400865331292152,0.012888404540717602,0.16454109051358143,-0.019078277551511008,-0.09320277372378567,
-0.10501868724822999,-0.003675490617752075,-0.10728527307510377,0.1252182424068451,0.008025750517845154,0.0083610313013196,0.16950858490296242,-0.02276825341803126,-0.09393081931678807,
-0.11982668638229371,-0.04763840436935425,-0.14746116399765016,0.10890637338161469,0.03099551610648632,0.003500761464238167,0.1809745433074269,-0.02567330253027372,-0.09406646624032354,
-0.12039623260498047,-0.06140152215957642,-0.1907674551010132,0.0957903042435646,0.06155528873205185,0.007495502941310406,0.18725541778617402,-0.02521464195360896,-0.09338586697821778,
-0.1406341075897217,-0.08196260929107667,-0.22211596965789795,0.06223447620868683,0.10509797185659409,0.022142890840768814,0.19292130390811804,-0.02412856164087727,-0.09241567867835439,
-0.1547107219696045,-0.11234142780303956,-0.31164348125457764,-0.09715571999549866,0.12001167237758636,0.023341313004493713,0.2020236059708036,-0.019261680568854158,-0.08776540242781879,
-0.09463095664978027,-0.1029593586921692,-0.32663385868072514,-0.12059153616428375,0.13326090574264526,0.014486300759017467,0.2032636489063189,-0.015307055980220717,-0.08329489848870403,
-0.060919159650802614,-0.06173084378242493,-0.161138653755188,-0.13550524413585663,0.20496651530265808,0.005697869695723057,0.1938928286020965,-0.006639571300914708,-0.07415095615943351,
-0.08217828273773194,-0.04129151403903961,-0.14232723712921144,-0.19589242339134216,0.20423415303230286,0.021743416786193848,0.1879809894118371,-0.0007485033109658201,-0.06957903568749096,
-0.08452522158622743,0.027388331294059754,-0.0524753749370575,-0.16013948619365692,0.18312859535217285,0.054700031876564026,0.17420440926045075,0.016523559861320793,-0.05796668399436335,
-0.09576272368431092,0.07019888162612915,0.07130597829818726,-0.14888735115528107,0.20703032612800598,0.10416889190673828,0.16465235619706173,0.025248727353390097,-0.05170630436186075,
-0.15415171384811402,0.1420794367790222,0.08587206602096559,-0.20954084396362305,0.2300000935792923,0.12747156620025635,0.14932801483105682,0.03908957042245834,-0.037272341976710525,
-0.0906806766986847,0.13289880752563477,0.12028616666793823,-0.2002197802066803,0.21695059537887573,0.17753899097442627,0.1421215608780981,0.04628571099980055,-0.027264836450972278,
-0.10327366590499878,0.179845130443573,0.24964013099670412,-0.18290923535823822,0.10296729952096939,0.22434404492378235,0.1334208539328242,0.05411264364940457,-0.016608769281761148,
0.009031610935926438,0.21570441722869874,0.5538030147552491,-0.031175630167126656,-0.03098970465362072,0.25497040152549744,0.11785159260909225,0.06604751769262246,0.008448319763370273,
0.03027322292327881,0.18423094749450686,0.6615300178527832,0.06915896385908127,0.018944567069411278,0.2289379984140396,0.11229232892222382,0.06411633512132252,0.02075216922775438,
0.0460304081439972,0.10733058452606202,0.5673420906066895,0.17082513868808746,-0.010217047296464443,0.2174864113330841,0.11436712579721964,0.05372879717475984,0.04427084730805086,
0.05289993882179261,0.04692908525466919,0.6154008865356446,0.2848084568977356,-0.100365050137043,0.23200063407421112,0.12146325200626645,0.05032659973712915,0.05530894996044948,
0.017869116365909578,0.007681465148925782,0.535338306427002,0.3769538402557373,-0.12393403053283691,0.24797961115837097,0.13266074787970064,0.04489589065638142,0.06509446188494587,
-0.05369430184364319,-0.09444383382797242,0.4189186096191406,0.4623081386089325,-0.1088205873966217,0.23765985667705536,0.16339133331927924,0.025988262672657234,0.0818898706649757,
-0.010169677436351776,-0.1872843146324158,0.29888126850128177,0.5736948847770691,-0.07832739502191544,0.18952322006225586,0.18439706588546642,0.01422647081587156,0.08938413977615996,
0.048620426654815675,-0.27601251602172855,0.1662981152534485,0.5915380120277405,-0.10429321229457855,0.19351795315742493,0.20970778621669084,0.0034256996869535166,0.09595966692932155,
0.03189469277858734,-0.3445150852203369,-0.025353124737739565,0.6033890843391418,-0.1286611407995224,0.2035713940858841,0.2571128524973159,-0.018233850638904037,0.10497825032702975,
0.008663427829742432,-0.37333383560180666,-0.0885951340198517,0.6118446588516235,-0.12759587168693542,0.172945037484169,0.2873381957744122,-0.02961178082243879,0.10727432863913396,
0.03199577331542969,-0.4439285278320313,-0.11783106327056886,0.5888082981109619,-0.08618371933698654,0.12607340514659882,0.31790292514664525,-0.041893297422704014,0.10819839630460754,
0.051754492521286014,-0.546891736984253,-0.24883594512939455,0.4546515643596649,0.0012345456052571535,0.04225040227174759,0.3803396265650152,-0.06346062277410923,0.10514734078866547,
0.06272337436676026,-0.48625922203063965,-0.3101981163024903,0.37469014525413513,0.010755347087979317,-0.0009593898430466652,0.40999568940140385,-0.07023388346308679,0.10343305801805507,
0.059670263528823854,-0.48894743919372563,-0.2959035396575928,0.26936212182044983,-0.007220991421490908,-0.0449681282043457,0.4572482176137189,-0.07531305816802368,0.10382255660998294,
0.045652332901954654,-0.4867861270904541,-0.2758002519607544,0.06682827323675156,0.022007431834936142,-0.10429107397794724,0.4748932320107714,-0.07458972643460787,0.10411431759750758,
0.037466368079185484,-0.4148767471313477,-0.40453758239746096,-0.1797138750553131,0.03132849559187889,-0.14477112889289856,0.49676581143715676,-0.06806593001699919,0.10372785790513683,
0.05386469960212708,-0.3792154312133789,-0.38553524017333984,-0.2884374260902405,0.03672139719128609,-0.19024458527565002,0.4969158863190576,-0.06224310638899522,0.10533526488589971,
0.07609711885452271,-0.3691898584365845,-0.29243173599243166,-0.35688066482543945,0.08272750675678253,-0.23618412017822266,0.4893081532079113,-0.05510587916771546,0.10704681434119113,
0.06105451583862305,-0.34608490467071534,-0.22625253200531006,-0.3921675682067871,0.09604331105947495,-0.2521630823612213,0.4764087799124421,-0.0463770259490621,0.10796028990430237,
-0.015390926599502565,-0.21236209869384767,0.015624994039535524,-0.39463096857070923,0.07507091760635376,-0.2558915317058563,0.4204539528394766,-0.008674357742488141,0.11411538242157956,
-0.040690430998802186,-0.17669109106063843,0.04089617133140564,-0.39529678225517273,0.06288695335388184,-0.24024546146392822,0.4000894693526887,0.0049826195351376276,0.11428942131319113,
-0.04044581055641175,-0.11638826131820679,-0.0326217532157898,-0.5071495175361633,0.09837357699871063,-0.25109782814979553,0.35907471918687617,0.030636848308994217,0.11133817645951317,
-0.10848886966705323,-0.037210705876350406,0.05068770647048951,-0.5197329521179199,0.07440512627363205,-0.20415961742401123,0.3338646804717298,0.0447676659819564,0.10917225349628039,
-0.11968855857849121,0.023056980967521668,0.22437117099761963,-0.42232784628868103,0.02813270315527916,-0.14423850178718567,0.30644991956006207,0.057307718561492464,0.10653908536976384,
0.010670080780982971,0.052749532461166385,0.17065632343292236,-0.41280704736709595,0.06801354140043259,-0.1552240252494812,0.2601271451478173,0.07234908019952833,0.09850714047607383,
-0.049356272816658026,0.14359086751937866,0.15649346113204957,-0.40688151121139526,0.04890536144375801,-0.11640845239162445,0.23935699353408058,0.07954699565677889,0.09440165331669385,
-0.044948890805244446,0.2633974075317383,0.4139756679534912,-0.3162674605846405,-0.013346031308174133,-0.060548651963472366,0.1964749397325987,0.09158778680840014,0.0869486749942675,
-0.05989129543304444,0.33527588844299316,0.3784545183181763,-0.3090103566646576,-0.04170869663357735,-0.01634017564356327,0.1789640705835313,0.09325577619260075,0.08317174588329622,
-0.023763887584209442,0.36351637840271,0.6323204994201661,-0.1285146027803421,-0.1124156266450882,0.0048985350877046585,0.1473676492816739,0.09027022280570793,0.07853927739129397,
-0.05771802663803101,0.3351837873458863,0.636612606048584,0.044724032282829285,-0.09184270352125168,0.006962484680116177,0.13807992422599014,0.08517096148997483,0.0759967411770498,
-0.1004262924194336,0.3066237211227417,0.5624811172485352,0.16829469799995422,-0.08964560180902481,0.029532775282859802,0.13616414634706323,0.08025112995074886,0.07395457547615562,
-0.14231449365615845,0.19856098890304566,0.3848144054412842,0.2898014187812805,-0.12113747745752335,0.07880125939846039,0.15073224632101373,0.0706874253276432,0.07229616005602364,
-0.15946959257125856,0.11121183633804321,0.27562255859375,0.34992197155952454,-0.11241545528173447,0.11382105946540833,0.1646049425927484,0.06387496719966383,0.07261487605693352,
-0.10065754652023316,-0.0597704827785492,0.034806263446807865,0.3772859573364258,-0.07626304030418396,0.1262713372707367,0.20005301718285778,0.04847541543794255,0.07600239005546254,
-0.03085308372974396,-0.11104410886764526,-0.042504417896270755,0.3705614507198334,-0.06314697116613388,0.10909394919872284,0.21866353982088724,0.042250745371017404,0.07862771787797801,
-0.011676966398954393,-0.15599926710128786,-0.0728903591632843,0.3871396481990814,-0.047301165759563446,0.10017235577106476,0.23783363238185587,0.035736802408263386,0.08084043654635302,
-0.0053069572895765305,-0.2612297296524048,-0.20963959693908693,0.3736240863800049,-0.005289795808494091,0.08019864559173584,0.2771913647686567,0.024751469119040453,0.08431555242508727,
0.009927699714899063,-0.30479838848114016,-0.2867588996887207,0.3250879943370819,0.02147497422993183,0.058627042919397354,0.2967812307229947,0.02072396222384041,0.086301941796147,
0.007666891068220139,-0.3178395986557007,-0.40264334678649905,0.18174335360527039,0.04371236637234688,0.04764150083065033,0.3307399751213317,0.01639702663902442,0.09146740382142629,
0.02827194333076477,-0.33152427673339846,-0.4081108570098877,0.03993001580238342,0.051635272800922394,0.034858327358961105,0.34228792922240303,0.015287210539193304,0.09477914843620867,
0.05223438739776612,-0.3276585102081299,-0.3961376190185547,-0.13876809179782867,0.06954503059387207,-0.011081203818321228,0.3489906586267138,0.014299454607599887,0.10093824570021152,
0.059474223852157594,-0.3123684883117676,-0.3451502084732056,-0.21380265057086945,0.09644296020269394,-0.04423755779862404,0.3445506885329416,0.01550476088060311,0.10394670782133489,
-0.0025373134762048722,-0.23253436088562013,-0.20397675037384033,-0.2814469635486603,0.1256045699119568,-0.06640838086605072,0.32463022848928946,0.023434713312215236,0.10988251219237044,
-0.07407628297805786,-0.17034032344818117,-0.14360902309417725,-0.2959612011909485,0.13199615478515625,-0.04064229130744934,0.31130270681917754,0.02949186265193078,0.11287332660416047,
-0.04696140289306641,-0.09045257568359376,-0.060941082239151005,-0.3584789037704468,0.12374036014080048,-0.03478333726525307,0.28213509232924505,0.041112042349027496,0.12018556378261896,
-0.025825250148773196,-0.054095059633255005,-0.04454455673694611,-0.3599436283111572,0.17187699675559998,-0.05255993828177452,0.26540494406286474,0.045994548239916326,0.12333441763579703,
-0.15011996030807495,0.03928017020225525,0.03787005245685578,-0.43531110882759094,0.14937329292297363,0.03818727657198906,0.228366532889383,0.06553739807758414,0.13084690602471585,
-0.09550852179527283,0.08873732686042786,0.1053466558456421,-0.462808221578598,0.10589718073606491,0.07407337427139282,0.20932920882844375,0.07205193656615215,0.13644822217938316,
-0.09679977297782899,0.11483536958694458,0.33919644355773926,-0.330782026052475,0.0967758521437645,0.10982631146907806,0.1663606227105485,0.07790790656885649,0.14804437323858863,
-0.12045645713806152,0.12258212566375733,0.36371319293975835,-0.249953955411911,0.13885320723056793,0.13199983537197113,0.14937701391072025,0.07946257009432867,0.15462670283573748,
-0.08265350461006166,0.15064421892166138,0.30943777561187746,-0.20374810695648193,0.12560397386550903,0.14251931011676788,0.13751584363713484,0.08220037908592692,0.16273567283040058,
-0.016766926646232607,0.1305266261100769,0.4393314361572266,-0.06466450542211533,0.08765392005443573,0.16469013690948486,0.12122756521395488,0.08840771970727802,0.1816263991784633,
-0.06152303814888001,0.12353819608688354,0.3248050689697266,-0.06100265681743622,0.09451156109571457,0.1949170082807541,0.11916564278611763,0.08949433968925488,0.1909069267704239,
0.08395771980285645,0.08312435150146485,0.34944622516632085,0.01889217458665371,0.08059654384851456,0.18100199103355408,0.11951775561402188,0.09125922760090183,0.21298562959992468,
0.14791693687438964,0.06862163543701172,0.373697304725647,0.13487283885478973,0.0826604962348938,0.141986683011055,0.12237866056544869,0.09158729719969168,0.22384844841213256,
0.18793824911117554,0.023240420222282412,0.3813525438308716,0.22036030888557434,0.0724073275923729,0.11954955756664276,0.12894446763222525,0.09242487300888898,0.23340926977529697,
0.21680562496185304,-0.055606079101562504,0.19291571378707886,0.25964194536209106,0.04191413149237633,0.09072083234786987,0.15382154634089462,0.09373614338363698,0.24869117138965105,
0.23413968086242676,-0.09022037982940674,0.10059000253677369,0.25464850664138794,0.010755144990980625,0.0631571114063263,0.16852828365080122,0.09342335189566596,0.2546283288951694,
0.20659687519073489,-0.13083372116088868,-0.006034185364842415,0.23107953369617462,-0.04117649793624878,0.04558024927973747,0.189380736124057,0.07911371827960802,0.25893250754688074,
0.1852671265602112,-0.14865514039993286,-0.03645965158939362,0.20577950775623322,-0.07160311192274094,0.028203126043081284,0.20157661656343634,0.07635469988385979,0.2599953069199736,
0.17138756513595582,-0.15942070484161378,-0.05996342897415161,0.1852731555700302,-0.09250892698764801,-0.0038213874213397503,0.21248575324323998,0.07287281913230893,0.259574017723506,
0.1639057755470276,-0.18435753583908082,-0.1301961421966553,0.1316104680299759,-0.08518523722887039,-0.04157169908285141,0.2305952094750282,0.06591905252417793,0.2541942144763245,
0.174757719039917,-0.18767688274383545,-0.13076298236846925,0.09872043132781982,-0.0822557583451271,-0.0781901627779007,0.23710727792868314,0.0637581464223907,0.24996187302601106,
0.17416416406631471,-0.19314314126968385,-0.11228815317153931,0.07228855788707733,-0.09397366642951965,-0.10968204587697983,0.24183026033271882,0.06274505342073891,0.24475996052053065,
0.12962450981140136,-0.18172086477279664,-0.12216533422470094,-0.009337332099676132,-0.10762237012386322,-0.14476919174194336,0.2467734935784681,0.06325949339420436,0.23060732479890958,
0.09931344389915467,-0.1735517382621765,-0.10716310739517212,-0.034038152545690536,-0.09164340049028397,-0.16221289336681366,0.24571322440354648,0.06410211956117758,0.2217331367466648,
0.06103897690773011,-0.1329340696334839,-0.037777325510978704,-0.027646565809845924,-0.06874021887779236,-0.1769268661737442,0.2389494704237655,0.06826379520786141,0.20299457487983316,
0.11024564504623413,-0.14615907669067382,-0.024725838005542757,-0.04422625154256821,-0.07952520996332169,-0.2124170958995819,0.2354962430654527,0.07165662290863813,0.1938032609466645,
0.1078449845314026,-0.14688457250595094,-0.037182134389877323,-0.08943340927362442,-0.09257470071315765,-0.2220044732093811,0.2313513781567852,0.07570439354858612,0.18343921357880094,
0.020371250808238983,-0.11447087526321412,-0.009338836371898652,-0.09322841465473175,-0.09024443477392197,-0.21381525695323944,0.22498759274043031,0.07979624226373287,0.17154028394296764,
0.05313686132431031,-0.07759891748428345,0.06492199897766114,-0.07159022986888885,-0.08838022500276566,-0.24943503737449646,0.19638046388245828,0.08311498498163955,0.14417642662921926,
0.07562664151191711,-0.07224466800689698,0.06204803586006165,-0.07192312180995941,-0.10775472223758698,-0.2702076733112335,0.18240588945430913,0.08133597768131562,0.12872774686988245,
-0.028687337040901185,-0.019960714876651766,0.07597712874412538,-0.10241632163524628,-0.15209634602069855,-0.23864923417568207,0.16525184274672508,0.08447314579266546,0.09726368908554121,
-0.05293431282043457,0.01352638602256775,0.1192589282989502,-0.08677024394273758,-0.1698063611984253,-0.23498737812042236,0.15625872723694445,0.08426221879956435,0.08137590904426155,
0.03263169527053833,0.020774276554584505,0.14362304210662843,-0.06393364071846008,-0.16394741833209991,-0.2633500397205353,0.13939868538056308,0.07998196841259093,0.05027550040015475,
-0.008730239421129228,0.03973577320575714,0.14612644910812378,-0.0526152066886425,-0.1746666431427002,-0.25842320919036865,0.13200797042249593,0.0777136134630572,0.03379128019807054,
-0.09351415634155275,0.07299661040306092,0.17631871700286866,-0.02365332841873169,-0.17679716646671295,-0.24044686555862427,0.11902844773167494,0.07157981172436323,0.0007476595461193528,
-0.11526464223861695,0.08838766813278198,0.14643875360488892,-0.017328321933746338,-0.17067189514636993,-0.230326846241951,0.11413956776324057,0.06742408360051887,-0.015085984885359633,
-0.17165229320526124,0.12409423589706421,0.13858566284179688,-0.01566384732723236,-0.18744981288909912,-0.19863523542881012,0.10656688168229397,0.058791721243347736,-0.04480166821953659,
-0.2175229072570801,0.1481240510940552,0.1791300654411316,0.02454988658428192,-0.21041958034038544,-0.15422701835632324,0.10343077846090305,0.05320512007600006,-0.058278553725270556,
-0.21843788623809815,0.14980316162109375,0.1985756039619446,0.06483019888401031,-0.22180458903312683,-0.13139040768146515,0.10187752819881903,0.04620632033863121,-0.07028970130134546,
-0.21328377723693848,0.15835803747177124,0.1601905703544617,0.08913154900074005,-0.20456062257289886,-0.12712934613227844,0.10272541122360222,0.03797032025964727,-0.08123387571493576,
-0.21786530017852784,0.1294325590133667,0.06203329563140869,0.10604262351989746,-0.17446689307689667,-0.10775485634803772,0.10935820379253046,0.022162172485180306,-0.10106327011192705,
-0.243080735206604,0.13826800584793092,0.06270805597305298,0.11816000193357468,-0.21354879438877106,-0.06933875381946564,0.11402686570807473,0.015887243440208462,-0.10983919880924557,
-0.2611322641372681,0.1056365728378296,0.031709867715835574,0.14665581285953522,-0.19364166259765625,-0.03252055123448372,0.1253868198602728,-0.00032070351973734765,-0.12511188481688215,
-0.28539209365844725,0.10201311111450195,-0.007140409946441651,0.17002668976783752,-0.14051246643066406,-0.042104072868824005,0.13236217452722124,-0.009580190717402967,-0.13165435846546197,
-0.2399354934692383,0.03427451550960541,-0.07313420176506043,0.1945277601480484,-0.08212266117334366,-0.038841698318719864,0.15206690527791772,-0.013761445417043211,-0.14212258783190532,
-0.2533559799194336,0.009848016500473024,-0.1151701807975769,0.17675116658210754,-0.06208236888051033,0.019881002604961395,0.16992347743176847,0.01229674692231458,-0.14682801038816923,
