1.2628881454467775,-0.24078736305236817,0.14381420612335205,-0.23466315865516663,-0.02499273605644703,-0.3141530752182007,
0.3699572563171387,-0.31567411422729497,-0.01984970569610596,-0.14930883049964905,-0.15821737051010132,-0.39031946659088135,
0.030306449532508852,-0.3546154499053955,0.05576220154762268,0.010613992810249329,-0.1292554885149002,-0.11401650309562683,
-0.04798652529716492,-0.3842024326324463,0.05022062659263611,0.0952356606721878,0.1236782819032669,0.2785329520702362,
0.3116017818450928,-0.43653688430786136,0.06453325748443604,0.18278709053993225,0.23060420155525208,0.5042358636856079,
1.6950611114501954,-0.07882148027420044,-0.2267983675003052,0.17266707122325897,0.3300732970237732,-0.23758770525455475,
0.7371301174163819,-0.3372322797775269,-0.30415019989013675,0.09443671256303787,-0.027123216539621353,-0.6824021935462952,
-0.04394896328449249,-0.39923009872436527,0.011179278045892716,0.042571645230054855,0.0004405002109706402,-0.30609750747680664,
-0.06311854720115662,-0.23098242282867432,0.05839428901672364,0.01913527399301529,-0.09210425615310669,0.02699633687734604,
-0.02070414572954178,-0.2754149675369263,-0.08474754095077515,-0.03599216043949127,0.06755225360393524,0.4564976394176483,
0.41264185905456546,-0.41671223640441896,-0.2007131576538086,-0.15203940868377686,-0.07845555245876312,0.6519737243652344,
1.591589641571045,-0.2701173782348633,-0.1627071261405945,-0.258832186460495,-0.13151903450489044,-0.05243244394659996,
