0.647828483581543,-0.5659367561340333,-0.339607310295105,-0.26415932178497314,-0.07153118401765823,0.6465792655944824,
1.4118517875671388,-0.19499850273132324,0.043117311596870427,-0.2116284817457199,-0.015205328352749348,-0.13219566643238068,
0.4705198764801026,-0.28646810054779054,0.0019569676369428635,-0.17534442245960236,-0.1049535945057869,-0.32021766901016235,
0.045833182334899907,-0.3773340702056885,0.058627849817276007,-0.056567445397377014,-0.06087827682495117,-0.1051008328795433,
-0.036006715893745427,-0.3728681802749634,0.12275205850601197,0.06906718015670776,0.16415883600711823,0.2832546532154083,
0.6236681938171387,-0.34949903488159184,0.14660565853118898,0.2829855978488922,0.08473005890846252,0.29863440990448,
1.3344139099121095,-0.1483888268470764,-0.027242502570152285,0.25329136848449707,0.10716719180345535,-0.6222201585769653,
0.11992204189300537,-0.3809206247329712,-0.19477412700653077,0.025458404794335365,0.08959024399518967,-0.5001798868179321,
-0.1407673954963684,-0.3641793966293335,0.026702469587326052,0.02379392832517624,-0.07372811436653137,-0.1166846752166748,
-0.1902857065200806,-0.345920991897583,0.04764635264873505,0.0034207452554255724,0.04218597337603569,0.4597565531730652,
0.13033154010772705,-0.46355710029602054,-0.15854367017745974,-0.0949830636382103,0.010028304532170296,0.8503091335296631,
1.8105278015136719,-0.12510403394699096,-0.3730140447616577,-0.38526761531829834,-0.07046574354171753,-0.055431973189115524,
