0.6428513526916504,-0.26382806301116946,-0.0860161304473877,-0.45337268710136414,-0.472215861082077,0.13825345039367676,
0.7540369033813477,-0.1660571813583374,0.6425447940826416,-0.17087788879871368,-0.22687216103076935,-0.253164678812027,
0.08163366317749024,-0.17378460168838503,0.21941685676574707,-0.05143510922789574,-0.13219678401947021,-0.29158076643943787,
-0.1164559006690979,-0.24297258853912354,0.14462810754776,0.06960556656122208,-0.07886698096990585,-0.2820599675178528,
-0.30158321857452397,-0.294020676612854,0.0715102791786194,0.18305766582489014,0.07086902856826782,0.010158096440136433,
-0.3808640956878662,-0.2788570404052734,0.0401794970035553,0.20403006672859192,0.3607541024684906,0.4509112536907196,
1.3962420463562013,0.06688507199287415,0.05875611901283265,0.2605556547641754,0.04044240713119507,-0.013544037938117981,
0.8571049690246583,-0.30322341918945317,-0.054564327001571655,0.1377173513174057,-0.07220930606126785,-0.7210793495178223,
-0.29913227558135985,-0.5489545345306397,-0.05530707240104676,0.06135120242834091,-0.12027936428785324,-0.6606921553611755,
-0.32607283592224123,-0.4149758815765381,-0.049657541513442996,0.07166807353496552,0.11068374663591385,-0.23658917844295502,
-0.4695765495300293,-0.346048378944397,-0.07897176146507263,0.0516943633556366,0.017140211537480354,0.13192574679851532,
-0.4398484230041504,-0.45746884346008304,-0.06180422306060791,-0.017148351296782494,-0.10363414883613586,0.426205039024353,
-0.1834728479385376,-0.5495176315307617,0.08223239183425904,0.038445137441158295,-0.010889559052884579,0.8571045398712158,
1.6395118713378907,0.17758318185806277,-0.3194589138031006,-0.2485770434141159,-0.09045150130987167,0.05529328063130379,
0.4883568286895752,0.04182531535625458,0.011097998917102815,-0.054101698100566864,-0.14045202732086182,-0.3534390926361084,
-0.13992466926574706,-0.26928579807281494,0.22051331996917725,0.055287644267082214,-0.1078948825597763,-0.27381059527397156,
-0.27438201904296877,-0.26450290679931643,0.22620759010314942,0.19150833785533905,-0.10975909233093262,-0.1013709083199501,
-0.2891637563705444,-0.32417070865631104,0.25389564037323,0.2856510877609253,0.0955706313252449,0.21547868847846985,
0.18958392143249514,-0.2792205572128296,0.22226538658142092,0.3747338354587555,0.3042292892932892,0.3175443410873413,
0.8920843124389649,-0.036931613087654115,-0.19029028415679933,0.27460020780563354,0.191976860165596,-0.15290075540542603,
0.3027205467224121,-0.07230609655380249,-0.4645085334777832,0.10409130156040192,0.20442713797092438,-0.32407546043395996,
-0.11851997375488282,-0.19098218679428103,-0.2857789754867554,-0.02700280025601387,0.020269550383090973,-0.26621827483177185,
-0.2927667856216431,-0.27079501152038576,-0.260523247718811,-0.18466193974018097,-0.062288444489240646,-0.10562965273857117,
-0.31500451564788823,-0.2909953355789185,-0.2663809537887573,-0.32967105507850647,-0.1161508858203888,0.09557217359542847,
-0.14835971593856812,-0.2772064208984375,-0.32385027408599854,-0.49858275055885315,-0.1881226897239685,0.27639952301979065,
