2.2615880966186523,-0.1719849705696106,-0.3560152292251587,-0.31430020928382874,-0.02286071702837944,-0.037333276122808456,
0.7565761089324952,-0.11884067058563233,-0.24082107543945314,-0.1654958873987198,-0.22146600484848022,-0.46350526809692383,
0.06302269101142884,-0.23338656425476076,0.013225364685058595,-0.018822284415364265,-0.25042787194252014,-0.13260747492313385,
0.3043951272964478,-0.26580028533935546,0.04183408319950104,0.19656087458133698,0.6418642997741699,0.5771250128746033,
2.518796730041504,-0.0983293116092682,-0.5701617240905762,-0.007237532641738653,0.31689202785491943,-0.31789693236351013,
0.951079273223877,-0.14248483180999758,-0.2046605110168457,0.12831737101078033,-0.10714980214834213,-0.7153071165084839,
0.06723561882972717,-0.16383594274520874,-0.1521888613700867,0.0056115249171853065,-0.026655638590455055,-0.2930642366409302,
-0.041877797245979315,-0.18229997158050537,-0.1896792769432068,-0.027944305911660194,0.07108237594366074,0.3844439685344696,
0.5153032302856445,-0.19551587104797363,-0.2507502317428589,-0.20437872409820557,-0.14969368278980255,0.7384446859359741,
1.9938262939453126,0.07551612854003907,-0.3525701999664307,-0.25670984387397766,-0.029851431027054787,-0.14525878429412842,
