1.3242890357971193,-0.16343220472335818,0.013821828365325929,-0.21262194216251373,-0.2752639353275299,-0.2052897959947586,
0.3972119569778443,-0.319241738319397,0.07583450078964234,-0.12047657370567322,-0.19250619411468506,-0.3298591673374176,
-0.0627919852733612,-0.4439295291900635,0.21689579486846924,3.1473624403588474e-05,0.04597988724708557,-0.0650743618607521,
-0.19309298992156984,-0.40438046455383303,0.12537888288497925,0.16647903621196747,0.11442313343286514,0.25184181332588196,
0.4262740135192871,-0.3522391796112061,0.07207055687904358,0.2783982455730438,0.12048184871673584,0.32574427127838135,
1.3833469390869142,-0.055407369136810304,-0.2363450527191162,0.12812939286231995,-0.04177124425768852,-0.4858540892601013,
0.3125837802886963,-0.4096377849578858,-0.10135396718978883,0.06081799045205116,-0.07366260141134262,-0.5680125951766968,
-0.08979807496070863,-0.4106435775756836,-0.03360269367694855,0.018407145515084267,0.07347705215215683,-0.23145560920238495,
-0.24304537773132326,-0.3676547765731812,0.032889711856842044,0.04983244836330414,-0.008881205692887306,0.15476933121681213,
-0.1501873016357422,-0.4220928192138672,-0.053545778989791876,-0.04690688103437424,0.025074098259210587,0.5181576609611511,
0.6035958290100099,-0.5114872455596924,-0.14026719331741333,-0.08718719333410263,-0.1360471546649933,0.5943240523338318,
1.4597548484802247,-0.12268600463867188,-0.02778066992759705,-0.18099704384803772,-0.18891090154647827,-0.17672763764858246,
