-0.003531204164028168,-0.2815276861190796,0.08988116979598999,0.4649921953678131,-0.20182758569717407,0.40120676159858704,0.21698348811326712,0.16137953374854566,0.11012442397663638,
0.07413861751556397,-0.4352163791656494,-0.14864680767059327,0.41039738059043884,-0.15522226691246033,0.307663232088089,0.2755241250233185,0.1175944986069726,0.1284541931792011,
0.12991582155227663,-0.4782602310180664,-0.25283184051513674,0.332566499710083,-0.07812375575304031,0.20706231892108917,0.29991332515029323,0.09648748152272017,0.13281919590407054,
0.14395495653152465,-0.5060678958892822,-0.4023314476013184,0.20686529576778412,-0.03764370083808899,0.14301329851150513,0.3403750485075586,0.06557263452530751,0.1367580875803027,
0.12592589855194092,-0.48081321716308595,-0.41049785614013673,0.11358808726072311,-0.07412900775671005,0.12869879603385925,0.3556776150924297,0.056330103644116364,0.1385774993037002,
0.11493847370147706,-0.45573220252990726,-0.3920185089111328,0.04567747935652733,-0.08664587140083313,0.09960375726222992,0.3668232574925914,0.0488317459304759,0.13994822610554883,
0.13340126276016237,-0.44921154975891114,-0.37829060554504396,-0.03494972363114357,-0.05502082780003548,0.028164463117718697,0.3772754199866718,0.034356335524791407,0.13784545544334417,
0.14692889451980592,-0.44388742446899415,-0.40014090538024905,-0.10845296829938889,-0.007483401335775852,-0.06411407142877579,0.378020401153664,0.028994993363797402,0.13550692533535577,
0.1718269467353821,-0.44878668785095216,-0.4110050678253174,-0.18282175064086914,0.0435161367058754,-0.14580653607845306,0.3762959472878922,0.02634195914877634,0.13336983056980659,
0.17890487909317018,-0.4428121089935303,-0.42812643051147464,-0.2373499721288681,0.06954853236675262,-0.19760501384735107,0.3717441380095753,0.027617985915850653,0.13163136811330295,
0.09527146816253662,-0.3767516851425171,-0.3339800119400025,-0.2912786304950714,0.09644640982151031,-0.2484707534313202,0.3529128865202454,0.04272150123354286,0.12924196327652374,
0.06927509903907776,-0.3563797235488892,-0.27453825473785404,-0.331092894077301,0.09431587904691696,-0.2625189423561096,0.33949779993162327,0.05438376088148618,0.12806252695092094,
0.08759457468986512,-0.3117236614227295,-0.22343542575836184,-0.4276990592479706,0.06102636083960533,-0.29640766978263855,0.30794844796097764,0.08130304699017067,0.12349318494026752,
0.07850732207298279,-0.26814095973968505,-0.18955048322677615,-0.46365174651145935,0.07121295481920242,-0.2784979045391083,0.28823127529557063,0.09488707302840117,0.11859963241424257,
-0.052802014350891116,-0.1440768837928772,-0.014586311578750611,-0.5063289403915405,-0.00708398362621665,-0.19121278822422028,0.23863940229346095,0.1213734975309597,0.10283084009688759,
-0.0347643107175827,-0.07478803396224976,0.0580470621585846,-0.5137857794761658,-0.021265316754579544,-0.16524696350097656,0.2067521231669766,0.13390372493883063,0.09294017434483222,
0.005683040991425515,-0.05805334448814392,0.1375709652900696,-0.5073276162147522,-0.06560694426298141,-0.14034640789031982,0.17724410130616608,0.13965590475548864,0.08403735159443973,
0.04096799492835999,0.10570590496063233,0.2981983423233032,-0.5386863350868225,-0.13098755478858948,-0.055990785360336304,0.11732049653475089,0.14456251739489542,0.06602232598329529,
-0.024371057748794556,0.30224883556365967,0.4986449241638184,-0.25053226947784424,-0.12286490947008133,-0.06750895828008652,0.08701292495101798,0.14216659074174928,0.058199112002904174,
0.10364897251129152,0.4030797481536865,0.8671693801879883,-0.13455159962177277,-0.06727142632007599,-0.1486687958240509,0.05881276479794361,0.1361669790082905,0.05380575781401436,
0.16769936084747317,0.5770520210266114,0.8146454811096192,0.051203880459070206,-0.07053379714488983,-0.15193116664886475,0.02902778682163247,0.12581794884889533,0.04324353425218972,
-0.07860596776008606,0.6455000877380371,0.9070631980895997,0.257598876953125,-0.15868443250656128,-0.03987865895032883,0.017795648136950674,0.12054033888988507,0.025005063590866114,
-0.11537111997604371,0.5529969692230224,0.6687149047851563,0.27470970153808594,-0.18212024867534637,0.03648748621344566,0.023755407690777258,0.11587382383975729,0.01842772014657849,
-0.16469696760177613,0.3463981866836548,0.2751683235168457,0.30713367462158203,-0.17579524219036102,0.09494387358427048,0.0484859918409027,0.09973519000403883,0.013840211022565383,
-0.1292496919631958,0.22930052280426028,0.1889439821243286,0.3251765966415405,-0.17126786708831787,0.09780677407979965,0.06323180319554852,0.09007803696700405,0.01536427030239559,
-0.09302321672439576,0.10621988773345947,0.07231271862983704,0.2846299707889557,-0.16700682044029236,0.0980730876326561,0.07957264960599611,0.08028300453718168,0.018034365157024487,
-0.07849150896072388,-0.036789271235466006,-0.16006124019622803,0.23402990400791168,-0.1390436291694641,0.10985758155584335,0.11492918087507005,0.06577880681173547,0.02335983970538283,
-0.09224709272384644,-0.07074510455131532,-0.1940985679626465,0.21658454835414886,-0.11973542720079422,0.10672527551651001,0.12880671274327676,0.056309200427679104,0.02505147148836231,
-0.04568314850330353,-0.12964843511581423,-0.2759632825851441,0.1391531378030777,-0.10788436233997345,0.08848261833190918,0.1531469574745891,0.038996020272321165,0.029105336923994845,
-0.038370007276535036,-0.14331806898117067,-0.3462883472442627,0.08349305391311646,-0.07499432563781738,0.07969418913125992,0.17181087272816262,0.02411425293389266,0.032322322268967536,
-0.03953997790813446,-0.14690574407577514,-0.33416433334350587,0.04148169234395027,-0.03604559227824211,0.05645810812711716,0.17767091015387637,0.017542463449027816,0.033758402559388875,
-0.021643981337547302,-0.14537616968154907,-0.35990772247314456,-0.0021941496524959803,-0.009081085212528706,0.03701702877879143,0.18215632430937514,0.011953159657088045,0.035187464037880846,
-0.003910794109106064,-0.1424562931060791,-0.3694316387176514,-0.04813367873430252,-0.000958443502895534,0.018774375319480896,0.1859795632629401,0.00596530789983098,0.038594105432551214,
-0.003835098072886467,-0.1350260615348816,-0.34632124900817873,-0.0847521498799324,0.026805011555552483,-0.000533541664481163,0.18502793386907762,0.004898563665268993,0.040083623648854746,
-0.006774815917015076,-0.1419382095336914,-0.34962790012359624,-0.13355456292629242,0.06628637760877609,-0.027431469410657883,0.18273920624152054,0.004334508734045119,0.04124644770940272,
0.0009732874110341072,-0.14051057100296022,-0.3888606071472168,-0.19167806208133698,0.09891010075807571,-0.04833728447556496,0.1738852045602877,0.007004333896458511,0.043210427635468326,
-0.036824801564216615,-0.11573935747146608,-0.32410161495208745,-0.20612570643424988,0.10463589429855347,-0.02902936562895775,0.16594428999241603,0.011547691862708773,0.04392927011551867,
-0.09540371298789979,-0.07758251428604127,-0.2551032066345215,-0.2635834217071533,0.15696699917316437,-0.04094701260328293,0.14642508114568104,0.022571075983433594,0.045356163729467706,
-0.05200189948081971,-0.07776771783828736,-0.2562610387802124,-0.3073258399963379,0.17247991263866425,-0.07004204392433167,0.13525574311941446,0.028592301953104256,0.0470701662384504,
-0.08072339892387391,-0.03631783127784729,-0.14030081033706665,-0.32623428106307983,0.16648781299591064,0.009786208160221577,0.10781211874499641,0.04533184461523105,0.04891886092766763,
-0.1614587426185608,0.013979607820510866,-0.04895591139793396,-0.38722068071365356,0.13472960889339447,0.03228991851210594,0.09228616463686046,0.060113084878201696,0.04917524864583495,
0.027858325839042665,0.062142425775527955,0.032706940174102785,-0.3363543152809143,0.1330651342868805,0.048069149255752563,0.06294660721018908,0.08095556539793078,0.056240181255693106,
-0.0043852653354406355,0.14053740501403808,0.23811519145965576,-0.27883002161979675,0.13759250938892365,0.06964075565338135,0.043361998696219414,0.08751409122588219,0.05880950016253479,
0.09818211197853088,0.3478374242782593,0.5020173549652099,-0.12782877683639526,0.2059691697359085,0.002928568050265312,0.01123311276680156,0.10065992126949942,0.06539704314072547,
0.15115873813629152,0.4408637523651123,0.6937373638153077,0.04288136586546898,0.1391235888004303,0.037352755665779114,-0.0007648566229815536,0.10850681409651738,0.06845829293992614,
0.11051270961761475,0.5887009143829346,0.9743719100952148,0.24741214513778687,0.03326293081045151,0.07856517285108566,-0.010249846900713504,0.12773952175545422,0.06951420155430445,
0.17838197946548462,0.5662215709686279,0.9408187866210938,0.3723143935203552,0.05856296420097351,0.03542196378111839,-0.004421185082241208,0.13304053987748976,0.0726548957426524,
0.16959223747253419,0.35472352504730226,0.679881477355957,0.447948157787323,0.005898949224501848,0.09421124309301376,0.025904395299011732,0.1372756238266163,0.08026350965307359,
0.050581061840057374,0.3019817590713501,0.5966246128082275,0.5106655955314636,-0.09337037801742554,0.20180296897888184,0.04693811548417931,0.14026737855649976,0.08257553931572453,
-0.06557189226150513,0.07966166138648988,0.4615324974060059,0.5142608880996704,-0.11793804168701172,0.2304319441318512,0.0986134940212215,0.1363844624919067,0.0945379151838122,
-0.009849880635738373,-0.0649840235710144,0.2610015630722046,0.5331027507781982,-0.12166646867990494,0.23868772387504578,0.12930341216556784,0.1270496076086645,0.1039635872955071,
-0.024160173535346986,-0.22117946147918702,0.1699602484703064,0.5618649125099182,-0.13318464159965515,0.22930008172988892,0.1880617843613248,0.10514813171293834,0.12003463551225858,
0.013626770675182344,-0.31563544273376465,0.03632200062274933,0.5120638012886047,-0.14343780279159546,0.22643721103668213,0.2167053760472126,0.09292585358087523,0.12588195166334532,
0.015201263129711151,-0.3956244230270386,-0.16877622604370118,0.4215828776359558,-0.14057491719722748,0.20007190108299255,0.27438194271533,0.06680542071879156,0.1332727842817412,
0.02288907766342163,-0.4080409049987793,-0.25204389095306395,0.37138229608535767,-0.10981540381908417,0.16917923092842102,0.29972323268163653,0.053243051468527945,0.1344114523456344,
0.05670512914657593,-0.4201469421386719,-0.30213651657104496,0.2910214066505432,-0.0751277282834053,0.11325284838676453,0.3419586289356573,0.029083325304204825,0.13352346535483234,
0.07753315567970276,-0.4327155590057373,-0.3447741508483887,0.2150547355413437,-0.048895590007305145,0.07070884853601456,0.36005651344781675,0.01959398463503708,0.13268289783292933,
0.11626778841018677,-0.4326528549194336,-0.44052176475524907,0.06332112848758698,0.016085540875792503,-0.008919669315218925,0.3890307392851392,0.006354877115635798,0.13034181323353902,
0.12725340127944948,-0.43335676193237305,-0.47205929756164555,-0.022499239072203636,0.047510843724012375,-0.052795249968767166,0.3983269732335694,0.003246946077178357,0.129759872135857,
0.11960794925689698,-0.415425443649292,-0.4391793251037598,-0.11897224932909012,0.03852267563343048,-0.0896800309419632,0.4045566632774302,0.004854002322072199,0.13161149991029567,
0.13242446184158327,-0.4048354148864746,-0.40888161659240724,-0.24800240993499756,0.05297032371163368,-0.13588586449623108,0.4021985954551937,0.008592301392904182,0.13337692480314162,
0.12539093494415285,-0.3880598068237305,-0.41781044006347656,-0.34314438700675964,0.10423626750707626,-0.19074803590774536,0.387189409836342,0.01956203141785542,0.13474988019681797,
0.09719687700271606,-0.374125599861145,-0.31484990119934086,-0.35765862464904785,0.1026383712887764,-0.21351805329322815,0.3728434477862054,0.02804508178742568,0.13534127336884139,
0.0862319588661194,-0.33458321094512944,-0.20955846309661866,-0.37084126472473145,0.08772466331720352,-0.2373533546924591,0.3557981502036297,0.03868690350258699,0.13630538060627437,
0.10907148122787476,-0.27465870380401614,-0.10929654836654663,-0.3916139006614685,0.1074986383318901,-0.29960474371910095,0.29922598092497815,0.07588382833228607,0.1319773975390995,
0.015874998271465303,-0.20714347362518312,-0.10131428241729737,-0.4655166268348694,0.0942494124174118,-0.2558623254299164,0.2780543686564751,0.09097935955093527,0.12710323810201693,
-0.044093680381774907,-0.1369166612625122,-0.03849893510341645,-0.5300983190536499,0.0503072515130043,-0.1902819722890854,0.25427063887236256,0.10566389607901448,0.12155194641563268,
0.011555728316307069,-0.03269533216953278,0.21950647830963135,-0.4625871479511261,-0.02818942442536354,-0.1181103065609932,0.19490256090800276,0.12501457666600013,0.10870270046085295,
0.04581212401390076,-0.02997819781303406,0.2052536725997925,-0.47570323944091797,0.05563357472419739,-0.1434769183397293,0.16803112830903263,0.1275010574000122,0.10244142872163405,
-0.0333846926689148,0.10218696594238282,0.18051295280456545,-0.4687124192714691,0.09578073024749756,-0.12996137142181396,0.14245367917111157,0.13105254015222684,0.0960771186445909,
-0.058893585205078126,0.39055097103118896,0.7091146469116212,-0.2483358532190323,-0.1289900690317154,0.052265431731939316,0.09147258076438101,0.14288885623339193,0.08640526800500463,
0.06777299642562866,0.4267575740814209,0.6963123321533203,-0.2069902867078781,-0.20715385675430298,0.08681994676589966,0.07568533185824512,0.1392527822512826,0.0857590196092796,
0.3023319005966187,0.49387097358703613,0.6584370136260986,-0.14360705018043518,-0.07752448320388794,-0.05998681113123894,0.05534354191520817,0.11927223096960327,0.08920325084256339,
0.17913117408752444,0.5757140636444092,0.956088161468506,0.12071169912815094,-0.12073427438735962,-0.05599207058548927,0.04512639322795816,0.1149644511958964,0.08605059789439765,
0.08844937086105348,0.5566348075866699,0.8526796340942383,0.20619916915893555,-0.16181352734565735,-0.013514650985598564,0.044548153875871695,0.1107600995450402,0.08169998038062071,
0.05083367824554444,0.37981340885162357,0.3674264669418335,0.25207212567329407,-0.17093485593795776,0.025101184844970703,0.06253168916565899,0.0955898342403656,0.07691891283130162,
0.04637462198734284,0.2717824697494507,0.26348855495452883,0.2919529676437378,-0.16920380294322968,0.03562067449092865,0.07420328209501457,0.08688277261942245,0.07602470991285612,
-0.007942885160446167,0.08714618682861329,-0.00462554469704628,0.2840966582298279,-0.16054853796958923,0.04261147230863571,0.10302868573895307,0.0693548418639077,0.07459523274563556,
-0.023830820620059968,0.015527063608169557,-0.07795969843864442,0.2974790334701538,-0.14636719226837158,0.04294436797499657,0.11999510181764088,0.061590585543492705,0.0743544351619715,
-0.026807969808578493,-0.053709501028060914,-0.17117282152175906,0.2826980650424957,-0.1138099879026413,0.039015427231788635,0.1346438676401112,0.053517114243588286,0.07337243778550497,
-0.012621478736400606,-0.14033870697021486,-0.3516244173049927,0.1820971518754959,-0.07739125937223434,0.021371988579630852,0.1630020924279864,0.040852037790364074,0.07128542313062683,
-0.034547445178031926,-0.13668104410171508,-0.37602341175079346,0.10353389382362366,-0.0723312497138977,0.03375568985939026,0.17361303277126008,0.03661472566662131,0.07011418426488976,
-0.029931899905204774,-0.119564950466156,-0.2963322639465332,0.05579673498868942,-0.07732468098402023,0.04993439465761185,0.1851548300833851,0.02853059905001953,0.06939472447899075,
0.008744870871305465,-0.12689633369445802,-0.2941658735275269,0.029498018324375153,-0.051159121096134186,0.019108301028609276,0.18841182272797782,0.023716984012030033,0.06961060352668054,
0.016813743114471435,-0.11301672458648682,-0.29790122509002687,-0.011780978180468082,0.0071641081012785435,-0.01757674291729927,0.1915541965913473,0.017875340431182888,0.06917430902909069,
0.021147818863391878,-0.11062495708465576,-0.2884989261627197,-0.04080943390727043,0.035193879157304764,-0.03568623960018158,0.1913324504145829,0.017947561071740194,0.06881856824613933,
-0.005902334302663803,-0.09425287246704102,-0.29090247154235843,-0.11138320714235306,0.043383099138736725,-0.031025707721710205,0.18733782787143258,0.02238689602993888,0.06838275846811984,
-0.024692502617836,-0.06870803833007813,-0.25614869594573975,-0.13648349046707153,0.05183863639831543,-0.017909638583660126,0.1824764564165382,0.025172902886869696,0.06835846381574824,
0.028491535782814027,-0.06561818718910217,-0.22876214981079102,-0.15652377903461456,0.08745841681957245,-0.044141776859760284,0.16904294308876064,0.030699973669419237,0.06984612397797683,
0.041042780876159674,-0.095713871717453,-0.28037123680114745,-0.21318253874778748,0.1130247637629509,-0.0772981345653534,0.15319401496216892,0.040173706989764614,0.07076622408179184,
-0.022216960787773132,-0.07577117085456848,-0.2923086166381836,-0.29614001512527466,0.1329318881034851,-0.0653139054775238,0.14263437244496505,0.046849492797294064,0.06999652435092732,
-0.10596933364868165,-0.055219542980194096,-0.26670854091644286,-0.35206639766693115,0.14038874208927155,-0.006591204088181257,0.12901105322109999,0.054228621170239036,0.06921302762586742,
-0.14898475408554077,0.008447141200304032,-0.0831981360912323,-0.3889511823654175,0.12853766977787018,0.10459577292203903,0.09589106899735553,0.07215754402124079,0.07368433369759657,
-0.015528269112110138,0.060946494340896606,0.004554393514990806,-0.42310622334480286,0.14165374636650085,0.11125367134809494,0.08110463592462148,0.08635197077750299,0.08196857720633707,
0.11070907115936279,0.09154813885688783,0.172919237613678,-0.35386401414871216,0.24684859812259674,0.019840670749545097,0.06193111877217299,0.09175282343717336,0.0898908010754356,
0.1072163462638855,0.22348752021789553,0.4151806354522705,-0.2132491171360016,0.3362642526626587,-0.06824338436126709,0.04322801310519576,0.10087702986369614,0.09474682829836638,
0.041556274890899664,0.5134177684783936,0.8420870780944825,-0.056056030094623566,0.21269355714321136,-0.01884174533188343,0.018097319900759887,0.13283946006881572,0.09241538920661946,
-0.042251724004745486,0.6167252063751221,0.9378354072570801,0.052865881472826004,0.044182270765304565,0.13209034502506256,0.013184467200306454,0.14571950770653835,0.09054534365548837,
0.048448222875595096,0.602913761138916,0.9223729133605958,0.16691575944423676,-0.004886471666395664,0.15253010392189026,0.015466283235571414,0.15120542519940466,0.09492171804191196,
0.2721812009811401,0.4023054122924805,0.7779617309570312,0.3453475534915924,0.023476194590330124,0.07836106419563293,0.03831498285531858,0.1508367548663481,0.11154994279302094,
0.19906986951828004,0.32234485149383546,0.6972920417785645,0.4526063799858093,-0.02372833713889122,0.1052589938044548,0.05662320822872074,0.15112591950048854,0.11671712793585794,
0.1343889832496643,0.22919175624847413,0.5959785461425782,0.5021411776542664,-0.07459471374750137,0.1461385190486908,0.07930662608732353,0.15061305691897936,0.12144933985606107,
0.09476013779640198,-0.017625077068805697,0.296846342086792,0.5176540613174438,-0.08411551266908646,0.17217092216014862,0.1345602229903453,0.1401076334646137,0.13363192771569965,
0.07054558396339417,-0.09842957854270935,0.2142608404159546,0.5315025448799133,-0.08185182511806488,0.16984064877033234,0.16311585442213153,0.13228591087307834,0.13965020593109836,
0.023628620803356173,-0.19679577350616456,0.039025962352752686,0.49901196360588074,-0.10488817095756531,0.19707147777080536,0.21010076314774742,0.11329067241704192,0.14547555166413323,
0.018795081973075868,-0.2572333335876465,-0.0008648415096104145,0.4940185248851776,-0.12699240446090698,0.2147814929485321,0.2371978593727454,0.1033637805880309,0.14977691219769,
0.11058090925216675,-0.35522859096527104,-0.23288567066192628,0.3809673488140106,-0.10076027363538742,0.1762322336435318,0.2887783499288014,0.07921347515809796,0.15540332710902854,
0.11681613922119141,-0.3682292461395264,-0.3132474422454834,0.3020711839199066,-0.07332970947027206,0.14400798082351685,0.3106069630983307,0.06785738686816556,0.1563630452368598,
0.139847469329834,-0.3791792631149292,-0.30908658504486086,0.21019211411476135,-0.047297313809394836,0.09700319170951843,0.342977802568818,0.05069396132191415,0.15758612013102732,
0.14614115953445436,-0.3796505689620972,-0.295666766166687,0.1671154946088791,-0.024593863636255264,0.05872025340795517,0.3546240556746111,0.044491648648841135,0.15768627167526703,
0.14076757431030273,-0.3791714429855347,-0.35962035655975344,0.08229381591081619,0.009760914370417595,0.015310722403228283,0.3722245671961858,0.03733697438414716,0.15824758994129412,
0.14450792074203492,-0.39042205810546876,-0.37964806556701663,-0.003792872652411461,0.04817701503634453,-0.023638008162379265,0.3773952173715116,0.03628431751267455,0.1590309610877575,
0.1596419453620911,-0.37225492000579835,-0.3745358467102051,-0.09420718997716904,0.0768725723028183,-0.06917806714773178,0.37878305865490863,0.039538102816698555,0.16286750292615138,
0.17096238136291506,-0.3514697313308716,-0.361103105545044,-0.16344939172267914,0.08985548466444016,-0.11391916871070862,0.3751281742281995,0.04378647463084811,0.16542561082112509,
0.1556876301765442,-0.33325948715209963,-0.3435549259185791,-0.2828241288661957,0.09877683967351913,-0.15852442383766174,0.3599177567257513,0.05734826152115491,0.169943584477162,
0.10531527996063234,-0.31218073368072513,-0.27507059574127196,-0.3222389221191406,0.12227923423051834,-0.18076181411743164,0.34722789292159995,0.06629364672598877,0.17126489561417835,
0.06827866435050965,-0.279977822303772,-0.17422744035720827,-0.3197754919528961,0.13679346442222595,-0.19367815554141998,0.3317764989566696,0.07649158492475949,0.172268824802546,
0.08683886528015138,-0.24016568660736085,-0.12929284572601318,-0.37470319867134094,0.0913199856877327,-0.18848498165607452,0.2991636771019641,0.09995504539612375,0.17350706716253134,
0.10138003826141358,-0.24257676601409914,-0.1446569085121155,-0.43981748819351196,0.10650000721216202,-0.2057289481163025,0.280994832471322,0.11095937668878958,0.17224593366499208,
0.025631844997406006,-0.16246643066406252,-0.06762695908546448,-0.5148520469665527,0.1316003054380417,-0.17736628651618958,0.2350535734031822,0.1332660012769581,0.1659939814313933,
0.009394241869449616,-0.08568606972694398,0.08025605678558351,-0.5000715255737305,0.03725782036781311,-0.10080039501190186,0.20734719527245513,0.14509687493839146,0.16249265043883238,
0.020824457705020907,0.09343717098236085,0.2639832735061646,-0.4769020080566406,0.028602542355656624,-0.030759263783693314,0.15287308958483783,0.15661136962252808,0.15525980117829918,
0.1482043743133545,0.14590175151824952,0.2256500005722046,-0.5893539786338806,0.05217152088880539,-0.048935338854789734,0.12828299618931518,0.15843799056974076,0.15379989912871078,
0.20777828693389894,0.2683734893798828,0.4460917949676514,-0.5318962931632996,-0.013209085911512375,-0.03794980049133301,0.10058353256833322,0.16114978790901305,0.15272830849717328,
0.1294049620628357,0.5918465614318847,1.4147118568420411,-0.054990701377391815,-0.13717922568321228,-0.00832212995737791,0.04491638893020819,0.16178120179835634,0.14852987975331125,
0.11168922185897828,0.6378276348114014,1.214239025115967,0.14954006671905518,-0.05861598253250122,-0.05366244912147522,0.03632194400665584,0.15544259422232246,0.1471656396583891,
0.10560855865478516,0.5801970005035401,0.8852542877197266,0.24634598195552826,-0.04017359018325806,-0.05825640261173248,0.038248073288037886,0.15006233980473926,0.14484602630504986,
0.04320966303348542,0.3774593830108643,0.41166167259216313,0.30773183703422546,-0.12359711527824402,0.012850001454353333,0.05770071626379567,0.14581662769771533,0.13807632976708786,
-0.00897575244307518,0.2647042989730835,0.18196257352828982,0.26498809456825256,-0.1511608213186264,0.07530112564563751,0.07263483412069477,0.1403931302534109,0.136780188429756,
-0.019893699884414674,0.15011582374572754,0.009291725605726242,0.20533329248428345,-0.1198686957359314,0.09121352434158325,0.08780681087509853,0.13248018781929455,0.13761110652995967,
0.005428385362029076,-0.008452950417995453,-0.11865652799606324,0.15912745893001556,-0.09629971534013748,0.08275797963142395,0.11666545841254797,0.118515388067087,0.1442726620002399,
0.009284204989671708,-0.03337106704711914,-0.11465240716934205,0.1546000838279724,-0.10775130987167358,0.07776455581188202,0.1260519504566858,0.11241866457429293,0.14659095795720986,
-0.00563713014125824,-0.07857524156570435,-0.19832705259323122,0.11578451097011566,-0.12612710893154144,0.08322402834892273,0.14279873869782264,0.09921429981923283,0.14961945378380412,
-0.008525282144546509,-0.07729074954986573,-0.23214290142059327,0.08609026670455933,-0.10582051426172256,0.0764329731464386,0.14950379850517168,0.0917430981163967,0.15050136549118762,
0.04234128296375275,-0.08579665422439575,-0.280251955986023,0.045144159346818924,-0.06906889379024506,0.04727135971188545,0.15923020663165732,0.07814681153747044,0.15235284476622565,
0.04255355000495911,-0.0819137692451477,-0.25369760990142826,0.020709656178951263,-0.06707151979207993,0.03655213490128517,0.1619679000765527,0.07349235974440445,0.15286041369137326,
0.04359719157218933,-0.0689013957977295,-0.2449523687362671,-0.014910124242305756,-0.06127914413809776,0.03322318196296692,0.16451914158824746,0.06571934251955489,0.15288423236100232,
0.06031940579414368,-0.05988966226577759,-0.26296632289886473,-0.03961094468832016,-0.03304963558912277,0.013715527951717377,0.16435630825258024,0.06188856692163052,0.15274183290389817,
0.07740917801856995,-0.058313107490539556,-0.26831371784210206,-0.048133060336112976,-0.006817499175667763,-0.013448715209960938,0.16301127688467063,0.05890994910343461,0.1525933958447461,
0.10007709264755249,-0.034529224038124084,-0.2748002290725708,-0.06910545378923416,0.017284108325839043,-0.04101243242621422,0.15817371452992618,0.057678275577873125,0.1514779162359187,
0.08748592138290406,-0.03088008761405945,-0.285569429397583,-0.10778786242008209,0.036924924701452255,-0.051531918346881866,0.1547542791897988,0.05907883509692267,0.1502073296409795,
0.08898208141326905,-0.0428650587797165,-0.29735238552093507,-0.15679003298282623,0.0401872955262661,-0.058922190219163895,0.1501484991484464,0.06138414411288238,0.1487425648479274,
0.05156983137130738,-0.014483843743801118,-0.17689101696014406,-0.1704387366771698,0.004767252132296562,-0.042077697813510895,0.134819012282092,0.06740836197250018,0.14510108545028907,
0.05470435619354248,-0.01564803868532181,-0.1371534824371338,-0.17203663289546967,-0.002623020438477397,-0.040213484317064285,0.1256703298793172,0.06916650019887206,0.14342465553342804,
0.06619873642921448,-0.03005764186382294,-0.24276485443115237,-0.2270974963903427,0.0534365214407444,-0.06431509554386139,0.10716402405783594,0.07064597367110316,0.1393751394604288,
0.049806568026542666,-0.03301447033882141,-0.25760645866394044,-0.30785784125328064,0.10669974237680435,-0.06990773230791092,0.09579874312259903,0.07349762734673139,0.13709181902268028,
0.0211294487118721,0.00850011482834816,-0.21112651824951173,-0.32423630356788635,0.10070762783288956,-0.05852271616458893,0.08144778900953677,0.0785879106003703,0.13466006882822007,
-0.009376296401023866,0.04681576490402222,-0.045800122618675235,-0.376301109790802,0.0907207727432251,-0.011251607909798622,0.04757350215528001,0.08997995523433845,0.1306876142353676,
-0.035932087898254396,0.1371952772140503,0.12264642715454102,-0.3702424168586731,0.13659372925758362,0.009454470127820969,0.03103342587653231,0.09564505978858238,0.1310612430327445,
0.05850405097007752,0.21936585903167727,0.4431686878204346,-0.29107993841171265,0.22594279050827026,-0.043276119977235794,0.011219736815879375,0.10110015772726122,0.13219388505336208,
-0.05424787998199463,0.4946203708648682,1.104105854034424,-0.1721702665090561,0.12201300263404846,0.06870891153812408,-0.021870107480435,0.12117436409813331,0.129045318713068,
-0.005006153881549836,0.599033546447754,1.4683320999145508,0.17031225562095642,-0.14836443960666656,0.15206585824489594,-0.033476824636340136,0.13093956341233298,0.12920436929999288,
0.439070463180542,0.31079547405242924,1.0608245849609375,0.36725300550460815,-0.13691283762454987,0.02330200746655464,-0.018419175785698346,0.12382348672831194,0.1446985151821467,
0.32611818313598634,0.2055212497711182,0.8772212028503419,0.4722481369972229,-0.2243311107158661,0.020905163139104843,0.0003283220540301659,0.11664414211780334,0.14739680889307338,
0.19004789590835572,0.11695693731307984,0.8258981704711914,0.5743803977966309,-0.28545066714286804,0.04766993224620819,0.02137349064749547,0.10803714301109042,0.14763490542789365,
0.06583700180053711,-0.18022207021713257,0.34899251461029057,0.6401604413986206,-0.2605501115322113,0.042143870145082474,0.07698980963549139,0.08057353166036442,0.14742768964609795,
-0.01749689728021622,-0.2306161165237427,0.20267126560211182,0.6952878832817078,-0.2466350793838501,0.04427440091967583,0.10849936874507819,0.06680140660079845,0.14543346721074246,
-0.0339078813791275,-0.45767760276794434,-0.05889624953269959,0.6988831758499146,-0.23172137141227722,0.02762964367866516,0.16852518948013628,0.04323995178126592,0.13683643075583235,
-0.07682994604110718,-0.48217802047729497,-0.26733925342559817,0.5880290865898132,-0.20915108919143677,0.057789940387010574,0.20449163853707591,0.0321528251161548,0.13121319792017896,
-0.1034538745880127,-0.43035612106323246,-0.4498324871063233,0.40473702549934387,-0.17672710120677948,0.09274394065141678,0.2663360683573191,0.012660869797841779,0.12046558980770436,
-0.06798529624938965,-0.4191614627838135,-0.4634037494659424,0.32217901945114136,-0.16141392290592194,0.09673868119716644,0.28994757093843887,0.003124146420293423,0.1161078444796617,
0.013976019620895386,-0.41444072723388675,-0.4765517234802246,0.1786346286535263,-0.10555411875247955,0.05685783550143242,0.3252547945662478,-0.014266116613712593,0.10839511808949409,
0.05574092864990235,-0.35781698226928715,-0.4701465129852295,0.05053658038377762,-0.07699171453714371,0.024034377187490463,0.34636047193696456,-0.025742297407370673,0.1020277415940075,
0.07809885740280152,-0.35452554225921634,-0.4503762245178223,-0.02256719395518303,-0.02845560386776924,-0.013582773506641388,0.35077766977931985,-0.029150613677823404,0.09937058058873274,
0.07276540994644165,-0.3462434053421021,-0.44538726806640627,-0.06504461169242859,0.011025759391486645,-0.04880307987332344,0.3519415863203216,-0.031041715566470545,0.09700596965404679,
0.07498912215232849,-0.343212366104126,-0.4340217113494873,-0.16404762864112854,0.06548740714788437,-0.09401024132966995,0.3468596287714948,-0.02763848691961433,0.09568734220774076,
0.03792496621608735,-0.3078550100326538,-0.44683589935302737,-0.2636498510837555,0.08965559303760529,-0.0930781289935112,0.3404159583533474,-0.02269197100386681,0.09603472713502963,
0.06535370349884033,-0.2798757076263428,-0.36388976573944093,-0.3565275967121124,0.0813332125544548,-0.10426340997219086,0.31618314021154564,-0.010212235580470509,0.09916330644772889,
0.08566530346870423,-0.3064692258834839,-0.319012713432312,-0.3978731632232666,0.09538138657808304,-0.12070842832326889,0.2991751001706689,-0.0037293790443455404,0.10043813245144075,
0.02519139051437378,-0.2653521060943604,-0.275837779045105,-0.4725748598575592,0.13599459826946259,-0.13069528341293335,0.25964271063594063,0.011347963962961298,0.10070599793263964,
0.07651700973510743,-0.26596360206604003,-0.24116191864013672,-0.5006046295166016,0.1390572339296341,-0.15639479458332062,0.2368684023654228,0.020058476125288816,0.10118740912334201,
-0.05998952984809876,-0.2350921392440796,-0.10092765092849731,-0.5585283637046814,0.1439175009727478,-0.09873735159635544,0.18628985616064422,0.040482138416616346,0.09887272544551533,
-0.030269244313240053,-0.18500555753707887,-0.04930226802825928,-0.5669839382171631,0.1402556598186493,-0.09021523594856262,0.1584444790568466,0.04993205713790719,0.09779248765767111,
0.058909595012664795,-0.1515659809112549,0.011791058629751206,-0.5380886197090149,0.15243960916996002,-0.11032210290431976,0.12915769007548442,0.05814989933028738,0.09722479899656046,
0.006281731277704239,-0.09302197694778443,0.18106266260147097,-0.5557320713996887,0.13572828471660614,-0.05945572629570961,0.06879591390039104,0.07382461916149412,0.09121976065361269,
0.03615078628063202,0.009426143765449525,0.22675137519836427,-0.6071310639381409,0.07514136284589767,-0.017910409718751907,0.041319799789000314,0.08195436842172729,0.08859982921409777,
0.1037895679473877,0.11748762130737306,0.49061403274536136,-0.4731740653514862,0.028868939727544785,0.026564378291368484,0.010690125654033511,0.08798506796521034,0.08695600632197054,
0.3699462175369263,0.25812582969665526,0.9751988410949708,-0.3943444788455963,-0.11860360950231552,-0.0019980231299996376,-0.0419030719254309,0.09219902937235974,0.08803398082705817,
0.42341251373291017,0.33994760513305666,1.247344970703125,-0.11065124720335007,-0.11494176089763641,-0.07357047498226166,-0.0623572343571959,0.08917488343462752,0.09008771856944217,
0.2938776731491089,0.4672371864318848,1.440086078643799,0.3500756323337555,-0.027456918731331825,-0.16158795356750488,-0.0829104553692518,0.0762612711951678,0.0877487839643586,
0.08413522839546204,0.3132622003555298,0.5692997455596924,0.3542035222053528,-0.11407623440027237,-0.07057442516088486,-0.053861686877211726,0.06850277481781476,0.07367870931401466,
-0.03366242647171021,0.25858819484710693,0.44763188362121586,0.38829198479652405,-0.19057554006576538,0.0182420015335083,-0.036573750811098225,0.0639729926818289,0.06874150409981183,
-0.06916403770446777,0.16689302921295168,0.3185726642608643,0.427107572555542,-0.17752604186534882,0.04201071336865425,-0.0183170822029959,0.0560908500819077,0.06787320863016931,
-0.06456024050712586,-0.05718231797218323,-0.04086524546146393,0.43289995193481445,-0.1371125727891922,0.021570954471826553,0.02391664640039073,0.038004702189128256,0.07101108631299174,
-0.06273220181465149,-0.12422773838043213,-0.22985382080078126,0.3741772472858429,-0.11527466028928757,0.021570954471826553,0.04645835445667627,0.03020128312518609,0.0718301891077865,
-0.09304504990577699,-0.14093838930130007,-0.3634636163711548,0.3027379512786865,-0.105221226811409,0.04134492203593254,0.06731837789711978,0.02359411057540798,0.0715704637109438,
-0.10292612314224243,-0.1682716250419617,-0.5372961521148681,0.15060485899448395,-0.08591330796480179,0.06411495804786682,0.10035129722853735,0.011925287226908086,0.07227658996973693,
-0.09913731813430787,-0.15914852619171144,-0.5556632995605469,0.05446474254131317,-0.07566013187170029,0.07882892340421677,0.11055708598600555,0.006538436766306113,0.07371479909020956,
-0.07251262068748475,-0.14669270515441896,-0.5215190410614013,6.967500667087734e-05,-0.05202458053827286,0.07323627918958664,0.11599082865471742,0.0013598010246741777,0.07582275956752321,
-0.019884040951728823,-0.1194227695465088,-0.464849853515625,-0.05013091117143631,0.03113262727856636,0.03515307232737541,0.11778491949969243,-0.006934457371385636,0.08114544838386656,
0.00181551780551672,-0.09901084303855896,-0.44354047775268557,-0.07023777812719345,0.06901609152555466,0.011317783035337925,0.11602447733911932,-0.007958794578314634,0.0837291332982542,
0.018799261748790742,-0.0822102427482605,-0.4033072471618653,-0.12556494772434235,0.0843292698264122,-0.007324345409870148,0.10952486831545727,-0.0034711985830880292,0.08799104703611928,
-0.002728142775595188,-0.06000653505325318,-0.4014201641082764,-0.17083868384361267,0.09724560379981995,-0.009255137294530869,0.10455848426178274,0.0003610756985941954,0.08931179997410148,
-0.04177356064319611,-0.05917935371398926,-0.34014196395874025,-0.2545951008796692,0.10783166438341141,0.001796981319785118,0.08865935153983209,0.00964606037490208,0.09171396283447202,
-0.06340990662574768,-0.0407043606042862,-0.26697275638580326,-0.2918793559074402,0.13532879948616028,0.023568321019411087,0.07699133907914259,0.01485513805048171,0.09307477688986741,
-0.04006477296352387,-0.02990241050720215,-0.19470516443252564,-0.2896156907081604,0.1577659398317337,0.01571199670433998,0.06322821759440124,0.02059094139923124,0.09508884086543566,
0.061854392290115356,0.0011250474490225315,-0.11300852298736573,-0.26930907368659973,0.19218729436397552,-0.01997436210513115,0.034078573326080885,0.03541670054978156,0.09923879880569741,
0.029263207316398622,-0.004018840193748474,-0.12252131700515748,-0.3432783782482147,0.17687411606311798,0.013248574919998646,0.020531096041692315,0.044909883869530626,0.09926824806023578,
0.02734493911266327,0.03366689682006836,-0.11280063390731812,-0.35126784443855286,0.15616804361343384,0.0320904366672039,0.005463298732093923,0.05461411883969608,0.09914589215553034,
0.09354364275932313,0.11521764993667603,0.06114282608032227,-0.30073437094688416,0.16402436792850494,0.012582783587276936,-0.026579904071495505,0.06916183862552801,0.10161840187572359,
