0.16087335348129272,0.06650275588035584,0.3658449411392212,0.047302231192588806,0.012763102538883686,0.09560135751962662,0.015757652682281634,-0.016981912418536017,-0.043366028370904135,
0.19538055658340456,0.07260841131210327,0.3681338787078858,0.09230965375900269,0.07221817225217819,0.07269817590713501,0.01799749096078495,-0.016819363734140037,-0.03258236226451814,
0.22129404544830322,0.06950186491012574,0.4014326572418213,0.17386896908283234,0.07894265651702881,0.0377441868185997,0.02133215305159584,-0.014731116046797289,-0.028159784027902014,
0.18978556394577029,0.024710802733898165,0.35309929847717286,0.2429114282131195,0.055573418736457825,0.01690495014190674,0.03559295450034404,-0.007028749109133542,-0.02239068674830299,
0.17517035007476808,0.007988739758729935,0.25571885108947756,0.256626695394516,0.08546740561723709,0.007850202731788158,0.047118867624750566,-0.004439804309920805,-0.02086805398484365,
0.15885032415390016,-0.011676530539989472,0.187518310546875,0.2663472294807434,0.09425583481788635,0.00858257245272398,0.059864374742363516,-0.0010756901535381841,-0.01968546144348543,
0.11991159915924073,-0.054443550109863285,0.09683609008789062,0.28765252232551575,0.09019451588392258,0.009381520561873913,0.08670764424909223,0.007892999540462376,-0.016739030208991323,
0.10941544771194459,-0.07155487537384034,0.05127083659172058,0.286853551864624,0.07907581329345703,0.002457302063703537,0.10095803185246338,0.012255482062789215,-0.015017157818875563,
0.08438892364501954,-0.07923484444618226,-0.04956881105899811,0.2852542996406555,0.047717317938804626,-0.012325815856456757,0.12680490612797102,0.01497615426968203,-0.011873868481648724,
0.06859407424926758,-0.08886155486106873,-0.09977328181266786,0.26448163390159607,0.03806335851550102,-0.015255292877554893,0.14156343942262828,0.017913240990015088,-0.010993039447083833,
0.046829146146774296,-0.09453055858612061,-0.13532068729400634,0.24330951273441315,0.03959467634558678,-0.004935543518513441,0.15569965495398244,0.020177765157142046,-0.01076483948680394,
0.038328287005424504,-0.10712804794311524,-0.21000840663909914,0.20542603731155396,0.022750182077288628,0.007647892460227013,0.1814594832011365,0.024079571159247238,-0.009658810603172125,
0.0389415591955185,-0.09898360967636109,-0.22745771408081056,0.16614441573619843,0.007170689292252064,-0.008663969114422798,0.19262601413315913,0.02535079975861827,-0.008542349087970615,
0.057856386899948126,-0.10146484375,-0.26575980186462406,0.13325437903404236,4.673318471759558e-05,-0.011260551400482655,0.20252539761779298,0.025964239097506756,-0.007858854053224463,
0.018667836487293244,-0.10858750343322754,-0.29724342823028566,0.07313351333141327,0.015825962647795677,0.003986046649515629,0.2176115074254084,0.02685518340250813,-0.008445513633905064,
0.015460382401943208,-0.12137728929519653,-0.31906654834747317,0.029324514791369438,0.006305161863565445,0.012907635420560837,0.22269668612063792,0.027253841644234954,-0.008218263045900424,
0.005901356041431428,-0.13968627452850343,-0.3177626371383667,0.004490538500249386,-0.01892828941345215,0.02316080778837204,0.2257857185315104,0.027638647059854304,-0.007437264563849687,
-0.010134871304035188,-0.15119115114212037,-0.33873763084411623,-0.05116952955722809,-0.019327763468027115,0.049126628786325455,0.22752941297016085,0.025903175412694414,-0.0065310246576097426,
-0.020383499562740326,-0.1454130530357361,-0.34129521846771244,-0.11242223531007767,-0.006344853434711695,0.07702323794364929,0.22603547448206002,0.023862428420097143,-0.005795485995709587,
-0.016781637072563173,-0.1353468179702759,-0.35446155071258545,-0.16115808486938477,-0.013269072398543358,0.0873429924249649,0.22266071643814775,0.021307317432197055,-0.003956820839795228,
0.02843106985092163,-0.11050667762756348,-0.2786439418792725,-0.19737708568572998,-0.04169831797480583,0.06916691362857819,0.20897990616804224,0.015280396562995381,0.001932090132843377,
0.06134305596351624,-0.11741933822631836,-0.24983835220336914,-0.2347944974899292,-0.04709121957421303,0.06876744329929352,0.19965291724969308,0.011569417242415295,0.004121888790597458,
0.07639372944831849,-0.12175582647323609,-0.24132554531097414,-0.27294427156448364,-0.0403001606464386,0.06304164230823517,0.18921548449062223,0.007791114419062804,0.005669604638724164,
0.1333934545516968,-0.07185273170471192,-0.1492041826248169,-0.2865929901599884,-0.06560018658638,0.022961068898439407,0.16337273077838757,0.00042402160056886304,0.008936940844700479,
0.12450404167175294,-0.04009261727333069,-0.058311265707015995,-0.2883906066417694,-0.07745125889778137,-0.000674485694617033,0.14865017243983594,-0.002604210186737603,0.009647510106058615,
0.14745546579360963,-0.0361028790473938,-0.02276997119188309,-0.3261409103870392,-0.07105967402458191,0.0035865716636180878,0.13335286779689953,-0.011675886592219237,0.008771646336711018,
0.12854058742523194,-0.002632950432598591,0.12114766836166382,-0.2925848662853241,-0.03357570990920067,-0.01638675108551979,0.10032412137175115,-0.030956609429328083,0.006265465093584924,
0.18494913578033448,-0.003924084082245827,0.18442898988723755,-0.2714793384075165,-0.03990072011947632,-0.0435509979724884,0.08419217928236128,-0.034126438940185334,0.005792140009843255,
0.17749762535095215,-0.020317269861698153,0.25569930076599123,-0.20430108904838562,-0.056545477360486984,-0.05826496332883835,0.05575972986587369,-0.03728769104119918,0.0020599435796175352,
0.17051738500595093,0.009225913137197495,0.27278139591217043,-0.1692139357328415,-0.04369572177529335,-0.06325838714838028,0.04425760044922952,-0.03954552749555085,-0.001230341983370822,
0.18509665727615357,0.03516190052032471,0.2142352104187012,-0.1687478870153427,-0.014334370382130146,-0.07957024872303009,0.035193695451117155,-0.04198329845150912,-0.004609724357597698,
0.2164043426513672,0.04742627739906311,0.19649258852005005,-0.14850786328315735,0.01329592615365982,-0.11985056102275848,0.0189822992006073,-0.04432010105050166,-0.012156062943300268,
0.1780357837677002,0.043644681572914124,0.1949469566345215,-0.11481887102127075,-0.022124115377664566,-0.14574980735778809,0.011748172440481113,-0.04336276955234151,-0.01728713245720752,
0.10979726314544679,0.04021583199501038,0.27961597442626956,-0.05762748792767525,-0.03284334018826485,-0.1771085262298584,0.000225402052815974,-0.043694638364998296,-0.03111038254088293,
0.08786115050315857,0.04580725431442261,0.28933985233306886,-0.026734819635748863,0.0017777542816475034,-0.19415275752544403,-0.0025797461188724834,-0.04555500394705169,-0.0397973396375461,
0.05359277725219727,0.04850517213344574,0.29283926486969,0.0010952143929898739,0.019221460446715355,-0.18043747544288635,-0.0034764407747007176,-0.04677630653248643,-0.04955461423112916,
0.00840052142739296,0.04625968933105469,0.3533448457717896,0.10402639210224152,0.012097503058612347,-0.1898251175880432,-0.0018452080080020546,-0.04580785397674122,-0.06949892507245363,
-0.011283262819051744,0.025128462910652162,0.3647570848464966,0.14404039084911346,-0.0007522488594986498,-0.19714881479740143,0.0022247544560408195,-0.044649512907290065,-0.07934476132879383,
-0.03279655277729034,0.00396069772541523,0.2791750431060791,0.15436013042926788,0.020686199888586998,-0.1844322234392166,0.009569914356923198,-0.04412808902090814,-0.08954505107878809,
-0.09377272725105286,-0.02658321261405945,0.18193329572677613,0.1701393723487854,0.062364671379327774,-0.1675211489200592,0.02736983483958465,-0.04211206491785833,-0.10946318139927358,
-0.11172318458557129,-0.04550914466381073,0.13418952226638795,0.19017966091632843,0.027810154482722282,-0.15267401933670044,0.036884172059768135,-0.03856186808484215,-0.11807145261996257,
-0.1305027723312378,-0.067202228307724,0.10078405141830445,0.20422783493995667,0.02141856774687767,-0.1428203284740448,0.04662572075729012,-0.03473587543623368,-0.12592842911966912,
-0.14553908109664918,-0.08095217347145081,-0.02681664824485779,0.1821235865354538,0.033602528274059296,-0.10573580861091614,0.06577250404562705,-0.025549579824069697,-0.1401014729609612,
-0.16984883546829224,-0.08926900029182434,-0.09695646166801453,0.15482619404792786,0.03653200715780258,-0.07104813307523727,0.07627854424511757,-0.022595367110777833,-0.14602757926049226,
-0.17366446256637574,-0.09221919775009156,-0.1324130177497864,0.14217618107795715,0.019354619085788727,-0.037958353757858276,0.08549369566767225,-0.01965600376012604,-0.15037709178654604,
-0.16971530914306643,-0.08654289841651917,-0.195620334148407,0.10662297159433365,0.006371707189828157,-0.00886332057416439,0.10089965537705889,-0.015289581243283744,-0.15498296730684366,
-0.15320991277694704,-0.08382627367973328,-0.24281556606292726,0.058952391147613525,-0.0016843552002683282,0.008979858830571175,0.1072734275556055,-0.014500393995634546,-0.155748795969966,
-0.14828978776931764,-0.07780874371528626,-0.26492929458618164,0.02919156476855278,-0.023322539404034615,0.030950939282774925,0.11189416885872493,-0.014193608234918132,-0.15583656194235418,
-0.15770933628082276,-0.07789781093597413,-0.28627586364746094,-0.023871921002864838,-0.02731727994978428,0.05811518430709839,0.11643430686408499,-0.016014862276780385,-0.15443826585503426,
-0.15148855447769166,-0.08180025219917297,-0.3111564874649048,-0.07753461599349976,-0.027583597227931023,0.08641126751899719,0.1165706420384705,-0.018270725163040572,-0.15280028469084547,
-0.1502131223678589,-0.08945038318634034,-0.3166610956192017,-0.10543122887611389,-0.0385691374540329,0.1087152436375618,0.11461597081574515,-0.02071723956976033,-0.15025303915486762,
-0.12133659124374391,-0.07629184126853944,-0.24516701698303223,-0.15023891627788544,-0.05055336281657219,0.1171707808971405,0.10479756154165132,-0.027258488327953412,-0.14213005704236883,
-0.1331666111946106,-0.07156261801719666,-0.214831280708313,-0.18059895932674408,-0.050952836871147156,0.13954134285449982,0.09787262193085079,-0.031189086583506227,-0.13732807245966083,
-0.1493796944618225,-0.058333766460418705,-0.1540395736694336,-0.20729714632034302,-0.02252359129488468,0.16750453412532806,0.08935247326793623,-0.03559836191060912,-0.13219226614594012,
-0.10183246135711671,-0.05954498648643494,-0.022955776751041414,-0.21275661885738373,-0.014001475647091866,0.18794429302215576,0.06795465055801339,-0.04306140311723849,-0.11804265564137859,
-0.04585165083408356,-0.05502607822418213,0.06613731384277344,-0.1807986944913864,-0.0391683503985405,0.17283084988594055,0.05439006595553241,-0.04372268516373214,-0.10860275347577644,
0.0021404828876256943,-0.04886119663715363,0.16195777654647828,-0.13206283748149872,-0.05308336764574051,0.16757111251354218,0.042605025790724595,-0.04603258976081302,-0.0994014495120206,
0.06618204712867737,0.005824891850352287,0.2502768039703369,-0.09917280077934265,-0.00041935371700674295,0.1622447818517685,0.024159710314529924,-0.052649440688677086,-0.08251703838359327,
0.0854548990726471,0.028928107023239138,0.2876385927200317,-0.06222144141793251,0.022483833134174347,0.149727925658226,0.01687475968963722,-0.05439016628850875,-0.07414915777879512,
0.11107883453369141,0.043519943952560425,0.3173487186431885,-0.025403238832950592,0.03273700177669525,0.1304200142621994,0.010808316384121752,-0.05451660686473003,-0.0660615810307732,
0.17845686674118044,0.05632840394973755,0.3577507257461548,0.0443715825676918,0.012164082378149033,0.09499996900558472,0.0036593187274631188,-0.052039085190061674,-0.05180338079369804,
0.16686015129089357,0.05680724382400513,0.3627158641815186,0.09423927217721939,0.02195120044052601,0.08088520914316177,0.003463535861934677,-0.05089458556800942,-0.0463786242935664,
0.14989975690841675,0.05913364291191101,0.34592461585998535,0.12400010228157043,0.06376282870769501,0.07755625993013382,0.0057789484036526164,-0.05052330242335059,-0.041988808349431556,
0.16431516408920288,0.05406349301338196,0.29737348556518556,0.16374696791172028,0.07281771302223206,0.052987053990364075,0.01539303034003837,-0.04672759601537109,-0.03366818411737372,
0.16711366176605225,0.04958033859729767,0.2502952337265015,0.2011643797159195,0.055240847170352936,0.027487285435199738,0.022436199943680398,-0.04294668522727979,-0.029978240721630713,
0.15183081626892092,0.037619784474372864,0.23261349201202394,0.22852835059165955,0.06875639408826828,0.02009701170027256,0.030725923420508488,-0.039584676965604304,-0.027277971417855994,
0.11487574577331544,0.008836941421031952,0.09949316382408142,0.2138809710741043,0.09585405886173248,0.01949780061841011,0.05207862277639531,-0.033716364188810535,-0.023954540109283644,
0.1042632818222046,-0.011585614085197449,0.07246229648590088,0.2282620370388031,0.09046115726232529,0.014970427379012108,0.06310090013445264,-0.029488720589665066,-0.022166673948702,
0.10069633722305299,-0.030287119746208194,0.06626918315887452,0.23771625757217407,0.08979536592960358,0.014570953324437141,0.07398360334836378,-0.024946022871319626,-0.02018527191489099,
0.0965628743171692,-0.05088405013084412,0.0029083568602800373,0.2396470606327057,0.06862323731184006,5.6724995374679565e-05,0.09565245000490502,-0.01965441374039027,-0.01619013010742947,
0.08935303092002869,-0.047723397612571716,-0.05315154194831848,0.23165756464004517,0.05477479472756386,-0.018984876573085785,0.10705897977800971,-0.017800407614839548,-0.014436696282314978,
0.0861110270023346,-0.0478484183549881,-0.0751291334629059,0.2180088758468628,0.060167696326971054,-0.02877199463546276,0.11912510702349699,-0.014654407180357404,-0.013472660667137464,
0.0574383556842804,-0.05775622725486756,-0.13766266107559205,0.19204305112361908,0.06895612925291061,-0.02744041383266449,0.14210462954995032,-0.008368450933642309,-0.01325918360590603,
0.05241997838020325,-0.059844148159027104,-0.15755374431610109,0.17513197660446167,0.047650836408138275,-0.034031737595796585,0.15245067667040924,-0.0047259435692621875,-0.0129508869243125,
0.04060311317443848,-0.061117041110992434,-0.17507971525192262,0.15356037020683289,0.030673187226057053,-0.04188806191086769,0.16196803212622907,-0.001117024679679103,-0.01267263869807754,
0.0168296217918396,-0.059719741344451904,-0.21157727241516114,0.12013769149780273,0.03673187643289566,-0.03509700298309326,0.17865528276038337,0.004125810275738649,-0.014088341333856945,
0.009266047179698944,-0.06261712312698364,-0.23174715042114258,0.0850505381822586,0.04338977858424187,-0.01938435062766075,0.18559499764827178,0.006642695954157621,-0.014818206413827856,
-0.004790633916854858,-0.05987479090690613,-0.24871928691864015,0.05728708580136299,0.04046030342578888,-0.015123293735086918,0.19146018333569687,0.009210506424771002,-0.015057663639150735,
-0.003089137561619282,-0.07165068984031678,-0.24185259342193605,0.043172333389520645,-0.003015801077708602,-0.014390924014151096,0.19898980392192367,0.01369008624735765,-0.014131656355289755,
-0.023350544273853302,-0.08848190903663636,-0.24775147438049316,0.016807040199637413,-0.028116093948483467,0.006381732411682606,0.2015059793781738,0.015075011277560021,-0.014143370860541182,
-0.04264773428440094,-0.10179126262664795,-0.2755558729171753,-0.03039749152958393,-0.026118723675608635,0.03720782324671745,0.20351298281027974,0.015070782671609842,-0.014825019913391677,
-0.04916906952857972,-0.09883583188056946,-0.31369225978851323,-0.07280833274126053,-0.033575575798749924,0.0585796944797039,0.20343020983360258,0.011832185939229871,-0.015020607021875935,
-0.03729013204574585,-0.09587255120277405,-0.30861198902130127,-0.13692380487918854,-0.0563456267118454,0.06570390611886978,0.2004195535628834,0.00897402988318227,-0.013744258064410216,
-0.01882181465625763,-0.0869531512260437,-0.2875285863876343,-0.15789619088172913,-0.07765091210603714,0.05671573430299759,0.1952966523171172,0.005227211636471967,-0.012269522052701692,
-0.02587270438671112,-0.07190414667129517,-0.22011823654174806,-0.1939154416322708,-0.08504118770360947,0.0664362758398056,0.18047210425859372,-0.0037315364741451,-0.010711093678749804,
-0.01629801094532013,-0.0663848340511322,-0.21229319572448732,-0.22660574316978455,-0.058010101318359375,0.08514498174190521,0.1717682254875356,-0.009121513710487797,-0.010513860361527903,
0.009876222163438798,-0.047653988003730774,-0.16366683244705202,-0.2605610489845276,-0.042364031076431274,0.07356023043394089,0.16152805987903573,-0.014514457553549851,-0.009488115032777482,
0.09380140900611877,-0.02813759446144104,-0.09258161783218384,-0.26209238171577454,-0.06253747642040253,0.025090698152780533,0.13672713933136374,-0.022951216640356008,-0.004527514789916312,
0.09717213511466981,-0.01116384044289589,-0.016138823330402376,-0.2631576359272003,-0.04396192729473114,0.002187511883676052,0.12273845561538489,-0.03128534348157759,-0.003093630217091222,
0.13060365915298464,-0.02719763219356537,0.04770167469978333,-0.2660871148109436,-0.008075829595327377,-0.005469076335430145,0.09586277770129227,-0.03900853612931588,-0.003777704138849695,
0.142594313621521,-0.03549265563488007,0.08244085311889648,-0.2559005320072174,0.0077033997513353825,-0.023445414379239082,0.0823801384557026,-0.040028019762430866,-0.004369957460276592,
0.14501203298568727,-0.035078033804893494,0.1222455382347107,-0.22121284902095795,-0.018528737127780914,-0.04062280431389809,0.06876621251949976,-0.03968472050328575,-0.0048665855086479975,
0.1354741930961609,-0.021406491100788117,0.14834197759628295,-0.20569993555545807,-0.013535309582948685,-0.05720098316669464,0.044449281495438336,-0.03957612173797069,-0.007991267306580044,
0.13720391988754274,-0.02615182399749756,0.12189573049545288,-0.19877570867538452,0.009168138727545738,-0.06499072909355164,0.034189079536996556,-0.04038439201276346,-0.01074174676164598,
0.1326063632965088,-0.01589273065328598,0.13084532022476197,-0.1907862275838852,0.0009789182804524899,-0.06552335619926453,0.024127430235577067,-0.04052341890216906,-0.013913881150282335,
0.114312744140625,0.02557709515094757,0.18157827854156494,-0.1474432796239853,-0.03876876458525658,-0.07184837013483047,0.004990815626302898,-0.039627736253779446,-0.02057830902193337,
0.13541406393051147,0.045360714197158813,0.21369760036468508,-0.11821509152650833,-0.04316297918558121,-0.1002776175737381,-0.0031291187815946243,-0.04054465321045398,-0.024123898926219627,
0.15327327251434328,0.07127012014389038,0.20766510963439944,-0.12127772718667984,-0.0011516106314957142,-0.1363634467124939,-0.00944653877773048,-0.04310285370975099,-0.028304577139101797,
0.1419063687324524,0.08183808326721193,0.20819671154022218,-0.09025190025568008,0.0010454972507432103,-0.15593767166137695,-0.014859207275251262,-0.04528850118684052,-0.03370310472906889,
0.08216226696968079,0.0814992368221283,0.33074979782104497,-0.01681523211300373,0.0009789182804524899,-0.1839674413204193,-0.02395047173617356,-0.04636179945933249,-0.04905025888170127,
0.05068358778953552,0.06758922338485718,0.3479458570480347,0.02819219045341015,0.01462761964648962,-0.18889428675174713,-0.025388077096401708,-0.04715357371365424,-0.058624606026113454,
0.020575727522373202,0.06048029661178589,0.34492506980896,0.0688038170337677,0.024947628378868103,-0.19708648324012756,-0.024482393533766574,-0.04780477215942207,-0.06886743952104032,
-0.032911729812622074,0.029290997982025148,0.32035360336303714,0.12812574207782745,0.022351045161485672,-0.18596778810024261,-0.017059224014318676,-0.04732029029365777,-0.09034199518355024,
-0.06648118495941162,0.009586886316537858,0.2899833917617798,0.17027026414871216,0.010633135214447975,-0.17817804217338562,-0.010476995969794067,-0.04644921926035965,-0.10105852073254357,
-0.07602174878120423,-0.0077081345021724704,0.24402472972869874,0.19477134943008423,0.004774181172251701,-0.17764540016651154,-0.0021080051501390753,-0.04559630627204223,-0.11094678509546836,
-0.11196954250335694,-0.03944422900676728,0.13291922807693482,0.20329345762729645,0.024348415434360504,-0.14901642501354218,0.018713240696355892,-0.04432368256339415,-0.12985141657422158,
-0.1284924626350403,-0.055221349000930786,0.0728797435760498,0.20023082196712494,0.04159238561987877,-0.13070718944072723,0.03017242819679768,-0.04287166066277218,-0.13837698554410988,
-0.1183173179626465,-0.06564327478408814,0.016944250464439394,0.19796714186668396,0.03100631944835186,-0.10953505337238312,0.040684124397517354,-0.03925213154436981,-0.14562099333432837,
-0.12993464469909669,-0.080424964427948,-0.06833863258361816,0.18098948895931244,0.01036681979894638,-0.07664501667022705,0.05817892582740323,-0.026627022666899623,-0.15700028604190744,
-0.13078829050064086,-0.08485340476036073,-0.12417100667953491,0.1524936556816101,0.0005131232901476324,-0.05221051350235939,0.06836629314476796,-0.024665215799584316,-0.16156658708917399,
-0.13106219768524172,-0.08595332503318787,-0.16631035804748537,0.11807229369878769,0.013296296820044518,-0.03290259465575218,0.07768128929078717,-0.02340684963573031,-0.1651720850814142,
-0.11244690418243408,-0.05692941546440125,-0.22830889225006104,0.07499566674232483,0.014028665609657764,-0.013727836310863495,0.09226974434969736,-0.0217392125492749,-0.16950856670358216,
-0.12221503257751465,-0.049650534987449646,-0.2341956377029419,0.03917614743113518,-0.0195937417447567,0.007444295100867748,0.0971068190902904,-0.020425675745899066,-0.17040577581418195,
-0.1335057258605957,-0.047261169552803045,-0.2545133113861084,0.011612429283559322,-0.04449429735541344,0.024488527327775955,0.10063346977627173,-0.019866073632889142,-0.1707587722391725,
-0.12742371559143068,-0.0487766832113266,-0.261763334274292,-0.04750974848866463,-0.0358390249311924,0.045261185616254807,0.1036438901172849,-0.02306842947315188,-0.17038611512058835,
-0.12549872398376466,-0.05720951557159424,-0.28059508800506594,-0.08838927000761032,-0.031111914664506912,0.07775174826383591,0.10299993525476385,-0.025860550243792968,-0.16956849442160327,
-0.138052499294281,-0.06529042720794678,-0.24918172359466553,-0.11002745479345322,-0.0271171722561121,0.09299834817647934,0.10015995175124467,-0.028298814393699624,-0.1677780056659382,
-0.12233035564422608,-0.05307744145393372,-0.1670962452888489,-0.13419564068317413,-0.028182437643408775,0.10924363136291504,0.0897676797012837,-0.0336739287541305,-0.16057327598968876,
-0.12801432609558105,-0.05421283841133118,-0.12663756608963014,-0.15357013046741486,-0.034973498433828354,0.13680735230445862,0.083065215643281,-0.03641606003419022,-0.15603806599682538,
-0.10757615566253663,-0.04921207427978516,-0.04886071979999543,-0.16209225356578827,-0.021391376852989197,0.14839209616184235,0.06711386663245238,-0.04243339986003369,-0.14466810235578895,
-0.07569587230682373,-0.05460620522499085,-0.004485532641410828,-0.1550321877002716,-0.02798314020037651,0.147398442029953,0.057563716795883464,-0.044627949570584136,-0.1374869171746171,
-0.0659630835056305,-0.052700829505920414,0.05700794458389283,-0.1308640092611313,-0.019993655383586884,0.16644003987312317,0.04598525629585383,-0.04407354871335657,-0.12984433843896867,
-0.03801738023757935,-0.026187920570373537,0.13175146579742433,-0.12087714672088623,-0.005346268881112337,0.18388374149799347,0.028972833340930468,-0.04853183915767423,-0.11433174783653526,
-0.02024013698101044,-0.003970873355865478,0.15605658292770386,-0.10875976830720901,0.01156480424106121,0.1774255782365799,0.02121751242524424,-0.04990373698146683,-0.10527080410170098,
0.014646026492118836,0.022228530049324038,0.20098116397857668,-0.059224970638751984,0.005306375678628683,0.16524161398410797,0.013602837389672435,-0.050350257464006315,-0.09589708601165828,
0.0812822997570038,0.06930963397026062,0.3107426881790161,-0.015549128875136375,0.010566119104623795,0.15199239552021027,0.001503053702261992,-0.04982853970076781,-0.07849212749971955,
0.11259475946426392,0.06740480065345765,0.30749895572662356,0.03731461986899376,0.009101380594074726,0.13315051794052124,-0.0015002362247816584,-0.04920523738106994,-0.07053818300384755,
0.12690703868865968,0.07657686471939087,0.3556540489196778,0.08485204726457596,0.035533253103494644,0.1286231428384781,-0.0031433035582530567,-0.048745864680270604,-0.06314611177286228,
0.17685986757278443,0.09633573889732361,0.3642788410186768,0.12586472928524017,0.0888630598783493,0.1027904823422432,0.00017544340507026342,-0.04685558338334437,-0.050089112421216386,
0.2157815217971802,0.09397031068801881,0.3297899723052979,0.16361503303050995,0.10803782194852829,0.062177274376153946,0.0047847128484826175,-0.0437879148110885,-0.04396494511554805,
0.21435441970825198,0.0816645085811615,0.3157220363616944,0.22500090301036835,0.0936567485332489,0.03108486905694008,0.010821340809581564,-0.0390584543249732,-0.03888547597123686,
0.14681575298309327,0.01652408391237259,0.2518686532974243,0.2638830542564392,0.08872990310192108,0.037875931710004807,0.02926414735579162,-0.028897468713090887,-0.03307781231899511,
0.1213200569152832,-0.013511316478252412,0.16057932376861572,0.2518322467803955,0.12042152136564255,0.04100514575839043,0.041948694651607624,-0.024747950309572074,-0.03109815566944797,
0.12836066484451295,-0.024922268092632295,0.08782745003700257,0.2728046476840973,0.10430939495563507,0.029486972838640213,0.05511374450305536,-0.020345288654614994,-0.028319628052410985,
0.11156731843948364,-0.05700116753578186,0.0753024458885193,0.3040302097797394,0.08859674632549286,0.01204326655715704,0.08119119503685214,-0.00975324236516782,-0.022110872808198758,
0.1134008526802063,-0.08154337406158448,0.032271808385849,0.32367101311683655,0.07188540697097778,0.003587729297578335,0.09562643171857137,-0.005647630178065808,-0.019863060334961664,
0.09168038964271547,-0.08561657667160034,-0.013335463404655457,0.290980726480484,0.0617653913795948,0.0007914109155535698,0.10764333085302609,-0.005886853028259373,-0.018017873433798414,
0.07310901880264283,-0.10293533802032472,-0.14190430641174318,0.27426937222480774,0.048183269798755646,-0.0016720136627554893,0.13925658642511562,0.00036878184497216677,-0.01517477352697267,
0.06205059885978699,-0.10055209398269654,-0.1470125198364258,0.29071199893951416,0.011764934286475182,-0.0006778310053050518,0.15340806462602172,0.002966843425228706,-0.01387708701857425,
0.043363127112388614,-0.10058681964874268,-0.15376611948013308,0.2434408813714981,0.016159148886799812,0.004448753781616688,0.1674876204001137,0.005023278998489506,-0.012899493257704129,
0.053916054964065555,-0.06824337244033814,-0.31654412746429444,0.14969760179519653,0.03673207014799118,-0.005404942203313112,0.1955208600334106,0.006225007491444071,-0.012034538747161368,
0.05667064189910889,-0.050647133588790895,-0.2879708528518677,0.13038969039916992,0.019022047519683838,-0.01951969601213932,0.20543417479750292,0.007244612389134821,-0.011106273305153043,
0.04560205936431885,-0.042948397994041446,-0.2461427688598633,0.13431786000728607,0.001378605724312365,-0.02697654813528061,0.2130584572239729,0.00883675909201783,-0.01030175243466663,
0.013809324800968172,-0.0539253830909729,-0.21837098598480226,0.10482334345579147,0.018023362383246422,-0.006004153285175562,0.2265603794867598,0.011330429661851334,-0.011073371980097117,
-0.013780605792999268,-0.06543481945991517,-0.258078932762146,0.03125351667404175,0.028276532888412476,0.019495613873004913,0.23322909500668404,0.01246072464869876,-0.011802326956757744,
-0.021196435391902926,-0.07554440498352051,-0.3067321062088013,-0.013554167933762074,0.014028620906174183,0.022558249533176422,0.23835085972423,0.013301949586979714,-0.011346939157335673,
0.00198535043746233,-0.087026047706604,-0.27435219287872314,-0.0586947500705719,-0.035572752356529236,0.01177244633436203,0.24049217960022304,0.013682355592295081,-0.008208832357173259,
0.0017853207886219026,-0.08001696467399598,-0.28195030689239503,-0.10463427752256393,-0.02771642990410328,0.019162720069289207,0.23876917445075532,0.012625040937989988,-0.007968083094575147,
-0.013230599462985992,-0.06580633521080018,-0.2912447214126587,-0.16468855738639832,-0.011670883744955063,0.026619572192430496,0.23544263700561013,0.010869018673726078,-0.008683553858407262,
-0.02143147587776184,-0.08102005124092103,-0.2909437894821167,-0.22008231282234192,-0.023055898025631905,0.0392695851624012,0.22264151877840885,0.00767624552476423,-0.008387511976017474,
-0.0200919046998024,-0.07969592213630677,-0.2509798526763916,-0.2549031376838684,-0.0353730171918869,0.048390913754701614,0.21286788238931417,0.006076480342199181,-0.007681351968251388,
-0.015214702486991883,-0.07977627515792847,-0.2086122751235962,-0.2896574139595032,-0.043628815561532974,0.057245925068855286,0.20142271072287485,0.0038213931229090954,-0.006809598400507137,
0.030324807763099672,-0.07986164093017578,-0.16231857538223268,-0.3260095417499542,-0.026917481794953346,0.055847764015197754,0.17448624718062608,-0.0022839251887111158,-0.004808084245675481,
0.06410279870033264,-0.06241547465324402,-0.09940349459648133,-0.3162890076637268,-0.025719059631228447,0.040934063494205475,0.15868856729786943,-0.0056721116096725924,-0.0032184463648326934,
0.09621599316596985,-0.06568415760993958,-0.03878607749938965,-0.31189480423927307,-0.04089907556772232,0.028417203575372696,0.14214634978479512,-0.008186114126374593,-0.0015596183313062303,
0.16662704944610596,-0.06195154190063477,0.04053350687026978,-0.28572922945022583,-0.03643828257918358,-0.004139940720051527,0.10670860547277691,-0.01899464184443376,0.0006627174851023673,
0.1628360152244568,-0.04103758931159973,0.08518006801605225,-0.2584318220615387,-0.04083249717950821,-0.03063839301466942,0.09141445962709831,-0.021192282801561664,0.0004553445145864051,
0.15743587017059327,-0.02404523342847824,0.11866114139556885,-0.25623536109924316,-0.03004659339785576,-0.054075371474027634,0.07732031848088254,-0.02284397775808108,-0.0008667586370561272,
0.17275607585906982,-0.008866331726312638,0.1636134386062622,-0.21235977113246918,-0.034906864166259766,-0.07058696448802948,0.05130800049330702,-0.02574486068629372,-0.005872442465970333,
0.1595844864845276,-0.0015587517060339452,0.2019967317581177,-0.1903221160173416,-0.02145789936184883,-0.07245118170976639,0.03940959242352749,-0.026867029374486654,-0.009478899305556926,
0.14085121154785157,0.03550952970981598,0.18610012531280518,-0.201107919216156,-0.011004992760717869,-0.11459570378065109,0.029370416980938677,-0.028192811873933885,-0.013428273621908382,
0.18328044414520264,0.07986435294151306,0.22773170471191406,-0.1445157378911972,-0.019993159919977188,-0.1706552505493164,0.01018992230211384,-0.029500024354309762,-0.022575366608488582,
0.16675688028335572,0.06790672540664673,0.23959548473358155,-0.11735149472951889,-0.004546826705336571,-0.19562238454818726,0.0018407266215686672,-0.03005520383230975,-0.02982486206696172,
0.13882715702056886,0.05189737677574158,0.1915774703025818,-0.11242464184761047,-0.020525792613625526,-0.19182737171649933,-0.0045266919758954974,-0.03099986646988526,-0.038928139235612495,
0.04282997250556946,0.04903753399848938,0.14590266942977906,-0.0993751585483551,-0.03896818310022354,-0.1982189565896988,-0.014452332846677364,-0.03273974836351132,-0.05922768540737491,
0.03321392238140106,0.06039968132972717,0.17909393310546876,-0.0668845921754837,-0.007609461899846792,-0.21473056077957153,-0.01908396535306138,-0.035012892035921665,-0.06926800731363822,
0.04185649156570435,0.06141699552536011,0.2278632402420044,-0.020146111026406288,0.005772922653704882,-0.21799293160438538,-0.022947194912543243,-0.03762445163210029,-0.07983008328913294,
0.006625761091709138,0.037508499622344975,0.30929772853851323,0.06713899224996567,0.030340583994984627,-0.2265150547027588,-0.0258115075833465,-0.039835859386348434,-0.1028890735183833,
-0.007763653993606567,0.028759202361106875,0.3078483104705811,0.10076140612363815,0.05384298041462898,-0.22225399315357208,-0.0237409569853447,-0.04052030196480071,-0.11477329704979719,
-0.061594229936599736,-0.004398290440440178,0.24808304309844972,0.14417092502117157,0.0491158701479435,-0.19655448198318481,-0.013239099620693846,-0.0382260281951798,-0.13907856907610558,
-0.08370862007141114,-0.016553270816802978,0.22377614974975588,0.17359885573387146,0.062231939285993576,-0.17997631430625916,-0.005967169770059452,-0.03603657875458205,-0.15046526876342958,
-0.08977638483047486,-0.03755579888820648,0.15117995738983156,0.19683493673801422,0.062231939285993576,-0.16972313821315765,0.011923980694078629,-0.030369282882684454,-0.17005539843387588,
-0.09454922080039979,-0.0443049043416977,0.10502376556396485,0.21221469342708588,0.04924903064966202,-0.14495573937892914,0.022054688938821346,-0.026791384395603596,-0.17875871711940902,
-0.12025048732757569,-0.051537138223648075,0.06312652230262757,0.21760758757591248,0.04631955176591873,-0.12684625387191772,0.03272748695498196,-0.022884766093655372,-0.1870602051229895,
-0.1185470461845398,-0.05164649486541748,-0.03194203972816467,0.20549020171165466,0.03633269667625427,-0.10028121620416641,0.051791228741432604,-0.007131126708979286,-0.20049549414693693,
-0.11923981904983522,-0.056910961866378784,-0.08486511111259461,0.17979229986667633,0.042257972061634064,-0.08037112653255463,0.06284501348549677,-0.003925437915869074,-0.2058826962671347,
-0.1215105652809143,-0.0540702223777771,-0.13202010393142702,0.15901963412761688,0.040526919066905975,-0.05919899791479111,0.07321583456923574,-0.0010571145169811765,-0.21041384198659394,
-0.12974987030029297,-0.057785129547119146,-0.18657305240631106,0.12792722880840302,0.014427938498556614,-0.02298000454902649,0.09088629096538228,0.004987445910348607,-0.21663410303765163,
-0.1364472031593323,-0.05833850502967835,-0.22237145900726318,0.07446426898241043,-0.013268937356770039,-0.00893182959407568,0.0984936290766219,0.007305858747601827,-0.21838120525987645,
-0.135573410987854,-0.060699242353439334,-0.2809675931930542,0.03371790423989296,-0.032110799103975296,0.003252132795751095,0.10495772220904248,0.008371318187738466,-0.21930810628635714,
-0.16553813219070435,-0.060119217634201055,-0.29035489559173583,-0.01941215805709362,-0.024454213678836823,0.050523243844509125,0.1116371410865707,0.006944317371595375,-0.22057491975874813,
-0.1696817755699158,-0.059295231103897096,-0.3080589294433594,-0.08452644944190979,-0.014999992214143276,0.09320040047168732,0.11240501920959059,0.004952030562718365,-0.22022041309674656,
-0.15559455156326296,-0.05527576208114624,-0.3071675777435303,-0.12753649055957794,-0.0167976263910532,0.10265462100505829,0.11116500591593223,0.0028969355280179104,-0.2180199052204194,
-0.10492053031921388,-0.04356160461902619,-0.22554502487182618,-0.14424782991409302,-0.0706600621342659,0.08640933781862259,0.10166558352642666,-0.001729764050543533,-0.20942034533885148,
-0.16330081224441528,-0.04680968225002289,-0.08461039662361146,-0.1448470503091812,-0.08171217888593674,0.13860729336738586,0.08683824787628093,-0.008254104445189262,-0.2017169057784593,
-0.19327067136764528,-0.04734162986278534,-0.06393709182739259,-0.18352946639060974,-0.01693078503012657,0.20345526933670044,0.0796108773833407,-0.013626644273188692,-0.19802996646767404,
-0.17734471559524537,-0.04933326244354248,-0.05036711096763611,-0.19577999413013458,0.008036351762712002,0.22635845839977264,0.07167064912812894,-0.01866886193989737,-0.1917553223408932,
-0.09745829701423646,-0.06185768246650696,0.10779660940170288,-0.12620492279529572,-0.07778401672840118,0.24872900545597076,0.04906806766893821,-0.018094589198220108,-0.1707344258756286,
-0.07607212066650391,-0.048134544491767885,0.18982821702957153,-0.07520538568496704,-0.08943534642457962,0.26177850365638733,0.039369755136669335,-0.020841829350272217,-0.1590587565293867,
-0.03977773487567902,-0.02633481323719025,0.21574895381927492,-0.0689469575881958,-0.06626584380865097,0.2899414300918579,0.03196981928002455,-0.0260330963817538,-0.14692353941105585,
0.014574481546878815,0.018716497719287874,0.21483657360076905,-0.07041169703006744,0.013096357695758343,0.29453539848327637,0.021508205644753867,-0.03674913507869813,-0.120355209586114,
0.1149145245552063,0.04429486989974976,0.23653616905212405,-0.016682418063282967,0.0008458162192255259,0.23767688870429993,0.016190269990178217,-0.03992394001465738,-0.10524667876549604,
0.2014272689819336,0.06097900867462158,0.3218996047973633,0.07619532197713852,-0.037770017981529236,0.18168392777442932,0.010756772545839368,-0.040151659208989894,-0.09041617318847249,
0.2487724781036377,0.09469489455223085,0.41646852493286135,0.11727376282215118,0.014960705302655697,0.1494581401348114,0.008294140136705763,-0.04158980803997376,-0.06768312664324448,
0.24814455509185793,0.09544144868850708,0.3829089164733887,0.1655435562133789,0.10910344868898392,0.1151699423789978,0.012273386681216235,-0.04299863010110352,-0.05958411981355738,
0.23571572303771973,0.09163959026336671,0.37402641773223877,0.2136136144399643,0.10244554281234741,0.08427727222442627,0.017634974986486574,-0.041361240438334265,-0.05205224756798196,
0.21825377941131593,0.02824564874172211,0.3335638999938965,0.2890476584434509,0.06815734505653381,0.047592222690582275,0.03376453158841889,-0.031888453462754325,-0.03973131943972111,
0.18909828662872316,0.007121179997920991,0.25014162063598633,0.2955724000930786,0.08899658173322678,0.038803789764642715,0.04603907893296301,-0.027973490946721205,-0.03580379113190541,
0.1738532304763794,-0.019373834133148193,0.15372468233108522,0.2923766076564789,0.12488268315792084,0.029549304395914078,0.060399558118433276,-0.02488169660977244,-0.032768601582259846,
0.160829758644104,-0.05297152400016785,0.06330216526985169,0.3249337673187256,0.09891685843467712,0.013104284182190895,0.0899607040488118,-0.01615060198839053,-0.026716368476985983,
