0.0,0.0,0.0,0.0,0.0,0.0,0.0,0.0,0.0,
0.0,0.0,0.0,0.005286732688546181,-0.02172415889799595,0.01090511865913868,0.0,0.0,0.0,
0.0,0.0,0.0,0.01427490171045065,-0.012869148515164852,0.012369858101010323,0.0,0.0,0.0,
-0.008409181982278824,0.007091832160949708,0.056958848237991334,0.01767043210566044,0.019754575565457344,0.02102513052523136,0.08166104348180105,0.0063790801805929,0.0008070189537952565,
-0.01520688682794571,0.010289418697357179,0.04148720502853394,0.019401486963033676,0.011831670999526978,0.025485927239060402,0.08258504492955582,0.006971046201072726,0.0019331735268004026,
-0.01520688682794571,0.010289418697357179,0.04148720502853394,0.04037388041615486,-0.0040807174518704414,0.012702751904726028,0.08258504492955582,0.006971046201072726,0.0019331735268004026,
0.018368425965309142,0.0022879263386130335,0.05024758577346802,0.05641942471265793,-0.035905491560697556,0.0014508962631225586,0.08490897867875064,0.007454509316710287,0.004449755991039063,
-0.01570597440004349,0.017933496832847597,0.011446581035852433,0.03518071398139,-0.0062112463638186455,0.019826708361506462,0.09013935026886179,0.004759196253429796,0.004273143665187875,
-0.014039631187915803,0.032254749536514284,0.02435310184955597,0.012610426172614098,0.020952997729182243,0.03833568096160889,0.09210541939255665,0.0039939517927802485,0.005023286385777305,
0.0058756485581398015,0.0507111132144928,0.09782352447509766,0.03544703125953674,0.04572039470076561,0.019959867000579834,0.09291788762276067,0.004253290285256139,0.006926343090031632,
0.014037302136421204,0.04871912896633149,0.17351267337799073,0.06700549274682999,0.009767720475792885,-0.0014785807579755783,0.0961052557616505,0.007117438802678428,0.010380773802472812,
0.003519829362630844,0.02101678252220154,0.17396624088287355,0.12219950556755066,-0.0879702940583229,-0.014661228284239769,0.09978965095187774,0.007169242607296966,0.010215976752610503,
-0.017525456845760345,0.0017666900530457497,0.15989909172058106,0.14989638328552246,-0.06546658277511597,-0.004274899605661631,0.10527445152954634,0.004060545832790454,0.00840374304440843,
-0.0031969502568244936,-0.014425197243690492,0.10132869482040406,0.15042901039123535,-0.03983365371823311,-0.02038702368736267,0.11248932108640218,0.00022135227697132933,0.006640883771648652,
0.011172389239072801,-0.03442230224609375,0.050062823295593264,0.15595507621765137,-0.06879553943872452,-0.03403572738170624,0.12777040671096532,-0.0038112203449983044,0.003456015283022001,
0.022402732074260714,-0.05006687641143799,-0.014864292740821839,0.15475665032863617,-0.0355725958943367,-0.061466284096241,0.13566350491943027,-0.006206376885318957,0.0006025061307968353,
0.015258140861988068,-0.04510624706745148,-0.07122209668159485,0.11933661252260208,0.006172453053295612,-0.06639313697814941,0.14380985912341124,-0.007592109058661723,-0.0029882924641088477,
0.010910801589488983,-0.07061079144477844,-0.11445373296737671,0.09570105373859406,0.005040609277784824,-0.03869625926017761,0.15114523640046554,-0.006840279601183636,-0.006296498707844636,
-0.013129232823848725,-0.07430216670036316,-0.12296745777130128,0.06853681057691574,0.003442712826654315,-0.00014699995517730713,0.16157811513753106,-0.004212573892906045,-0.010138747437562283,
0.0206320658326149,-0.09625089764595032,-0.1429888129234314,0.04103966802358627,-0.0072765108197927475,-0.02105281502008438,0.16534652947295078,-0.004048720519461208,-0.010158393367713991,
0.03147424161434174,-0.0979497790336609,-0.15670858621597292,0.019526245072484016,-0.037435438483953476,-0.033319052308797836,0.16806843406472266,-0.003809954046055378,-0.010490890785845785,
-0.03162575662136078,-0.10769232511520387,-0.20981996059417726,-0.019222749397158623,0.007971457205712795,-0.00795244425535202,0.17054927209919604,-0.004480599130414179,-0.014393705475552012,
-0.05420844554901123,-0.1045441746711731,-0.20943105220794678,-0.05577463656663895,-0.021922526881098747,0.028066810220479965,0.16987539134673593,-0.004206637574741126,-0.015083922981798281,
-0.048202973604202275,-0.1154256582260132,-0.22969000339508058,-0.10577549040317535,-0.06779547780752182,0.0589594803750515,0.16784687337526644,-0.004593300712141763,-0.014460489548241324,
-0.03598158359527588,-0.10377686023712158,-0.24572761058807374,-0.13240709900856018,-0.04828782007098198,0.049305520951747894,0.16401340409488124,-0.007908637834743371,-0.01371737614603169,
0.016541559994220734,-0.0752845585346222,-0.2345533847808838,-0.15883897244930267,0.043324921280145645,0.06268790364265442,0.1511695098666343,-0.015008883769748012,-0.011404046093826992,
0.037138509750366214,-0.08044100403785706,-0.20859940052032472,-0.17568346858024597,0.05224651098251343,0.05030420795083046,0.14317830354765032,-0.015384663843905995,-0.00802490600620579,
0.009560394287109376,-0.09676056504249574,-0.18854862451553345,-0.18107636272907257,-0.006875666324049234,0.05170236527919769,0.13444439873055195,-0.014020397523557257,-0.004178372907192893,
0.06481098532676698,-0.09078169465065003,-0.13477882146835327,-0.18633610010147095,-0.030045168474316597,0.05782764032483101,0.11587516751077231,-0.015329238529008839,0.0011193227004059263,
0.123227059841156,-0.052832907438278204,-0.09150640964508057,-0.16543029248714447,0.13114266097545624,0.04198182746767998,0.10631263325503357,-0.017539853795412095,0.0034196835658625623,
0.10507209300994874,-0.04650022089481354,-0.07079144716262818,-0.19132953882217407,0.14312687516212463,0.01182152796536684,0.09742644547548021,-0.015288714639652192,0.006839176727025631,
0.14536186456680297,-0.03953054249286652,0.02819373905658722,-0.22947931289672852,0.05704020336270332,-0.040775902569293976,0.07816958870460096,-0.0029405715210381687,0.012567189863371119,
0.1712776780128479,-0.02707157135009766,0.052936404943466187,-0.22801457345485687,0.02168673649430275,-0.07419858127832413,0.06667354013337515,0.0010378027322380087,0.01183465849279028,
0.11368238925933838,-0.03810258805751801,0.12724140882492066,-0.20504480600357056,0.029676219448447227,-0.07959148287773132,0.05487531529717856,0.0030416862227568607,0.009360556481278733,
0.12725696563720704,0.002403881400823593,0.18033075332641602,-0.2005840241909027,0.04112781584262848,-0.10116308927536011,0.04368122215811913,0.004738991715377561,0.005626922269123311,
0.10226172208786011,0.020786651968955995,0.22686572074890138,-0.18740136921405792,0.028744112700223923,-0.13225549459457397,0.02292287870047069,0.009416063742468068,-0.0034080004096541613,
0.06351477503776551,0.037373635172843936,0.2780669450759888,-0.12668129801750183,0.001979344291612506,-0.15855421125888824,0.013189505188942656,0.01128552114537524,-0.009930142069944815,
0.011409817636013031,0.04481726288795471,0.3038343667984009,-0.08400414884090424,0.020022260025143623,-0.14696945250034332,0.005226728794943187,0.0119907755164802,-0.017618118792907308,
-0.0973664164543152,0.05071167349815369,0.3532155752182007,-0.05204620957374573,0.019622785970568657,-0.08025727421045303,-0.005037002579208599,0.0136617773675925,-0.03255968725602795,
-0.1272210121154785,0.0704741656780243,0.39269344806671147,-0.011436032131314278,-0.011935179121792316,-0.06634791195392609,-0.007693095688456675,0.014307816282194859,-0.03663363065770769,
-0.12292293310165406,0.06434124112129212,0.402585506439209,0.03796560689806938,0.0509154237806797,-0.06155422329902649,-0.008612886443665802,0.013685716692007794,-0.04000305586528204,
-0.12083128690719605,0.025013706088066103,0.42109117507934574,0.10893885046243668,0.07421808689832687,-0.05103473737835884,-0.008120794789785881,0.014931167257067638,-0.04365440816644374,
-0.09676938056945801,-0.048883873224258426,0.32800581455230715,0.187302365899086,-0.003146746661514044,-0.007425472140312195,0.0006755765906010529,0.021392333199478537,-0.04927385240982424,
-0.11840859651565552,-0.019467058777809146,0.2352060079574585,0.2371700555086136,-0.037301789969205856,0.018274031579494476,0.009473315490939587,0.021934143591563614,-0.05028281691375811,
-0.07520027756690979,-0.021843890845775607,0.15881909132003785,0.2552129626274109,-0.034705206751823425,0.02652982994914055,0.02066967022926645,0.020677506472435905,-0.04984000805346677,
0.015565559267997742,-0.03928253948688507,0.02392442524433136,0.24549242854118347,0.0037108934484422207,0.005823754705488682,0.046322250028327856,0.017120257693136576,-0.047793220896800416,
0.026403528451919556,-0.03778371214866638,-0.029446265101432802,0.2209913432598114,0.004110367503017187,-0.03898392990231514,0.0588605667837709,0.017293583499561095,-0.047452117711540766,
0.03979198336601258,-0.05098855495452881,-0.07373489141464233,0.20700974762439728,-0.01126938872039318,-0.05975658819079399,0.07045949767069365,0.01804561209848837,-0.048598139087955,
0.0031799379736185077,-0.08323450684547425,-0.17362135648727417,0.1837070882320404,0.002512470819056034,-0.06588185578584671,0.09135790890056535,0.018519955230612617,-0.05437923263282585,
-0.018523339927196503,-0.10501707792282106,-0.21931109428405762,0.1390991508960724,0.004443262703716755,-0.04923710227012634,0.10045320367768136,0.019708006965748644,-0.05751953428851522,
-0.043037390708923345,-0.11672377586364746,-0.24555463790893556,0.10274700075387955,-0.0255172997713089,-0.03086129203438759,0.10808237017272955,0.021268237678261845,-0.06002548564086215,
-0.04638879895210266,-0.12166785001754761,-0.26370375156402587,0.07072249054908752,-0.05814102664589882,-0.021273910999298096,0.11414008184783044,0.02146629854602124,-0.062078874009693016,
-0.049301767349243165,-0.1271252989768982,-0.30073170661926274,0.015395316295325756,-0.11187029629945755,-0.017878379672765732,0.12192941278247958,0.017763983631657067,-0.06618335928627062,
-0.04280412495136261,-0.1377082943916321,-0.30818474292755127,-0.02967868559062481,-0.10767582058906555,-0.006027312483638525,0.12324522579853754,0.01336987555002285,-0.06896360990355288,
-0.06655982732772828,-0.1403496265411377,-0.31152961254119876,-0.0696261003613472,-0.07445288449525833,0.022734828293323517,0.1227773122742822,0.00765657714289902,-0.07195904057521779,
-0.09986357092857362,-0.126161789894104,-0.3202584505081177,-0.1389348804950714,-0.032774414867162704,0.057023029774427414,0.11668757370392885,-0.0007154415546793437,-0.07372108279797722,
-0.08279229402542115,-0.0900993585586548,-0.27833688259124756,-0.1906667798757553,0.0021129967644810677,0.09211017936468124,0.10985466128146053,-0.0033558053693317886,-0.07169778804100836,
-0.04796660542488099,-0.06856334805488587,-0.24692108631134035,-0.23554104566574097,0.026148026809096336,0.08318858593702316,0.1008283082650886,-0.00517955349077616,-0.06780488193543677,
-0.04383215308189392,-0.059083789587020874,-0.21742169857025148,-0.2754884660243988,0.04372488707304001,0.08791569620370865,0.09006069941228212,-0.00582145952032161,-0.06313889576007901,
-0.048650631308555604,-0.04943141639232636,-0.09579396843910218,-0.2965945601463318,0.03866497054696083,0.09503862261772156,0.06306667271700096,-0.004066721776720119,-0.053635606040459534,
-0.035003733634948735,-0.052029365301132204,-0.037520065903663635,-0.3225603699684143,0.02741311676800251,0.0905112475156784,0.04806450557210606,-0.0029881869275359086,-0.04858525886273084,
-0.0140759214758873,-0.04982467591762543,0.0504572331905365,-0.3097772002220154,0.028212064877152443,0.06035095080733299,0.032006020235535615,-0.001876387219153624,-0.04360280957183625,
-0.008660411089658737,-0.08358349800109864,0.30679461956024173,-0.21044130623340607,0.009103884920477867,0.05569041892886162,2.6109760983868646e-05,0.0004572803709421342,-0.03644211265292922,
-0.04298568964004517,-0.08177307844161988,0.4312150955200196,-0.14126569032669067,0.013697837479412556,0.08218886703252792,-0.013086453808897126,0.001513890415230703,-0.03417808044222734,
-0.045091611146926884,-0.049345585703849795,0.5073792934417725,-0.06030558794736862,0.03407101705670357,0.10316126048564911,-0.02959760039264546,0.003379967945314367,-0.02689733591779897,
-0.056094694137573245,-0.02041454762220383,0.5482265949249268,0.04249243065714836,0.015095996670424938,0.140978142619133,-0.03339379562248066,0.005527887008206028,-0.022071802578290958,
-0.02856775224208832,0.014314773678779603,0.5284491539001465,0.11126856505870819,0.022153373807668686,0.14936710894107819,-0.03325275892260239,0.007362472022558633,-0.01598042577516302,
0.073432457447052,0.04763705432415009,0.47358012199401855,0.1811099648475647,0.04405787214636803,0.10688968747854233,-0.02347958527988289,0.01072540950294348,-0.0013281936624127393,
0.07880989909172059,0.044067907333374026,0.43893060684204105,0.24096450209617615,0.052779726684093475,0.07832728326320648,-0.014604902432614641,0.013150783089123869,0.0044834878026256955,
0.06292949914932251,0.02801470458507538,0.3843061923980713,0.27951377630233765,0.07048974931240082,0.06787437945604324,-0.0032268250822138985,0.01583169693720492,0.008815861240354097,
0.05641142129898072,-0.009374099969863893,0.2685206651687622,0.31453433632850647,0.07075607031583786,0.06301410496234894,0.024787647230862575,0.02222255655911468,0.016204271575351627,
0.07544227242469788,-0.03608159422874451,0.21262073516845703,0.34582650661468506,0.047786299139261246,0.04097645357251167,0.04091932652526657,0.025494669173386223,0.019832768161900875,
0.08870973587036134,-0.06327716708183288,0.1436982035636902,0.34868937730789185,0.024084165692329407,0.01567642018198967,0.058317903098859585,0.02804408278833279,0.0227610935525075,
0.11029831171035767,-0.0815657138824463,0.07700057625770569,0.3431633412837982,0.04106181487441063,3.03490087389946e-05,0.07623388864627938,0.029533508656259408,0.02467736712817165,
0.09301558136940002,-0.09994067549705506,-0.025678035616874696,0.3315785825252533,0.08700134605169296,0.0032261423766613007,0.10939018558154091,0.03050904462297709,0.026111632383214813,
0.09689353108406068,-0.10817643404006959,-0.07942594289779664,0.3164651393890381,0.06263342499732971,-0.0063612377271056175,0.1265978596369867,0.03433129233927214,0.02774314740961338,
0.1113890290260315,-0.11336016654968262,-0.13912771940231325,0.2893008887767792,0.010768360458314419,-0.024603892117738724,0.14337204550298624,0.03808404262827342,0.029568680719483355,
0.053259229660034185,-0.15133998394012452,-0.25781581401824955,0.2383013516664505,-0.01952509768307209,-0.015216248109936714,0.17354400921261692,0.04137168112443363,0.02912566971594583,
0.04824160039424896,-0.1711144208908081,-0.30001952648162844,0.17025579512119293,-0.013998746871948242,-0.009626955725252628,0.18580034591580624,0.041028275883757855,0.02792508332493229,
0.06251298189163208,-0.18609596490859986,-0.3164873838424683,0.11399652063846588,-0.03883272409439087,-0.017683017998933792,0.19558413674257397,0.04063148239298025,0.027267885650078937,
0.051597654819488525,-0.1996435523033142,-0.3221117734909058,0.09269122779369354,-0.055544059723615646,-0.01821564882993698,0.20290685291668017,0.04014515722810894,0.02621844465720034,
0.020140160620212556,-0.21025207042694094,-0.3671453952789307,0.03623221069574356,-0.07045776396989822,-0.01814907044172287,0.2125172455669263,0.03728667754496367,0.02163025293610122,
-0.027311280369758606,-0.2434467077255249,-0.4007308006286621,-0.01956101506948471,-0.10414674878120422,0.03591310232877731,0.2148488857257135,0.035127338300771936,0.018615030967521543,
-0.08046367168426515,-0.24527626037597658,-0.3962305068969727,-0.08554083108901978,-0.09668990224599838,0.0972323790192604,0.2150092539539644,0.03167872974749029,0.015946166993094677,
0.011600641161203386,-0.18854224681854248,-0.39031305313110354,-0.16676725447177887,-0.0660635456442833,0.09856396168470383,0.2084039307684496,0.018709109653285774,0.01590598075052172,
0.051421201229095465,-0.16811715364456178,-0.35775151252746584,-0.21343915164470673,-0.07072407752275467,0.060414183884859085,0.20076171689475075,0.01261867584587459,0.01790600547636419,
0.02250882387161255,-0.1583541512489319,-0.29712681770324706,-0.2559831440448761,-0.0974222719669342,0.0652744472026825,0.1907774087291738,0.007912487591569508,0.019037688040688592,
0.05107916593551636,-0.1319870114326477,-0.2379382133483887,-0.3198989927768707,-0.07358697801828384,0.06514129042625427,0.16605149169915648,-0.0032514656612818225,0.019512662223965627,
0.07288597822189331,-0.13948042392730714,-0.1717597246170044,-0.37362828850746155,-0.05128300189971924,0.04210495203733444,0.14984706978416046,-0.00810698133386537,0.020567994090959493,
0.08213114142417909,-0.14350134134292603,-0.0875034511089325,-0.36996641755104065,-0.0678611770272255,0.02699151262640953,0.13147908772689065,-0.011728093629059185,0.021765836724600973,
0.09641304612159729,-0.13254762887954713,-0.005429461225867272,-0.37422749400138855,-0.06892644613981247,0.015140443108975887,0.11200337230253858,-0.015231932200119837,0.02229546683766767,
0.17683590650558473,-0.09355273842811584,0.038889056444168096,-0.4107793867588043,-0.053546689450740814,-0.021145127713680267,0.07015712076036923,-0.025984096759054096,0.022336859122893554,
0.15903033018112184,-0.05881967544555664,0.13257126808166506,-0.4003264605998993,-0.0564761646091938,-0.06921518594026566,0.049686250737328894,-0.028700989046569154,0.02103275930530262,
0.16151946783065796,-0.047841173410415654,0.2392272710800171,-0.3343466520309448,-0.0396316722035408,-0.10370312631130219,0.029100019458081303,-0.031238354666134324,0.018300495586915766,
0.14220546483993532,-0.04036950767040253,0.3337946176528931,-0.273293673992157,-0.01319979876279831,-0.08719152957201004,0.01002278504206344,-0.03365918866601085,0.013743390060498071,
0.09785239696502686,0.045305320620536806,0.3907866954803467,-0.24386577308177948,0.025282880291342735,-0.09578022360801697,-0.019488252149737845,-0.03622321006213281,0.004066073380282849,
0.11405917406082154,0.0652998149394989,0.49262189865112305,-0.14033538103103638,-0.001481889165006578,-0.13399657607078552,-0.03197962914766493,-0.03551287775567068,-0.0004191835797895591,
0.1271895170211792,0.062137293815612796,0.6396565437316895,-0.017630016431212425,-0.009071932174265385,-0.15197253227233887,-0.04229315301908519,-0.03522666088979975,-0.006092685648010053,
0.0775527834892273,0.05251984596252442,0.6396990776062013,0.06080007925629616,0.07215447723865509,-0.1497088372707367,-0.047153349006041616,-0.03778612267330011,-0.02064678059242845,
0.03780685663223267,0.026816755533218384,0.6042491912841798,0.16885784268379211,0.10883952677249908,-0.14571410417556763,-0.04382998818054736,-0.0362763939359759,-0.02864230576224137,
-0.014360487461090088,-0.006104877218604088,0.5857473850250244,0.269392192363739,0.019290734082460403,-0.13512803614139557,-0.03741996514348539,-0.03191260964578499,-0.037000834559162775,
-0.05077902674674988,-0.060292744636535646,0.31135771274566654,0.30201590061187744,0.018158892169594765,-0.13379645347595215,-0.012107394034846578,-0.027784972121751923,-0.051799927627866144,
-0.06882094740867616,-0.06970734000205994,0.21595935821533205,0.3186606764793396,0.08220791071653366,-0.11681880801916122,0.0035918934080993712,-0.027458660280733686,-0.058673331164953484,
-0.08617209792137147,-0.09364843368530273,0.11667933464050294,0.3209243416786194,0.07208789885044098,-0.09171850979328156,0.02008546306792039,-0.024318091243535102,-0.06497802359151189,
-0.0962470829486847,-0.10547356605529785,0.045088341832160955,0.3179283142089844,0.0415281318128109,-0.08845613896846771,0.036702406619695004,-0.01958108132007647,-0.07000471752486127,
-0.07481712698936463,-0.1039898157119751,-0.08133494257926942,0.3025485575199127,0.015029676258563995,-0.09484772384166718,0.06679782420194313,-0.010572473661569184,-0.07809645657206911,
-0.08298455476760865,-0.11353195905685426,-0.14097585678100585,0.26233482360839844,0.0409289188683033,-0.07747060060501099,0.08255374240566027,-0.008448526287428579,-0.08257720089635004,
-0.09722862243652344,-0.1271066904067993,-0.19481849670410156,0.2241850197315216,0.055842623114585876,-0.06035979092121124,0.09711258090541712,-0.006014208223385822,-0.08654100729418078,
-0.09559560418128968,-0.13857221603393555,-0.2374342679977417,0.19781972467899323,0.02215363271534443,-0.044247664511203766,0.109969347233225,-0.0024733492919447038,-0.08925501048044913,
-0.08485334515571595,-0.13096743822097778,-0.3182293176651001,0.13470280170440674,-0.001481922809034586,-0.02513948269188404,0.13126084518279868,0.0029640760036724963,-0.0927690050759361,
-0.0753677010536194,-0.11939746141433716,-0.34825797080993653,0.06279744952917099,0.011500987224280834,-0.007895514369010925,0.1391288773096282,0.0036018132091996283,-0.09415437131609435,
-0.07764294147491456,-0.1178412675857544,-0.36289377212524415,0.008535542525351048,0.011101513169705868,-0.0030352449975907803,0.14451714527526885,0.004167752659560145,-0.09491549125003056,
-0.07696169018745423,-0.12738213539123536,-0.3499583959579468,-0.028082923963665962,-0.007141140289604664,0.0056200288236141205,0.14761239431287596,0.005398606111892053,-0.094859956584185,
-0.09594295024871827,-0.13263088464736938,-0.3672106742858887,-0.08021430671215057,-0.027048269286751747,0.03624638170003891,0.14658314507827422,0.00530535937114861,-0.09487330933889698,
-0.08769418001174928,-0.12388674020767212,-0.3823151826858521,-0.1417999118566513,-0.01313325297087431,0.05821745842695236,0.1438254209775818,0.003840049868426134,-0.09431459080557743,
-0.08698593378067017,-0.12322099208831788,-0.36015541553497316,-0.2085786759853363,-0.02664879523217678,0.06953589618206024,0.13101512354265962,-3.116852083676839e-05,-0.09018174350020453,
-0.09181636571884155,-0.12470842599868776,-0.3201075315475464,-0.2569137513637543,-0.09109750390052795,0.08884625881910324,0.12059679937926858,-0.0025900001717803823,-0.08741070889538816,
-0.07750426530838013,-0.10696690082550049,-0.24152066707611086,-0.29359880089759827,-0.08843434602022171,0.09936574101448059,0.10800806781853566,-0.007494104200339284,-0.08491553037935289,
-0.05610201954841614,-0.12145853042602539,-0.21871416568756105,-0.3526543974876404,-0.08197618275880814,0.11214891821146011,0.09440504076399496,-0.01345587466631198,-0.0818989142899632,
-0.0023004138842225076,-0.09740039706230164,0.008390678465366364,-0.37122994661331177,-0.027581116184592247,0.11354707926511765,0.057751083497489863,-0.024381836469187866,-0.07345488865811818,
0.05055131316184998,-0.08977277278900148,0.17459331750869753,-0.31936487555503845,0.02115473337471485,0.07579676806926727,0.03838985970456725,-0.027494291157183284,-0.06806809990212667,
0.0570411503314972,-0.09234970211982728,0.35488376617431644,-0.21896368265151978,-0.02964506484568119,0.08651599287986755,0.01988932523698695,-0.02766324695197741,-0.06326891922064688,
-0.009622551500797272,-0.018867971003055574,0.5849369049072266,-0.1480570286512375,-0.04642297700047493,0.11647655069828033,-0.007019122125843,-0.02852002040423366,-0.055149678455755455,
0.01301751583814621,0.02927115857601166,0.6593405723571778,-0.035738203674554825,0.0051091876812279224,0.11654313653707504,-0.015351443357453356,-0.030613049302508192,-0.049335094511021776,
0.012687644362449646,0.03889986276626587,0.745671272277832,0.09628801047801971,0.0045099761337041855,0.12426630407571793,-0.02032579384690926,-0.030710588363822258,-0.043443137482310594,
0.030103820562362674,0.0576711118221283,0.7602964878082276,0.17971153557300568,0.04425765946507454,0.11960577219724655,-0.02049898680485218,-0.030164377185208827,-0.03745047391321792,
0.11727664470672608,0.09077135920524598,0.6032807350158692,0.25707635283470154,0.09332640469074249,0.08265440911054611,-0.00691526188289483,-0.026825254167774395,-0.02513496118782178,
0.13847962617874146,0.07217242121696472,0.510906457901001,0.3340417146682739,0.08939824253320694,0.04184146597981453,0.0048716304953278595,-0.022538643908292456,-0.02030386895648009,
0.10752379894256592,0.030615076422691345,0.40580492019653325,0.37325674295425415,0.06689453125,0.03937804326415062,0.01961437944364461,-0.017909067321017883,-0.017184712976823373,
0.08015124797821045,-0.02020065784454346,0.2739526987075806,0.3741888701915741,0.08067638427019119,0.03538329899311066,0.037160459492575904,-0.013781020340960699,-0.014796970684885323,
0.08849313259124757,-0.07884135246276856,0.06545019745826722,0.36593306064605713,0.11057037115097046,0.02113538607954979,0.07505092777682638,-0.0069147421795083,-0.009711217895573773,
0.10306398868560791,-0.10790669918060303,-0.005140918120741845,0.3620049059391022,0.09252745658159256,0.004357472062110901,0.09140595818138288,-0.004420530719682812,-0.006979403712071294,
0.08639796376228333,-0.1271012306213379,-0.06858654022216797,0.34562644362449646,0.07122216373682022,0.00016299262642860413,0.10987436640453033,0.0004895975056123348,-0.0045711188265327015,
0.08338451385498047,-0.12912933826446535,-0.22806899547576906,0.29329535365104675,0.061435047537088394,-0.008425701409578323,0.14580490903761437,0.007988874930071789,-0.0012040488082493855,
0.08011652827262879,-0.1283442258834839,-0.2706712007522583,0.24775530397891998,0.04598871245980263,-0.017813343554735184,0.16153411370881518,0.010911572387770846,2.8606970965543926e-05,
0.06901211738586426,-0.13965084552764892,-0.3070884466171265,0.1967557668685913,0.023684736341238022,-0.02507045865058899,0.17532971416604295,0.013651822910846002,0.0008728034835880768,
0.04815386533737183,-0.16375008821487427,-0.3407479524612427,0.14761878550052643,-0.0037455535493791103,-0.019614066928625107,0.18715637165064836,0.015992556054363186,0.0011086736908268336,
-0.005747894197702408,-0.19560521841049194,-0.38346002101898197,0.0813060775399208,-0.013732407242059708,0.007350440137088299,0.2042990231154794,0.017973617285681098,-0.00024070121086694485,
-0.015698400139808655,-0.1905321002006531,-0.3772062063217163,0.030905749648809433,0.002646033186465502,0.021931245923042297,0.20945768504846993,0.017540533598323166,-0.0007309612446211607,
-0.020820243656635287,-0.19454615116119386,-0.38802173137664797,-0.011505089700222015,-0.024118736386299133,0.038043372333049774,0.2126432602968307,0.016759824714315703,-0.0004203715279568914,
-0.03133538663387299,-0.18954366445541382,-0.35356826782226564,-0.0366719625890255,-0.04575692117214203,0.06154576689004898,0.21324179008762562,0.01385022193571408,0.0013502608443381014,
-0.024681740999221803,-0.17292155027389527,-0.3791441202163697,-0.11563469469547272,-0.03197506070137024,0.08651290833950043,0.21156100593589944,0.010273998661784666,0.0023294781800207907,
-0.024817709624767304,-0.14561556577682497,-0.395824408531189,-0.18554267287254333,-0.01639556884765625,0.0887100100517273,0.207660091364451,0.006128447386416053,0.00408359226694941,
-0.016449610888957977,-0.12756303548812867,-0.3611360311508179,-0.21916508674621582,-0.011468721553683281,0.06986814737319946,0.2006006049420941,0.0023850928413189044,0.0069073437619687345,
0.03231877386569977,-0.14236379861831666,-0.2866811752319336,-0.254385381937027,-0.002813447266817093,0.04763075336813927,0.17981154054394727,-0.003287059906154807,0.012741879549623608,
0.015427456796169282,-0.1460445761680603,-0.2421656131744385,-0.3206315338611603,-0.02019057236611843,0.07858999818563461,0.1672539005090672,-0.0046016429761542065,0.01478196829707446,
0.02495781034231186,-0.12491904497146607,-0.24026834964752197,-0.39513346552848816,0.00038234610110521317,0.059282079339027405,0.15319954771536104,-0.0067576691850169375,0.017063186898925647,
0.10117979049682618,-0.16295112371444703,-0.08371238112449647,-0.384613960981369,0.004776562098413706,0.012277287431061268,0.1158915033829697,-0.01043944832743771,0.02271127606559702,
0.10122528076171876,-0.15578650236129762,0.002133104763925076,-0.35831525921821594,-0.054212458431720734,0.01241044607013464,0.0915521812654072,-0.013627798565674526,0.02370866322070621,
0.08606088161468506,-0.07048782706260681,0.025445696711540223,-0.3768242299556732,-0.05847351625561714,-0.015885641798377037,0.07098414929212928,-0.016599218060033994,0.023641127065565825,
0.155880868434906,-0.04611001908779144,0.06911398768424988,-0.3759586811065674,-0.06872668862342834,-0.0731436014175415,0.05232528400502805,-0.019748083404446993,0.023533180033566244,
0.18717916011810304,-0.047113391757011416,0.23835980892181396,-0.34260261058807373,-0.07738196104764938,-0.0773380845785141,0.014516572039207035,-0.02572254823456025,0.017699615777189988,
0.18351585865020753,-0.013417668640613556,0.28816914558410645,-0.32828810811042786,-0.03190848231315613,-0.07534071058034897,-0.003004352441173859,-0.029778985371813917,0.013434532605588365,
0.1567631959915161,0.04320436120033264,0.3565751314163208,-0.27941909432411194,-0.009737666696310043,-0.09145283699035645,-0.01972417857317164,-0.03277082599060978,0.009485353125844635,
0.1944390654563904,0.09978609085083008,0.6061829090118409,-0.1811484545469284,-0.020989522337913513,-0.12933631241321564,-0.04944495748251786,-0.03532325684781396,0.0009964171045603444,
0.17901092767715454,0.1208894968032837,0.6580420494079591,-0.06816460192203522,-0.02258729562163353,-0.16342619061470032,-0.05874219689135206,-0.03738865307119064,-0.005074073815468615,
0.15448306798934938,0.12661030292510986,0.6705128192901612,0.018388137221336365,-0.0015483222668990493,-0.1814025342464447,-0.06364615852244722,-0.03997763797238562,-0.01257227800213951,
0.16668325662612915,0.1111182451248169,0.67012677192688,0.11352956295013428,0.02488355152308941,-0.19571702182292938,-0.06493370419502052,-0.04276592116041749,-0.020803712698495107,
0.10947270393371583,0.029117512702941897,0.5392711639404297,0.18210595846176147,0.07055676728487015,-0.2108304649591446,-0.05530032224689056,-0.045094813326245,-0.04040480862726383,
0.040330523252487184,-0.032144528627395634,0.43554186820983887,0.23716682195663452,0.05570964142680168,-0.19857992231845856,-0.045367292839794925,-0.044011241989455496,-0.051653138972765494,
-0.020353570580482483,-0.09911286234855653,0.3611146450042725,0.279644250869751,0.04046304523944855,-0.17454488575458527,-0.03338629873665513,-0.041642029424477436,-0.06287654538256662,
-0.07512040734291077,-0.12993909120559693,0.26750595569610597,0.2899640202522278,0.0847381055355072,-0.16981777548789978,-0.019347916615221086,-0.04024663572845427,-0.07308251678428306,
-0.14502354860305786,-0.15620646476745606,0.06619243621826172,0.31320008635520935,0.08420547097921371,-0.1519746035337448,0.01177509025134448,-0.03396256567579595,-0.09101696469250027,
-0.17509380578994752,-0.15291489362716676,-0.03019254505634308,0.2942916452884674,0.04625542089343071,-0.12461061030626297,0.02349757246928588,-0.023791410535024923,-0.09840116852582778,
-0.20467302799224854,-0.15671353340148927,-0.13441497087478638,0.26439765095710754,0.04166146740317345,-0.08219976723194122,0.039537919983282745,-0.01916383034530879,-0.10531840002547983,
-0.21355140209197998,-0.14047856330871583,-0.23330476284027102,0.23856498301029205,0.05018358305096626,-0.046646565198898315,0.0682561467619411,-0.01314206802111779,-0.1148019687212543,
-0.19484071731567384,-0.12763768434524536,-0.29552755355834964,0.16859042644500732,0.03620198741555214,-0.02001495659351349,0.08071891403105808,-0.010130451853828234,-0.116815673557625,
-0.17204140424728395,-0.10519132614135743,-0.3384621858596802,0.13496801257133484,0.012832747772336006,-0.012957579456269741,0.09113226772134005,-0.007393989411663579,-0.1176287872627332,
-0.15179163217544556,-0.06700145602226258,-0.3750046253204346,0.07844241708517075,0.006441161036491394,-0.0039694104343652725,0.10592983639754401,-0.0048785687121055705,-0.11842218595944824,
-0.15672577619552613,-0.06034401059150696,-0.40543413162231445,-0.004381890874356031,0.016561172902584076,0.017602194100618362,0.11038979336520538,-0.004496640207735879,-0.1185622105182249,
-0.14924625158309937,-0.06787854433059692,-0.4030655384063721,-0.05824432522058487,0.005309317726641893,0.02612430974841118,0.11200982855135702,-0.004037771583644599,-0.11791427081239532,
-0.13983824253082275,-0.08391122817993164,-0.3889167308807373,-0.10944360494613647,-0.010869386605918407,0.03917380049824715,0.11105897982807318,-0.003672044268589197,-0.11670504868812664,
-0.1431065320968628,-0.10032579898834229,-0.3817891359329224,-0.15884524583816528,-0.026115983724594116,0.06920094043016434,0.10797803965889574,-0.003926518115174191,-0.11538442770934142,
-0.15444064140319824,-0.11813392639160157,-0.30714101791381837,-0.1973945051431656,-0.038566261529922485,0.09876202791929245,0.09457423937015434,-0.007286312463638252,-0.11100876246638265,
-0.14497179985046388,-0.11526230573654175,-0.26164143085479735,-0.2552516460418701,-0.04901916906237602,0.13251759111881256,0.08499427200415803,-0.010337699016539912,-0.10726811443356894,
-0.12591145038604737,-0.10960041284561158,-0.19073090553283692,-0.3022555112838745,-0.0510832741856575,0.1660752296447754,0.06108005285629741,-0.017501123546914354,-0.09687682685937765,
-0.07254948616027833,-0.10589661598205567,-0.0791266679763794,-0.28394627571105957,-0.07611699402332306,0.148698091506958,0.045753461600067595,-0.021343470170359775,-0.08946768615920273,
-0.03738568723201752,-0.10835655927658082,0.03662654161453247,-0.2648380994796753,-0.10973940044641495,0.15928415954113007,0.027940556537677942,-0.02460788019836369,-0.08158674377893395,
-0.008802706748247147,-0.07938497662544251,0.18963638544082642,-0.27768784761428833,-0.049418799579143524,0.19390526413917542,-0.000949668272386607,-0.035222304112533326,-0.06682696558551485,
0.04987936019897461,-0.05365655422210694,0.3368301153182984,-0.19945748150348663,-0.03530404716730118,0.19070947170257568,-0.016147907725902508,-0.03827625721320388,-0.05727307068223711,
0.10066878795623779,-0.023104892671108247,0.5499323844909668,-0.08241154998540878,-0.07265488803386688,0.17020311951637268,-0.030236098675422558,-0.03859473766642235,-0.04729585009010443,
0.16980769634246828,0.020959870517253877,0.6798175334930421,0.01605883426964283,-0.028912458568811417,0.14943046867847443,-0.04012271485132611,-0.039974618195800636,-0.037721469482988115,
0.2673635959625244,0.10395961999893188,0.7879521369934083,0.1406947821378708,0.07029028981924057,0.1119464784860611,-0.04593485638803741,-0.042923649064081644,-0.021097080632837932,
0.2888185501098633,0.12312003374099732,0.7428804397583009,0.23796673119068146,0.11463192105293274,0.06281115859746933,-0.04159434392693006,-0.040126595237276436,-0.015004512434098023,
0.28219645023345946,0.11820745468139648,0.6592726230621339,0.3273823857307434,0.12634983658790588,0.009814251214265823,-0.03281969806037253,-0.034763800024328335,-0.010906884116793868,
0.2438612699508667,0.08559930920600892,0.544157600402832,0.37565216422080994,0.13207562267780304,-0.015219464898109436,-0.01979948312767386,-0.028547193317613736,-0.008852413648180147,
0.10701602697372437,-0.00333491712808609,0.2587942123413086,0.39449402689933777,0.1276814043521881,-0.012689461931586266,0.015854077494932756,-0.015400420517803833,-0.00914314254289863,
0.07090141773223878,-0.043502339720726015,0.15107011795043945,0.39675772190093994,0.11023770272731781,-0.006630769930779934,0.03575587844583945,-0.008646953681354182,-0.009372120738327381,
0.055243462324142456,-0.07935789823532105,0.06172972917556763,0.4030161499977112,0.0975876897573471,-0.0013710265047848225,0.055836363301490104,-0.0024373782369003696,-0.009048463455207984,
0.035094767808914185,-0.13365342617034912,-0.10723668336868286,0.38284268975257874,0.07774714380502701,0.013675833120942116,0.0943491748201893,0.006923093471026246,-0.006991445656377396,
0.02621634602546692,-0.14265087842941285,-0.19779341220855715,0.33603763580322266,0.051847901195287704,0.024927688762545586,0.1144231244592267,0.010941390912648254,-0.0052693804595085525,
0.027745851874351503,-0.1389963746070862,-0.27505097389221195,0.2731870412826538,0.04079578444361687,0.022996896877884865,0.13311879173455318,0.013561433556589097,-0.003034351204635597,
0.030412697792053224,-0.12488785982131959,-0.32995922565460206,0.21872539818286896,0.027546556666493416,0.009814251214265823,0.1496943093585087,0.015323061215443315,-0.0007853530055690783,
0.045183423161506656,-0.12291206121444703,-0.3406311273574829,0.16859139502048492,0.013831275515258312,-0.005299189127981663,0.17515274487098006,0.017569323750368935,0.0024637819950198057,
0.03591722846031189,-0.1438368797302246,-0.34765162467956545,0.1295093595981598,-0.008139780722558498,-0.001371284481137991,0.1847697293832937,0.01850221792799494,0.0029775789858972877,
0.02408406585454941,-0.16012065410614015,-0.3528018951416016,0.08303719758987427,-0.02165532298386097,0.008482412435114384,0.19274879489721483,0.01894166336176738,0.0029839292669005127,
0.0074560590088367466,-0.1611183524131775,-0.36193194389343264,0.045952681452035904,-0.013332945294678211,0.021997954696416855,0.2034369237789338,0.0174571576847316,0.002353907863769125,
0.0004156974609941244,-0.1635947108268738,-0.38171885013580326,-0.029015306383371353,-0.020257163792848587,0.04976140707731247,0.20602064368007955,0.016236801094569885,0.002742358843023062,
0.02181762158870697,-0.1617752552032471,-0.38391659259796146,-0.07788431644439697,-0.037700869143009186,0.04550034925341606,0.20635742814661856,0.01443311051646904,0.003992557502832344,
0.02881234884262085,-0.15416674613952638,-0.37093577384948734,-0.12142699956893921,-0.032707441598176956,0.04436850547790527,0.2043866740382332,0.011960023077925697,0.0052045665680102125,
