0.0,0.0,0.0,0.0,0.0,0.0,0.0,0.0,0.0,
0.0,0.0,0.0,-0.00035244578612037003,-0.0005615318659693003,-3.423076122999191e-05,0.0,0.0,0.0,
0.0,0.0,0.0,0.0001136074133682996,-0.000494952779263258,0.0002986639738082886,0.0,0.0,0.0,
0.0,0.0,0.0,-0.0001527087006252259,0.0003039955336134881,0.00103103369474411,0.0,0.0,0.0,
-0.0014571357518434525,-3.8737029535695916e-05,0.010499272495508194,-0.0001527087006252259,-0.000494952779263258,9.892694652080536e-05,0.007235337055736745,0.012802923204552218,2.6218399816634195e-05,
-0.0014571357518434525,-3.8737029535695916e-05,0.010499272495508194,4.702838486991823e-05,-0.00042837377986870706,0.0009644543752074242,0.007235337055736745,0.012802923204552218,2.6218399816634195e-05,
-0.0013665631413459778,-0.0006837678607553244,0.009632410109043123,-0.0006853409577161074,0.0002374165051151067,9.892694652080536e-05,0.0072322669337222725,0.012796734054063088,2.2416448194680547e-05,
-0.0019378568977117538,-0.0004887952003628015,0.008604752272367478,4.702838486991823e-05,3.767941961996257e-05,-3.423076122999191e-05,0.007249001633539482,0.012862379902840547,5.231126458014046e-05,
0.0014669203199446203,-0.0014582956209778786,0.010757392644882202,0.0004465025558602065,0.00037057456211186945,0.001896561123430729,0.007255393849535511,0.012833905533737212,6.445935552576998e-05,
0.00028852003160864117,-0.000730765238404274,0.010528296977281571,-0.0006187618710100651,0.002567682648077607,0.02486632578074932,0.007241859691786597,0.012831548763688604,5.8405173524612845e-05,
-0.04573780298233032,0.012560679018497467,0.015064899623394013,-0.0005521829007193446,-0.0008944269502535462,0.09157851338386536,0.007314752362879252,0.01293720513470386,0.0007001383476679261,
-0.06261543035507203,0.0016687331721186639,0.019331134855747223,-0.0004190248146187514,-0.000494952779263258,0.1460401564836502,0.007394222279371522,0.013008045781465727,0.003033053996835062,
-0.05070151090621949,0.00429789163172245,-0.006904631108045578,-0.0004190248146187514,0.0021016295067965984,0.19144704937934875,0.007541071765256338,0.012753534964830617,0.007979306408902589,
-0.03509528934955597,-0.07440425753593445,0.007874423265457153,0.0012454508105292916,0.006629003211855888,0.18425650894641876,0.008463758930671132,0.012717204717189375,0.031716526823701706,
0.01738007962703705,-0.06759492158889771,-0.00031479955650866033,-0.002216658554971218,-0.0014270591782405972,0.09191141277551651,0.008623444263179453,0.012587958725494768,0.04138186913241526,
0.01094588413834572,-0.03932692706584931,0.01092706248164177,-0.0013511312426999211,-0.003291271859779954,0.07460086047649384,0.008730145852998791,0.012516034161345991,0.04624940485176702,
0.009319653362035751,-0.049631339311599736,0.010174791514873506,-0.0001527087006252259,-0.0005615318659693003,0.07526665180921555,0.00884675245791935,0.012395138705679107,0.05025392491589232,
-0.036352208256721495,-0.007093277573585511,0.028234681487083437,-0.0006187618710100651,0.00037057456211186945,0.09490746259689331,0.009076293724631776,0.012250320629419775,0.05785251316898028,
-0.03466828465461731,-0.08166974782943726,0.028619742393493654,0.0006462396122515202,0.0006368906470015645,0.0978369414806366,0.009263712713635292,0.012143881704758107,0.06266786125847001,
-0.02360275387763977,-0.06812004446983337,0.012987652420997621,4.702838486991823e-05,0.002035050420090556,0.1002337858080864,0.009298893365283837,0.012105167725093563,0.06768551405195378,
-0.011574317514896394,-0.03991707265377045,0.014828193187713624,-0.00035244578612037003,-0.0002952157228719443,0.0985027328133583,0.009653837014560634,0.012104496760390417,0.07639899930716389,
0.012623779475688934,-0.033619508147239685,0.017406420409679414,-2.2617692593485117e-05,0.0007051125867292285,0.07858826220035553,0.009898776253834916,0.01202772553514025,0.08246873778012266,
0.04310654699802399,-0.028558495640754702,0.008333487063646316,0.00070975162088871,3.932233084924519e-05,0.04576480761170387,0.010037277038823306,0.012000605950366786,0.0866491846896566,
0.04170455038547516,-0.02377092242240906,0.01929159164428711,-0.001953409519046545,0.0016372189857065678,0.025924257934093475,0.010141684643509346,0.011910447574205198,0.08965266101215066,
0.01956690698862076,-0.010520255565643311,-0.004964784160256386,0.0009094887063838542,-0.00016041475464589894,0.020398195832967758,0.010241107245199608,0.011807189376163861,0.09250426916706829,
0.013897375762462617,-0.002212580852210522,-0.011332765966653825,0.0015086999628692865,0.002036693273112178,0.037042953073978424,0.01031078138181863,0.011622973612143593,0.0937165916289912,
0.003925824165344239,0.02576102912425995,0.040194508433341984,-0.0004220918635837734,0.004766433499753475,0.02745557576417923,0.010342165023324842,0.011485084011054698,0.09555643362368606,
0.03819085359573365,0.03034566938877106,-7.50069331843406e-05,0.0019747531041502953,0.0028356416150927544,0.027122680097818375,0.010461458240988238,0.011533670377208807,0.09850993655633897,
0.05347745418548584,0.03163265585899353,0.00534733310341835,-2.2617692593485117e-05,0.0035680108703672886,0.005151598714292049,0.0105510424718066,0.011531095241450146,0.09974285199369486,
0.05101151466369629,0.03802401423454285,0.02208819091320038,0.00070975162088871,0.0019035350997000933,-0.01515500433743,0.010695234429861703,0.011319915141242379,0.10021299848012054,
0.023520763218402865,-0.008523140102624893,0.014974533021450043,-0.0010878820903599262,0.0065640672110021114,-0.048045042902231216,0.010993306125901426,0.011034111569399764,0.09834436378180271,
-0.025422197580337525,-0.0003326457925140858,0.004139490798115731,-0.008278417401015759,0.03519304841756821,-0.04265214130282402,0.010715339720556192,0.01163847675398685,0.09571699869455459,
-0.016750843822956087,0.004187560454010963,0.013504564762115479,-0.01606816239655018,0.06029334291815758,-0.05070820450782776,0.010259218520459483,0.013274358953722304,0.09352285161574538,
-0.011461914330720902,-0.018560948967933654,0.016431637108325958,-0.014470267109572887,0.10669892281293869,-0.06508927792310715,0.008555936585270077,0.02029100309746927,0.08829806083453294,
-0.017463606595993043,0.024319887161254883,0.05703276991844178,-0.013205265626311302,0.12167920172214508,-0.03745897859334946,0.007561224361924318,0.025969887853309715,0.08534940848383915,
0.017327578365802766,0.03303223252296448,0.012919707596302033,-0.009743155911564827,0.10430207848548889,-0.03333108127117157,0.006654876677655445,0.03196116788307138,0.08339700972234039,
0.03121611475944519,0.0256340354681015,0.022770269215106966,-0.005881572142243385,0.09717812389135361,-0.038590822368860245,0.005926478907038521,0.037530366723205755,0.08179443440589888,
0.005153640732169152,0.012672975659370422,0.024612128734588623,-0.0030852530617266893,0.056897811591625214,-0.038657400757074356,0.004888402228869987,0.04724903506555316,0.07805157580056235,
-0.008794406056404113,0.005665833875536919,0.014378494024276734,-0.005748414434492588,0.09910891205072403,-0.03626055642962456,0.004460980909196772,0.050388320385837015,0.07606650065009717,
-0.009884536266326904,-0.002344227582216263,0.013168978691101075,0.002307648304849863,0.07500730454921722,-0.033530816435813904,0.0039099765607794575,0.054718125901396346,0.07421275697163254,
0.00856253206729889,0.015932947397232056,0.007824044674634933,0.0030379730742424726,0.04171888902783394,-0.03007359802722931,0.003466533382794014,0.05993481532411062,0.07228886941845482,
-0.02752034664154053,-0.007370246946811676,0.014470015466213227,0.000574548845179379,0.03925546631217003,-0.011431468650698662,0.00311019110947314,0.06477062193319688,0.06941148785142812,
0.001058140676468611,-0.02088325321674347,0.010041166096925735,-0.0010899268090724945,0.04418231174349785,-0.017090685665607452,0.0029827016464517775,0.06666526450189156,0.06880355301204485,
0.006121952459216118,-0.0009535778313875199,0.013290956616401672,0.0003082327311858535,0.04597994685173035,-0.02887517586350441,0.002748905428991334,0.06875547996601684,0.06814436173459065,
0.01984572559595108,-0.03035348653793335,0.030687722563743594,0.0011737601598724723,0.05044074356555939,-0.036664921790361404,0.0021265731347214207,0.07339709449408194,0.06543269423004196,
0.015094853937625885,-0.012749768793582916,0.054402828216552734,0.0006411278736777604,0.07201234996318817,-0.04691809043288231,0.001722493066122133,0.07611080106396914,0.06348579196752996,
-0.0009968815371394159,-0.016792629659175873,0.033671849966049196,0.0003082327311858535,0.060227859765291214,-0.0565054714679718,0.001253823388993565,0.07967491349824023,0.06113504990094075,
0.003900369629263878,-0.017448617517948153,0.017478074133396148,0.0020392874721437693,0.0529041662812233,-0.06469468772411346,0.0005156175466965758,0.08311191925657292,0.05834622851653993,
-0.009766143560409547,-0.023082250356674196,0.053161054849624634,0.005368238780647516,0.025939660146832466,-0.066092848777771,-0.0011939984466381678,0.08833437788180706,0.05144222828048031,
-0.013506662845611573,-0.011368968337774277,0.09653118252754211,0.016287200152873993,-0.0033551128581166267,-0.06149889901280403,-0.0018940435258929555,0.0897403187616495,0.047905379093605975,
-0.007314693927764893,-0.007114069908857346,0.10356625318527223,0.05670066922903061,-0.02386145293712616,-0.06283047795295715,-0.0023140830470619995,0.0897470849715712,0.04463810821248641,
-0.025616151094436646,-0.01333111971616745,0.11838469505310059,0.0951167643070221,-0.016005128622055054,-0.051112569868564606,-0.001415069993120177,0.08896108191830805,0.04130656194910121,
-0.02723733186721802,-0.011513370275497438,0.15161391496658327,0.13093627989292145,-0.044234637171030045,-0.03832939639687538,0.006337748243064086,0.086822713838363,0.03573122286239183,
-0.007978258281946182,-0.013430650532245637,0.13792693614959717,0.130669966340065,-0.1323852688074112,-0.032270703464746475,0.012583686823082687,0.08397734233369947,0.03370852115257416,
0.0011494682170450688,-0.023357562720775604,0.12882726192474367,0.1450510323047638,-0.1143423467874527,-0.02694438397884369,0.018834154502642614,0.0783582283972221,0.03169739676952648,
0.01919069141149521,-0.041200652718544006,0.076193767786026,0.16109658777713776,-0.049228064715862274,-0.02894175425171852,0.03254917298452648,0.06678085823239029,0.027851422621589312,
-0.09799865484237671,0.004714873805642128,-0.08151670098304749,0.18812766671180725,0.2472483515739441,0.019194886088371277,0.04040925978753149,0.06438814904950176,0.026107652898891037,
-0.0913255512714386,0.009874605387449265,-0.04146297574043274,0.08240017294883728,0.10243895649909973,0.047024916857481,0.05030385131388916,0.07346055068482586,0.027719887166811064,
-0.039701429009437565,0.04635642766952515,0.00824897140264511,0.02607431635260582,0.003968580160290003,0.017863303422927856,0.05869130761951592,0.0831022878177021,0.03132452307354912,
0.035738638043403624,-0.012428473681211472,-0.00492977797985077,0.001241200021468103,-0.022397177293896675,-0.01941889151930809,0.0633923897619918,0.08575410374527398,0.03453055877706998,
0.0466342955827713,-0.03938113749027253,0.03905114829540253,0.014690163545310497,0.027004461735486984,-0.06715606153011322,0.06293574666461664,0.08475502261874698,0.03274404738635239,
-0.00371551513671875,-0.03098547160625458,0.0605507493019104,0.02893807552754879,0.04498080164194107,-0.0802721232175827,0.06258243379130816,0.0878870845459794,0.026378220093693727,
0.014661723375320436,-0.033116054534912114,0.041156455874443054,0.032932817935943604,0.048908963799476624,-0.10424058139324188,0.06304980573926841,0.09097934592499836,0.022691533523054534,
0.02477703094482422,-0.03519678413867951,0.0445081502199173,0.030003340914845467,0.022543666884303093,-0.12314902245998383,0.06359055578198725,0.09481992621304933,0.018315116394764176,
-0.03597341179847718,-0.016119331121444702,0.019315612316131592,0.057433903217315674,0.03799000009894371,-0.11555901169776917,0.06323899803642337,0.09994969609490947,0.006193782353150428,
-0.08612601757049561,0.015947844088077544,0.024678200483322144,0.07061655074357986,0.0349273681640625,-0.07621079683303833,0.06412399509750819,0.1028911347233039,0.00032001874792260626,
-0.03872781097888947,-0.021429669857025147,0.05459663271903992,0.07780708372592926,0.016418397426605225,-0.08486607670783997,0.06616368234576019,0.10601312628803655,-0.004027557732381916,
0.011129265278577806,-0.028384298086166382,0.03017007410526276,0.10230816900730133,-0.005952156148850918,-0.09844820201396942,0.07142097999472836,0.1095739288680215,-0.012513289454900208,
-0.028751546144485475,-0.005775085464119912,-0.002671846002340317,0.11455871164798737,0.0011717999586835504,-0.07381395995616913,0.07480301927158224,0.1105250553124534,-0.017699468309251485,
-0.03194526433944702,0.005324417352676392,-0.000789044238626957,0.11968529224395752,-0.013142690993845463,-0.07447974383831024,0.07889678417665837,0.11169979503315065,-0.022127780108784773,
0.06617096662521363,-0.06473706960678101,-0.00624665804207325,0.11755476146936417,-0.038642458617687225,-0.1091674268245697,0.08812085979890587,0.11249586717852608,-0.030497418950516598,
0.007787773758172989,-0.012086337804794312,-0.019422096014022828,0.1051044836640358,-0.036844827234745026,-0.0880618691444397,0.09214709709777148,0.11231205417762814,-0.03653207447038866,
-0.04808980524539948,0.009023985266685486,-0.015113656222820283,0.09045709669589996,-0.03917509317398071,-0.06382710486650467,0.09586255949979343,0.11219090827477816,-0.042340302999905474,
0.024023038148880006,-0.04272628724575043,0.009825909137725831,0.06941812485456467,-0.023462440818548203,-0.07208290696144104,0.10218793489467051,0.1100727886367,-0.05099648386138311,
-0.0045838732272386554,-0.04637680947780609,0.044817718863487246,0.09864632040262222,0.010958917438983917,-0.04465234652161598,0.10282032645933047,0.10878286148097074,-0.055877028062661635,
-0.031034341454505922,0.003496804088354111,-0.022909203171730043,0.06016364321112633,0.058296605944633484,-0.007967299781739712,0.11047682105994427,0.11138591079280818,-0.06056957583782392,
-0.05754567980766297,0.06384161114692688,-0.004655374214053154,0.03259992599487305,0.04498080164194107,0.0071461396291852,0.11435096055900598,0.11413234659292167,-0.06055590208515401,
0.01156700998544693,0.032254192233085635,0.03954422175884247,0.018816718831658363,0.04358336329460144,-0.014162366278469563,0.11876869474219963,0.11889305414217477,-0.05848657285464248,
-0.08204835057258607,0.12847700119018554,0.09296520948410035,0.030001996085047722,0.016951749101281166,0.04689060151576996,0.11974719513831578,0.12135984746718428,-0.058437733153659605,
-0.11026473045349122,0.13389935493469238,0.15500105619430543,0.10636813938617706,-0.018135398626327515,0.11886253207921982,0.12113189286771357,0.12224706903221107,-0.056965820854637174,
-0.04397395551204682,0.11823376417160035,0.22932393550872804,0.17028401792049408,-0.04723043367266655,0.14842361211776733,0.1342134001970221,0.1171747382839941,-0.046811664833463364,
-0.03017587959766388,0.08499215245246888,0.18144291639328003,0.16429190337657928,-0.04969385638833046,0.13637280464172363,0.1447653001005341,0.11202159941976439,-0.040644150508497276,
-0.0031599998474121094,0.09789061546325684,0.12360174655914308,0.16449163854122162,-0.03098515048623085,0.10714462399482727,0.15528684395352763,0.10621509199574411,-0.0349430551792139,
-0.0038386769592761993,0.07264637351036073,0.10875375270843507,0.161961629986763,0.016086222603917122,0.09243065863847733,0.17467007003309337,0.09808075248673585,-0.025868503730536695,
-0.04494486153125763,0.06579580307006837,0.12092888355255127,0.20210878551006317,0.014222010038793087,0.12305701524019241,0.18373570191940672,0.0959785856684642,-0.02180130258113585,
0.05389193296432496,-0.0047156218439340595,0.1291932225227356,0.21269485354423523,-0.06460756063461304,0.11866279691457748,0.2064379943101352,0.09014250028019188,-0.011274873200977394,
-0.010240056365728379,0.026010316610336304,0.10849707126617432,0.205837219953537,-0.0782562643289566,0.14429572224617004,0.21820327766368336,0.08447584811365104,-0.008002768428519621,
-0.042770823836326605,-0.00749766081571579,0.07652963995933533,0.2168227583169937,-0.027722777798771858,0.12818358838558197,0.24067253507259104,0.06930301184115582,-0.0023544349169044823,
0.01718294769525528,-0.06082659363746643,0.07479026913642883,0.25137725472450256,0.0003735721402335912,0.08071275055408478,0.25184059954501903,0.06278716943042949,0.0011527980243611878,
-0.04559117257595063,-0.026912063360214233,0.04296609163284302,0.27647754549980164,0.007564107421785593,0.09795671701431274,0.27592675731662997,0.056144718182744954,0.007029809742063423,
-0.044224625825881964,-0.04795196950435639,0.05277366638183594,0.29345521330833435,-0.01314197015017271,0.10388225317001343,0.2897055576215854,0.053245837379720266,0.010332135880110924,
-0.0423326462507248,-0.07917666435241699,0.04213448166847229,0.3005125820636749,-0.02545909211039543,0.11373595148324966,0.3023783617180491,0.050151721142892604,0.012934268914400427,
-0.04432328641414643,-0.11091881990432739,-0.026975372433662416,0.30131152272224426,-0.02292908914387226,0.12438859790563583,0.33332561922436355,0.039483360443211435,0.017433658772868517,
-0.021705952286720277,-0.14816946983337403,-0.009177201241254807,0.31262996792793274,-0.06960099190473557,0.14669255912303925,0.3485862105604596,0.03370702782634536,0.019966569115958066,
-0.022606515884399415,-0.19330294132232667,-0.11640260219573975,0.2630285918712616,-0.07113230973482132,0.13570702075958252,0.38005504280495617,0.018092259812134356,0.020410509434220438,
0.005548505857586861,-0.22219810485839844,-0.135761296749115,0.23180194199085236,-0.0557519756257534,0.09762124717235565,0.3939737375791157,0.01003127842648981,0.0193581384532943,
0.013892632722854615,-0.2551086664199829,-0.14238522052764893,0.2200174629688263,-0.04629775136709213,0.07331990450620651,0.41794957499607344,-0.0015783812178570948,0.01685790182343428,
0.03185863494873047,-0.26363530158996584,-0.16908379793167116,0.18000346422195435,-0.040771692991256714,0.03383854031562805,0.42895896576066556,-0.00554242445716829,0.01553774368096228,
0.04400910139083863,-0.29885525703430177,-0.18103699684143068,0.1334647238254547,-0.02492588199675083,-0.00018334388732910156,0.4387829212380996,-0.00830931707606712,0.014119905760923344,
0.0477556437253952,-0.3076478481292725,-0.21111664772033692,0.07960229367017746,-0.011543497443199158,-0.028679165989160538,0.44688811278189416,-0.00949605712059563,0.012573206889940201,
0.05389052629470825,-0.34662914276123047,-0.2539850234985352,-0.01207702700048685,0.004968101624399424,-0.05817367509007454,0.4560565740708103,-0.00727537123218168,0.010847952461100777,
0.019509796798229218,-0.3323042392730713,-0.2670312881469727,-0.118736632168293,0.005167838651686907,-0.052447881549596786,0.4565416292080931,-0.004550880547753564,0.010710915203171507,
-0.014193835854530336,-0.32891962528228763,-0.3119340181350708,-0.23471730947494507,0.021213384345173836,-0.06796079874038696,0.45326578950482554,-0.0017183622323539826,0.010177075135300681,
0.004618271812796593,-0.3339250564575196,-0.2413743257522583,-0.35435980558395386,0.06555502116680145,-0.1109042689204216,0.4317018146798588,0.005362591448124123,0.011119400719220036,
-0.07559896111488343,-0.3199997425079346,-0.171730637550354,-0.40542593598365784,0.0706150233745575,-0.08287449926137924,0.41496995779795887,0.011439245215224556,0.012608502889528398,
-0.09590672850608827,-0.18125777244567873,-0.06293615698814392,-0.4694749712944031,0.07960319519042969,-0.051648933440446854,0.37471672668408695,0.02228637765195688,0.016252956785547133,
-0.05935178399085999,-0.1828019380569458,0.060444611310958865,-0.3991009294986725,0.06156027317047119,-0.06616315990686417,0.35113373962704414,0.026497292080523486,0.018572239057655714,
-0.09537851214408875,-0.09244436621665955,0.01981526166200638,-0.4146804213523865,0.07281213253736496,-0.04878603294491768,0.30903109987974653,0.03521868601333052,0.020935686609728856,
-0.06917749047279358,-0.062112253904342656,0.016450829803943634,-0.4689423143863678,0.09484979510307312,-0.061103153973817825,0.2885026221589067,0.03971395725416373,0.022199984117284702,
-0.06392245888710023,-0.032352533936500553,0.13366611003875734,-0.3937080204486847,0.11056244373321533,-0.062301576137542725,0.2644243103405529,0.04544326546165898,0.023508445856297855,
-0.18886510133743287,0.07235825061798096,0.24908292293548584,-0.32593056559562683,0.10623480379581451,-0.009437828324735165,0.2417916858419609,0.05165442447186581,0.024594025568107095,
-0.3448813438415528,0.23196897506713868,0.271230411529541,-0.30562397837638855,0.14658169448375702,0.06892568618059158,0.20758119967633998,0.06150375810240936,0.03011511791009372,
-0.3009162664413452,0.32269432544708254,0.32977530956268314,-0.21793939173221588,0.19312043488025665,0.08776754885911942,0.1929306684564552,0.0648987439876004,0.036107161687158794,
-0.16939054727554323,0.36810653209686284,0.4339122295379639,-0.06820158660411835,0.19278670847415924,0.13777212798595428,0.17310622583523133,0.0759172598407599,0.053691019193325695,
-0.08012357950210572,0.34534692764282227,0.35960211753845217,-0.038707081228494644,0.12354451417922974,0.18377824127674103,0.1709204108470556,0.08159753514434076,0.06451830842568435,
0.1560426712036133,0.20899462699890137,0.34002218246459964,0.06036251410841942,0.029468348249793053,0.19289956986904144,0.17274499100358448,0.08462637762967641,0.08765430740942648,
0.17924137115478517,0.13628143072128296,0.3070433855056763,0.11176152527332306,-0.024993296712636948,0.1649363785982132,0.1769097941994366,0.08173540816592055,0.09780554847942304,
0.2168513536453247,0.02578396797180176,0.2124406099319458,0.13939182460308075,-0.06487414240837097,0.11533500254154205,0.19061987258017377,0.07135262793403957,0.11217105981500998,
0.1679192066192627,-0.006664961576461792,0.18060904741287231,0.16276106238365173,-0.07752415537834167,0.0963599756360054,0.19817681846074164,0.06534032256621886,0.11595827495234477,
0.06544975638389587,-0.04771542549133301,0.11440545320510864,0.17048422992229462,-0.08198495209217072,0.08444233238697052,0.21491801135901548,0.05308977440869728,0.11962909297177342,
0.02420066595077515,-0.057879048585891726,0.10948251485824585,0.20277506113052368,-0.07532703876495361,0.08677259832620621,0.22367992455870986,0.04710119388868745,0.12041178868111371,
0.00673019289970398,-0.07804970741271973,0.09186611771583558,0.21715612709522247,-0.06913518905639648,0.08317732810974121,0.23284672727741162,0.041178701315128824,0.12097231865904258,
0.05464141368865967,-0.135780668258667,-0.05341260433197022,0.1931876838207245,-0.07146546244621277,0.06340336054563522,0.2527381590568617,0.029840271997877386,0.12190014081537986,
0.04953122437000275,-0.17219617366790774,-0.10512384176254273,0.17001818120479584,-0.054288070648908615,0.042897019535303116,0.2628987833776246,0.024815667048205637,0.12163610263699494,
0.04843590557575226,-0.1881337642669678,-0.1567200779914856,0.15317368507385254,-0.031784359365701675,0.020126990973949432,0.2722779960085543,0.020507606948799908,0.12094215172367516,
0.0671533226966858,-0.23721539974212646,-0.215972900390625,0.15543736517429352,0.017683859914541245,-0.03812965750694275,0.2883752925939236,0.016061648227644568,0.11981947390790819,
0.10942087173461915,-0.27582526206970215,-0.2756091594696045,0.10410493612289429,0.028869137167930603,-0.08333682268857956,0.29628628532762763,0.01693955322472424,0.11967112165456947,
0.04263395369052887,-0.24026596546173096,-0.35134367942810063,-0.024259427562355995,0.025873079895973206,-0.09165919572114944,0.30783396137531704,0.02459123564847398,0.11753340414789715,
-0.000405349861830473,-0.22234065532684327,-0.3111327171325684,-0.14157168567180634,0.0025704207364469767,-0.07208496332168579,0.3081749914358575,0.029421227567402952,0.1160422499563158,
-0.003305916860699654,-0.15882145166397096,-0.14792752265930176,-0.18578015267848969,0.016352279111742973,-0.06509416550397873,0.2959892661813182,0.0361834792786718,0.11220818266366411,
-0.014077560603618623,-0.1368766188621521,-0.07555658221244813,-0.19922912120819092,0.03259756416082382,-0.05836968496441841,0.28641175951645764,0.03915754286925245,0.11057756188901952,
0.014364136755466462,-0.061250251531600956,-0.004710335284471512,-0.18364989757537842,-0.0028889155946671963,-0.05157926306128502,0.27652745026237097,0.04247587058442152,0.10960378100007494,
0.11006479263305664,-0.0592390775680542,0.06540548205375672,-0.19590044021606445,-0.05388845130801201,-0.03653240576386452,0.251339587435259,0.04209033712073654,0.10541484583719063,
0.07364166378974915,-0.056610608100891115,0.002934659831225872,-0.28964370489120483,-0.06840267777442932,-0.020886333659291267,0.23969216872668841,0.03911674236199371,0.10184042725118288,
0.08647937774658204,-0.026461076736450196,0.002731103822588921,-0.3249305784702301,-0.06374214589595795,-0.0310063473880291,0.22766534994019152,0.03739323336749858,0.09853382407156039,
0.16716130971908572,-0.03250424563884735,0.2772213459014893,-0.21267834305763245,-0.06740399450063705,-0.07947587966918945,0.19542363655595096,0.03370182713236802,0.09175919244481479,
0.19868348836898805,-0.0499395102262497,0.2906655311584473,-0.18664595484733582,-0.07759058475494385,-0.124882772564888,0.18212076806318844,0.03265667547335042,0.08725326674945812,
0.07678874135017395,0.04682067930698395,0.23192529678344728,-0.16713829338550568,-0.1387101262807846,-0.1098359152674675,0.16129143615798486,0.03183981012497112,0.07309021980999475,
0.062292313575744634,0.06062512993812561,0.22006092071533204,-0.15435512363910675,-0.16201278567314148,-0.1152288168668747,0.1514704041691526,0.029458220593305853,0.06496069130264397,
-0.014910329878330231,0.10153570175170899,0.20765976905822756,-0.11287638545036316,-0.13711223006248474,-0.12215303629636765,0.13418088134393444,0.020292485477304025,0.04743554870179144,
-0.03288355171680451,0.1121332049369812,0.18521273136138916,-0.09256978332996368,-0.13225196301937103,-0.11809171736240387,0.12759279987490107,0.016221987808725316,0.03874761436612389,
-0.042716759443283084,0.12793844938278198,0.17790898084640505,-0.03717603161931038,-0.14017486572265625,-0.11489591747522354,0.12202911126717932,0.012265268595904386,0.030496627582782074,
-0.10423537492752076,0.14133498668670655,0.12983357906341553,0.016886141151189804,-0.11554063111543655,-0.11023538559675217,0.11636561968999752,0.003578383381979858,0.014517669617693072,
-0.118656325340271,0.1369273066520691,0.07125139236450195,0.021812988445162773,-0.10329008847475052,-0.09665326774120331,0.11676003292188095,-0.0003727163191772421,0.006913230093684636,
-0.19313396215438844,0.141140615940094,0.0684498131275177,0.05563513562083244,-0.08677849173545837,-0.06502822786569595,0.11906143772841754,-0.006852592843512262,-0.0064640505529008395,
-0.1792499661445618,0.12909162044525146,0.049370172619819644,0.09065570682287216,-0.07739084959030151,-0.051978737115859985,0.12158817082649435,-0.009798316380246494,-0.011526033919586433,
-0.15156575441360476,0.09265458583831787,0.026706683635711673,0.11102888733148575,-0.051225289702415466,-0.04911584034562111,0.12542404084623257,-0.012573689355545205,-0.015755199693648022,
-0.1482875943183899,0.02714895009994507,-0.06295257210731507,0.10044281929731369,-0.040506064891815186,-0.022683966904878616,0.13829098641569953,-0.010577365316593871,-0.02280224888993132,
-0.0989565670490265,0.0038728307932615284,-0.10491511821746827,0.07787252962589264,-0.04063922166824341,-0.019288435578346252,0.14400543920995865,-0.011760505189220461,-0.024975891033230134,
-0.07823106050491334,-0.027122408151626587,-0.1025128483772278,0.07986883074045181,-0.023194942623376846,-0.029610758647322655,0.14853725226484252,-0.013325090187054054,-0.026852999948761655,
-0.057946699857711795,-0.0654319941997528,-0.13306865692138672,0.058030903339385986,0.004169037565588951,-0.04319288209080696,0.1566451228892711,-0.014610435467764317,-0.030567767367619878,
-0.06841328144073487,-0.07200106382369996,-0.12828949689865113,0.04131956771016121,0.008163779973983765,-0.034604184329509735,0.15998706961068665,-0.01363137278138348,-0.032466698592678575,
-0.08235239386558534,-0.06135474443435669,-0.12030766010284424,0.02394244261085987,0.017351685091853142,-0.03420471400022507,0.16262916976094033,-0.012293370305274142,-0.03410782909842219,
-0.06418609023094178,-0.07374318838119508,-0.12837448120117187,0.00010715046664699912,0.04464908689260483,-0.0403965599834919,0.16563365176766248,-0.009231106828925152,-0.036375865648246415,
-0.07250195741653442,-0.0683043658733368,-0.12376891374588013,-0.025192879140377045,0.050707776099443436,-0.037267349660396576,0.16597994156539955,-0.006547009857823863,-0.037220911993768466,
-0.07901567220687866,-0.042885780334472656,-0.11140159368515015,-0.058349236845970154,0.0751422792673111,-0.02941102162003517,0.16421193586377061,-0.0001784491085756737,-0.03813835148301637,
-0.08982438445091248,-0.022104750573635104,-0.0893367886543274,-0.06367555260658264,0.07287859171628952,-0.022753119468688965,0.16179720298429764,0.0037194527370163614,-0.03803259880169405,
-0.05153226852416992,0.006697168946266175,-0.04728555679321289,-0.07213108986616135,0.08992282301187515,-0.024484174326062202,0.15554514514302686,0.011692561978591316,-0.036607281412424524,
-0.0305088609457016,0.04082496762275696,-0.04512729644775391,-0.08071978390216827,0.1064344272017479,-0.03626866266131401,0.15255519195301684,0.016219539226155762,-0.035586853225954625,
-0.11691179275512696,0.11298563480377198,-0.004502188414335251,-0.13944248855113983,0.12401128560304642,0.01506376825273037,0.1489303048658673,0.029390070512125055,-0.0334799278265818,
-0.16224802732467652,0.23583452701568605,0.13785687685012818,-0.11161245405673981,0.08519571274518967,0.06846015155315399,0.14313446944689284,0.035419966636437,-0.03129087615995256,
-0.08642095923423768,0.40908269882202153,0.4962592124938965,-0.007682595867663622,0.05716594308614731,0.11912678182125092,0.13202474264849987,0.04215458491554353,-0.021954442068413887,
-0.009176206588745118,0.41729264259338383,0.606624460220337,0.11089465767145157,0.010094571858644485,0.14216312766075134,0.13049975002957254,0.04311539967004461,-0.01548980589128956,
0.06931203603744507,0.35053975582122804,0.6057562828063965,0.1502428650856018,-0.03171705827116966,0.150352343916893,0.133911535929031,0.04226887306553245,-0.00851377918602536,
0.06657218337059022,0.2519559144973755,0.5598716735839844,0.23892612755298615,-0.06780289113521576,0.14722312986850739,0.14971164983973229,0.03410610550601835,0.00431553203995247,
0.012361560016870499,0.15486122369766236,0.5262470245361328,0.29851433634757996,-0.09829609096050262,0.1666642129421234,0.16070728224952457,0.02797675914846445,0.009561927181375059,
-0.035420161485672,-0.007707134634256364,0.2983372926712036,0.28167012333869934,-0.14676576852798462,0.1795811802148819,0.19011024912879676,0.011327424323176741,0.01858518724107591,
-0.09215037226676942,-0.08076289892196656,0.28223273754119876,0.3427231013774872,-0.17699263989925385,0.20135252177715302,0.20443331917047808,0.0006231982031324406,0.021846243723152508,
-0.10512765645980836,-0.1336316227912903,0.25032634735107423,0.4214860796928406,-0.1905081868171692,0.19269725680351257,0.2198193436874372,-0.012079876682170533,0.024249033012528624,
-0.03480553328990937,-0.2813040971755982,0.06919378638267518,0.4601019024848938,-0.21201321482658386,0.15761010348796844,0.25708758320684655,-0.03906544891892639,0.02622085733545221,
-0.06471314430236817,-0.3229352951049805,-0.026544186472892764,0.44771820306777954,-0.21201321482658386,0.14795614778995514,0.28065646401447114,-0.052315845368237225,0.02404653807162202,
-0.11260677576065065,-0.3596507787704468,-0.11134268045425416,0.421752393245697,-0.1683373749256134,0.1295803338289261,0.30469798482554206,-0.06516077263698704,0.01980069681816556,
-0.11287536621093751,-0.4148557186126709,-0.2241299629211426,0.37554654479026794,-0.10082623362541199,0.08650371432304382,0.35047603614731154,-0.08659404621208171,0.010889976438678733,
-0.0959959328174591,-0.4197136402130127,-0.24776527881622315,0.3175562024116516,-0.07872199267148972,0.055278144776821136,0.3711306649738864,-0.09362843879923058,0.007630144353055752,
-0.0992390513420105,-0.43291931152343754,-0.26549017429351807,0.25816771388053894,-0.06314250081777573,0.0502181351184845,0.3898481435862156,-0.09845571032724093,0.004662336077474787,
-0.05399792790412903,-0.4691349983215332,-0.33243703842163086,0.15796630084514618,-0.04017273709177971,-0.001646924763917923,0.4198550277596117,-0.1054443308320882,-0.0008859113317358139,
0.005370191112160683,-0.49283504486083984,-0.35068793296813966,0.08379726111888885,0.0003073101688642055,-0.06815937161445618,0.4303747172232706,-0.10716170407894779,-0.0030756472755717667,
0.01045701950788498,-0.5108868598937989,-0.39539937973022465,0.0009729468729346991,0.03865683078765869,-0.1128339022397995,0.43797043854481954,-0.10639177698268802,-0.0049679925756165415,
-0.011853107810020448,-0.4967990398406983,-0.41250185966491704,-0.1614798754453659,0.08259899169206619,-0.17202267050743103,0.44093684425556945,-0.09634612746771758,-0.004346503402374127,
-0.03918209969997406,-0.47460527420043946,-0.3829389810562134,-0.26580923795700073,0.09378426522016525,-0.2103721797466278,0.4348003846620838,-0.08792130246949834,-0.002399973965186635,
-0.052604281902313234,-0.4725227355957031,-0.2965887784957886,-0.34423932433128357,0.10283901542425156,-0.24213038384914398,0.4236423383095134,-0.07756886733590891,8.398139953192817e-05,
-0.1717071533203125,-0.3691175699234009,-0.12477598190307618,-0.422802597284317,0.13473036885261536,-0.2338079959154129,0.39058344222259617,-0.05209449864477774,0.003258922804959023,
-0.20063533782958987,-0.29345521926879886,-0.003600745275616646,-0.4419107735157013,0.09911058843135834,-0.18740242719650269,0.36970118725744683,-0.03798078268826249,0.004970546338698038,
-0.16725599765777588,-0.20547091960906982,0.062036907672882086,-0.48245739936828613,0.056766327470541,-0.1784142553806305,0.34783237741497824,-0.025015843271826165,0.0061272642100717355,
-0.06402773857116699,-0.15400224924087524,0.20411355495452882,-0.3957049250602722,0.0941171646118164,-0.16563107073307037,0.2951038006418231,-0.003149707000317161,0.002632775951927218,
-0.13413894176483154,-0.008442535996437073,0.19701600074768066,-0.45329639315605164,0.06548852473497391,-0.09652358293533325,0.251775234931339,0.015780228140419135,-0.0032430650751494898,
-0.0474650651216507,0.02633485198020935,0.2753854513168335,-0.4333226978778839,0.02181268110871315,-0.0866033062338829,0.23034516842789643,0.023320109740333526,-0.004445625572123883,
-0.05342774987220764,0.11229943037033081,0.4439102649688721,-0.31621018052101135,0.039722442626953125,-0.048653263598680496,0.1850484661119334,0.031620256320054,-0.009621386540415007,
-0.0043084692209959035,0.1483442783355713,0.3508009910583496,-0.3616836667060852,0.015354515984654427,-0.011036111041903496,0.16763437819536095,0.03490973923561533,-0.011572515782842884,
0.07291539311408997,0.1473041892051697,0.3232417106628418,-0.32586413621902466,-0.022395793348550797,-0.017760593444108963,0.15099009481520484,0.03729352404340175,-0.012313895742369142,
0.1206557869911194,0.23016417026519775,0.5379211425781251,-0.23198771476745605,-0.03750922903418541,-0.018359802663326263,0.11593766434162986,0.037453447621633364,-0.014212622302654567,
0.0811870038509369,0.2638094425201416,0.5173687458038331,-0.15555499494075775,-0.060345835983753204,0.0017470624297857285,0.10326648735466423,0.03604781292685913,-0.015973861233059,
0.07769339680671693,0.2813141345977783,0.47523512840271,-0.06021382659673691,-0.11787012219429016,0.00840496551245451,0.08628112069085363,0.03039650836134781,-0.017950242871811482,
0.0493860810995102,0.26603958606719974,0.4470664978027344,0.010293365456163883,-0.15395595133304596,0.013931025750935078,0.08174482362723735,0.025331512006078482,-0.01887402044770836,
0.01495060920715332,0.23398978710174562,0.3512276887893677,0.05090657249093056,-0.15515437722206116,0.006873647682368755,0.08050560265968125,0.0184258842596923,-0.020060882654686276,
-0.06733819246292115,0.15131205320358276,0.20337491035461427,0.09638004750013351,-0.15142595767974854,0.02125471830368042,0.08428515241179055,0.0028494112877895093,-0.023183028757586915,
-0.11371523141860962,0.11676905155181885,0.12371333837509156,0.12367744743824005,-0.15761780738830566,0.026714198291301727,0.0887469239999529,-0.004824646313561325,-0.024856621816264853,
-0.1017568588256836,0.06717202067375183,0.10884153842926025,0.162493035197258,-0.15289069712162018,0.016993660479784012,0.09389917453955879,-0.012612845384223107,-0.02588679853114873,
-0.16652387380599976,-0.004446491599082947,-0.002909355238080025,0.18586227297782898,-0.13524724543094635,0.028378672897815704,0.10890048610494299,-0.026282001452290753,-0.028701303134803485,
-0.15390911102294924,-0.0324224203824997,-0.08151530027389527,0.16289250552654266,-0.1258596032857895,0.026048406958580017,0.11848668878731758,-0.032055606378472275,-0.030058195714433508,
