0.2829586982727051,0.15346076488494875,0.8592497825622559,0.11540211737155914,-0.031709980219602585,0.15770003199577332,-0.0821034950789863,-0.0639154329271421,-0.22987791637848953,
0.327443790435791,0.2007668972015381,0.9518311500549317,0.27419307827949524,0.06236618757247925,0.12900447845458984,-0.0859319963109336,-0.0637498734832391,-0.21863941623374486,
0.3232306241989136,0.22313244342803956,0.9707864761352539,0.38617902994155884,0.12754705548286438,0.07500888407230377,-0.08224874411378297,-0.0632367786153703,-0.21012174027303465,
0.3878154516220093,0.1631037712097168,0.7009960651397705,0.5074860453605652,0.11576256901025772,-0.002555682323873043,-0.05501184635302242,-0.05342996642235825,-0.19963652320619032,
0.3484738349914551,0.1048445224761963,0.5120604991912842,0.5796576738357544,0.08560226857662201,-0.0614115446805954,-0.033568591669799176,-0.04665359970516618,-0.19804126892433327,
0.28290884494781493,0.040880218148231506,0.3023585319519043,0.5836524367332458,0.07461673021316528,-0.09237079322338104,-0.007475824665825914,-0.040899857653628385,-0.19864353964033846,
0.21554088592529297,-0.014450249075889588,0.10003888607025146,0.5398434400558472,0.08107489347457886,-0.07792314887046814,0.021868193299190267,-0.03628238403050532,-0.20081042099177832,
0.057634437084198,-0.09446452260017396,-0.23526978492736816,0.46261173486709595,0.07608146220445633,-0.06154470145702362,0.07913097376360875,-0.033914300516215426,-0.20741604199985617,
0.013040015101432802,-0.11713291406631471,-0.31588957309722904,0.4161395728588104,0.04725274443626404,-0.03784256801009178,0.10554838582573554,-0.02881252135111442,-0.2096739150498722,
-0.013826461136341096,-0.14419592618942262,-0.3481863260269165,0.33517947793006897,0.03573457524180412,-0.033714666962623596,0.12940214312194376,-0.024007094980628276,-0.21119951653367589,
-0.010907442122697831,-0.14217945337295532,-0.4538138866424561,0.2355106770992279,0.03247220069169998,-0.03344835340976715,0.17056355769658946,-0.01791894411847342,-0.2125572296549723,
-0.02918247878551483,-0.13974454402923583,-0.4613376617431641,0.17678797245025635,0.024815615266561508,-0.013740958645939827,0.18609232121166383,-0.015484731986837785,-0.21317968528240638,
-0.0435578316450119,-0.13672327995300293,-0.43818621635437016,0.13823871314525604,0.000980322016403079,-0.0005583111196756363,0.19805863508993432,-0.013207064801109282,-0.21356710325438905,
-0.04600653946399689,-0.13051319122314453,-0.4171589851379395,0.08710602670907974,-0.017395488917827606,0.00856301560997963,0.20750021385055328,-0.011591343183559186,-0.21347667806383078,
-0.04684182405471802,-0.10534085035324098,-0.4579387664794922,-0.009233829565346241,-0.011403377167880535,0.012824073433876038,0.22126825834597896,-0.011449664337097678,-0.2133929782575908,
-0.03773227632045746,-0.09775001406669617,-0.4723089694976807,-0.07701127976179123,-0.013134432025253773,0.017085131257772446,0.22433989842012225,-0.012466232031692332,-0.21358274355480267,
-0.03909676671028137,-0.09491497278213501,-0.4657172203063965,-0.13360345363616943,-0.020990757271647453,0.019681712612509727,0.22416053082714765,-0.013378733735958208,-0.21354423063133368,
-0.028208059072494508,-0.07903234362602235,-0.44768862724304204,-0.18906378746032715,-0.022388916462659836,0.017018552869558334,0.2156795072467106,-0.015618841759212054,-0.21312121742421858,
-0.03027642369270325,-0.06694992780685426,-0.43969292640686036,-0.24685437977313995,-0.03949972987174988,0.026273038238286972,0.20785809647354983,-0.01708897601871179,-0.2129823998187809,
-0.05262229442596436,-0.06756839752197266,-0.4183736801147461,-0.3151632249355316,-0.04935362562537193,0.03772694617509842,0.1976923614608943,-0.018629197283160242,-0.2129968418295524,
-0.049573659896850586,-0.07423712015151977,-0.42443222999572755,-0.38267436623573303,-0.0443601980805397,0.03985747694969177,0.1855718464822319,-0.02086160419710674,-0.2130502639560883,
0.0381075918674469,-0.08221072554588318,-0.39776334762573246,-0.45604443550109863,-0.050152573734521866,0.02028324082493782,0.15320026960238636,-0.026888208556076244,-0.2122538920648533,
0.05849245786666871,-0.06173139214515686,-0.34702980518341064,-0.49712368845939636,-0.08537288010120392,-0.008678636513650417,0.13258860166750797,-0.029654130426083555,-0.2114699679459095,
0.07589779496192933,-0.04271054863929749,-0.27961409091949463,-0.5176966786384583,-0.08870182931423187,-0.05248763784766197,0.10959131080118212,-0.03236684192002092,-0.21129708384939663,
0.14512585401535036,-0.032416528463363646,-0.19878721237182617,-0.5196940302848816,-0.0895007774233818,-0.07419240474700928,0.08493775472848976,-0.03603059638375483,-0.21239351028284245,
0.16116828918457032,-0.019534713029861452,0.020696310698986056,-0.49539265036582947,-0.1316453069448471,-0.10535138845443726,0.032419810047305514,-0.05110449958120678,-0.21846625046067536,
0.1644305467605591,0.017021724581718446,0.15963665246963502,-0.44605758786201477,-0.12458793073892593,-0.13291510939598083,0.006752742869899128,-0.055841392290009485,-0.22284497116393093,
0.20645575523376467,0.03626133799552918,0.2992917537689209,-0.38220828771591187,-0.10940790921449661,-0.10954586416482925,-0.0176965613340197,-0.062479907069563925,-0.22798625907584616,
0.17773613929748536,0.045314842462539674,0.4422966480255127,-0.2989179491996765,-0.06306890398263931,-0.12406009435653687,-0.03992960648712387,-0.0696880240347252,-0.2340620640386929,
0.18617545366287233,0.13200675249099733,0.7530659675598145,-0.10703717917203903,-0.012468843720853329,-0.17379462718963623,-0.07685261287754766,-0.08252919712020632,-0.24398268077727972,
0.15819152593612673,0.16362383365631106,0.8702774047851562,0.05807880684733391,0.012631449848413467,-0.1825830489397049,-0.08835396533966014,-0.08641974908171321,-0.2504819023682081,
0.07346520423889161,0.17120236158370972,0.8899370193481446,0.14789390563964844,0.04458938539028168,-0.16480645537376404,-0.09249397134057971,-0.08952121087060143,-0.25896243586652995,
-0.05693255662918091,0.15212069749832155,0.6517147541046143,0.23930691182613373,0.06309835612773895,-0.1471630185842514,-0.08169806969013535,-0.09320273837532038,-0.27856904171901564,
-0.08520150780677796,0.134918212890625,0.5159698009490967,0.2911054193973541,0.07514915615320206,-0.14809511601924896,-0.07024030397924053,-0.09261063104943364,-0.28790203556642496,
-0.0903637170791626,0.12317318916320802,0.3590017318725586,0.317270964384079,0.0706217810511589,-0.15302196145057678,-0.05572542009176031,-0.09096794347022545,-0.2962804908523541,
-0.1226361632347107,0.08190936446189881,0.08256332874298096,0.30874887108802795,0.06782546639442444,-0.13777536153793335,-0.02133855996982258,-0.0854060418970417,-0.3128804250424054,
-0.14027243852615356,0.050051331520080566,-0.04481486082077027,0.2721969783306122,0.06749256700277328,-0.11194271594285965,-0.0004502834922564981,-0.0768705692621439,-0.32162282384721014,
-0.15720595121383668,0.027166521549224856,-0.14210152626037598,0.23804190754890442,0.04139358922839165,-0.08624320477247238,0.01693562858285315,-0.07320276977952606,-0.3287569291895813,
-0.1753420352935791,0.009131594002246857,-0.20181448459625245,0.21853426098823547,0.0002477505477145314,-0.07605661451816559,0.032562893605652274,-0.06928715901799572,-0.3345994956777362,
-0.17289408445358279,-0.018759915232658388,-0.25258629322052,0.1772538125514984,-0.024386253207921982,-0.057550348341464996,0.05877683379218312,-0.06402690525170003,-0.3431038931083181,
-0.18323086500167848,-0.03157424032688141,-0.293822717666626,0.10248557478189468,-0.012668345123529434,-0.021131616085767746,0.07028389906449582,-0.06378077851220677,-0.34690322541515506,
-0.19422008991241457,-0.0416934609413147,-0.344561243057251,0.03424207121133804,-0.01792808808386326,0.004634466953575611,0.07991572999218889,-0.06424978721121465,-0.3500787471435261,
-0.2044863224029541,-0.05481650829315186,-0.3566074848175049,-0.013228777796030045,-0.02937968075275421,0.02294369973242283,0.08632577720322542,-0.06462759103777656,-0.35181808016742494,
-0.18773975372314455,-0.07522854208946228,-0.3382384538650513,-0.06129883602261543,-0.0461575984954834,0.054102689027786255,0.0901580885615689,-0.06650641145852927,-0.3519434933968545,
-0.199144983291626,-0.07779490947723389,-0.3351105928421021,-0.13307103514671326,-0.038367852568626404,0.08486219495534897,0.0886922578451313,-0.06860873987685387,-0.35093323829407413,
-0.20244827270507815,-0.07377212643623353,-0.34605298042297367,-0.20517612993717194,-0.029779154807329178,0.11429012566804886,0.08515733591755521,-0.07155427793711681,-0.3488627640633943,
-0.2053670644760132,-0.07608931064605713,-0.347201943397522,-0.23273983597755432,-0.04888733848929405,0.15077543258666992,0.0788462436868824,-0.07469363415809871,-0.3455190113754853,
-0.2355883598327637,-0.07938531041145325,-0.31241343021392826,-0.24718749523162842,-0.06872788816690445,0.19172152876853943,0.06917719304521201,-0.07732244437639312,-0.340911629751747,
-0.2627082109451294,-0.049333018064498906,-0.1861143708229065,-0.3396657705307007,-0.00993860512971878,0.2684871554374695,0.04248191425122492,-0.08451756351829977,-0.32668883037378754,
-0.23724181652069093,-0.019333896040916444,-0.15351723432540895,-0.3915973901748657,0.06023569032549858,0.3191538155078888,0.02644549603448895,-0.08891770079109203,-0.3161747318974542,
-0.14585483074188232,0.03962580561637879,0.10876936912536622,-0.33393996953964233,0.031007498502731323,0.32547882199287415,-0.014974583497899303,-0.08224924992914881,-0.28789366419199874,
-0.08228228688240052,0.06489346623420715,0.3587496042251587,-0.21083533763885498,-0.05481287091970444,0.29724931716918945,-0.03865561391147673,-0.07787708408819605,-0.27123391536921687,
0.023695912957191468,0.08379881978034974,0.5381199836730958,-0.044520922005176544,-0.10141818970441818,0.23752790689468384,-0.058420376315106194,-0.07469488817947707,-0.25469719056786205,
0.14317102432250978,0.1037066698074341,0.6588603496551514,0.04296392202377319,-0.04888733848929405,0.21762077510356903,-0.07231953818028712,-0.07460174595180878,-0.23902558217743414,
0.29209365844726565,0.20326128005981448,0.8331062316894532,0.20934490859508514,0.07341834157705307,0.17494361102581024,-0.08384441994172809,-0.07747915598615551,-0.21224049940077727,
0.3675168037414551,0.2617908000946045,0.8720290184020997,0.3739282786846161,0.11682786792516708,0.06142637878656387,-0.08161141580068823,-0.07537012576144264,-0.20142638722973188,
0.45044631958007814,0.27852487564086914,0.8342230796813965,0.4869794547557831,0.10650812089443207,-0.02332872524857521,-0.07302330730063168,-0.06985197203876418,-0.1933836547334118,
0.44338364601135255,0.23643078804016116,0.7223437309265137,0.5642111301422119,0.10471048206090927,-0.07419510185718536,-0.057500279303983645,-0.06323265594833999,-0.18950638930831348,
0.28835949897766117,0.05337511897087097,0.3210878610610962,0.5696040391921997,0.13094262778759003,-0.0984964445233345,-0.00811461942735666,-0.05214773359654414,-0.19222239086898174,
0.20345637798309327,-0.027908974885940553,0.0884458601474762,0.5332515239715576,0.12035661190748215,-0.07765785604715347,0.02189142316156924,-0.04634987140572809,-0.19612743003241145,
0.12467460632324219,-0.08768290877342225,-0.05807279944419861,0.4795222878456116,0.07534918189048767,-0.06301046907901764,0.04993946893118566,-0.04186464842637432,-0.19957425841439655,
0.062203288078308105,-0.14517519474029542,-0.2934110641479492,0.3877097964286804,0.06556206941604614,-0.07492811977863312,0.10429212403560859,-0.028630258190454023,-0.20419416592711648,
0.045277759432792664,-0.14157865047454835,-0.3887290239334107,0.3135407567024231,0.0508481040596962,-0.06800390034914017,0.1279105435679055,-0.023982297102418296,-0.20591705670924906,
0.018578127026557922,-0.13541688919067382,-0.4301296710968018,0.2516222596168518,0.03593439981341362,-0.05428861454129219,0.1480375550009042,-0.01936862022495569,-0.20783487110573037,
-0.006796269863843918,-0.14142098426818847,-0.42454347610473636,0.19489692151546478,0.01795806549489498,-0.04490097239613533,0.16487325065152458,-0.015199334328174885,-0.20956319638852489,
-0.0329440176486969,-0.13419431447982788,-0.4485130310058594,0.13703973591327667,-0.008074335753917694,-0.027657005935907364,0.1909385299907179,-0.009141985008536177,-0.21226516843012178,
-0.04204546809196472,-0.1346378803253174,-0.4457603454589844,0.06393597275018692,-0.008340652100741863,-0.017869887873530388,0.20037844556553114,-0.00744204682390717,-0.2135543739913285,
-0.04479456841945648,-0.13048158884048464,-0.46819496154785156,-0.008701748214662075,-0.004612226504832506,-0.009148035198450089,0.20780021537878687,-0.006730755512726215,-0.2149613482091286,
-0.045103597640991214,-0.1337633013725281,-0.48651814460754395,-0.08892947435379028,-0.023653827607631683,0.003834875300526619,0.21409679580026822,-0.0062636742355916715,-0.21688531242952552,
-0.055780953168869024,-0.13049559593200685,-0.48879323005676273,-0.16649405658245087,-0.049553073942661285,0.015286468900740147,0.2127626821208237,-0.0063982873254670785,-0.21733896792607857,
-0.06141912341117859,-0.12189149856567383,-0.48325457572937014,-0.22468411922454834,-0.062003351747989655,0.035459913313388824,0.20848988485081318,-0.0073584914412718645,-0.21791165099967902,
-0.07227857112884521,-0.10008550882339479,-0.4524972438812256,-0.2864694595336914,-0.08064547926187515,0.05323651432991028,0.19148202627411068,-0.012350998418389256,-0.21946100822154951,
-0.054313480854034424,-0.09988433718681336,-0.4325830936431885,-0.3555119037628174,-0.10541287809610367,0.07161232084035873,0.17896215657339698,-0.016393387475420327,-0.2195212890754473,
-0.043129298090934756,-0.10332691669464111,-0.40939760208129883,-0.4313454031944275,-0.12145842611789703,0.08439549803733826,0.16399539963033924,-0.021440122704961977,-0.2193177110287653,
-0.015268941223621369,-0.09249733686447144,-0.38573622703552246,-0.4699612557888031,-0.12012684345245361,0.0641554743051529,0.14673721254415956,-0.027494147065020944,-0.21879148265138518,
0.09838853478431703,-0.06114677786827088,-0.2508765697479248,-0.5182976722717285,-0.12272342294454575,0.05763072893023491,0.10336775729049086,-0.041845137188138905,-0.21578485734693265,
0.10726460218429566,-0.05757560133934021,-0.17474319934844973,-0.5202950239181519,-0.14329633116722107,0.029401224106550217,0.0787802406533575,-0.048609576938061665,-0.21445225487136194,
0.1412283420562744,-0.03179547488689423,-0.04262436330318451,-0.4356730580329895,-0.1580103039741516,-0.01680462434887886,0.05107702448969892,-0.06174517662889229,-0.2124040925283691,
0.19760279655456545,0.004225319623947144,0.17620145082473757,-0.3945298194885254,-0.1311119645833969,-0.062882199883461,0.023947636131611078,-0.06889759662787069,-0.21112929210766382,
0.2854348421096802,0.13042807579040527,0.4301668167114258,-0.3135031461715698,-0.05294817313551903,-0.10436093807220459,-0.021229581663738346,-0.08468640548193868,-0.21261264037538138,
0.2341463565826416,0.1999837875366211,0.7195353984832764,-0.20251591503620148,-0.005011273548007011,-0.12599912285804749,-0.05527307528825958,-0.09512477782923444,-0.220661221102471,
0.19613182544708252,0.22554726600646974,0.8029171943664551,-0.07734733819961548,-0.004012588411569595,-0.16734470427036285,-0.06612628304858553,-0.09721284533499379,-0.2265679673071402,
0.11189028024673463,0.17351813316345216,0.8204905509948731,0.062402039766311646,0.01383059099316597,-0.1783968210220337,-0.07136139046796816,-0.100953444681819,-0.2429275148800089,
0.03641787767410278,0.159440815448761,0.7369694232940674,0.17685139179229736,0.08873199671506882,-0.16534732282161713,-0.065765616090973,-0.10231633180116562,-0.2526082786679112,
-0.009134018421173095,0.1310932993888855,0.5597591876983643,0.253949910402298,0.10644201934337616,-0.16388258337974548,-0.055192340785853916,-0.10054993934908507,-0.2621830380192868,
-0.04688821136951447,0.08425265550613403,0.21441283226013186,0.29842469096183777,0.09479068964719772,-0.1826578676700592,-0.025056415156331398,-0.09209006332155813,-0.2811394322444643,
-0.06345099210739136,0.053592562675476074,0.05147775411605835,0.30921050906181335,0.10025016963481903,-0.1916460394859314,-0.00690867426846906,-0.08769132873669215,-0.29117295976796764,
-0.09081515073776246,0.018339937925338747,-0.10005693435668946,0.2793165147304535,0.11649545282125473,-0.17693208158016205,0.013833109985403585,-0.0790371404632013,-0.3019229319631661,
-0.12208280563354493,-0.0018611809238791466,-0.19678570032119752,0.2505543828010559,0.11323307454586029,-0.15349626541137695,0.031051883841370264,-0.07286320370719046,-0.3111712937289208,
-0.16206417083740235,-0.043730190396308904,-0.3024966955184937,0.2102074921131134,0.062366705387830734,-0.1170775294303894,0.060144688676256136,-0.05929189679601399,-0.3257086257643708,
-0.16271722316741943,-0.05117124319076538,-0.3185374021530152,0.18643876910209656,0.008704005740582943,-0.09823566675186157,0.07198160163316318,-0.05462410359291927,-0.33098624989548836,
-0.17197705507278443,-0.060095262527465824,-0.3467408180236817,0.1331089735031128,-0.013599968515336514,-0.06820852309465408,0.0826237468185185,-0.05217367269798616,-0.33585086711998097,
-0.18865724802017214,-0.062267571687698364,-0.4029787063598633,0.062335457652807236,-0.005743643268942833,-0.031456898897886276,0.09169748783098068,-0.051371514065568454,-0.34018556254919713,
-0.18273108005523683,-0.05458369851112366,-0.42527313232421876,-0.017825691029429436,-0.021323135122656822,-0.0030276537872850895,0.10041090737577199,-0.05098909532972844,-0.34452617827559145,
-0.18728665113449097,-0.057253372669219975,-0.41176557540893555,-0.06775996088981628,-0.07065819948911667,0.014815525151789188,0.10019792616790986,-0.051704677146701836,-0.3450321057291741,
-0.2091857671737671,-0.06299247145652771,-0.3894121885299683,-0.11689528077840805,-0.09682375937700272,0.04630740359425545,0.09777959650714585,-0.0541693304694196,-0.34538503179414526,
-0.26518371105194094,-0.07605541944503785,-0.36416463851928715,-0.18240904808044434,-0.10314876586198807,0.09803931415081024,0.08660398689623372,-0.0642103514469767,-0.34410631970504085,
-0.2973718881607056,-0.0835119366645813,-0.31015655994415287,-0.22701700031757355,-0.12099194526672363,0.1616222858428955,0.07692720221062223,-0.0703744431333491,-0.34078252798880504,
-0.2992126941680908,-0.062152498960494997,-0.24993090629577638,-0.2670309841632843,-0.11546588689088821,0.21888025104999542,0.0646824963623105,-0.07770229674338985,-0.3348583044381218,
-0.2572455167770386,-0.049776726961135866,-0.19107449054718018,-0.3079105019569397,-0.09163059294223785,0.2507716119289398,0.04990586091320186,-0.08550834322325421,-0.32605571739780637,
-0.16812920570373535,-0.021053342521190645,0.027599242329597474,-0.3164992034435272,-0.08550532162189484,0.28046584129333496,0.012052205743455462,-0.09299288552213505,-0.30135699393715165,
-0.12725831270217897,-0.0007827138528227807,0.20846545696258545,-0.26123860478401184,-0.10128455609083176,0.30643168091773987,-0.008493634135518091,-0.09727590248309505,-0.2867146887913563,
-0.05044519901275635,0.03946511745452881,0.3718526124954224,-0.2063109129667282,-0.06007213145494461,0.30323588848114014,-0.0281163286865459,-0.10139863782646148,-0.27056553279283263,
0.17867270708084107,0.11067427396774293,0.6816144466400147,-0.1376013606786728,-0.023919718340039253,0.2817974388599396,-0.0608932991660562,-0.10417596370302885,-0.237249991034327,
0.31040844917297367,0.1814941167831421,0.8864384651184083,0.07798153162002563,0.0362677238881588,0.2025018036365509,-0.07193473150475836,-0.10227175171845962,-0.22240841251889173,
0.4051706790924072,0.24819149971008303,0.9134107589721681,0.21446853876113892,0.08187435567378998,0.1158824935555458,-0.07484194887804069,-0.09872625972163256,-0.21066061346743842,
0.42310166358947754,0.291867995262146,0.8034133911132812,0.32006287574768066,0.12202151119709015,0.04883740842342377,-0.06941581746935252,-0.09398309422287474,-0.2030937037825966,
0.3867846727371216,0.2217989206314087,0.5777956008911133,0.4375082850456238,0.14319364726543427,-0.024066627025604248,-0.0408283211960405,-0.08148661531140797,-0.1983315574749557,
0.32238659858703617,0.12654000520706177,0.4085671424865723,0.5299865007400513,0.12155545502901077,-0.08325538784265518,-0.018280676347810897,-0.07437888469695934,-0.2001999798692803,
0.23149452209472657,0.03037613928318024,0.2763981580734253,0.5651402473449707,0.10098253935575485,-0.09370829164981842,0.008246723434652962,-0.06773948386475395,-0.20390302573236185,
0.14404743909835815,-0.04370132684707642,0.09522449374198914,0.5252594351768494,0.10863912105560303,-0.07413405925035477,0.037491911124905374,-0.061839447752630915,-0.20822782817222074,
0.06611687541007996,-0.11456525325775146,-0.15329705476760866,0.4777885973453522,0.11403202265501022,-0.06121772527694702,0.09034638789333806,-0.0535116210492683,-0.21305296689685888,
0.03870080709457398,-0.13393824100494386,-0.2219853401184082,0.4411035478115082,0.09272673726081848,-0.05915377661585808,0.11505701231492493,-0.046970587365126014,-0.21419942150819699,
0.020240490138530732,-0.13444851636886598,-0.3004480361938477,0.39096954464912415,0.07608197629451752,-0.057755615562200546,0.13838852853656133,-0.04106561703223706,-0.21495028421204063,
0.001939765177667141,-0.1308710217475891,-0.3429468631744385,0.34356528520584106,0.08360540866851807,-0.051963239908218384,0.15974843088050777,-0.03599317823662933,-0.2157488252210516,
-0.016563141345977785,-0.12893645763397218,-0.42582216262817385,0.24616016447544098,0.08613540977239609,-0.042708754539489746,0.19589022641223275,-0.026064198263744315,-0.21583544011031472,
-0.022233119606971743,-0.12309749126434327,-0.42411103248596194,0.18204455077648163,0.056108273565769196,-0.04736928641796112,0.2090914283040653,-0.02111037564954852,-0.21492831091484926,
-0.025148028135299684,-0.12329658269882203,-0.39592909812927246,0.14409251511096954,0.03580199554562569,-0.04044879600405693,0.2193060962573516,-0.01704124936194304,-0.2145456346742225,
-0.04505756199359894,-0.12792478799819948,-0.41611480712890625,0.0818411186337471,0.026547512039542198,-0.02360430359840393,0.22798085626257758,-0.013600670965602144,-0.21475726201933962,
-0.039414751529693606,-0.11646378040313721,-0.49084005355834964,-0.021822430193424225,0.03913094475865364,-0.014083503745496273,0.23817883284860497,-0.00930168488920296,-0.21482088451592019,
-0.043944802880287175,-0.11873257160186768,-0.4751456260681153,-0.08287539333105087,0.0037774834781885147,-0.012552185915410519,0.2380467849224762,-0.0073314882490119505,-0.21400564702649266,
-0.06151359081268311,-0.1163096308708191,-0.46276068687438965,-0.13374176621437073,-0.024518603459000587,0.016343113034963608,0.23523672414273597,-0.005862569702489223,-0.21372111047050216,
-0.0696296215057373,-0.08243402242660523,-0.4644744396209717,-0.20298396050930023,-0.04209546744823456,0.05083104968070984,0.2230391444983212,-0.007672065234930554,-0.21423066284165218,
-0.02494196593761444,-0.05636500120162964,-0.4617014884948731,-0.29586172103881836,-0.034372299909591675,0.04230893403291702,0.21285006641618032,-0.010860130389021783,-0.21362444180450652,
0.012973998486995698,-0.05513183474540711,-0.43084578514099126,-0.36190810799598694,-0.057541802525520325,0.02007153630256653,0.19923218762941683,-0.013898169782935092,-0.2127632704015091,
0.017770054936408996,-0.07875194549560548,-0.38108296394348146,-0.3874078691005707,-0.08996579051017761,0.026196811348199844,0.18263806929057197,-0.016403422860629704,-0.2126184403778235,
0.04061192870140076,-0.05617007613182068,-0.2642749309539795,-0.42089712619781494,-0.0857047289609909,0.030657604336738586,0.14415166390318082,-0.02453461899449903,-0.21438287025053804,
0.0563965380191803,-0.057785242795944214,-0.2454714298248291,-0.4862777292728424,-0.056876011192798615,0.018007587641477585,0.1230634832136793,-0.02929428838535217,-0.21479998924767774,
0.07703787684440613,-0.08092462420463563,-0.20469014644622804,-0.5174367427825928,-0.07518524676561356,0.014811794273555279,0.09977597986100424,-0.03285654608598953,-0.21480828682377348,
0.09370338320732118,-0.08654959797859192,-0.09622571468353272,-0.4706982374191284,-0.10681028664112091,0.017874430865049362,0.07411143624035474,-0.03598127471781525,-0.21483875577245046,
0.12184543609619142,0.0015483693219721319,0.13213683366775514,-0.4586474299430847,-0.09922027587890625,-0.008757181465625763,0.02147309737518448,-0.04989959452840051,-0.21413794111033865,
0.17778075933456422,0.02627634406089783,0.20998263359069824,-0.4260237216949463,-0.0856381505727768,-0.03179352357983589,-0.0015083525482275095,-0.05531966473593173,-0.2142361625458441,
0.15211176872253418,0.05973805189132691,0.44683418273925785,-0.2786843180656433,-0.0820428878068924,-0.020741406828165054,-0.024610300509738045,-0.05977950719592496,-0.21539255720522163,
0.20415418148040773,0.18360761404037476,0.5969850063323975,-0.22522135078907013,-0.027914132922887802,-0.05176723375916481,-0.05715227349987458,-0.06837534101753427,-0.21684735750995102,
0.22187016010284424,0.21500773429870607,0.7009798526763916,-0.1053125262260437,0.016161182895302773,-0.12680180370807648,-0.06797404540137962,-0.07022122425233833,-0.21938888911632404,
0.1669005870819092,0.23016455173492434,0.8840782165527344,0.09861903637647629,0.040063053369522095,-0.16255472600460052,-0.07504971122915033,-0.0708913495072419,-0.22482245434933298,
0.0857821822166443,0.22369284629821778,0.8668378829956055,0.18883362412452698,0.09465785324573517,-0.15975841879844666,-0.07400284694786785,-0.07159941472483214,-0.23256153606912197,
-0.04122097492218018,0.18347730636596682,0.5079758167266846,0.23870068788528442,0.10790718346834183,-0.14631061255931854,-0.0536792613847469,-0.0673456598762157,-0.25061742869375825,
-0.06333151459693909,0.15367252826690675,0.3753022432327271,0.31293630599975586,0.06969082355499268,-0.1550324708223343,-0.039674854455271906,-0.06304437937852816,-0.25899074102247427,
-0.07612279653549195,0.11523444652557374,0.217132306098938,0.334707647562027,0.045189738273620605,-0.16881431639194489,-0.022996535771291758,-0.05960766178911706,-0.2672256829630034,
-0.1010641098022461,0.0760737955570221,0.06705296635627747,0.32545316219329834,0.05803949013352394,-0.15496589243412018,-0.004568023729225416,-0.05732225291634966,-0.27581486998047305,
-0.1498287558555603,0.012237580865621567,-0.13058537244796753,0.2925631105899811,0.08633558452129364,-0.11754847317934036,0.0339209199592395,-0.04610222526538871,-0.29237810749667376,
-0.1584703803062439,-0.014991003274917604,-0.21773767471313477,0.23723594844341278,0.08147531002759933,-0.09184896945953369,0.04999792011954243,-0.04111727694637554,-0.2981092665281736,
-0.1482052445411682,-0.02717990279197693,-0.2723888158798218,0.1880340427160263,0.060902390629053116,-0.07294052094221115,0.06370569889340852,-0.0358882543773418,-0.3022839122190632,
-0.1409774661064148,-0.028576716780662537,-0.29539055824279786,0.149484783411026,0.055043432861566544,-0.061289191246032715,0.07509796423638496,-0.03126653872665261,-0.30559614097081184,
-0.12428343296051025,-0.03294208943843842,-0.3592408657073975,0.07152074575424194,0.07574951648712158,-0.03432468697428703,0.09201686368011733,-0.023848541086149148,-0.31040550994942023,
-0.11709835529327393,-0.04065281748771668,-0.365934157371521,0.021053846925497055,0.060835808515548706,-0.02480388432741165,0.09665464526558791,-0.019804941893907076,-0.3113728219580223,
-0.10442670583724976,-0.042493611574172974,-0.3561281681060791,-0.007109083700925112,0.030941829085350037,-0.025869149714708328,0.09892773288302811,-0.015864342621285433,-0.3116022275883173,
-0.12838497161865234,-0.04759146869182587,-0.38235149383544925,-0.04978623986244202,0.0031117943581193686,-0.016348348930478096,0.09915270186653097,-0.0111743663986794,-0.3127749703519869,
-0.15545372962951662,-0.05653871297836304,-0.3996617317199707,-0.13107924163341522,-0.024851398542523384,0.026195652782917023,0.09658517682728802,-0.010798137927695657,-0.3134090453680325,
-0.17557682991027834,-0.059063357114791874,-0.39597008228302005,-0.18973536789417267,-0.04322721064090729,0.06341332942247391,0.09135453848237134,-0.01177171237209318,-0.31316411434035135,
-0.1815013289451599,-0.051777207851409913,-0.3639512300491333,-0.2253551483154297,-0.08044488728046417,0.09150967746973038,0.08331456470347405,-0.01389119582839222,-0.3115191543906311,
-0.19146126508712769,-0.010400519520044327,-0.2690385580062866,-0.2633051872253418,-0.10834150016307831,0.12852761149406433,0.061109448283843716,-0.02251562754683331,-0.3048565934603379,
-0.15730425119400027,0.0021859336644411086,-0.23902826309204103,-0.3295513093471527,-0.08490567654371262,0.13125735521316528,0.04771436683283733,-0.029003001035105922,-0.29956539280905947,
-0.15177026987075806,0.0041713956743478775,-0.16660110950469972,-0.35864636301994324,-0.10987281799316406,0.17013950645923615,0.03175589726707843,-0.03458661792727207,-0.2935477294792212,
-0.1535979986190796,0.010663405805826188,-0.007875114679336548,-0.3445981740951538,-0.11759598553180695,0.1927098035812378,0.013891565219490584,-0.031410638802980395,-0.28682882134862825,
-0.052507168054580694,0.03375350534915924,0.3079350709915161,-0.30345234274864197,-0.09902043640613556,0.20276322960853577,-0.023934926095611337,-0.04250890838184619,-0.267827293819127,
-0.024656766653060914,0.06283816695213318,0.4828224182128906,-0.1988595724105835,-0.023253029212355614,0.2268594354391098,-0.04114818500173702,-0.04657734028089206,-0.2570011634837963,
0.026803836226463318,0.0920346736907959,0.5849647998809815,-0.13168133795261383,0.011234907433390617,0.2310539186000824,-0.05544945256972225,-0.04821425310490554,-0.24539572239611404,
0.17198326587677004,0.1666804552078247,0.759315013885498,0.02424674667418003,-1.694838283583522e-05,0.19696545600891113,-0.07438559330233943,-0.04354976609396547,-0.22236457659754733,
0.2165400266647339,0.2184144735336304,0.8102578163146973,0.1814398318529129,0.019757023081183434,0.1564188152551651,-0.07628370036121453,-0.04090412316003731,-0.2121550656004762,
0.2657275438308716,0.25052244663238527,0.750170660018921,0.27684757113456726,0.10804081708192825,0.10655113309621811,-0.07117837215793467,-0.03869407687517262,-0.2035467788931677,
0.31537575721740724,0.23365495204925538,0.6395189762115479,0.33869948983192444,0.16296851634979248,0.06001238897442818,-0.06050618369525826,-0.03466933296709197,-0.19715248468451468,
0.2589160919189453,0.12138646841049194,0.4125898361206055,0.42252248525619507,0.18906749784946442,0.016269970685243607,-0.02868696815042084,-0.019071455527698927,-0.1914579602275263,
0.19900708198547365,0.05010669231414795,0.25526497364044193,0.45428070425987244,0.1691603660583496,0.008813119493424892,-0.008190287718314414,-0.009661096104635664,-0.19070506307054874,
0.13278232812881471,0.011582771688699723,0.09823009967803956,0.4480888545513153,0.12588399648666382,0.010011543519794941,0.014277931955570125,-0.0003031641585274179,-0.18985074277641556,
0.10323994159698487,-0.02159506529569626,-0.04449619054794312,0.43077829480171204,0.10551080852746964,-0.007831636816263199,0.03661441166370988,0.002148685251939055,-0.18806394977441637,
0.09452666640281678,-0.04074461758136749,-0.25425586700439456,0.38563770055770874,0.10404606908559799,-0.010894272476434708,0.08119685477239921,0.013652778561664573,-0.18589151336299148,
0.06566483974456787,-0.047009009122848514,-0.33447127342224126,0.3299110531806946,0.07601629942655563,-0.0025053145363926888,0.10165553604812887,0.018961334103580856,-0.18500450151439102,
0.056254857778549196,-0.044322633743286134,-0.3907869100570679,0.2649964988231659,0.042327314615249634,-0.023078234866261482,0.12009671121999103,0.023519219589890686,-0.18361958660196065,
0.0643236517906189,-0.05086387991905213,-0.4443243980407715,0.20580776035785675,0.027347031980752945,-0.02727271243929863,0.13612945928331688,0.026723609942273473,-0.18267714852089592,
0.012206478416919709,-0.0794513761997223,-0.4598623275756836,0.12577976286411285,0.021221760660409927,-0.014289802871644497,0.1595216335383176,0.030973055993780543,-0.1833221702053,
0.0051907885819673545,-0.09271125793457032,-0.46329865455627445,0.05434047058224678,-0.011202225461602211,-0.005834266077727079,0.16701954436861471,0.03243110218028863,-0.18358485631336205,
0.0028964227065443994,-0.10044751167297364,-0.45942430496215825,0.009998834691941738,-0.03264067322015762,-0.005368213169276714,0.17182334618714518,0.03307950263330699,-0.18376515610897998,
-0.010508574545383453,-0.10205531120300293,-0.4691774845123291,-0.06097440794110298,-0.039098840206861496,0.0006904788315296173,0.17428053142800665,0.031206794271375772,-0.18553031548955992,
-0.010879728198051454,-0.09903422594070435,-0.48006858825683596,-0.12801949679851532,-0.0475543737411499,0.012008913792669773,0.17193891826579882,0.029601343480712593,-0.18654274876541482,
-0.004113481938838959,-0.09219510555267335,-0.4692147254943848,-0.19213606417179108,-0.058739494532346725,0.018465276807546616,0.16679941581750757,0.027508128859370463,-0.18733381215023762,
-0.00010568012949079275,-0.07582053542137146,-0.4584714412689209,-0.23940718173980713,-0.07385293394327164,0.02072896435856819,0.15904386472297413,0.024864387084738447,-0.18793824949744614,
-0.01686207503080368,-0.0564725935459137,-0.4075326442718506,-0.2826169431209564,-0.1151319295167923,0.03324582427740097,0.13645252222947077,0.0177103517429037,-0.1891937442016936,
0.011476247012615204,-0.05022776126861572,-0.3990599870681763,-0.34726518392562866,-0.12425325810909271,0.04842584207653999,0.12255250201424461,0.012165632052821583,-0.18990515893856244,
0.07714952826499939,-0.045651173591613775,-0.3643374919891358,-0.4059213101863861,-0.10055112838745117,0.02998344972729683,0.10648115411421026,0.005393250455728776,-0.19008068820823276,
0.16274062395095826,-0.056098902225494386,-0.2247468709945679,-0.44054239988327026,-0.0687929317355156,-0.015956079587340355,0.0673236532528278,-0.006278714897619902,-0.1895123182221255,
0.16195335388183596,-0.07402579188346863,-0.09684103131294251,-0.44999662041664124,-0.024118399247527122,-0.02055003121495247,0.045150894755847965,-0.009968226050446267,-0.19055706186617052,
0.13269708156585694,-0.04135245978832245,0.035019111633300785,-0.44839873909950256,0.046388790011405945,-0.04638269543647766,0.020442126180128035,-0.01699601376798454,-0.19173856745809195,
0.1660572648048401,0.004897993057966232,0.30622606277465825,-0.43694713711738586,0.019424285739660263,-0.10230907797813416,-0.02499710888606499,-0.01461106771871173,-0.1955341083991567,
0.12960267066955566,0.040766444802284245,0.5483881950378419,-0.31038039922714233,-0.0009488975629210472,-0.10703618824481964,-0.047579786547200686,-0.013747566597233049,-0.20022670515907967,
0.08189301490783692,0.0976271390914917,0.726066255569458,-0.18008525669574738,-0.0008157395059242845,-0.10523855686187744,-0.06635715831744733,-0.01449446570301002,-0.20582447052308545,
0.09660728573799134,0.14131052494049073,0.804840087890625,-0.05964379385113716,-0.018192864954471588,-0.11808830499649048,-0.0795817827949431,-0.015909082015844043,-0.21095144328241783,
0.09066596031188966,0.24813375473022461,0.8602839469909669,0.07404689490795135,-0.07352004200220108,-0.13173700869083405,-0.08987033854154396,-0.02020897072427037,-0.221631608004061,
0.09724075198173524,0.2702372074127197,0.7830967903137207,0.21366311609745026,-0.05674212425947189,-0.17747680842876434,-0.08616684907817133,-0.025370444793159985,-0.22714375920449345,
0.0666828989982605,0.25012290477752686,0.6555586338043213,0.28583478927612305,-0.002679952187463641,-0.1909923553466797,-0.0769416467818794,-0.0309649659504676,-0.23469219635542943,
-0.027190113067626955,0.1439074993133545,0.37493376731872563,0.32924431562423706,0.03540325164794922,-0.18826261162757874,-0.04813214721204487,-0.03675342161739906,-0.253695428026139,
-0.07685701847076416,0.07731782793998719,0.23159618377685548,0.3601369857788086,0.01456401590257883,-0.17754338681697845,-0.03073904072114962,-0.036409041792827064,-0.26346867238441973,
-0.12894115447998047,0.02615106999874115,0.10500316619873047,0.346954345703125,0.013898225501179695,-0.15410757064819336,-0.011987386965157179,-0.03559329262662987,-0.27297932666750946,
-0.14511216878890992,-0.00860949382185936,-0.04434282183647156,0.3022798001766205,0.038399308919906616,-0.12574489414691925,0.007319403498571898,-0.027799915506604697,-0.28187092140849945,
-0.17288502454757693,-0.03523929417133331,-0.20839636325836183,0.2556723356246948,0.051116250455379486,-0.08952990174293518,0.0411424622294507,-0.023877380636189955,-0.2955563722859365,
-0.17599138021469118,-0.04769084751605988,-0.24316890239715577,0.21066492795944214,0.037334393709897995,-0.054642483592033386,0.054960771773622775,-0.020617992871709068,-0.300069052904945,
-0.17610933780670168,-0.05096489191055298,-0.28376088142395023,0.1707175076007843,0.03367254510521889,-0.03819746524095535,0.06713505903970193,-0.01760840806120624,-0.30333817610988645,
-0.16168944835662843,-0.05653139352798462,-0.3297788143157959,0.12830667197704315,0.01629542000591755,-0.025014815852046013,0.07770614673429105,-0.015186135141835883,-0.3054984882817397,
-0.15219337940216066,-0.045099467039108276,-0.3777577638626099,0.08989056944847107,-0.018991464748978615,-0.013762960210442543,0.09316134989942568,-0.011843559933908385,-0.3079575307491417,
