0.0,0.0,0.0,0.0,0.0,0.0,0.0,0.0,0.0,
0.0,0.0,0.0,0.01426959689706564,0.0070279850624501705,-0.005758288316428661,0.0,0.0,0.0,
0.0,0.0,0.0,0.014535913243889809,0.010356936603784561,-0.0060246046632528305,0.0,0.0,0.0,
0.0,0.0,0.0,0.01426959689706564,0.004431403242051601,-0.00016564968973398209,0.0,0.0,0.0,
-0.004891372472047806,-0.00115743987262249,0.01387774795293808,0.014402755536139011,-0.002426236867904663,0.00043356139212846756,0.03423310583367159,-0.0671435022775191,-9.845960170732977e-05,
-0.0037820540368556977,0.0033273398876190186,-0.0001253698254004121,0.016333546489477158,0.011155884712934494,-0.0020964420400559902,0.03498509373890994,-0.06732334075117198,-3.054718407011276e-05,
-0.0019362013787031175,0.007849322259426117,0.005711209028959274,0.020994078367948532,0.009091935120522976,-0.002229600213468075,0.03670568604130387,-0.06635855175132467,-8.474124790451596e-05,
-0.010355712473392488,0.006187155470252038,-0.010755731165409088,0.014602492563426495,0.002766927471384406,0.003695933148264885,0.03772040229189294,-0.06605673574880193,-0.00014330070210396192,
-0.014268136024475098,0.003637421503663063,-0.010277102887630464,0.008676959201693535,0.002567190444096923,0.005959620699286461,0.03850691689894944,-0.06590928588973007,-4.687224799369005e-05,
-0.010204727202653885,0.004168683663010597,0.005127523839473725,0.010474592447280884,0.0033661387860774994,0.005693304352462292,0.03898645867065865,-0.06580313600246572,0.0002444453797827527,
-0.0035438921302556993,0.011222173273563386,0.03378698229789734,0.02205934189260006,-0.002226499607786536,0.005626725032925606,0.03993697271362582,-0.0655692429323897,0.0009319088974118965,
-0.00941198617219925,0.011488728970289231,0.02004762440919876,0.027385665103793144,0.01095614768564701,0.006026199087500572,0.04099114037357738,-0.06568289637377317,0.0012324316867408118,
-0.003292372077703476,0.007995878905057907,0.033924511075019835,0.03477593883872032,0.00935825053602457,0.0024309316650032997,0.04223188101497082,-0.06534887722344025,0.0015686334763150476,
0.005617790296673775,0.01432797908782959,0.04661053717136383,0.03517541289329529,0.005230351351201534,0.004894356243312359,0.04513595617389253,-0.06450358194122709,0.0019201850131483728,
0.0016797304153442383,0.05206746459007264,0.11211475133895875,0.06034228578209877,0.028865907341241837,0.019342005252838135,0.047290118793844454,-0.06413235872191568,0.0024312397172961495,
0.08978182077407837,0.04432033896446228,0.1927724599838257,0.12279341369867325,0.057628046721220016,-0.031258054077625275,0.04970704456536805,-0.06311890192382713,0.003616290858136198,
0.11948525905609131,0.022590772807598115,0.18356142044067383,0.144098699092865,0.13432708382606506,-0.07267021387815475,0.05479676368413031,-0.06090129972964997,0.0035756496521762594,
0.07548301815986634,0.04181726276874542,0.19304208755493166,0.14942501485347748,0.17114529013633728,-0.09044681489467621,0.06786301627898879,-0.049823041451474225,-6.576308364493065e-05,
0.07999850511550904,0.06014997363090516,0.2515353918075562,0.17891952395439148,0.16388817131519318,-0.09816998243331909,0.07803614856816053,-0.03796247750045642,-0.0032940468874310606,
0.039683631062507635,0.07096174955368043,0.25845305919647216,0.23038510978221893,0.11501917243003845,-0.07280337065458298,0.08770809990306029,-0.028635750694295487,-0.005928174538869434,
-0.004745209217071534,0.07491259574890137,0.271990442276001,0.27751582860946655,0.028534190729260445,-0.025612348690629005,0.09907720001746208,-0.020692007047372004,-0.008018658966609218,
-0.028808176517486572,-0.010851292312145234,0.12031381130218506,0.29489296674728394,0.018680494278669357,-0.0033749532885849476,0.12674026110761644,-0.0154754607565473,-0.009665273243302075,
-0.04106640219688416,-0.03755311071872711,0.022268640995025638,0.27079135179519653,0.061024755239486694,0.004281635396182537,0.1417838631019984,-0.014617061542921637,-0.009529524601340395,
-0.06738381981849671,-0.0268320232629776,0.03260975778102875,0.29069849848747253,0.05583159253001213,0.04023430868983269,0.15559713873832337,-0.012117442426201058,-0.00839095838097437,
-0.09171758890151978,-0.039446213841438295,0.02872617244720459,0.2952258586883545,3.836644464172423e-05,0.05221853405237198,0.16953832009984318,-0.009563878319833916,-0.006003429131891222,
-0.05083238482475281,-0.12492947578430176,-0.14098114967346193,0.25581106543540955,-0.015740863978862762,0.060807228088378906,0.19880410709008003,-0.011141983533711828,-0.0011082250239443031,
-0.022064507007598877,-0.1704379200935364,-0.19284393787384035,0.19276073575019836,0.03212945535778999,0.033709567040205,0.21155824321642122,-0.013489423793911074,0.0008553437754366024,
-0.02109702080488205,-0.16968719959259035,-0.2092960834503174,0.16619570553302765,0.054766327142715454,0.020127443596720695,0.22230520062839068,-0.014288041328058191,0.003070751844749806,
-0.01810009330511093,-0.18280470371246338,-0.24329369068145754,0.129111185669899,0.035991039127111435,0.023323237895965576,0.23934955487226617,-0.012083962317791868,0.00807791729807832,
-0.042373773455619816,-0.18244279623031617,-0.27896449565887455,0.08330482244491577,0.03931999206542969,0.04109983891248703,0.2458863233936254,-0.011546597848772527,0.010248200403706815,
-0.03603334426879883,-0.21701545715332032,-0.3076061248779297,0.059802424162626266,0.0520365871489048,0.02159218303859234,0.2507744010743301,-0.011682373113928035,0.012777092000850133,
-0.03711242079734802,-0.28111631870269777,-0.38564362525939944,0.006339463405311108,0.08312899619340897,0.00042005162686109543,0.2564700333772424,-0.009596978892487501,0.01816280479128949,
-0.05204527378082276,-0.31130871772766117,-0.39630205631256105,-0.03194347769021988,0.092383474111557,0.004947425797581673,0.2567924442786423,-0.006746416053066738,0.021219004435969187,
-0.05694690942764283,-0.34824197292327885,-0.43193717002868653,-0.0903998613357544,0.10416796803474426,0.006212427280843258,0.2555551704545616,-0.0036388781957697263,0.024673815048726847,
-0.024596965312957766,-0.39782600402832036,-0.4691171169281006,-0.16357022523880005,0.11182455718517303,-0.020086288452148438,0.2523245586598894,-0.0003973992767997374,0.028584330563290433,
0.045898184180259705,-0.5222235202789307,-0.5262012004852296,-0.2932661771774292,0.12434141337871552,-0.07275030016899109,0.2365889493732964,0.008883967907760207,0.03513543044837838,
0.0631424605846405,-0.5895647525787354,-0.5478761672973633,-0.4575166404247284,0.17613990604877472,-0.1276780068874359,0.22181933351818828,0.016040679567875006,0.03658573375305344,
0.04337290227413178,-0.5942531108856202,-0.5466869354248047,-0.6514613032341003,0.22926996648311615,-0.1655614674091339,0.20063620255727088,0.026145882189134006,0.03707230405766527,
0.16905869245529176,-0.4779348373413086,-0.010918311774730682,-0.7208366394042969,0.22061468660831451,-0.2063744068145752,0.1366761447071285,0.05392682236385527,0.034366875466335975,
0.4308252811431885,-0.40346961021423344,0.5123556137084961,-0.759519100189209,0.04611105099320412,-0.2991189956665039,0.09884706902042495,0.06793123971882938,0.02853067051087316,
0.21776812076568605,-0.10845181941986085,1.104617500305176,-0.6487341523170471,-0.012411495670676231,-0.2653016149997711,0.05780151685852097,0.07549743392090252,0.015502765209855973,
-0.26451098918914795,0.39352943897247317,2.295137405395508,-0.0019188834121450782,-0.008483333513140678,-0.21669891476631165,-0.014460866995632152,0.07641257503511466,-0.013174876429483916,
-0.43473615646362307,0.4924313545227051,2.0405397415161133,0.4068763554096222,-0.032651521265506744,-0.08906692266464233,-0.021943025257784403,0.07522945672760299,-0.024965006402721063,
-0.33874261379241943,0.3543813228607178,1.2448080062866211,0.4315105974674225,-0.0733313038945198,0.012798990122973919,-0.008184623981353546,0.0741898063002022,-0.0320957211061554,
-0.21755197048187258,0.1565027475357056,0.3283570289611817,0.30374544858932495,-0.15968431532382965,0.11186858266592026,0.034225482113443575,0.06697090256266833,-0.032995377377214336,
-0.19775936603546143,0.040323960781097415,0.16578575372695925,0.2131313681602478,-0.2002309411764145,0.1657310128211975,0.05084430775156627,0.058429759299883643,-0.028583803577534025,
-0.17025470733642578,-0.0606500506401062,0.04168943464756012,0.16665920615196228,-0.2164762318134308,0.16519838571548462,0.06365423735566011,0.047305327947995246,-0.02251810608278409,
-0.13199273347854615,-0.12624462842941284,-0.026111191511154177,0.17178580164909363,-0.19257435202598572,0.13157597184181213,0.07245706286519334,0.03621139382885654,-0.01635811240374257,
-0.11187499761581421,-0.18191789388656618,-0.1595584034919739,0.18749845027923584,-0.16887222230434418,0.07837933301925659,0.09023703084863484,0.013613040952582613,-0.007940099518443036,
-0.13716416358947756,-0.17979018688201906,-0.24128446578979493,0.19588740170001984,-0.14876535534858704,0.06466405093669891,0.09979044106704034,0.004102901216777844,-0.00652087772710388,
-0.1542176127433777,-0.1744972586631775,-0.32228419780731205,0.18916292488574982,-0.12486347556114197,0.059137992560863495,0.10976549051758228,-0.004533579279391024,-0.005866762996633352,
-0.126942777633667,-0.20046563148498536,-0.4024397373199463,0.1511462926864624,-0.09956344217061996,0.03843191638588905,0.1289438188009389,-0.01885346237678497,-0.0049929101992308095,
-0.10278775691986085,-0.20568387508392336,-0.41593456268310547,0.09648492187261581,-0.0931718572974205,0.016593996435403824,0.1367655425783992,-0.02435829834147425,-0.005250410906969844,
-0.13233473300933837,-0.19543870687484743,-0.4193712711334229,0.04375432804226875,-0.05229233577847481,0.015195836313068867,0.1424133794017415,-0.029134263542674097,-0.0063036176596093525,
-0.16416598558425904,-0.18240897655487062,-0.4472824573516846,-0.00504809757694602,0.0034343122970312834,0.017126627266407013,0.14602691221338662,-0.033043859833693505,-0.007419083222970831,
-0.0928654193878174,-0.17849857807159425,-0.3918203830718994,-0.05458289757370949,0.041850410401821136,-0.0063091907650232315,0.14640766567255006,-0.03453935641738967,-0.006421927815665324,
-0.08487879037857056,-0.1599394202232361,-0.39141163825988773,-0.1093774363398552,0.07607202976942062,-0.022554472088813782,0.1439051074206764,-0.03273790700546432,-0.0056613209482741745,
-0.10376932621002198,-0.14307569265365602,-0.36560797691345215,-0.14333274960517883,0.10689812153577805,-0.021489208564162254,0.1394698966298498,-0.02945165787142857,-0.005190779329270217,
-0.07610869407653809,-0.18643869161605836,-0.2965791940689087,-0.19859333336353302,0.17061424255371094,-0.05311425030231476,0.1253727249250455,-0.018889729187956464,-0.0031739649413328012,
-0.07273054718971253,-0.16268731355667115,-0.25442593097686766,-0.2284216433763504,0.18060125410556793,-0.06696435809135437,0.11593523429956734,-0.010558346970845775,-0.0023466624758270885,
-0.0727144181728363,-0.10851773023605348,-0.1683467984199524,-0.1922026425600052,0.16195912659168243,-0.06004013866186142,0.10463348968985546,-0.0006641479564090229,-0.002122660383864804,
-0.06116648316383362,-0.11216424703598023,-0.07400016188621521,-0.1122412234544754,0.20363759994506836,-0.08773700892925262,0.08457150937936918,0.017456113560597317,-0.0032538074016403903,
-0.058244460821151735,-0.13009490966796874,-0.14846612215042115,-0.1850786954164505,0.37075096368789673,-0.1441960334777832,0.07827453855398751,0.02763811430143284,-0.004569054729777299,
-0.1431403398513794,-0.06425706148147584,-0.19973783493041994,-0.2349463850259781,0.5555077791213989,-0.1994566172361374,0.07099637518474268,0.04263064228512944,-0.007277448673663401,
-0.1290243148803711,0.09146263003349304,0.5844779491424561,-0.15418602526187897,0.4349331259727478,-0.23967035114765167,0.04652317233454765,0.09676100342637703,-0.01722744125069448,
-0.44977560043334963,0.4038834571838379,0.9201882362365723,-0.08441118896007538,0.19451627135276794,0.011732053942978382,0.034653259033584904,0.12281717581707251,-0.027435852349291502,
-0.6592179775238037,0.7765607357025147,1.6721958160400392,0.33170774579048157,0.09205114841461182,0.23949891328811646,0.025737910974499244,0.147718349105599,-0.028848400375908214,
-0.361110520362854,0.6197286605834962,1.4755043983459473,0.551152229309082,0.15430253744125366,0.24449235200881958,0.04311896342383904,0.1513424487982566,-0.016089336326819314,
-0.22366390228271485,0.22217164039611817,0.9504379272460938,0.6775192022323608,0.18612730503082275,0.29009896516799927,0.1118620503250121,0.15994008855853695,0.015797360170898857,
-0.19242625236511232,0.014764860272407532,0.713710641860962,0.6859747767448425,0.11282380670309067,0.38517382740974426,0.15470359832365638,0.16323808644906188,0.03504630456212112,
-0.15636253356933594,-0.353370475769043,0.24381763935089112,0.5729235410690308,0.028068698942661285,0.48317816853523254,0.24422201360777307,0.150553452643105,0.07768616088048251,
-0.04182040095329285,-0.5217751502990723,0.165503466129303,0.50461345911026,-0.08052169531583786,0.4624055027961731,0.28306903593554344,0.13442330386949558,0.09733619544265525,
0.06890444159507751,-0.5896936893463135,0.006389754265546799,0.4323086440563202,-0.09164039045572281,0.4126043915748596,0.30855384734663194,0.11608930969879734,0.10886356482004847,
0.09126340746879578,-0.6196584701538086,-0.2012337923049927,0.2914940118789673,-0.05861719697713852,0.29662370681762695,0.3584991025762118,0.07430104588950347,0.12305242134179635,
0.056888753175735475,-0.5117167949676514,-0.27909741401672367,0.1748475432395935,-0.03637980297207832,0.24182918667793274,0.3914373494829143,0.04247640110720388,0.1293938289667941,
0.05148987770080567,-0.46757135391235355,-0.20350463390350343,0.14482039213180542,-0.06407666951417923,0.22032415866851807,0.40128808364112467,0.029875710411509573,0.1316613624962012,
0.04412881433963776,-0.4300699234008789,-0.1769866943359375,0.10713329911231995,-0.09669985622167587,0.20986494421958923,0.4091877722987932,0.01804607897596288,0.13255055380228417,
0.054331183433532715,-0.3725755691528321,-0.22288150787353517,0.03589373826980591,-0.09183958172798157,0.16612252593040466,0.42074939852972676,-0.005043603968861281,0.1294217199989758,
0.07818231582641602,-0.3555561780929566,-0.22714755535125733,-0.013574481941759586,-0.05934901535511017,0.11192718148231506,0.4234120996669882,-0.015118454984179151,0.1268826478224565,
0.08373662233352662,-0.33281493186950684,-0.21766476631164552,-0.03794240579009056,-0.0255268681794405,0.06672002375125885,0.4240319546752636,-0.022916566788255127,0.12474093831469936,
0.09746522307395936,-0.30567991733551025,-0.1409312129020691,-0.03900766745209694,-0.0014252603286877275,-0.00991243589669466,0.42103269952668887,-0.031171386705188896,0.12316588246636274,
0.09607192873954773,-0.3013635635375977,-0.16873006820678713,-0.07036639004945755,0.009560278616845608,-0.0491274818778038,0.41938002130490676,-0.03191459557148189,0.12297684680408232,
0.08244701623916627,-0.3123525619506836,-0.2517471551895142,-0.17083413898944855,0.022276874631643295,-0.0960657000541687,0.41282967534503967,-0.027755673709202573,0.12250395248488057,
0.0789851725101471,-0.3202553749084473,-0.23103029727935792,-0.22556211054325104,0.010359227657318115,-0.11983441561460495,0.40575674158492153,-0.023372171451919648,0.12228634833950941,
0.034024384617805485,-0.3006910800933838,-0.13078560829162597,-0.23601500689983368,0.01248975656926632,-0.16331051290035248,0.3842357097745666,-0.011930315286182033,0.11972481806244181,
0.022969579696655276,-0.32084383964538576,-0.147504723072052,-0.2698371708393097,0.06781692802906036,-0.20578792691230774,0.37229891041748686,-0.004995737214991469,0.11707842587756498,
-0.028327664732933047,-0.3362738132476807,-0.21767818927764893,-0.39287522435188293,0.09611301124095917,-0.22403058409690857,0.3453791590611096,0.01552211204721315,0.11354727758244679,
-0.006130293011665344,-0.30818188190460205,-0.12429569959640503,-0.4075891971588135,0.01761634275317192,-0.2164405733346939,0.32709278905794165,0.027862677865904444,0.11247306088211957,
-0.10206705331802368,-0.2560943365097046,-0.015587002038955688,-0.4617845118045807,-0.044701628386974335,-0.1429373323917389,0.28453358189503236,0.04769854599491724,0.10287547262859881,
-0.13951847553253174,-0.23312828540802003,-0.116485333442688,-0.5855549573898315,0.03006662055850029,-0.1225641518831253,0.26156194251443227,0.052252036523071,0.09554013812274068,
-0.06597684025764465,-0.2121077299118042,0.01905050128698349,-0.5522654056549072,0.05450112372636795,-0.1574515551328659,0.23353133854603436,0.0564173530172658,0.09049723347844495,
0.002439961209893227,-0.10259859561920166,0.3318679809570313,-0.4930100739002228,-0.06960219144821167,-0.10532018542289734,0.17367311811455197,0.06887734224327131,0.08100688940661421,
0.008528020232915878,-0.03415936529636383,0.44079432487487796,-0.4498668611049652,-0.060414280742406845,-0.07575909793376923,0.1460935042563076,0.07093416689241668,0.07431152276275602,
0.2684236764907837,0.07596244215965271,0.48060154914855957,-0.47543323040008545,-0.09070774167776108,-0.11537361890077591,0.09676300706075353,0.06777646037697772,0.0635176532546421,
0.21935274600982668,0.20223546028137207,0.7413979053497315,-0.3589850962162018,-0.17406490445137024,-0.10345339775085449,0.0713982584024153,0.06598508974929294,0.057176350167605965,
0.1662371873855591,0.3009812831878662,1.025319004058838,-0.13321562111377716,-0.18252044916152954,-0.12389315664768219,0.04766242941350743,0.06024916939924689,0.05039014712072556,
0.07924084067344667,0.3685649394989014,0.9553868293762208,0.07005015760660172,-0.15868514776229858,-0.1582479476928711,0.02552904281001174,0.043328680074575285,0.03628169741469694,
-0.03170424699783325,0.355264687538147,0.8530977249145508,0.17677633464336395,-0.19943152368068695,-0.1131073534488678,0.026076635680537353,0.035880901058343795,0.02757310910512637,
-0.11829630136489869,0.31524429321289066,0.7436719417572022,0.2377627193927765,-0.23951208591461182,-0.05824624001979828,0.03146424065569202,0.02761966742540119,0.01956056581781335,
-0.1578087329864502,0.136786949634552,0.36817729473114014,0.2843680679798126,-0.18804650008678436,-0.031747784465551376,0.05336659738070265,0.005670819250795521,0.009069196788367467,
-0.15701706409454347,0.05428399443626404,0.23656220436096193,0.31346309185028076,-0.13904434442520142,-0.026088565587997437,0.06693314763615212,-0.004861133932242621,0.005393605211193788,
-0.21538662910461426,-0.08929621577262879,0.02546660900115967,0.3113325536251068,-0.12013589590787888,0.004471207968890667,0.09830845377009238,-0.019339295443816976,-0.0013158511040278617,
-0.2393589496612549,-0.13564212322235109,-0.1200250267982483,0.26512670516967773,-0.11634089052677155,0.038426510989665985,0.11310949877034289,-0.02069195087159994,-0.003911784327299175,
-0.20107862949371338,-0.1823701024055481,-0.25029726028442384,0.21892085671424866,-0.10202639549970627,0.05966522544622421,0.14161794733010002,-0.03282834148879381,-0.005973299264184738,
-0.18935188055038454,-0.20078575611114502,-0.28496632575988773,0.1752450168132782,-0.08671322464942932,0.0679876059293747,0.15317911902703782,-0.03899601763891818,-0.005845494866441609,
-0.15877605676651002,-0.20808095932006837,-0.3102023839950562,0.13589681684970856,-0.07519505172967911,0.06146285682916641,0.16309469700780657,-0.04465952373239533,-0.005125006776207562,
-0.11571576595306397,-0.21161410808563233,-0.34573729038238527,0.09215439856052399,-0.020467087626457214,0.03676203638315201,0.17768579099389367,-0.0547237152417053,-0.003498317574261023,
-0.12111847400665283,-0.2135246992111206,-0.3756629228591919,0.040489066392183304,0.0060979449190199375,0.025110704824328423,0.18292398991152062,-0.05736305592038424,-0.0025132394578130227,
-0.11869627237319946,-0.21724772453308105,-0.36508934497833256,-0.0019883541390299797,0.02620481140911579,0.0261759702116251,0.18615598877351108,-0.0584901668039816,-0.001305211021998313,
-0.09784660339355469,-0.2039949178695679,-0.3687825441360474,-0.07715607434511185,0.06109222397208214,0.01818648725748062,0.1865241173432417,-0.058184998639864996,0.002086467611515117,
-0.07241692543029786,-0.19939604997634888,-0.3635752201080322,-0.11583849042654037,0.09131909906864166,0.002007783390581608,0.1835759986866647,-0.05686392477819542,0.004519572774542585,
-0.031834790110588075,-0.1970930337905884,-0.3054768323898316,-0.188742533326149,0.1234767735004425,-0.03887173905968666,0.17204180931103683,-0.05007450510033906,0.009514565405777692,
-0.053326654434204104,-0.17833418846130372,-0.2733588933944702,-0.22602678835391998,0.12514124810695648,-0.03434436768293381,0.16385041455250882,-0.04431787941648979,0.011306037119802504,
-0.1332539439201355,-0.12310572862625123,-0.1024695634841919,-0.20279070734977722,0.15163969993591309,-0.012839339673519135,0.14180183883313424,-0.0313409493210305,0.013978767956824673,
-0.09182553291320801,-0.11912850141525269,-0.10880309343338013,-0.2340162694454193,0.171613410115242,-0.0312817320227623,0.1309774527071605,-0.024492839259711324,0.016027560490589426,
0.0014740676619112492,-0.13311051130294801,-0.11508818864822389,-0.26371049880981445,0.1636905074119568,-0.06989756971597672,0.12008274989338755,-0.01649725387188089,0.018562808967221796,
-0.0621703565120697,-0.08906827569007875,-0.018059161305427552,-0.24440260231494904,0.23499664664268494,-0.09766101837158203,0.09431337216350724,0.0015580273614461157,0.018777679637513405,
-0.14441454410552979,-0.033852490782737735,-0.011265410482883454,-0.2647757828235626,0.32174912095069885,-0.10791418701410294,0.07943409877473404,0.018001256084003294,0.016560315103583415,
-0.07401549816131592,-0.004691942781209946,0.1501895308494568,-0.2611139118671417,0.4320039749145508,-0.19353482127189636,0.052189934335868306,0.052612090660669894,0.011977517483813769,
-0.23905277252197266,0.10291627645492554,0.33196957111358644,-0.2527249753475189,0.4250131845474243,-0.11590367555618286,0.0367564559380776,0.07366537870441713,0.005401590822259076,
-0.31542763710021976,0.3815621852874756,0.8243684768676758,-0.14333564043045044,0.1198149248957634,0.11286186426877975,0.007523073044803099,0.11769192672578231,-0.006088385322344121,
-0.2726073026657105,0.4920921325683594,1.1102221488952637,0.06678778678178787,-0.11474299430847168,0.2799086570739746,-0.0026050206331307093,0.13000707275980974,-0.0043900808435169995,
0.05641266703605652,0.43697624206542973,1.0462665557861328,0.2914254367351532,-0.13684722781181335,0.2370983213186264,0.008242924879593246,0.12519261284402303,0.020991405241016992,
0.18757615089416504,0.3119974136352539,0.9419934272766114,0.4516145884990692,-0.02086656168103218,0.13529899716377258,0.024768214801832045,0.11622573068646957,0.03612865408744628,
0.08519400358200074,0.10497928857803346,0.6519467353820801,0.5349048972129822,0.03053244762122631,0.10786844044923782,0.0719679738823046,0.10827234498274281,0.05312611297580977,
-0.0026797525584697727,0.021672222018241885,0.49560384750366215,0.5331072807312012,-0.0269918330013752,0.1648600846529007,0.10083825905309304,0.10836192708503581,0.05903114983111111,
-0.09304804205894471,-0.06984806060791016,0.4437895298004151,0.5465562343597412,-0.09616744518280029,0.2364991158246994,0.13017347072516353,0.10668540370686684,0.06571581633030803,
-0.1307304382324219,-0.26806585788726806,0.277485466003418,0.5528146624565125,-0.13757960498332977,0.267325222492218,0.19028157366075932,0.0896275808190344,0.08142745818364637,
-0.10017815828323365,-0.3370712280273438,0.12452952861785889,0.5262496471405029,-0.09596771001815796,0.24109306931495667,0.22054468453528298,0.0759324971465116,0.08836658546864382,
-0.08187127709388733,-0.40019702911376953,0.017701785266399383,0.5025466680526733,-0.03744460269808769,0.2086675465106964,0.24550872166803103,0.06385395507119761,0.09320229502898833,
-0.04247822165489197,-0.44515576362609866,-0.14838862419128418,0.4199221134185791,-0.015473525039851665,0.18676304817199707,0.29914373336764755,0.043006251290477256,0.10364907176157077,
0.006471394747495651,-0.4521335124969483,-0.18326354026794434,0.3548078238964081,-0.041372764855623245,0.16785460710525513,0.3227704367751947,0.03444463540431093,0.10865450873448106,
0.007342030107975007,-0.44400920867919924,-0.26973226070404055,0.26146402955055237,-0.031918544322252274,0.14708194136619568,0.3612903999390914,0.017356498434206065,0.11388997278156662,
0.0024996872991323474,-0.43318915367126465,-0.3088122367858887,0.1823015660047531,-0.02352958917617798,0.13769429922103882,0.3765239955431024,0.00958466851591506,0.11502756357748199,
0.09022722840309144,-0.41528143882751467,-0.28375840187072754,0.12098228931427002,-0.03125275671482086,0.09495055675506592,0.39753670051652046,-0.0046426648143888995,0.11751387995306715,
0.11142444610595703,-0.4008607864379883,-0.285414719581604,0.07011590898036957,-0.03038722835481167,0.055402617901563644,0.40417079123561683,-0.010127813336446146,0.11770610848669114,
0.09669013619422913,-0.37963175773620605,-0.3064608097076416,-0.004119709134101868,-0.022664060816168785,0.019982576370239258,0.4088319582157336,-0.01398692153097204,0.11718928987267406,
0.11931984424591065,-0.3896908760070801,-0.3204172372817993,-0.09360191971063614,0.00709676556289196,-0.04253512993454933,0.41058496029788677,-0.017729476062614033,0.11571042875816365,
0.12753653526306152,-0.3942826509475708,-0.30955817699432375,-0.15325672924518585,0.028069159016013145,-0.08827492594718933,0.40734780807315296,-0.01689888939178679,0.11518855911175148,
0.12485846281051637,-0.3727510452270508,-0.2996878147125244,-0.22915682196617126,0.04784313216805458,-0.15318946540355682,0.3935892618598059,-0.008972151202204343,0.11489501626246217,
0.1045516848564148,-0.37018713951110843,-0.25906536579132083,-0.2703692317008972,0.05796314403414726,-0.18840977549552917,0.3829916211655309,-0.0019194155169178486,0.11462531244883852,
0.04206713438034058,-0.3680940628051758,-0.22838609218597414,-0.3232329785823822,0.06342262029647827,-0.19140583276748657,0.3704632015084114,0.00714875957462683,0.11383402445279703,
0.031085088849067688,-0.3455838680267334,-0.13391678333282472,-0.3780275285243988,0.038655225187540054,-0.2211000770330429,0.3391756727377184,0.027374247099808284,0.11091120768146129,
-0.005926642939448357,-0.2892477989196777,-0.054405421018600464,-0.3767625391483307,0.031930744647979736,-0.1975976824760437,0.3199516306153763,0.03790189194787399,0.1076369861724326,
-0.031555429100990295,-0.2405348062515259,-0.008167334645986558,-0.43854787945747375,0.05416813865303993,-0.2137763947248459,0.27992297778937886,0.05713082711402184,0.09809993242443937,
-0.03333598673343659,-0.26220412254333497,0.05231078863143921,-0.44394075870513916,0.06668499112129211,-0.2071850597858429,0.2575245091708051,0.06618529844495832,0.09284154003085408,
-0.03303791880607605,-0.14842232465744018,0.12336359024047852,-0.4954063594341278,-0.0020911404862999916,-0.17629238963127136,0.2007530777307948,0.08849903348945214,0.07827700967089979,
-0.04285167157649994,-0.10346181392669679,0.18478124141693117,-0.5044634938240051,-0.018735505640506744,-0.12483131140470505,0.17451493231098342,0.09469481484333873,0.07086278375717951,
-0.0919687032699585,-0.034747689962387085,0.3102790117263794,-0.46864399313926697,-0.036911580711603165,-0.07176782935857773,0.14632830047234813,0.09817391803321615,0.06315671631337318,
0.07741678357124329,0.1396157145500183,0.5565346240997314,-0.40412890911102295,-0.09536796808242798,-0.0535251758992672,0.09420710922321139,0.09864487484949647,0.052790213766407294,
0.10813301801681519,0.27476325035095217,0.7056882858276368,-0.2785608768463135,-0.1460345983505249,-0.03734647110104561,0.07130362896186128,0.09565301988317847,0.04873988446461163,
0.190611732006073,0.3639362096786499,0.8799712181091309,-0.1264277994632721,-0.15848487615585327,-0.08987732231616974,0.05162063501119666,0.09037415928566332,0.04525003103236508,
0.178471314907074,0.3994476318359375,0.8546010971069337,0.060193225741386414,-0.0882440134882927,-0.15665608644485474,0.030843556874601562,0.07571481244013135,0.03596239714253768,
0.02173513174057007,0.3911679029464722,0.75618634223938,0.1346951574087143,-0.07233162224292755,-0.12463157624006271,0.028843933525155727,0.07047936389225162,0.027934462555696232,
-0.09699076414108276,0.3555349826812744,0.623992395401001,0.18536178767681122,-0.09703244268894196,-0.07010334730148315,0.031394655500753425,0.06723988291961067,0.019615650595245407,
-0.16389029026031496,0.21642317771911623,0.39613444805145265,0.2244436889886856,-0.13484932482242584,-0.01737276092171669,0.04557534263123451,0.0597097259242851,0.008660998382946952,
-0.18567280769348146,0.1467587471008301,0.2661486625671387,0.27937138080596924,-0.14190669357776642,0.04827415943145752,0.05656800390210806,0.053227685638521816,0.0065958484652212076,
-0.15072996616363527,0.0439321905374527,0.12809996604919435,0.2822342813014984,-0.12046825885772705,0.043946523219347,0.06956992260386125,0.04564894065156366,0.006538420044857358,
-0.06869293451309204,-0.09200978875160218,-0.11853857040405275,0.23835870623588562,-0.10928298532962799,0.03289440646767616,0.09720926056252116,0.03551826817415658,0.007509106775521622,
-0.08587067127227783,-0.11059771776199341,-0.18375588655471803,0.20846471190452576,-0.09716559946537018,0.0427481010556221,0.11024033997101959,0.029637587275235768,0.007270723660602919,
-0.07501814961433412,-0.15091897249221803,-0.24871649742126467,0.16625361144542694,-0.0725979432463646,0.038753360509872437,0.13230081566688512,0.018474295224935704,0.007096383813350511,
-0.06036263108253479,-0.16237804889678956,-0.2836979866027832,0.1263061910867691,-0.06254450231790543,0.033626772463321686,0.14190553155594987,0.013713769328850411,0.007282348565274788,
-0.05728330612182617,-0.17180702686309815,-0.29670557975769046,0.09428168088197708,-0.04962817579507828,0.0288996621966362,0.14984420347416896,0.009720003827418812,0.007394109257884275,
-0.0438335120677948,-0.1725181818008423,-0.3350951910018921,0.03882135823369026,-0.013276023790240288,0.018646493554115295,0.16083881252504098,0.0033595641175262546,0.007627316811097747,
-0.03635511994361878,-0.17042269706726076,-0.3324546813964844,-0.013443183153867722,0.016484800726175308,0.0020683156326413155,0.1634678520731464,0.0018120500221583853,0.008002263386756662,
-0.02983958125114441,-0.16327714920043945,-0.30337066650390626,-0.03468065336346626,0.019813550636172295,-0.006518063135445118,0.16405810651168404,0.001709616304095238,0.008554239548865104,
-0.04480225145816803,-0.14231833219528198,-0.3016084671020508,-0.08028728514909744,0.04751042649149895,-0.010446225292980671,0.161349812032419,0.003564632253000628,0.009299564697895354,
-0.03465449512004853,-0.14390137195587158,-0.3113458633422852,-0.14580105245113373,0.05703122913837433,-0.013642018660902977,0.15826029996901866,0.005427660791617505,0.009865434763691085,
-0.031232213973999026,-0.1309939742088318,-0.28729047775268557,-0.17835819721221924,0.04910832270979881,-0.008448855020105839,0.1531887318523914,0.00809791520193592,0.010596402690462824,
-0.06615899205207824,-0.08627167940139771,-0.16491496562957764,-0.18082162737846375,0.07221124321222305,0.002936159260571003,0.13663259091669613,0.01336242840496874,0.012038793754854914,
-0.04425008893013001,-0.07409686446189881,-0.14672157764434815,-0.19000953435897827,0.10942891985177994,-0.013109386898577213,0.1273316205134635,0.015948316006824847,0.013251913853006652,
0.01766570657491684,-0.09180784225463867,-0.14646291732788086,-0.22815930843353271,0.10550075769424438,-0.05059337988495827,0.11824514320299401,0.020094076696720753,0.014966622509846495,
-0.013197772204875946,-0.05701718926429749,-0.053202539682388306,-0.21071560680866241,0.11122655868530273,-0.06370945274829865,0.09664451269802142,0.03157469471684707,0.015239279623966538,
-0.08018019199371339,-0.03166813254356384,-0.03338679373264313,-0.2238982617855072,0.15230581164360046,-0.03175151348114014,0.08507061440796036,0.038144943096993754,0.013629839445300244,
-0.1220944881439209,-0.008577615022659302,-0.08072007894515992,-0.285150945186615,0.1766071617603302,-0.005652535706758499,0.07473226821805287,0.04575665362033532,0.012500191342242001,
-0.026129367947578433,0.05551515817642212,0.19166595935821534,-0.25778695940971375,0.20270614326000214,-0.04406863451004028,0.049044561725455536,0.06498075151528833,0.01421443729700924,
-0.07604693770408631,0.1431650996208191,0.3913332223892212,-0.19467006623744965,0.21968379616737366,-0.015572810545563698,0.03508389501511789,0.07506848048747565,0.013906052522001744,
-0.1896024823188782,0.2887515306472778,0.573851490020752,-0.11257811635732651,0.1616268754005432,0.062191493809223175,0.023322478833612836,0.08618277661175129,0.012690317697883795,
-0.11825988292694092,0.4770523548126221,1.0049615859985352,0.14761272072792053,0.051105692982673645,0.1454152762889862,0.010146939616882615,0.10486196939422092,0.01730151325088656,
0.01822774261236191,0.48958745002746584,1.0074408531188965,0.30786845088005066,0.013288806192576885,0.13103421032428741,0.014494174038299308,0.10886691000021079,0.02401720142122296,
0.16047770977020265,0.40415568351745607,0.836519718170166,0.36372825503349304,0.030000142753124237,0.08536099642515182,0.027998789901063116,0.11009355020683104,0.03198645823664508,
0.11365792751312256,0.25025305747985843,0.6344138145446778,0.462731271982193,0.039787258952856064,0.08516126126050949,0.06670938699172685,0.11086204220162897,0.04352919545964779,
0.044787180423736576,0.16847093105316163,0.5548430919647217,0.5002152323722839,0.008828011341392994,0.12657341361045837,0.09013269068208488,0.11201003895922096,0.04812459482409221,
-0.018611331284046174,0.06872371435165406,0.4619033813476563,0.511267364025116,-0.016405440866947174,0.17750637233257294,0.1164335640270394,0.1119510215169143,0.05362484749639849,
-0.06696895360946656,-0.13340786695480347,0.264285683631897,0.5072066187858582,-0.04550056532025337,0.21905271708965302,0.17297075979558427,0.10432561019314858,0.06832534411702305,
-0.04478442072868347,-0.21700022220611573,0.11951402425765992,0.46432971954345703,-0.04976162314414978,0.2220487743616104,0.2019070354169851,0.09677166270742348,0.07647627801040958,
-0.020312206447124483,-0.26185011863708496,0.03475669920444489,0.42664599418640137,-0.04776425287127495,0.2117290198802948,0.22443662077906817,0.08916000778595208,0.08282072294232373,
-0.06920325160026551,-0.2822084426879883,-0.0552193820476532,0.399215430021286,-0.05482162907719612,0.23742853105068207,0.2726747533351432,0.07010341090687547,0.09536674396095764,
-0.04682489633560181,-0.31646664142608644,-0.07061631083488465,0.38556671142578125,-0.09130693972110748,0.24615037441253662,0.2942673900650353,0.05969625615901416,0.10092074056759515,
0.002637293562293053,-0.3592834234237671,-0.13952367305755617,0.33137139678001404,-0.09483562409877777,0.2213829755783081,0.31529481956066807,0.04762576596096226,0.10533716803332394,
0.04396607875823975,-0.39053533077239994,-0.2919399976730347,0.20666886866092682,-0.07259823381900787,0.18969136476516724,0.3517923155315487,0.022357526715726883,0.10889931381026073,
0.0637872576713562,-0.3631499528884888,-0.315273118019104,0.1362282633781433,-0.06454216688871384,0.15074263513088226,0.36491076847906384,0.011349256541950488,0.10957428072303783,
0.09669841527938844,-0.3388429164886475,-0.21014082431793213,0.1295037716627121,-0.0570853166282177,0.08383070677518845,0.381081840768808,-0.006728123003326567,0.10967811534633146,
0.09020509719848634,-0.33304667472839355,-0.2118792772293091,0.09308505803346634,-0.03917555883526802,0.053071197122335434,0.3877964694648784,-0.013249659794731378,0.10877243334412189,
0.08746401667594911,-0.34143731594085697,-0.3027060985565186,-0.0003253240720368922,0.003901073243469,-0.00478597916662693,0.39898931977486823,-0.0211865639966044,0.10645103335047977,
0.09829689860343933,-0.3425027847290039,-0.3073834657669068,-0.052456703037023544,0.03426111117005348,-0.04939392954111099,0.40083527783236333,-0.022404008592889404,0.10606570123850882,
0.08061310052871705,-0.33483428955078126,-0.27417922019958496,-0.08541332185268402,0.033195845782756805,-0.06657131761312485,0.39984543500694036,-0.021188426674829137,0.1064494482908327,
0.07279090285301208,-0.30563638210296634,-0.25105884075164797,-0.16737210750579834,0.025006625801324844,-0.09639872610569,0.39253791881115657,-0.014426951996575049,0.10777772031541749,
0.08312742114067079,-0.3057606935501099,-0.2621915817260742,-0.22276586294174194,0.03892164304852486,-0.12968823313713074,0.3862426834523808,-0.010187098039534541,0.10763121436460858,
0.034484085440635685,-0.30748159885406495,-0.19975290298461915,-0.26797303557395935,0.08239775151014328,-0.16604039072990417,0.36614029309331547,0.0019403244846174037,0.10638541466861035,
