0.2895573854446411,0.15936832427978517,0.47882647514343263,0.19517122209072113,0.06562734395265579,0.05431670323014259,-0.0444141989527426,-0.04747599027323378,-0.11595401025478905,
0.29288711547851565,0.13632750511169434,0.5110250473022461,0.2835215926170349,0.08333736658096313,0.02841746062040329,-0.039346792861510604,-0.0433159851951747,-0.11133049880916757,
0.27094991207122804,0.09453391432762147,0.5003466606140137,0.34044668078422546,0.0885305255651474,0.02661982923746109,-0.030545516755941342,-0.039614304304423545,-0.1085855668143794,
0.19431111812591553,0.007691906392574311,0.32653207778930665,0.37833014130592346,0.09325764328241348,0.013503758236765862,-0.001917638829844299,-0.03115374118308413,-0.10593716188351256,
0.1790378451347351,-0.014900489151477814,0.22144956588745118,0.4122854471206665,0.08879684656858444,-0.0004112580791115761,0.015983352189710167,-0.026569002052320396,-0.10460223572010803,
0.15461504459381104,-0.028058603405952454,0.1490614652633667,0.4225386083126068,0.09179290384054184,-0.006802844814956188,0.03509446038147991,-0.02188372206117171,-0.10346530019775718,
0.1252688765525818,-0.05563978552818299,-0.023497578501701356,0.39976954460144043,0.10450933873653412,-0.021581586450338364,0.07531354726150816,-0.016554491353265505,-0.10182977747205031,
0.11756690740585328,-0.05882237553596497,-0.09576715230941774,0.3754681944847107,0.08919616043567657,-0.023512378334999084,0.09649817966361537,-0.01188227290870401,-0.100982567998248,
0.06557218432426452,-0.08237423300743103,-0.19374415874481202,0.3280639350414276,0.06309718638658524,-0.014657368883490562,0.13688747508379906,-0.0015004209637355264,-0.09929812192289739,
0.05132020711898804,-0.07799541354179383,-0.2314013719558716,0.2924441397190094,0.0731506198644638,-0.024045012891292572,0.15534705953087,0.0025006118093236504,-0.09846290167317631,
0.056974399089813235,-0.07949022054672242,-0.24459125995635989,0.24284277856349945,0.09159300476312637,-0.025376591831445694,0.17220423679765,0.005741515898036809,-0.09752265654823257,
0.035549217462539674,-0.08982420563697815,-0.29966187477111816,0.19537192583084106,0.07421588152647018,-0.010596048086881638,0.2015968193374933,0.01345421066703766,-0.09516611126433819,
0.0183697372674942,-0.09080442786216736,-0.2933632850646973,0.1649453043937683,0.03826320543885231,-0.00040945690125226974,0.21343911606842786,0.017972512866630142,-0.09316823812467985,
-0.0013130764476954938,-0.06733372807502747,-0.32393338680267336,0.1317889541387558,0.015093705616891384,0.012040821835398674,0.24096220316355357,0.024567090364531044,-0.08850133523177711,
0.0014695925638079643,-0.06764321327209473,-0.36426444053649903,0.0764617770910263,0.011897912248969078,0.016967669129371643,0.24785895253590345,0.024800882820826528,-0.08754630807110873,
0.0055229410529136665,-0.06574693322181702,-0.39445128440856936,0.013011965900659561,0.0035755340941250324,0.01996372640132904,0.2527021775600473,0.024676821190739235,-0.08651455054341418,
0.0067906476557254795,-0.06146109104156494,-0.3823912858963013,-0.051170218735933304,-0.014134487137198448,0.028485840186476707,0.2547877358259369,0.02351218520044338,-0.08482105143796533,
0.00541955791413784,-0.05226276516914368,-0.37757060527801517,-0.09551185369491577,-0.02991371788084507,0.03794006258249283,0.2526735976550409,0.02210947877451158,-0.08428890347379445,
0.011422044038772583,-0.04064460098743439,-0.3747517824172974,-0.1461784839630127,-0.019727125763893127,0.03987085819244385,0.24870117619099696,0.019935496164690467,-0.08402012304304979,
0.012521418929100038,-0.05099146366119385,-0.3622918605804444,-0.21016094088554382,-0.032044246792793274,0.042001381516456604,0.23443986317059956,0.015461547939688309,-0.08272213738333478,
0.01716730147600174,-0.07131616473197937,-0.34332025051116943,-0.25476887822151184,-0.059075333178043365,0.03927164524793625,0.22398675498586892,0.012874836046240427,-0.08212648605416761,
0.027525973320007325,-0.0972528100013733,-0.32216241359710696,-0.29631420969963074,-0.0863727331161499,0.04393217712640762,0.21164788802875267,0.009618267783435717,-0.08209803854425002,
0.05260239839553833,-0.087139630317688,-0.2743400096893311,-0.3561687469482422,-0.05321637913584709,0.05877929925918579,0.18175756998506706,0.00041535841352704865,-0.0831178331993626,
0.0586877167224884,-0.07208924889564515,-0.23420681953430178,-0.39378589391708374,-0.040899258106946945,0.058379821479320526,0.16386332341902718,-0.003632177608204231,-0.08216114011920234,
0.06983182430267335,-0.07713982462882996,-0.18540182113647463,-0.4067022204399109,-0.09862327575683594,0.053319819271564484,0.14426564696970395,-0.006580240836871787,-0.08039122277575739,
0.2024864435195923,-0.027036437392234804,-0.07683287262916566,-0.4156914949417114,-0.11147285252809525,0.0064461249858140945,0.10308806218584318,-0.018076744775899014,-0.07897060152952039,
0.1688504457473755,-0.006451745331287385,-0.01939908564090729,-0.4301391541957855,-0.0889025628566742,-0.010464947670698166,0.08212995674964507,-0.03897224694086051,-0.08072871461886257,
0.16172825098037721,-0.004452468082308769,0.051470285654068,-0.4226822853088379,-0.08550702780485153,-0.03516576811671257,0.06061952483916298,-0.04355224353178354,-0.08221538084772241,
0.24258971214294434,-0.02457697093486786,0.19400027990341187,-0.4041733145713806,-0.04063275828957558,-0.08496688306331635,0.018076243614989825,-0.05145158285131958,-0.08677425549644203,
0.21217904090881348,-0.018531054258346558,0.29748866558074955,-0.33333325386047363,-0.06793016195297241,-0.09601899981498718,-0.0019500418888490462,-0.05358200096377158,-0.09111672045017442,
0.227923583984375,0.015936487913131715,0.3443289041519165,-0.28166791796684265,-0.07818333804607391,-0.12398219108581543,-0.019418979539706914,-0.05674705640013439,-0.0957698304815904,
0.22934694290161134,0.041306161880493165,0.31583590507507325,-0.2944510877132416,-0.012536411173641682,-0.16246485710144043,-0.04688087855398658,-0.06536546326282368,-0.1074526286969048,
0.1767931342124939,0.03581515550613403,0.43583168983459475,-0.21435651183128357,0.06336367875337601,-0.16366329789161682,-0.05997685186576092,-0.06737814209107865,-0.11628820435566528,
0.10587520599365235,0.034667813777923585,0.5246493816375732,-0.06761634349822998,0.004174924921244383,-0.15587353706359863,-0.0701262963634019,-0.06634402694810455,-0.1261418599569298,
0.10876830816268922,0.10907193422317506,0.36137669086456303,0.0074182250536978245,0.0075704557821154594,-0.1756475269794464,-0.07555302399423772,-0.06845291144916418,-0.14412361437732893,
0.07774437665939332,0.1284242033958435,0.26815812587738036,0.005753749515861273,0.038929179310798645,-0.1798419952392578,-0.07354141558991734,-0.07042655141212074,-0.15392500506609016,
0.06851972341537475,0.11045463085174562,0.25202033519744876,0.036646418273448944,0.03486785665154457,-0.1942230761051178,-0.07102544876791125,-0.07129278316366673,-0.16419913796258956,
0.009149564057588577,0.06628001928329467,0.2781413793563843,0.1031588688492775,0.009234931319952011,-0.21259889006614685,-0.06296752220185474,-0.07209990900239936,-0.18602442825821583,
-0.0393806129693985,0.04394500851631165,0.24482195377349855,0.1278596818447113,0.022417578846216202,-0.19022831320762634,-0.05571263097323307,-0.07362014154417947,-0.19706124562106547,
-0.06353403925895691,0.02219359278678894,0.1543592691421509,0.14517024159431458,0.04066023230552673,-0.17444908618927002,-0.038184762750810966,-0.07429385482215559,-0.21737536087160297,
-0.07574030160903931,0.016765312850475313,0.12735767364501954,0.1615486741065979,0.03540049120783806,-0.16499486565589905,-0.028767235097816663,-0.07321106630554754,-0.22672422136457349,
-0.08558053970336915,0.0033732287585735324,0.09314912557601929,0.17040368914604187,0.04112628847360611,-0.15653935074806213,-0.018746378622586237,-0.07191091704629961,-0.2356809719699811,
-0.11453633308410645,-0.026499176025390626,0.05267869830131531,0.18884608149528503,0.025613371282815933,-0.13776403665542603,0.002153499600009993,-0.06841068793749717,-0.25221867970143014,
-0.11704394817352295,-0.03019329309463501,0.002437461167573929,0.18458501994609833,0.03713154420256615,-0.11905534565448761,0.011455112282753479,-0.060027027492677146,-0.2593388344266891,
-0.1419726848602295,-0.047823795676231386,-0.07692214250564576,0.17606289684772491,0.046452607959508896,-0.09628531336784363,0.03212208350731759,-0.0542974332088328,-0.2714395756506077,
-0.15221725702285768,-0.050727313756942755,-0.11874622106552124,0.15502393245697021,0.03486785665154457,-0.06925423443317413,0.04163153711027799,-0.05148140967688783,-0.275839559726572,
-0.15245660543441775,-0.04203444719314575,-0.14121497869491578,0.14869892597198486,0.018089940771460533,-0.056670792400836945,0.050224677525081515,-0.04906222077358537,-0.27927627072447053,
-0.15817484855651856,-0.03523937463760376,-0.16791714429855348,0.13704758882522583,-0.0006187651306390762,-0.04202340915799141,0.05835810241183545,-0.04722772396440423,-0.2821734663912156,
-0.1990504264831543,-0.03361262381076813,-0.2552440404891968,0.09863149374723434,-0.01892799884080887,-0.001942832488566637,0.07303213071744297,-0.04603710460910249,-0.2864831737619088,
-0.19934842586517335,-0.025342297554016114,-0.283760666847229,0.061080921441316605,-0.014533781446516514,0.025154832750558853,0.07854890900214946,-0.0466565332872104,-0.28719206580922774,
-0.18985215425491334,-0.026364302635192873,-0.3093911409378052,0.02086718939244747,-0.02472037449479103,0.04512853920459747,0.08234660680064408,-0.04770612854739257,-0.28663369558076507,
-0.20668532848358157,-0.020150195062160495,-0.31445155143737796,-0.027802081778645515,-0.04223065823316574,0.07448989152908325,0.08441300471507486,-0.05103963118341519,-0.28297065508255265,
-0.21077632904052734,-0.010430079698562623,-0.29812862873077395,-0.06402107328176498,-0.06360252946615219,0.09499623626470566,0.08277071724732489,-0.05393415824660291,-0.2799844134135427,
-0.2075516700744629,-0.011314500868320466,-0.2873777627944946,-0.10729744285345078,-0.07139227539300919,0.11889810115098953,0.07949761785253394,-0.057882737178994385,-0.27626797911844836,
-0.24809780120849612,-0.04026091992855072,-0.22433183193206788,-0.14910906553268433,-0.08018070459365845,0.17815342545509338,0.06726294246638331,-0.06759356865400357,-0.2661363493346768,
-0.2117236375808716,-0.04259130954742432,-0.18670367002487184,-0.18526148796081543,-0.0666651651263237,0.2126413881778717,0.05814286476419764,-0.0732516273605631,-0.2582080746025003,
-0.17323927879333498,-0.047352257370948794,-0.1488321900367737,-0.220614954829216,-0.0564119890332222,0.23641008138656616,0.047085950869722455,-0.07856545734139044,-0.24839214803959242,
-0.09443709254264832,-0.04531932771205902,0.038646709918975834,-0.2084975689649582,-0.07039359211921692,0.2516566812992096,0.018635991211667334,-0.08584389669974175,-0.22465562981575796,
-0.05808020234107972,-0.02955543100833893,0.1258512854576111,-0.17653962969779968,-0.08284386992454529,0.2539869546890259,0.004172548983726209,-0.08972983207855624,-0.2116125990025468,
-0.0058076526969671255,-0.021805311739444735,0.17815837860107422,-0.1640893518924713,-0.06759727001190186,0.2619098424911499,-0.009195848897108313,-0.0936872555758974,-0.19810941885877123,
0.14009169340133668,0.017242228984832766,0.36028966903686527,-0.10277006775140762,-0.03104538284242153,0.23880693316459656,-0.0343015754559481,-0.09878405349660015,-0.17019154039443044,
0.1794421434402466,0.03626783788204193,0.4398519992828369,-0.017682068049907684,-0.033575382083654404,0.21417269110679626,-0.0440852051882732,-0.09881124082691801,-0.15715815102029373,
0.22937257289886476,0.0637463927268982,0.4545801162719727,0.03604789450764656,0.025280363857746124,0.19673027098178864,-0.05023671361707015,-0.09909284689508926,-0.1449908475787186,
0.29500219821929935,0.1348908543586731,0.40305571556091313,0.0658087208867073,0.10930309444665909,0.16210918128490448,-0.053746768796963766,-0.09419254151088817,-0.12508455052062178,
0.31656477451324466,0.15295720100402832,0.4378683567047119,0.12493089586496353,0.13060837984085083,0.10964490473270416,-0.0528507768555672,-0.0878059481066881,-0.11774331542472444,
0.30808274745941167,0.1458935618400574,0.4593483924865723,0.20948626101016998,0.12727943062782288,0.06137510761618614,-0.04919459620391191,-0.08042865129564496,-0.11214374490962177,
0.25436618328094485,0.07386239171028137,0.39408626556396487,0.2867179214954376,0.12062153220176697,0.03247981145977974,-0.030619681257370766,-0.06649108202295445,-0.10658532149053339,
0.20995109081268312,0.03521673381328583,0.31523201465606693,0.3287293016910553,0.11389704793691635,0.023891117423772812,-0.016782735701993234,-0.05996300516410908,-0.10518779538545621,
0.17414177656173707,0.002839787304401398,0.26537208557128905,0.361286461353302,0.13660049438476562,0.02182716503739357,-0.001341937710431144,-0.05410253983183571,-0.10392625382618693,
0.15990679264068605,-0.02396928668022156,0.13155508041381836,0.39524173736572266,0.1539110392332077,0.017832424491643906,0.03438176311182667,-0.04084180513100716,-0.10090712084601887,
0.1530850172042847,-0.023991191387176515,0.048719584941864014,0.3938435912132263,0.11003546416759491,0.005115830339491367,0.0540444041555499,-0.033263269421466686,-0.09887536559880883,
0.15118672847747805,-0.03420611619949341,-0.024197547137737276,0.3887835741043091,0.08866360038518906,-0.024178940802812576,0.07329366138332435,-0.030782888918624452,-0.0969202915458964,
0.09920339584350586,-0.059744793176651004,-0.1053133487701416,0.38931623101234436,0.08992859721183777,-0.04075711965560913,0.11122995535702744,-0.031201124576838248,-0.09577891534375808,
0.06827899813652039,-0.08356534838676453,-0.15713521242141726,0.3762667179107666,0.10670651495456696,-0.03369974344968796,0.13121084312633716,-0.02627264807487801,-0.09595414038241418,
0.048779222369194034,-0.09668343663215638,-0.1890033006668091,0.3485698401927948,0.0973188728094101,-0.026109732687473297,0.15064991174367132,-0.020870315870498566,-0.09557790675307613,
0.03156081438064575,-0.10253108739852906,-0.2848729133605957,0.28871530294418335,0.06129962205886841,-0.03017105534672737,0.18650892437295605,-0.01065026964240876,-0.0930643550634176,
0.014905311167240143,-0.10531952381134034,-0.2987266302108765,0.24903421103954315,0.050314079970121384,-0.027907367795705795,0.20162724005956623,-0.006971838910012402,-0.09237703495396943,
0.006516619771718979,-0.10112317800521851,-0.3117124080657959,0.21228258311748505,0.05757119506597519,-0.02005104348063469,0.21506444144045667,-0.0040555672932035365,-0.09194049166268196,
-0.02032711058855057,-0.10985831022262574,-0.31580638885498047,0.16241489350795746,0.05264434590935707,0.0008547725155949593,0.23736759808141886,0.0016362047999322513,-0.0898239287733391,
-0.02121586799621582,-0.10445611476898194,-0.34052925109863286,0.1036921888589859,0.030140632763504982,0.01523584220558405,0.24629297880024917,0.0037919673962171015,-0.08801944350918724,
-0.026035815477371216,-0.0858586609363556,-0.34333941936492923,0.05295896902680397,0.0039084963500499725,0.01996295526623726,0.25805244489448975,0.005369121979811962,-0.08474302611076073,
-0.02316049337387085,-0.07910441756248475,-0.3665909767150879,-0.005963470786809921,0.0035756013821810484,0.025355853140354156,0.2613415869520674,0.0049871568246429914,-0.08375741871334018,
-0.02224567383527756,-0.06896552443504333,-0.38673799037933354,-0.05982590466737747,0.005572971887886524,0.03314559906721115,0.26257641943526144,0.004168913416879517,-0.08296750646823199,
-0.014029872417449952,-0.0346408486366272,-0.37122082710266113,-0.11675097793340683,-0.014533894136548042,0.04240008443593979,0.2578225202483299,0.0020988141963400745,-0.08045009641597771,
0.015906576812267304,-0.016057629883289338,-0.36710662841796876,-0.16881577670574188,-0.02432101219892502,0.02242637798190117,0.2523576310253107,0.00014693211399501954,-0.07934001870693719,
0.024920085072517396,-0.014893458783626558,-0.35883166790008547,-0.21215872466564178,-0.029780492186546326,0.006047937087714672,0.2448115157915849,-0.0018194611214698928,-0.07900568639608936,
-0.0002880602842196822,-0.06041274666786194,-0.3355492353439331,-0.27214643359184265,-0.05141867324709892,0.01749952882528305,0.22404012303052961,-0.004761593367391366,-0.08024552363872396,
0.020943842828273773,-0.062057662010192874,-0.30864546298980716,-0.3235454261302948,-0.035373128950595856,0.018498215824365616,0.21073191003425598,-0.007179548064758108,-0.08122652179478394,
0.027547118067741395,-0.06505858898162842,-0.2878037452697754,-0.37194839119911194,-0.035905759781599045,0.01936374232172966,0.19541647314039168,-0.009603002436630356,-0.0818549003962054,
0.016445869207382204,-0.07546314001083375,-0.27990806102752686,-0.4218160808086395,-0.054148413240909576,0.019696637988090515,0.17822364445381386,-0.011538779460634587,-0.08209634322155747,
0.09176350831985475,-0.0713529646396637,-0.15351067781448366,-0.4403916299343109,-0.050353411585092545,-0.00427181227132678,0.1368974190149719,-0.016778753048528584,-0.08290604808843804,
0.12430106401443482,-0.06848792433738708,-0.08284250497817994,-0.43806135654449463,-0.07758423686027527,-0.03183552995324135,0.11456044544564341,-0.01938798893084957,-0.08381826497632103,
0.14964126348495485,-0.04000787138938904,0.09526695013046266,-0.401376336812973,-0.118064284324646,-0.05899977311491966,0.06843714462930608,-0.029662826605139886,-0.0883436550399838,
0.19353660345077517,-0.024376675486564636,0.1699245572090149,-0.3592317998409271,-0.09296399354934692,-0.08283506333827972,0.04790273364559231,-0.035052978300385174,-0.09210920399786468,
0.2171257019042969,-0.012557606399059297,0.23042960166931153,-0.30090856552124023,-0.10068716108798981,-0.09262218326330185,0.029186465146861802,-0.040021911140141905,-0.09643558096501074,
0.21024322509765625,0.03644232451915741,0.3097533702850342,-0.24391692876815796,-0.11839718371629715,-0.11925379186868668,0.012292139943710248,-0.044391802947158776,-0.101168121202272,
0.23464112281799318,0.08273464441299438,0.28197007179260253,-0.2254745364189148,-0.07445502281188965,-0.1537417322397232,-0.012911040447341319,-0.05574655987072797,-0.1124465946938811,
0.18593120574951172,0.08221624493598939,0.30280327796936035,-0.1839292198419571,-0.0368378683924675,-0.15380831062793732,-0.023081985977481168,-0.06041636853303933,-0.12003682581632392,
0.12857511043548583,0.11445788145065308,0.3603861331939697,-0.0906519964337349,-0.10534769296646118,-0.17571280896663666,-0.03897395072022268,-0.06647414662729118,-0.13588199561625092,
0.11236156225204469,0.15545536279678346,0.3015397787094116,-0.058094851672649384,-0.11140638589859009,-0.19608598947525024,-0.04221719404251872,-0.07248766193753674,-0.14477564633233805,
0.042004945874214175,0.1612075448036194,0.24898400306701662,-0.07014565914869308,-0.06866264343261719,-0.16432780027389526,-0.043161530090601676,-0.07987050879507383,-0.15484192297776425,
0.07865888476371766,0.10455442667007447,0.3632081508636475,-0.01248821523040533,-0.057344209402799606,-0.18756388127803802,-0.0451837534623154,-0.09047390544649622,-0.17315652538036028,
0.09624848365783692,0.06629294157028198,0.45221815109252933,0.09437112510204315,-0.08623950928449631,-0.23783104121685028,-0.04423940230356418,-0.09433201960175011,-0.1823654480501822,
0.05652945637702942,0.036170783638954165,0.41188597679138184,0.13172195851802826,-0.07139238715171814,-0.23723183572292328,-0.03852149169900166,-0.09975096665891141,-0.19323430061475383,
-0.07109971046447754,-0.013966207206249238,0.2520752429962158,0.14363960921764374,0.017157722264528275,-0.20447494089603424,-0.018076373005661617,-0.10888791702415986,-0.2177591334213528,
-0.08403030633926392,-0.030794993042945862,0.20765559673309328,0.1739996373653412,0.04072670266032219,-0.19055993854999542,-0.006995185360258305,-0.1089040325319231,-0.22903074044682228,
-0.09209134578704835,-0.04108550846576691,0.18750689029693604,0.21714285016059875,0.002976390067487955,-0.18303650617599487,0.004453927383865745,-0.1068552297135804,-0.23943631098429058,
-0.13498550653457642,-0.05557023882865906,0.01592153310775757,0.20256204903125763,4.691287176683545e-05,-0.16079910099506378,0.029669272788679275,-0.09979223686343291,-0.25849207038268013,
-0.15433883666992188,-0.05164064168930054,-0.030319595336914064,0.1819225400686264,0.042258016765117645,-0.13190381228923798,0.042754797984452704,-0.09873727089781592,-0.2672561635099014,
-0.15316461324691774,-0.05389403104782105,-0.06588165163993835,0.16461199522018433,0.05217829346656799,-0.11798878759145737,0.05472874140689524,-0.09635516109184916,-0.27459360946144656,
-0.15480054616928102,-0.049622148275375366,-0.10547103881835938,0.15269434452056885,0.05337671563029289,-0.09768218547105789,0.07525859895459548,-0.08882438047577321,-0.2860982320846088,
-0.15513139963150024,-0.05548956394195557,-0.14102835655212403,0.13165538012981415,0.05896935611963272,-0.0779082179069519,0.08457810178454858,-0.08501994117019039,-0.2907733854795975,
-0.15474056005477907,-0.05777968764305115,-0.1585397243499756,0.12386563420295715,0.05996803939342499,-0.062262147665023804,0.09276526277553615,-0.08099622486510631,-0.2943821119768013,
-0.19417951107025147,-0.059797888994216924,-0.22474074363708496,0.08638163655996323,0.0377972237765789,-0.03503132238984108,0.10659806251928336,-0.07328248719148814,-0.29908408497953903,
-0.21380834579467775,-0.05159026980400086,-0.26026785373687744,0.05462344363331795,0.015093772672116756,-0.008865765295922756,0.11176390300627118,-0.07058042708707966,-0.3003177817925596,
-0.23787052631378175,-0.05280663371086121,-0.2634566068649292,0.03498263284564018,-0.03057944029569626,0.02249295637011528,0.11527223540932995,-0.0688808640714574,-0.3008460243670634,
-0.26395885944366454,-0.04648509621620178,-0.30833024978637696,-0.024472441524267197,-0.04749051108956337,0.0773540809750557,0.11906560686169658,-0.07112406046992732,-0.3000014486993237,
-0.26663801670074466,-0.0444990485906601,-0.3167869091033936,-0.0877225250005722,-0.04236392676830292,0.12961861491203308,0.11827872551025556,-0.07449792212037332,-0.2979835793631283,
-0.24130823612213137,-0.04045018255710602,-0.30953233242034917,-0.12307391315698624,-0.03231083229184151,0.14313802123069763,0.11468425591715721,-0.07855492986447457,-0.29386247873561505,
-0.21074490547180177,-0.05270693898200989,-0.24680445194244385,-0.17300818860530853,-0.05168532952666283,0.1604485660791397,0.10010912511029822,-0.08671620037702192,-0.2812663097717839,
-0.24361529350280764,-0.08318595886230469,-0.2151430130004883,-0.18991926312446594,-0.09036774188280106,0.21078230440616608,0.0900840277442833,-0.09085357070795368,-0.27410660214235477,
-0.21998190879821777,-0.061384868621826176,-0.10197139978408815,-0.22853510081768036,-0.03071293607354164,0.28168898820877075,0.06554348414585327,-0.10336838966308733,-0.2555836474106632,
-0.12591090202331542,-0.05087436437606812,-0.0945763111114502,-0.28099939227104187,0.014427646063268185,0.27556371688842773,0.05042893385197993,-0.1088300876820804,-0.24196136347162675,
-0.056204777956008915,-0.041033461689949036,0.016327066719532015,-0.24118511378765106,-0.039767682552337646,0.2559894621372223,0.03009834535577773,-0.10807396113657196,-0.22590380328816764,
0.04111829400062561,0.018409109115600588,0.28926677703857423,-0.13572393357753754,-0.09169932454824448,0.21803942322731018,-0.005137521139255563,-0.11137284261670595,-0.197648243837214,
0.07561460733413697,0.04647117257118225,0.3033146381378174,-0.11421890556812286,-0.031112410128116608,0.2187718003988266,-0.01759790022469632,-0.11552131545440746,-0.18514570608812386,
0.12209233045578004,0.07092658281326295,0.32513363361358644,-0.10862626880407333,0.060500334948301315,0.2103162556886673,-0.028226877027668372,-0.11845945075247635,-0.17306849278959394,
0.23181154727935793,0.10489547252655029,0.46192603111267094,-0.015948260203003883,0.06835665553808212,0.17030225694179535,-0.047384734592963364,-0.11285084898134494,-0.15058256466463182,
0.2422980546951294,0.12405344247817994,0.5272261142730713,0.08332107216119766,0.04072636365890503,0.12383009493350983,-0.053255165582776584,-0.10734482345923169,-0.14183349310416954,
0.2316610097885132,0.1422071099281311,0.48264799118041996,0.11880769580602646,0.0676242858171463,0.1128445640206337,-0.054076445647345275,-0.10349295033062027,-0.13501300217146733,
0.19744977951049805,0.13812081813812258,0.366837215423584,0.16454748809337616,0.11642671376466751,0.0936032235622406,-0.046395985930929744,-0.09571361584448,-0.12531099262859743,
0.18845698833465577,0.12502686977386476,0.3389973878860474,0.20602622628211975,0.1296093761920929,0.07576004415750504,-0.040116478357837604,-0.08962065099131848,-0.12144640585157179,
0.17457520961761475,0.10059155225753785,0.29718301296234134,0.23971521854400635,0.11582750827074051,0.06038028746843338,-0.03180952392503544,-0.08278457844610354,-0.11790791366290848,
0.13633779287338257,0.05218283534049988,0.21967720985412598,0.28239235281944275,0.12774516642093658,0.0496610626578331,-0.009849796815844879,-0.07007129248166885,-0.1119727938216688,
0.12581191062927247,0.041101738810539246,0.17278044223785402,0.31195345520973206,0.12641358375549316,0.04793000966310501,0.0034885737288847625,-0.06389957115994693,-0.1094195877882871,
0.12945927381515504,0.02124281078577042,0.08781539797782899,0.3182118833065033,0.1133640855550766,0.04293657839298248,0.03338828736674473,-0.0512286763233565,-0.10376126819620966,
0.15902868509292603,0.028949496150016785,0.054014235734939575,0.32713228464126587,0.1192232295870781,0.0115756681188941,0.049172480089651256,-0.045732481378341135,-0.10066181103808695,
0.18491821289062502,0.022276668250560763,0.03901036381721497,0.3363201916217804,0.12608085572719574,-0.013391466811299324,0.0651513418556586,-0.04028540498214068,-0.09805754158056751,
0.12971609830856323,-0.015200167894363403,-0.0355970561504364,0.3392496705055237,0.11156664043664932,-0.04441729560494423,0.09843583087765896,-0.03588257420527979,-0.09563626881420165,
0.10206323862075806,-0.02789098918437958,-0.06412057280540466,0.33066099882125854,0.11123374849557877,-0.05886494368314743,0.11558909288092095,-0.030896449775696617,-0.09551279580132936,
0.07786903381347657,-0.053694188594818115,-0.11099151372909546,0.3001677989959717,0.13473613560199738,-0.054870203137397766,0.13285368974843234,-0.02484860374629649,-0.0959404304167846,
0.0231757789850235,-0.08964810967445375,-0.13924427032470704,0.28305697441101074,0.13739930093288422,-0.030568856745958328,0.16443653575378978,-0.01090794900196325,-0.09517681228295116,
0.045415455102920534,-0.10474241971969606,-0.15939217805862427,0.27227118611335754,0.11163321882486343,-0.03436386212706566,0.1789293622216262,-0.003943746233177225,-0.09298166392635811,
0.03726542592048645,-0.10684572458267212,-0.17513750791549684,0.28259092569351196,0.09379003942012787,-0.03229990974068642,0.192977095746954,0.0023796195137375646,-0.09074083436588486,
0.015645013749599458,-0.1105661153793335,-0.2570647716522217,0.2479698359966278,0.1048421636223793,-0.02996964380145073,0.22136052069868295,0.012527293265666864,-0.08734449198862243,
-0.00023689998779445888,-0.11948057413101197,-0.32456364631652834,0.16827473044395447,0.09319082647562027,-0.008398039266467094,0.23479527193311958,0.017354162834980733,-0.08515387083822891,
-0.03227511644363403,-0.12407667636871339,-0.36556501388549806,0.11940573900938034,0.05510762333869934,0.013839355669915676,0.24588723363158763,0.02214954954315297,-0.0821917316769345,
-0.046590718626976016,-0.0999908983707428,-0.34613769054412846,0.09603650122880936,0.012563623487949371,0.041003599762916565,0.2602289979803377,0.026578692399021005,-0.07677360760250072,
-0.04174259305000305,-0.08932932019233704,-0.369304895401001,0.043838538229465485,0.004241245798766613,0.05818098783493042,0.2655775490030388,0.026052506371125717,-0.07484413051302678,
-0.009992641955614091,-0.07190608978271484,-0.4080548763275147,-0.024205230176448822,0.011298622004687786,0.054186247289180756,0.2697089104930143,0.02421453024743631,-0.07286592219807962,
0.021701681613922122,-0.03133166134357453,-0.3976113557815552,-0.09291478246450424,0.006704669911414385,0.04692913219332695,0.26995943714521714,0.020505532662117076,-0.06845960524083097,
0.036082467436790465,-0.011861061304807664,-0.3658715009689331,-0.13326168060302734,0.006704669911414385,0.03301411494612694,0.26621963588202857,0.01883348910563821,-0.06638941973079951,
0.044588235020637516,-0.0024164030328392982,-0.3528709650039673,-0.17420779168605804,0.007903091609477997,0.007780664600431919,0.2608022250555859,0.017427920971188827,-0.06470121082368223,
0.0432200163602829,-0.01891913563013077,-0.32724387645721437,-0.23579338192939758,0.028409432619810104,-0.006334089674055576,0.2445681812377424,0.016694903256208003,-0.06291648723213115,
0.04151215851306916,-0.02572349309921265,-0.2883996248245239,-0.267817884683609,0.05204498767852783,-0.018584631383419037,0.2333894938980471,0.01767484645532097,-0.06236697747823894,
0.03717934191226959,-0.0290147066116333,-0.254878568649292,-0.2901218831539154,0.05370946228504181,-0.027905695140361786,0.22060727101017277,0.019602310227953657,-0.06147265664201914,
0.001975456811487675,-0.06156394481658936,-0.22787868976593018,-0.34098824858665466,0.015426522120833397,-0.015455416403710842,0.19176762493176555,0.02542095876691996,-0.06022815118819504,
0.02379565089941025,-0.06180985569953919,-0.20259563922882082,-0.3683522343635559,0.00870203971862793,-0.025508850812911987,0.17522486197583118,0.02704473436404688,-0.060287364438187614,
0.03891273438930512,-0.06900737285614014,-0.13942341804504396,-0.3869277834892273,-0.01346877682954073,-0.02704016864299774,0.15694764969396158,0.027894248093963108,-0.060829846262831055,
0.054700988531112674,-0.09079536199569703,-0.03368483185768128,-0.37041619420051575,-0.10621336102485657,-0.02624122053384781,0.11809363283160312,0.02843028792729158,-0.06357757661060401,
0.0892146110534668,-0.07100225687026977,0.030040654540061953,-0.3394569456577301,-0.15474948287010193,-0.02384437434375286,0.09325821984071167,0.019492132440844016,-0.06597914241639123,
0.10928407907485962,-0.06302486658096314,0.06962240338325501,-0.34152087569236755,-0.1606750190258026,-0.027173325419425964,0.07487395040223023,0.013238557553317959,-0.06969118353877282,
0.24671688079833987,-0.005557887256145477,0.12809448242187502,-0.32720640301704407,-0.10574730485677719,-0.07630865275859833,0.040174351222599464,-0.0020397292720769917,-0.07640012304722003,
0.23354175090789797,0.023587207496166232,0.19883830547332765,-0.29225239157676697,-0.10414940863847733,-0.10586974024772644,0.023028952947570663,-0.007593692215878815,-0.08073118205855458,
0.21331636905670168,0.026143622398376466,0.19785624742507935,-0.2745423913002014,-0.06133909896016121,-0.10879921913146973,0.007514825643520081,-0.012941208000340668,-0.08618705054384021,
0.17085793018341067,0.05962505340576172,0.23923377990722658,-0.25376972556114197,-0.028515635058283806,-0.1236463412642479,-0.020551084196262025,-0.021019218766531986,-0.09742847535331092,
0.1572952151298523,0.08216120004653932,0.27764229774475097,-0.1950470209121704,-0.12578760087490082,-0.16672296822071075,-0.033441523446929765,-0.022589400624610845,-0.10315388582829002,
0.1417320966720581,0.10375789403915406,0.34182727336883545,-0.13885432481765747,-0.21187429130077362,-0.21372775733470917,-0.044936749911585375,-0.026310790863757615,-0.10987863653321644,
0.07961930036544801,0.13685401678085327,0.3934532165527344,-0.06248817220330238,-0.1449623554944992,-0.21179696917533875,-0.05925747013964719,-0.0475691619695516,-0.127532018104102,
0.05145447850227356,0.14272096157073974,0.32172100543975835,-0.09244873374700546,-0.03337590768933296,-0.20287537574768066,-0.06159003894716913,-0.059159527702743735,-0.13762550325159456,
0.0516088604927063,0.12109787464141847,0.29387543201446537,-0.05043736845254898,-0.04429486766457558,-0.22091829776763916,-0.06330569899197015,-0.0661692858461046,-0.14795012889130357,
0.011141906678676606,0.053498816490173344,0.4791555404663086,0.07626252621412277,-0.11187257617712021,-0.23995989561080933,-0.06535701165854346,-0.07460689577673327,-0.17061616108786903,
-0.008130978047847749,0.03710869550704956,0.41558818817138676,0.11361335963010788,-0.06207146868109703,-0.23489989340305328,-0.060327953853794865,-0.08197130574144519,-0.18244157763478122,
-0.03347380459308624,0.02490610331296921,0.320810341835022,0.12126994878053665,0.01282993983477354,-0.21359460055828094,-0.05219199156642118,-0.08927196599694939,-0.19463108363311474,
-0.07005056142807008,0.013795746862888337,0.23253402709960938,0.16368098556995392,0.0662262886762619,-0.19262182712554932,-0.03343970296715571,-0.09408889582987415,-0.21794625422754718,
-0.09990506172180176,0.008839460462331772,0.1983929991722107,0.20615841448307037,0.021218864247202873,-0.17910628020763397,-0.02294022827754615,-0.09190634141841479,-0.2287704614657503,
-0.1285430669784546,-0.00034431747626513244,0.13812259435653687,0.21827580034732819,0.008568848483264446,-0.17304758727550507,-0.010916401556694983,-0.08977110290300969,-0.23890991076801923,
-0.13706189393997192,-0.007918353378772737,-0.004569097235798836,0.1919105052947998,0.05044705793261528,-0.15014439821243286,0.015557260339645235,-0.08131031771168576,-0.25747984434784144,
-0.14325764179229736,-0.0035405583679676057,-0.044530388712883,0.17273573577404022,0.08573394268751144,-0.1354304403066635,0.027966016219063045,-0.07901306800393963,-0.2656553131550813,
-0.14468276500701904,0.0001415394712239504,-0.05108447670936585,0.16188335418701172,0.0704207643866539,-0.11013040691614151,0.038999632665243825,-0.07494222021800033,-0.2728596820238693,
-0.16690404415130616,-0.01854199469089508,-0.08065639734268189,0.1503651887178421,0.042657312005758286,-0.09115538746118546,0.05840710588230677,-0.06534621478286497,-0.2841393318097591,
-0.15237184762954714,-0.017336854338645936,-0.07588160037994385,0.14803491532802582,0.048249948769807816,-0.08642827719449997,0.06698057216712418,-0.062175936840519995,-0.2884817972693853,
-0.1512908935546875,-0.025056228041648865,-0.09168928861618042,0.13631701469421387,0.06529417634010315,-0.07584220916032791,0.07542360703237044,-0.058980487337009044,-0.29247685517246286,
-0.18335268497467042,-0.038521122932434086,-0.14484599828720093,0.11381330341100693,0.05164548009634018,-0.037292949855327606,0.09087709328006148,-0.051252882644981006,-0.2988495781610826,
-0.18603469133377076,-0.038085952401161194,-0.1577638864517212,0.1027611792087555,0.04552020877599716,-0.007665283977985382,0.09711417610536768,-0.04777785249625679,-0.30030342379102026,
-0.17659109830856323,-0.03219769597053528,-0.1736927032470703,0.07959167659282684,0.043922312557697296,0.005184468813240528,0.10261409581571579,-0.04518879565807603,-0.3005701756777272,
-0.17129452228546144,-0.040836676955223083,-0.2508525848388672,0.04210769012570381,0.017690176144242287,0.01823395863175392,0.11146896513183702,-0.04095419131297796,-0.29910852317348746,
-0.1902721405029297,-0.040358310937881475,-0.2534773588180542,0.022999508306384087,-0.013202494010329247,0.04499872773885727,0.11391851976600324,-0.039872368045607946,-0.2980959233399454,
-0.2042118787765503,-0.040650153160095216,-0.25727152824401855,-0.007293949835002422,-0.03277672827243805,0.07795535027980804,0.11549162838918285,-0.040177216964156284,-0.296659406953257,
-0.19890477657318117,-0.027106404304504395,-0.29257841110229493,-0.06841350346803665,-0.028582248836755753,0.11297591775655746,0.1152618506561256,-0.044992755850601966,-0.2913152099827534,
-0.1697585463523865,-0.016350431740283968,-0.2963984727859497,-0.12613752484321594,-0.027317246422171593,0.12715725600719452,0.11222141883395945,-0.048435365810498565,-0.28696362093406297,
-0.15645549297332764,0.002018933556973934,-0.26201481819152833,-0.14724306762218475,-0.051818329840898514,0.1221638172864914,0.10656821442941262,-0.05169763485791103,-0.2815866749137821,
-0.1781071186065674,-0.02003913223743439,-0.18329567909240724,-0.17913511395454407,-0.08084667474031448,0.15704995393753052,0.09054422017130521,-0.05960652500063052,-0.2705843379731738,
-0.1642881751060486,-0.021604813635349274,-0.15404688119888307,-0.2250746339559555,-0.015332910232245922,0.19673104584217072,0.08105002572892357,-0.06540500756689495,-0.2647570258917325,
-0.11561034917831421,-0.025368800759315493,-0.06387546062469483,-0.2786041796207428,0.03513399139046669,0.20551948249340057,0.05589388134256809,-0.07338212487140953,-0.24710369999234116,
-0.11973426342010499,-0.032266181707382206,0.05548335909843445,-0.22341015934944153,-0.021391602233052254,0.22043319046497345,0.038959526826317134,-0.07043782598360075,-0.2360482601288409,
-0.07156659364700317,-0.008473657816648484,0.18789489269256593,-0.1569642871618271,-0.06133902072906494,0.20345553755760193,0.022820646079947285,-0.07058358638308837,-0.22481598351633258,
-0.0038572974503040315,0.023812031745910647,0.25505406856536866,-0.12800242006778717,-0.04476084187626839,0.22143186628818512,-0.0011133368746188844,-0.07562552245433662,-0.2027925789171252,
0.01111409142613411,0.0456886112689972,0.282656192779541,-0.10776238888502121,0.004041587468236685,0.23807662725448608,-0.010531643340527915,-0.07873834205318365,-0.19179692532058681,
0.02575901746749878,0.05676496624946595,0.3383763074874878,-0.054765485227108,0.0015115841524675488,0.2459995299577713,-0.019748105170233943,-0.07949999207230786,-0.17984369738070444,
