-0.10464099645614625,0.01670791506767273,-0.03550531268119812,0.234907329082489,0.06982371211051941,-0.08612008392810822,0.0009446500944233264,-0.05558517441281671,-0.2548108594911232,
-0.09780316948890687,0.0002695481525734067,-0.11618367433547974,0.21353547275066376,0.05024947598576546,-0.07813060283660889,0.015693023558297388,-0.05286801954486237,-0.2600112864007874,
-0.10494407415390015,-0.014044724404811859,-0.16362768411636353,0.19242991507053375,0.02108786255121231,-0.06841006129980087,0.02886231708674028,-0.04911732297457562,-0.2643424425131741,
-0.12795904874801636,-0.03703606426715851,-0.263594126701355,0.1289801001548767,0.008104952052235603,-0.0487026683986187,0.05184790548312691,-0.0429050549747631,-0.27171054812949,
-0.13070058822631836,-0.036846429109573364,-0.31226224899291993,0.07272082567214966,0.004376526456326246,-0.021538425236940384,0.06130919095217894,-0.04163629420907847,-0.27477588497249505,
-0.14137952327728273,-0.045376512408256534,-0.332079553604126,0.036834727972745895,-0.012601125985383987,-0.00376182422041893,0.06847937609073827,-0.04070539864982527,-0.2771436038325215,
-0.1480002284049988,-0.06315261721611024,-0.3475930452346802,-0.005576114170253277,-0.04149642586708069,0.017476886510849,0.07629853615472217,-0.03995755426414141,-0.2792752226266616,
-0.1511883854866028,-0.07447404265403748,-0.362062406539917,-0.05937197059392929,-0.05141669884324074,0.04717113450169563,0.07767199027689031,-0.04104946888628575,-0.2794777501798028,
-0.16127367019653321,-0.08124194741249086,-0.37949299812316895,-0.12255546450614929,-0.045624323189258575,0.0824580118060112,0.0773030076540519,-0.04327601349469406,-0.2791486182763374,
-0.16788543462753297,-0.0803787112236023,-0.38649117946624756,-0.17408762872219086,-0.050617750734090805,0.10269804298877716,0.07462728336556587,-0.046217623995533134,-0.27772097373418586,
-0.15339370965957644,-0.07164883613586426,-0.3501664161682129,-0.22328953444957733,-0.06526513397693634,0.12566781044006348,0.06110737163475809,-0.05265560434623943,-0.2706641023458793,
-0.1508483171463013,-0.05760272741317749,-0.30311834812164307,-0.26556721329689026,-0.06639698147773743,0.14897046983242035,0.050651427900638375,-0.05638170567579938,-0.26562859780780806,
-0.14215304851531982,-0.0459317684173584,-0.24112813472747804,-0.3012535572052002,-0.05667644366621971,0.1601557433605194,0.03815577631245653,-0.06050795562477151,-0.2596295531288806,
-0.119118070602417,-0.033133992552757265,-0.16800594329833984,-0.3043161928653717,-0.056876178830862045,0.1613541692495346,0.023684836780603263,-0.06459689292187107,-0.2525183968544942,
-0.05803239345550537,0.013961370289325715,0.07272399067878724,-0.26257115602493286,-0.06959277391433716,0.16082152724266052,-0.009809893914415311,-0.06783230911060208,-0.2362354858138376,
-0.033183416724205016,0.028175082802772523,0.19226386547088625,-0.22342269122600555,-0.053147755563259125,0.17620128393173218,-0.026810479769881046,-0.07044449746157276,-0.22768630017877503,
-0.015812042355537414,0.038466337323188785,0.29025864601135254,-0.17455369234085083,-0.03097693808376789,0.18392445147037506,-0.04237201786615932,-0.07305676735577465,-0.2189642424894291,
0.048750546574592594,0.06734130978584289,0.4606773853302002,-0.10178281366825104,-0.05281485989689827,0.20376500487327576,-0.06901393970747931,-0.07488019949770758,-0.19998955979157498,
0.08446857929229737,0.0931523621082306,0.5677520751953126,0.004144424106925726,-0.017394816502928734,0.19530947506427765,-0.079192194446203,-0.0744899947880385,-0.1898895902402436,
0.17842249870300295,0.14796135425567628,0.6511385440826416,0.12305457144975662,0.03360471874475479,0.11634673923254013,-0.08614437548276467,-0.0743140786030894,-0.17862460048594642,
0.2978435277938843,0.2162263631820679,0.7068346977233887,0.2179296910762787,0.05604185163974762,0.0433761291205883,-0.08934815330840169,-0.07292775319368817,-0.1679289678469115,
0.35242502689361577,0.2573389768600464,0.6498406887054444,0.312005877494812,0.07534977048635483,-0.024933956563472748,-0.07968040195637373,-0.06674330713884334,-0.15695010516537355,
0.3006456375122071,0.21044344902038575,0.5500746250152588,0.3673330247402191,0.08853241801261902,-0.052763987332582474,-0.06742091880998995,-0.06338250841251018,-0.1565498722599186,
0.21930968761444092,0.14915486574172973,0.4244092464447022,0.3859751522541046,0.0944579541683197,-0.048436351120471954,-0.051257603870394,-0.0598077482866719,-0.15844152088686358,
0.09320170283317566,0.012534143030643465,0.19334768056869509,0.3991578221321106,0.09425821900367737,-0.03931502625346184,-0.012840022733795649,-0.05128305752637918,-0.16434091697357836,
0.07345505356788636,-0.034719207882881166,0.09333317875862122,0.4113417863845825,0.07148818671703339,-0.04117923602461815,0.007439210473826106,-0.04650202403273761,-0.16650143314082316,
0.052822166681289674,-0.06685898900032043,0.005632172897458077,0.3947635889053345,0.05877159163355827,-0.04277713596820831,0.02727152037216167,-0.04235697722452742,-0.1677590659845979,
0.019065818190574648,-0.0839633047580719,-0.21022040843963624,0.34536194801330566,0.05304579436779022,-0.03498739004135132,0.06710008419159032,-0.03639265882956309,-0.17061372295959198,
0.0021596908569335937,-0.08869194984436035,-0.3000250101089478,0.2625376582145691,0.05038263276219368,-0.014880522154271603,0.08663389643455266,-0.03302456843833112,-0.17194809889829057,
-0.002610614523291588,-0.08268281221389771,-0.36719577312469487,0.21273651719093323,0.03233971819281578,-0.018342632800340652,0.10370997463374375,-0.030021769382114035,-0.17267591692040474,
-0.0011468843556940555,-0.0751028835773468,-0.38603522777557375,0.16606462001800537,0.016959961503744125,-0.021804742515087128,0.11790275767968068,-0.02733241227215647,-0.17264838679566388,
-0.004606063663959503,-0.0740695595741272,-0.42299838066101075,0.09402500838041306,0.012099873274564743,-0.022738907486200333,0.13978015041254008,-0.023362446342482388,-0.17296358325744118,
-0.009598103910684587,-0.07991828322410584,-0.44213643074035647,0.040295735001564026,0.008637764491140842,-0.013684159144759178,0.14740507170078637,-0.022172601785656595,-0.1736409160206795,
-0.019937312602996828,-0.08800181746482849,-0.42997460365295415,-0.011236432939767838,-0.004744620993733406,-0.0049623060040175915,0.15237219104112895,-0.021111561159155894,-0.17433650850367272,
-0.027867457270622255,-0.09491689205169679,-0.4333958148956299,-0.05844096094369888,-0.01679542474448681,0.015277719125151634,0.15508452647300786,-0.02031492857706953,-0.17482356912153596,
-0.06212010383605957,-0.08890388011932374,-0.4445838928222656,-0.13900159299373627,-0.02052384987473488,0.04257512092590332,0.15426034641072542,-0.020447591498152506,-0.17531663916077175,
-0.05292052626609803,-0.07123597860336305,-0.45531730651855473,-0.19126613438129425,-0.029578598216176033,0.04377354308962822,0.15040712149155724,-0.021710949344821005,-0.17467874319020354,
-0.026336264610290528,-0.04676567018032074,-0.4300318241119385,-0.2385372370481491,-0.0531475767493248,0.03565090149641037,0.14374572058817145,-0.023520300945457918,-0.17328282252726157,
-0.004200339317321777,-0.03208288848400116,-0.40209217071533204,-0.2771530747413635,-0.07917997241020203,0.03438590094447136,0.13475564908012874,-0.025693768489910535,-0.1717382825457965,
-0.007084009051322938,-0.047093266248703004,-0.360599946975708,-0.3286186456680298,-0.08377392590045929,0.05056460201740265,0.11098822503892677,-0.031837676353049196,-0.17007302650689332,
0.019131918251514436,-0.04415228664875031,-0.3170567274093628,-0.39872637391090393,-0.04768809676170349,0.021735884249210358,0.09616397282730509,-0.036565305601375254,-0.16958427531388845,
0.08621581196784973,-0.04064445495605469,-0.279903244972229,-0.40358662605285645,-0.09176340699195862,0.010350869968533516,0.07908039229673337,-0.04115462209980072,-0.16832195465121755,
0.04302664399147034,-0.051936382055282594,-0.07315478324890137,-0.39273425936698914,-0.10800869017839432,0.0028274403885006905,0.03884112749258977,-0.04726553848606516,-0.16722970688377803,
0.10029586553573609,-0.030152770876884463,0.01853758990764618,-0.3762892186641693,-0.1018834188580513,-0.02819838747382164,0.017240614175281138,-0.05443382037746694,-0.16684527615739062,
0.16359575986862185,-0.02237579971551895,0.10651283264160157,-0.360509991645813,-0.06772837787866592,-0.021806800737977028,-0.0027606633697809715,-0.060001287666376565,-0.16677228016885898,
0.13776581287384035,-0.01867872625589371,0.19753211736679077,-0.2973265051841736,-0.03430571034550667,-0.02686680667102337,-0.021894053586869158,-0.0652249944888018,-0.16784616309291067,
0.15402927398681643,0.03929749727249146,0.44011540412902833,-0.22875012457370758,-0.030976757407188416,-0.04644104093313217,-0.058239838162839314,-0.07310834771189395,-0.16938749745791504,
0.18057019710540773,0.08497914075851441,0.49579381942749023,-0.14652502536773682,0.006440655793994665,-0.07926449924707413,-0.07252114311101347,-0.07520812908868821,-0.1705305112821776,
0.1788519859313965,0.14650858640670777,0.5340590000152589,-0.06376729160547256,0.022419624030590057,-0.10596269369125366,-0.08362632184541137,-0.07722852634564592,-0.17255527793935624,
0.15296335220336915,0.22713303565979004,0.6210144996643067,0.020788079127669334,0.03300568833947182,-0.12846639752388,-0.09678035723959538,-0.07911831309876761,-0.18052758309363448,
0.12268426418304444,0.21776359081268312,0.6165491104125977,0.10554318130016327,0.03520279377698898,-0.13465824723243713,-0.09739646159600968,-0.07961360130659643,-0.18663438104084237,
0.08513847589492798,0.1925123691558838,0.5814986228942871,0.18197645246982574,0.051847461611032486,-0.1355227530002594,-0.09390414508466972,-0.07994935487333597,-0.19436844463349148,
0.03871556222438813,0.14548567533493043,0.4120853900909424,0.23004651069641113,0.06962406635284424,-0.13598880171775818,-0.07641442112411839,-0.07951503002020548,-0.21086231548287424,
0.018742269277572634,0.12803744077682497,0.32489840984344487,0.2634026110172272,0.08134197443723679,-0.1457093507051468,-0.06424167549657524,-0.07810186521476324,-0.21846936134364828,
0.0012642656452953817,0.10199984312057496,0.23411505222320558,0.2744547128677368,0.08467092365026474,-0.1511022448539734,-0.050451400195622824,-0.07582977672005395,-0.2262343913941837,
-0.015839318931102752,0.0710497498512268,0.1418091893196106,0.27958130836486816,0.07395170629024506,-0.1481727659702301,-0.035511206433467384,-0.07287306419562385,-0.2342098415862834,
-0.07225179672241211,0.0068090282380580906,-0.015805155038833618,0.2659991979598999,0.06303274631500244,-0.13445748388767242,-0.0033034394976508502,-0.06237007099523761,-0.2505704314999534,
-0.10106399059295655,-0.021819129586219788,-0.09373371601104737,0.23677100241184235,0.055575888603925705,-0.1084250882267952,0.012268526646075511,-0.05856606610593323,-0.25811329643357983,
-0.12562960386276245,-0.041063913702964784,-0.15690704584121706,0.21133780479431152,0.04332534596323967,-0.07866426557302475,0.02708494891596125,-0.054905971437867844,-0.26491231884427213,
-0.16285760402679444,-0.05937634110450745,-0.25400941371917723,0.17198960483074188,0.02088821679353714,-0.05110054463148117,0.0528867124872715,-0.04795099737572649,-0.27503465978190844,
-0.1680222034454346,-0.05602388978004456,-0.3445896625518799,0.1064758375287056,0.0025124032981693745,-0.017012082040309906,0.07246199310422465,-0.043990311962108314,-0.2804242393393546,
-0.15858564376831055,-0.05394479036331177,-0.37682790756225587,0.040562599897384644,-0.00021733682660851628,0.005291893146932125,0.07894244453896941,-0.043437478540577515,-0.28156215817317554,
-0.1516097903251648,-0.053735101222991945,-0.3792945146560669,-0.00684166606515646,-0.014997880905866623,0.014746115542948246,0.08268450590493291,-0.04325703945362598,-0.2817851395309234,
-0.15861990451812746,-0.0608334481716156,-0.39595036506652836,-0.06456568837165833,-0.040830545127391815,0.033188506960868835,0.08302705692175304,-0.044770693747479696,-0.2807767127661091,
-0.1751062035560608,-0.053926032781600956,-0.396085262298584,-0.13454024493694305,-0.043360549956560135,0.07200407981872559,0.07977629371108956,-0.047091508115991734,-0.2797327768904637,
-0.1820559620857239,-0.04134581089019776,-0.3972094297409058,-0.20511402189731598,-0.030843688175082207,0.10229753702878952,0.07402949819245475,-0.05005152526200187,-0.277438285616086,
-0.17269634008407594,-0.01995898336172104,-0.30974869728088383,-0.25118669867515564,-0.0437600240111351,0.12493440508842468,0.053132116139037885,-0.05550013101292998,-0.26840767584080083,
-0.1405735731124878,-0.014358444511890412,-0.24101045131683352,-0.30724623799324036,-0.042561598122119904,0.14350995421409607,0.03894538300487093,-0.05869986663194037,-0.26222877820165724,
-0.09909642934799195,-0.010063336789608003,-0.1567859411239624,-0.33014944195747375,-0.04242844134569168,0.14331021904945374,0.022632701026958586,-0.061743891053225114,-0.25519864004845183,
-0.0811292588710785,-0.0074614427983760835,-0.027465876936912537,-0.31377097964286804,-0.0497521348297596,0.15043418109416962,0.004653962011270848,-0.06396509508868573,-0.24780025337055744,
-0.026151609420776368,0.008399218320846558,0.22986788749694825,-0.28054654598236084,-0.014532074332237244,0.17220835387706757,-0.03102246138175877,-0.06380773734338502,-0.23206628133057924,
-0.023179376125335695,0.015136480331420898,0.37660880088806153,-0.2129022479057312,0.022152969613671303,0.20203575491905212,-0.047250298863256754,-0.06378223270692646,-0.22320602134705436,
-0.02075406759977341,0.033280986547470096,0.4906156063079834,-0.1328742504119873,0.0501161627471447,0.2174820899963379,-0.0613453326565262,-0.06171138642501625,-0.21354477019710363,
0.07392780780792237,0.0988163471221924,0.6547344207763672,-0.035402555018663406,0.028477977961301804,0.2042994350194931,-0.08011368297184913,-0.05259498774031843,-0.19298884812191314,
0.12505819797515869,0.14687367677688598,0.6815331935882569,0.09202971309423447,-8.442584658041596e-05,0.17893283069133759,-0.08293815404727936,-0.04866183281385403,-0.18321519499656727,
0.19398080110549928,0.1901965618133545,0.6757485389709473,0.1878369301557541,0.02761244960129261,0.1381198912858963,-0.08121537742071272,-0.04614744054592171,-0.17396293415713665,
0.26084697246551514,0.22234334945678713,0.6513407707214356,0.26153990626335144,0.06802591681480408,0.08459034562110901,-0.07517638271353548,-0.04367817302744136,-0.16601647418364268,
0.25397663116455077,0.1873569965362549,0.5194675445556641,0.3431658148765564,0.07681434601545334,0.023670535534620285,-0.051390103969233505,-0.035884775059822564,-0.15743534561719832,
0.2150742530822754,0.12479398250579835,0.4175632953643799,0.42286089062690735,0.06376485526561737,-0.01913977786898613,-0.03441586348604145,-0.03177165242264355,-0.1564652502408982,
0.15802935361862183,0.05881699323654175,0.27306811809539794,0.4485604166984558,0.05564222112298012,-0.021336887031793594,-0.014147889948622483,-0.028302062471310768,-0.15700660100446856,
0.11659350395202638,0.006619303673505783,0.11714646816253663,0.42772117257118225,0.05750643461942673,-0.016809511929750443,0.008233506200585173,-0.025281592218878126,-0.15797326536705011,
0.09150866270065308,-0.048592752218246466,-0.12739020586013794,0.39223453402519226,0.06223354488611221,-0.01913977786898613,0.05207009865089301,-0.0210123604464115,-0.15839887344028403,
0.08000274896621705,-0.06510447263717652,-0.17525026798248292,0.37239399552345276,0.021487180143594742,-0.033321112394332886,0.07221065036545062,-0.01762335506237904,-0.15865555081378174,
0.050155603885650636,-0.07724359631538391,-0.24339613914489747,0.32479000091552734,-0.0060765380039811134,-0.0303916335105896,0.09158262874717396,-0.015341533035121237,-0.15960211416232745,
0.0213265135884285,-0.08872044086456299,-0.3974401712417603,0.24343042075634003,0.01036848220974207,-0.02726241946220398,0.1257049580553339,-0.014186220851103465,-0.16267613032821357,
0.007815101742744445,-0.09422925710678101,-0.39427254199981693,0.16306953132152557,0.025348763912916183,-0.015278195030987263,0.13779040960649172,-0.013108115036864966,-0.1636409971643011,
-0.0001857527531683445,-0.10154670476913452,-0.3678925514221192,0.12804895639419556,0.002711893292143941,-0.013946615159511566,0.14692238266657362,-0.011535609442131577,-0.16393326063678998,
0.005111555382609368,-0.10037040710449219,-0.36621105670928955,0.09748919308185577,-0.012934178113937378,-0.013081086799502373,0.1543254816821731,-0.010563567387421544,-0.1641700788933215,
-0.005422665923833847,-0.08779208660125733,-0.39261989593505864,0.05933940410614014,-0.013799705542623997,-0.0041594975627958775,0.1650533886036912,-0.010675771168266516,-0.16577016666964825,
0.0009592613205313683,-0.08338643312454225,-0.42541484832763676,-0.01070077158510685,0.015095435082912445,0.002500206232070923,0.1678235196831689,-0.011038529295988746,-0.16625802514360372,
-0.003999646008014679,-0.08986714482307434,-0.4235435485839844,-0.07162058353424072,0.005175160244107246,0.010489690117537975,0.16778193676887412,-0.010601560316079462,-0.16592851687130217,
-0.005207303538918496,-0.09109494090080261,-0.4093645572662354,-0.11269984394311905,-0.01240170281380415,0.02054312452673912,0.16524918723569465,-0.010251652310018825,-0.16528632346760444,
-0.014450393617153168,-0.05024790167808533,-0.39189949035644533,-0.1726875603199005,-0.015131443738937378,0.03558998554944992,0.15473323751314688,-0.011781200403089807,-0.16405875786303187,
0.007979277521371841,-0.03447209298610687,-0.3753326177597046,-0.22148998081684113,-0.026316720992326736,0.026668395847082138,0.14642687161316983,-0.013258234596741837,-0.16281250808222314,
0.018316902220249176,-0.04819472432136536,-0.37351241111755373,-0.27342161536216736,-0.038034629076719284,0.03106261044740677,0.13624694688881916,-0.014889801692366398,-0.16175769534986653,
0.062329149246215826,-0.0789573073387146,-0.34351487159729005,-0.3403335511684418,-0.005810379516333342,0.04251420497894287,0.1093810028909034,-0.019263964273825325,-0.16021694206813952,
0.08163782358169556,-0.08473565578460694,-0.2969182252883911,-0.404981791973114,0.04925047978758812,0.02680155262351036,0.09171942519823756,-0.019983963854675015,-0.1582673088311722,
0.04909024834632874,-0.08830413222312927,-0.22396061420440674,-0.4404684007167816,0.042659156024456024,0.035190511494874954,0.07162534115143981,-0.018578630274811183,-0.15620950580229412,
0.005148229748010636,-0.08356405496597291,-0.15210422277450564,-0.47382450103759766,0.021953074261546135,0.05749448388814926,0.05011712603246196,-0.016128935890627805,-0.15455757315880447,
0.1444753646850586,-0.048122978210449224,0.05124267339706421,-0.47322529554367065,0.007705163210630417,0.000635993666946888,0.0017028446478440664,-0.015444454844379516,-0.14922247601444763,
0.1716840147972107,-0.013819791376590729,0.22360112667083742,-0.4025183618068695,-0.05461280792951584,-0.05329301953315735,-0.022590633155667783,-0.01468970549056473,-0.14838497777195653,
0.18433545827865602,0.019588425755500793,0.41865553855896,-0.2857387363910675,-0.09902102500200272,-0.0975014939904213,-0.0448186802772703,-0.01631964559667893,-0.14984763056605208,
0.16934354305267335,0.05796688795089722,0.48095803260803227,-0.25784212350845337,-0.05794175714254379,-0.09244148433208466,-0.06235066128399846,-0.021041499002725367,-0.15302113174815635,
0.13909690380096437,0.13567599058151245,0.5727163791656494,-0.18214178085327148,0.010168587788939476,-0.10728861391544342,-0.08886967401428902,-0.03013561970805192,-0.16081602056622396,
0.1286315202713013,0.16384228467941286,0.6692249298095704,-0.06283214688301086,-0.004545378033071756,-0.13352075219154358,-0.09896945573482187,-0.0315555009088621,-0.16583855526334332,
0.1127976417541504,0.17839733362197877,0.6544750213623047,0.022056112065911293,-0.003946166951209307,-0.14956629276275635,-0.10420618049103264,-0.03330202201479191,-0.17187687435641108,
0.04454384744167328,0.17643158435821535,0.5503657341003418,0.0994209423661232,0.03373756259679794,-0.14976602792739868,-0.102541859371702,-0.03835914674439223,-0.1858801698399925,
0.010164443403482437,0.15123727321624758,0.47556467056274415,0.16639943420886993,0.04658731818199158,-0.1487007588148117,-0.09708579949036485,-0.03934539454147311,-0.19378874218708578,
-0.016869160532951354,0.12331387996673585,0.3998772144317627,0.2227918803691864,0.02734597586095333,-0.1455715447664261,-0.08906221420943601,-0.03934033527380576,-0.20247704516016574,
-0.04111967980861664,0.09916345477104188,0.3075530290603638,0.25135427713394165,0.022019652649760246,-0.14430655539035797,-0.07857336593397249,-0.039299763741554326,-0.21106761335647473,
-0.0681779146194458,0.07628265619277955,0.11284418106079103,0.2558150589466095,0.04811863601207733,-0.12553127110004425,-0.05225118695071963,-0.03981025370279915,-0.2260625953406213,
-0.0823565423488617,0.06488463878631592,0.03282561302185059,0.24649401009082794,0.05737311765551567,-0.11141651123762131,-0.03806170232426987,-0.038441115156847984,-0.23301022207136793,
-0.07799637913703919,0.04142285585403443,-0.03164942860603333,0.2389705777168274,0.025814658030867577,-0.11101703345775604,-0.021168951416172914,-0.030821965609624382,-0.23954339274644257,
-0.07899892330169678,0.016669899225234985,-0.11867130994796754,0.23743925988674164,-8.458306547254324e-05,-0.10915282368659973,0.004444603784159237,-0.027546215899871607,-0.25093108646035256,
-0.09404513239860535,0.003362594172358513,-0.18275067806243897,0.20015500485897064,0.008038058876991272,-0.09057727456092834,0.016938033562253048,-0.02733795609444544,-0.25642122732100747,
-0.10639458894729614,-0.013375973701477051,-0.25640575885772704,0.14835652709007263,0.012831748463213444,-0.06707488000392914,0.028319181552682902,-0.026909847792073994,-0.261360930002121,
-0.12151772975921632,-0.02785179913043976,-0.29862048625946047,0.09775646775960922,-0.011536176316440105,-0.04650195688009262,0.03771601528986297,-0.02596334970085556,-0.265330109068312,
-0.13605676889419557,-0.05285751819610596,-0.34440548419952394,0.05434694141149521,-0.051084116101264954,-0.032986413687467575,0.04976408431905983,-0.02568713520730139,-0.2707755800952138,
-0.1588599443435669,-0.06273134350776673,-0.3616420984268189,0.017928211018443108,-0.07851468026638031,-0.0014279559254646301,0.053056269183996335,-0.02764766041476116,-0.2728980431822014,
-0.18242114782333374,-0.05690833330154419,-0.38758666515350343,-0.06076819822192192,-0.07445336133241653,0.03825314715504646,0.05484581343164781,-0.031007933007449046,-0.27437632833503456,
-0.13591679334640502,-0.04719944000244141,-0.4900673866271973,-0.17548386752605438,-0.042495422065258026,0.06002448499202728,0.050505978669829775,-0.03908722846221679,-0.2727366614205206,
-0.15055179595947266,-0.053669226169586186,-0.38848252296447755,-0.2393331676721573,-0.05081780254840851,0.0974419042468071,0.04120011089474618,-0.04169749555069597,-0.26993603580625003,
-0.15504279136657717,-0.04681846201419831,-0.24750463962554933,-0.24252896010875702,-0.0821099504828453,0.11062455177307129,0.028857957204116297,-0.044260575687932506,-0.2657706551155226,
-0.12041829824447632,-0.04234180450439454,-0.14766043424606323,-0.2668968737125397,-0.06732940673828125,0.10802796483039856,0.01588506128881847,-0.048043245633487275,-0.26058467221015275,
-0.09027887582778932,-0.006704690307378769,0.08014463186264038,-0.28067874908447266,-0.017594868317246437,0.12886720895767212,-0.012572952814683923,-0.053900073777579355,-0.24937223434693406,
-0.10684527158737184,0.010778168588876725,0.21882104873657227,-0.2472560703754425,0.010967535898089409,0.17307567596435547,-0.02791314931504827,-0.05478880085597418,-0.24291495922430928,
-0.09484513401985169,0.04120917618274689,0.37318646907806396,-0.15710806846618652,0.014695961028337479,0.19178438186645508,-0.04287631964324092,-0.05378527370903531,-0.2348980041717487,
-0.04849578142166138,0.0753598690032959,0.4735702991485596,-0.08440375328063965,-0.015331180766224861,0.19744360446929932,-0.055449301647060516,-0.051532485729933464,-0.22568077189838773,
0.08432226181030274,0.15986751317977907,0.5598406314849854,-4.798900044988841e-05,-0.01839383877813816,0.1913851648569107,-0.06990760459762203,-0.0480876559168469,-0.20584049083882153,
0.17579482793807985,0.2048051118850708,0.5806151866912842,0.08370842784643173,0.047119926661252975,0.1486414223909378,-0.07217253515038129,-0.04704672161462533,-0.19582794861773545,
0.2476996421813965,0.22990138530731202,0.5676764965057374,0.16247142851352692,0.07601521909236908,0.0914500430226326,-0.07099976595607035,-0.04425475387350141,-0.18729737842694855,
0.23046619892120362,0.1897722601890564,0.48551120758056643,0.23743940889835358,0.08786629140377045,0.050503943115472794,-0.058041873813258205,-0.035251635147132906,-0.17784057844946943,
0.18695198297500612,0.14892921447753907,0.4073679924011231,0.2958957850933075,0.08373838663101196,0.02906549721956253,-0.04678116147923459,-0.03055625466519303,-0.1757060679488646,
0.13789817094802856,0.1042974352836609,0.3286885738372803,0.3440324366092682,0.06463021039962769,0.0228736475110054,-0.03298618945626958,-0.025904058096050477,-0.17436586910217547,
0.08907006978988648,0.03376386761665345,0.12352896928787233,0.34935876727104187,0.05996967852115631,0.016948111355304718,0.0006633268968149871,-0.018611272996712336,-0.1719341469569075,
0.08433288335800171,0.009399402886629105,0.050455969572067265,0.3478274345397949,0.054643355309963226,0.01122231688350439,0.01839495242883296,-0.01560624174140577,-0.17067569654146333,
0.07390050888061524,-0.007666626572608948,-0.010782255232334137,0.3415690064430237,0.05684046447277069,0.0025004632771015167,0.03566696213906402,-0.017601208890192337,-0.16936558935022533,
0.06621657609939575,-0.017607672512531283,-0.07613096833229066,0.3291187286376953,0.05411072447896004,0.0025670425966382027,0.053222381866611185,-0.015715353392317277,-0.16852122026527971,
0.06409981846809387,-0.038449680805206304,-0.20040588378906252,0.2845773696899414,0.04498939961194992,-0.005355861969292164,0.08712667880244915,-0.010342962765186446,-0.1670388337180422,
0.06124173402786255,-0.04110049903392792,-0.24916765689849854,0.23983626067638397,0.040195707231760025,-0.007619548588991165,0.10239912603086339,-0.008122038693676897,-0.16639824768914938,
0.05074960589408875,-0.04695128202438355,-0.29041490554809574,0.19323094189167023,0.040861498564481735,-0.013345344923436642,0.1160800754285449,-0.005968049094053114,-0.16602331698948503,
0.04451316297054291,-0.07387800812721253,-0.34325623512268066,0.1442953497171402,0.029676219448447227,-0.022533250972628593,0.13741519324310594,-0.0017357178341897092,-0.16551468942167025,
0.029473829269409182,-0.08579614162445069,-0.35657031536102296,0.10228397697210312,0.01143356692045927,-0.017140349373221397,0.14517307424958503,0.0002405526607311186,-0.16579542406815004,
0.014235661923885347,-0.09192859530448914,-0.38219039440155034,0.052083391696214676,-0.00028434261912479997,-0.011481132358312607,0.15143467989137194,0.0016264717768915602,-0.1663035519821032,
0.000946542900055647,-0.09773777723312378,-0.4158342361450196,0.015731239691376686,-0.010670671239495277,-0.0024929633364081383,0.15595230568237317,0.002412330270474972,-0.16680540466769572,
-0.02984864413738251,-0.097455233335495,-0.4506575584411621,-0.059369903057813644,-0.02518489956855774,0.025536809116601944,0.15900324905608024,0.0020754084817466902,-0.16760803558191859,
-0.026651990413665772,-0.09328405261039735,-0.4752686977386475,-0.13540315628051758,-0.028513850644230843,0.04737472906708717,0.15718797311206373,0.0006128475654676302,-0.16735903013799253,
-0.012607793509960176,-0.07217780947685241,-0.45459828376770023,-0.18800057470798492,-0.02904648333787918,0.05030420795083046,0.15231330348735997,-0.0014345847757824975,-0.1664045216738436,
0.020429088175296786,-0.040888923406600955,-0.42288055419921877,-0.2523156404495239,-0.05328129231929779,0.03938576206564903,0.13506855233830747,-0.0063351118338125165,-0.16322936640365243,
0.0282843291759491,-0.0392297774553299,-0.3685346126556397,-0.28560516238212585,-0.08117791265249252,0.031995486468076706,0.1227989571870014,-0.009336967451684733,-0.1621640771428708,
0.049762082099914555,-0.03979904651641846,-0.3277066230773926,-0.33007997274398804,-0.0924297645688057,0.02720179781317711,0.10891727163711212,-0.013381150165642336,-0.16177942954644714,
0.07684465646743775,-0.04097502529621125,-0.29182164669036864,-0.3708929121494293,-0.07977975159883499,0.013286780565977097,0.09357187798394911,-0.018132571192933808,-0.1616752434614802,
0.086573725938797,-0.03216499090194702,-0.14176512956619264,-0.4020518958568573,-0.07265579700469971,0.00023729167878627777,0.05732606102321824,-0.026967167643642504,-0.16186171527254756,
0.09873170256614686,-0.035220667719841,-0.027553471922874453,-0.3850742280483246,-0.08657081425189972,-0.01214640773832798,0.036361819339924946,-0.032674159888376866,-0.1621458892178988,
0.12303903102874757,-0.03591052293777466,0.0912795901298523,-0.3648342192173004,-0.08304212242364883,-0.03465011715888977,0.015864880257531,-0.03760314368260581,-0.16262335195289257,
0.07856945395469667,-0.011947769671678543,0.2468376636505127,-0.3515850007534027,-0.08257606625556946,-0.02646089904010296,-0.0214743416373676,-0.04633026321516355,-0.16547753175876367,
0.08507146835327149,0.011322274059057237,0.38285810947418214,-0.27828148007392883,-0.07065842300653458,-0.014476673677563667,-0.03957622288214502,-0.050736832254338164,-0.1667061876099925,
0.13169472217559816,0.04896998405456543,0.48952498435974123,-0.20677560567855835,-0.036037325859069824,-0.022332999855279922,-0.0554807821676844,-0.054879944407284345,-0.16707094445926884,
0.1792250394821167,0.10720721483230591,0.5503485679626465,-0.13673445582389832,-0.0016825470374897122,-0.05329224839806557,-0.06821903349308084,-0.058007181282562076,-0.16726464075354938,
0.21369621753692628,0.21539065837860108,0.6106281280517578,-0.029741961508989334,0.019755899906158447,-0.10848626494407654,-0.0840677287784296,-0.06046164451944907,-0.17114305421059095,
0.17917405366897585,0.23737037181854248,0.565239953994751,0.042296551167964935,0.04372435063123703,-0.1359833925962448,-0.08602944390627715,-0.06106782844769866,-0.17594762941063272,
0.12062619924545288,0.22594707012176515,0.5339520454406739,0.112470842897892,0.0423261933028698,-0.14783446490764618,-0.08460464460120931,-0.06121557872696146,-0.18253532787110677,
0.03908219635486603,0.16228668689727785,0.43020205497741704,0.18211250007152557,0.03626750037074089,-0.1600184291601181,-0.0726883551625776,-0.06050726906537034,-0.19815810902381295,
0.005237589776515961,0.1314007043838501,0.3525615215301514,0.2243901938199997,0.04259250685572624,-0.16081736981868744,-0.06256983055734926,-0.06040340618853941,-0.2065878407646788,
-0.017347300052642824,0.10051087141036988,0.2555582523345947,0.24516284465789795,0.060369107872247696,-0.15948578715324402,-0.050369016741776684,-0.05994896531042644,-0.21514861449607345,
-0.03832423985004425,0.07307847142219544,0.16264613866806032,0.2587449550628662,0.06023595109581947,-0.15535789728164673,-0.03693474188103362,-0.05857568151620072,-0.22378835136747188,
-0.07680318951606752,0.0126385897397995,-0.01709273308515549,0.2564812898635864,0.03999592736363411,-0.14896631240844727,-0.006880434570319677,-0.049220547343691655,-0.24082401419400523,
-0.11191282272338868,-0.011043379455804825,-0.10998622179031373,0.231513112783432,0.03427029773592949,-0.1251329481601715,0.0075217742250577695,-0.046850255886886315,-0.24868116402137225,
-0.1468766450881958,-0.035700103640556334,-0.19996428489685059,0.1755201518535614,0.04485636204481125,-0.08924685418605804,0.021199618900966558,-0.04486112771078047,-0.25579205124718735,
-0.16865020990371704,-0.044427260756492615,-0.27105987071990967,0.13863536715507507,0.026613708585500717,-0.054226282984018326,0.03312238061991101,-0.04252992500283974,-0.2615984057449236,
-0.16755212545394899,-0.046189999580383306,-0.33495674133300785,0.08191003650426865,-0.009472125209867954,-0.02632967010140419,0.04982181869186347,-0.038207927497112486,-0.2683462926072649,
-0.1544028401374817,-0.046651345491409306,-0.36300334930419925,0.029712079092860222,-0.03563768416643143,-0.012081759050488472,0.05510899286160375,-0.03787599566036256,-0.2699763125079471,
-0.15339823961257937,-0.04519450962543488,-0.3810235738754273,-0.03320510312914848,-0.038700319826602936,0.005095629952847958,0.05843478441707539,-0.038727327872537395,-0.27122207120314734,
-0.1617825984954834,-0.0434258908033371,-0.4068004608154297,-0.11582967638969421,-0.029312675818800926,0.04138120263814926,0.05776640719899796,-0.04237484376055257,-0.27214506785828296,
-0.1554821014404297,-0.03828514218330384,-0.37698392868041997,-0.1681607961654663,-0.029312675818800926,0.06861202418804169,0.05265344843886132,-0.04429475403649934,-0.27078579895966126,
-0.14854410886764527,-0.029354378581047058,-0.32227041721343996,-0.2108379453420639,-0.04202926903963089,0.08279335498809814,0.04480060523241753,-0.04608786452423494,-0.2680862999560849,
-0.1322956919670105,-0.0125756174325943,-0.2817896604537964,-0.24612483382225037,-0.050484806299209595,0.08099572360515594,0.03505267742804593,-0.048285071325041756,-0.26447125859124204,
-0.12418315410614014,0.006970605254173279,-0.13841099739074708,-0.27129173278808594,-0.048087961971759796,0.09930495172739029,0.010173882604376553,-0.053672901944168315,-0.25639939563672287,
-0.11459813117980958,0.019667424261569977,-0.050674146413803106,-0.2921309471130371,-0.025317933410406113,0.10343284904956818,-0.004194338873733548,-0.05635147910224808,-0.251582863992755,
-0.08802280426025391,0.01744406670331955,0.05064442753791809,-0.26829567551612854,-0.03071083500981331,0.107760488986969,-0.019092923275930644,-0.05548012147913127,-0.24635554051236286,
-0.07036773562431335,0.011427666991949081,0.20965847969055176,-0.19552476704120636,-0.047954801470041275,0.12859971821308136,-0.03487951136100118,-0.056231672070169936,-0.24095315628004735,
-0.024151365458965304,0.030678239464759827,0.4344347476959229,-0.10937150567770004,-0.03936610743403435,0.15789449214935303,-0.06029105178290962,-0.058562976586442106,-0.22806075763781436,
0.02592626512050629,0.06492334008216859,0.48162393569946294,-0.0405287966132164,0.00897026527673006,0.17147661745548248,-0.06854121328905066,-0.059462408934161805,-0.2200199552682809,
0.08720580935478212,0.11176964044570924,0.5355170249938965,0.03250839561223984,0.0319400317966938,0.1620223969221115,-0.07448940255936326,-0.058621279458925014,-0.21140422755177168,
0.1470138430595398,0.15432658195495608,0.5651401519775391,0.10468006879091263,0.03440345451235771,0.1293986737728119,-0.07759220822230699,-0.05593067947180896,-0.20293658013794255,
0.22821552753448487,0.21713609695434571,0.5421521186828614,0.20821045339107513,0.07082218676805496,0.06261990964412689,-0.0727219127671349,-0.04916799591864041,-0.18930616437053943,
0.22149615287780763,0.21567218303680422,0.47637734413146976,0.26240578293800354,0.0951235294342041,0.03372461348772049,-0.06448556186081852,-0.0456023208059014,-0.1855206641021013,
0.1716461181640625,0.18706126213073732,0.39196081161499025,0.3016216456890106,0.09678786993026733,0.00949139054864645,-0.0532259930816767,-0.041059623856925166,-0.18366450994307257,
0.11123106479644776,0.10132354497909546,0.21446375846862795,0.32532379031181335,0.08287285268306732,-0.022533122450113297,-0.02432891462728031,-0.031091173344610267,-0.18282615708195604,
0.0663741648197174,0.05157999396324158,0.16257866621017458,0.36427250504493713,0.07088863104581833,-0.015409165993332863,-0.00792088580005241,-0.026738322741726495,-0.18386917634817415,
0.037308111786842346,0.01627246141433716,0.07086722254753113,0.348959356546402,0.08127495646476746,-0.004223889671266079,0.00993043864100881,-0.023030668483971513,-0.18478345874753616,
0.03415074050426483,-0.007957053929567337,-0.14048835039138793,0.29216742515563965,0.09845234453678131,-0.00042888522148132324,0.045916360221355104,-0.014994581622586085,-0.18450802587622378,
0.032906952500343326,-0.02051925212144852,-0.17129844427108765,0.26680082082748413,0.07361836731433868,0.003965331241488457,0.06148137434548051,-0.010072364606574147,-0.18370366456108025,
0.033975282311439516,-0.026277789473533632,-0.18921852111816406,0.24216657876968384,0.071288101375103,0.007161124609410763,0.07560056296598464,-0.005736935335751293,-0.18269764433665708,
0.04576476812362671,-0.030215537548065188,-0.22421538829803467,0.20867733657360077,0.0724865272641182,0.007360861636698246,0.0888812288986283,-0.002274278970690289,-0.1814507469812426,
0.041182425618171696,-0.038166004419326785,-0.2566459894180298,0.17538781464099884,0.05850492790341377,0.009757705964148045,0.10102016361875162,0.0011379381997048375,-0.17999259562140427,
0.05535579323768616,-0.05251761078834534,-0.2896814107894898,0.12625248730182648,0.03593463823199272,-0.00016256887465715408,0.12061579474414832,0.007125523095457842,-0.17690591146020818,
0.06126036643981934,-0.05178284049034119,-0.2867035150527954,0.10328273475170135,0.017492245882749557,-0.005688628181815147,0.12793121583648903,0.009115247700285474,-0.17577719516502713,
0.05269265174865723,-0.04965484440326691,-0.30611250400543216,0.0728561207652092,0.01136697642505169,-0.009949686005711555,0.13417969796092277,0.010636177578733946,-0.17515516772597645,
0.025931531190872194,-0.06031129956245423,-0.39975914955139163,0.008673932403326035,-0.011869104579091072,0.00010374747216701508,0.14314056139283382,0.012270533413999475,-0.1752091974742377,
