-0.12178009748458862,-0.00260284636169672,-0.007849733531475068,-0.18039770424365997,0.07734470069408417,0.17636236548423767,0.03228506402031673,-0.0895321997690856,-0.23132523445031616,
-0.11256304979324341,0.012467194348573685,0.04136205017566681,-0.17740164697170258,0.1250152885913849,0.17796026170253754,0.02140407232372714,-0.07811260918197345,-0.22275450645479333,
-0.02979373335838318,0.0174515962600708,0.13308656215667725,-0.16142266988754272,0.12155317515134811,0.17935842275619507,-0.0011880852496253338,-0.0691494706313645,-0.20407878978439192,
-0.03399842977523804,0.01723834723234177,0.19059630632400515,-0.10389839857816696,0.0949881449341774,0.19973160326480865,-0.011961071451365149,-0.062086646479907685,-0.1951300857340254,
-0.010336464643478394,0.034170880913734436,0.25844173431396483,-0.07573547214269638,0.07880944013595581,0.20765450596809387,-0.021614906558365343,-0.055526104311747225,-0.18612394841050386,
0.07862520813941956,0.07622533440589906,0.2681522607803345,-0.050368860363960266,0.0787428617477417,0.2006637156009674,-0.03493010222500153,-0.04429963082717882,-0.1664174573475317,
0.13636561632156372,0.11647248268127441,0.29797062873840335,-0.012219076976180077,0.08726497739553452,0.16977104544639587,-0.0396360674346042,-0.03934439797760111,-0.156285333928468,
0.20852153301239015,0.1476960062980652,0.3535705327987671,0.06394732743501663,0.06456153094768524,0.1289581060409546,-0.04322811948938865,-0.0340404698326867,-0.14669570529186998,
0.29016566276550293,0.1822962522506714,0.5178021430969239,0.16887588798999786,0.06895574182271957,0.07043513655662537,-0.04414412388912442,-0.02368206101661734,-0.1315585655593943,
0.3183220624923706,0.1530756711959839,0.5261085033416748,0.24570807814598083,0.12434949725866318,0.03940930962562561,-0.03898875100872904,-0.02009640764607001,-0.1265836034064326,
0.2938906192779541,0.11774787902832032,0.5019796371459961,0.3118876516819,0.14485584199428558,0.030820610001683235,-0.030402929042297612,-0.016041850773539038,-0.12344713253693793,
0.19917396306991578,0.027350035309791566,0.39370996952056886,0.36268743872642517,0.13932977616786957,0.040141671895980835,-0.004288453119766809,-0.0029452565138083286,-0.12019530414397145,
0.1778929591178894,-0.015277142822742463,0.28994944095611574,0.38013115525245667,0.1274787038564682,0.04060772806406021,0.012867006663485817,0.004474466379824544,-0.11841707337090684,
0.1707448959350586,-0.04329985082149506,0.21172800064086916,0.4086269736289978,0.10850368440151215,0.03241851180791855,0.03134329788513652,0.011458685419914905,-0.11591901495333257,
0.14971138238906861,-0.08439022302627563,0.10109913349151611,0.4326625466346741,0.10357674956321716,0.02196662873029709,0.0711075192180218,0.023169764701130774,-0.11009982223443776,
0.1466431975364685,-0.10756709575653077,0.03983101844787598,0.4303322732448578,0.10184569656848907,0.014709516428411007,0.0924220163122101,0.027722842111985297,-0.10730245146450983,
0.13151017427444459,-0.11729278564453126,-0.02733558416366577,0.4063638150691986,0.09505463391542435,0.01770557090640068,0.10983406779582094,0.026632571204659266,-0.10510548605358179,
0.09406253099441529,-0.14540472030639648,-0.1485796332359314,0.35543087124824524,0.07155223935842514,0.01703978329896927,0.15370973893113885,0.03532219094684438,-0.09952924543530423,
0.08155645728111267,-0.14711370468139648,-0.1797943949699402,0.32959818840026855,0.054974060505628586,0.018437940627336502,0.17375557925570473,0.0387266152924989,-0.09657261921255836,
0.06387184858322144,-0.14841018915176393,-0.18343958854675294,0.3197444975376129,0.043122995644807816,0.021633733063936234,0.1921630604757317,0.041284742759309365,-0.09382326151979951,
0.040490451455116275,-0.14581792354583742,-0.21409506797790528,0.2848570942878723,0.026877712458372116,0.028225060552358627,0.2262850131700913,0.04437525456290535,-0.08903667545432686,
0.04794254004955292,-0.14138691425323488,-0.25512189865112306,0.23079493641853333,0.0075697931461036205,0.017505835741758347,0.24241018699924063,0.04487609098024365,-0.08675815971855265,
0.05323296785354614,-0.12471325397491456,-0.2981858730316162,0.19557462632656097,0.00284268194809556,0.015575042925775051,0.2570851628166248,0.044799630283534134,-0.08482065972930239,
0.01980678588151932,-0.0930737555027008,-0.3292374134063721,0.12453479319810867,0.011764271184802055,0.03854480758309364,0.28044382669890816,0.04396874732878069,-0.08303699811516196,
0.0007368382066488266,-0.08311063647270203,-0.3568912744522095,0.05942051112651825,0.00830216147005558,0.046134818345308304,0.2896131278002677,0.043271277511873006,-0.08220616998201156,
0.016687722504138948,-0.08096979260444642,-0.3722082614898682,0.030458630993962288,-0.004414432216435671,0.039277177304029465,0.29643400261280245,0.04208941798492583,-0.08065697229922325,
0.04292305707931519,-0.06302022337913514,-0.33832223415374757,-0.01887642964720726,-0.010140229016542435,0.029490061104297638,0.30277505484948114,0.038777337528430905,-0.07749135962771377,
0.04537284076213837,-0.062125480175018316,-0.3515549421310425,-0.08006256073713303,0.014560590498149395,0.02782558649778366,0.30388708127909453,0.03707223345383992,-0.07679889615207303,
0.05394107103347778,-0.061662268638610844,-0.3774016618728638,-0.14877210557460785,0.005306106060743332,0.009649510495364666,0.30044378480120376,0.03452571106134854,-0.07518969300315624,
0.06944481134414673,-0.06761056184768677,-0.362340259552002,-0.18718820810317993,-0.018995238468050957,-0.004931297618895769,0.29496888291303996,0.033976689664636295,-0.0738861034660236,
0.053445905447006226,-0.0823182761669159,-0.34428474903106693,-0.22866694629192352,-0.04289710894227028,0.010182141326367855,0.2874115885932445,0.0337246509878796,-0.07340396263605137,
0.004017834365367889,-0.10450606346130371,-0.32695381641387944,-0.28612464666366577,-0.027051301673054695,0.026960056275129318,0.2672700660577989,0.032198818564319345,-0.07528271921121359,
0.050234395265579226,-0.1043777346611023,-0.311055326461792,-0.34305137395858765,-0.0012849485501646996,0.017635904252529144,0.25460122193136847,0.029917776758305165,-0.07621252120465714,
0.0819209635257721,-0.11048864126205445,-0.29800417423248293,-0.3902558982372284,-0.0028828452341258526,0.004386678338050842,0.23999213887547788,0.028008963343768914,-0.07621289339562679,
0.07000335454940797,-0.1120945692062378,-0.21732954978942873,-0.4252764582633972,-0.037503939121961594,0.0010577263310551643,0.20406703291196343,0.02691991871572807,-0.07524557480067545,
0.07125306129455566,-0.11375343799591064,-0.17061012983322144,-0.44944465160369873,-0.04988763853907585,-0.01172544714063406,0.1835109308641134,0.026299058432873546,-0.0756001357706293,
0.10658667087554932,-0.11359772682189942,-0.1239488959312439,-0.4590320289134979,-0.08117978274822235,-0.03276441991329193,0.16175907857564278,0.02464007371479578,-0.07653402195353481,
0.1301549792289734,-0.1081821084022522,-0.007271108031272889,-0.44604912400245667,-0.12172640860080719,-0.04335048422217369,0.11520419947065311,0.01962321069045683,-0.08047162490503147,
0.1384136438369751,-0.0965714156627655,0.08176850676536561,-0.3812011480331421,-0.10841060429811478,-0.05912971496582031,0.08733940823689726,0.010730923187451663,-0.08413433131895269,
0.1635820746421814,-0.06691024899482727,0.18392244577407837,-0.36116087436676025,-0.07405582070350647,-0.07430973649024963,0.06436683804658706,0.005372133867874139,-0.08765897558254612,
0.17002416849136354,-0.03701443076133728,0.24312911033630372,-0.32134661078453064,-0.03231077641248703,-0.08023527264595032,0.02502348171345297,-0.004418766411301024,-0.0951525117900753,
0.16300208568573,-0.026762431859970095,0.3095611095428467,-0.23585912585258484,-0.0261189267039299,-0.10546872019767761,0.007149744712029795,-0.007193286217842274,-0.0991658469391528,
0.17804299592971803,0.00990821048617363,0.4066959381103516,-0.1820632815361023,-0.014401016756892204,-0.12218005955219269,-0.009062159869831079,-0.008921409572344514,-0.10322194399209271,
0.13688215017318725,0.08875505328178407,0.43333373069763187,-0.10403265804052353,-0.003149161348119378,-0.12624137103557587,-0.03243465170759415,-0.012150700669976559,-0.1138617516211428,
0.11264650821685791,0.13566334247589112,0.4245051383972168,-0.0491049587726593,-0.015000227838754654,-0.15673457086086273,-0.04014326193910578,-0.013323968073848643,-0.12006036616543901,
0.12375680208206177,0.15704177618026735,0.3924878597259522,-0.0030322724487632513,-0.03843604773283005,-0.16345904767513275,-0.04523936576991235,-0.014365246928830483,-0.1264473776771041,
0.06753125786781311,0.1442538857460022,0.34999415874481205,0.03724804148077965,-0.09076716005802155,-0.1661887913942337,-0.048961298032150255,-0.01859249091477839,-0.14183826730073623,
0.06412751078605652,0.12701609134674072,0.30881814956665044,0.07799440622329712,-0.05814344063401222,-0.18323302268981934,-0.047886106527850095,-0.022690697739387117,-0.15010199890158574,
0.06739042401313781,0.11395573616027832,0.29273223876953125,0.10023180395364761,0.004174531903117895,-0.18629565834999084,-0.04547678410035736,-0.028344754276473236,-0.15832198852297003,
0.026101577281951907,0.06854975819587708,0.23280441761016846,0.14437370002269745,0.00111189647577703,-0.18196801841259003,-0.0356667044228773,-0.03574019477509931,-0.17677242905946366,
-0.005372799560427666,0.05058045387268067,0.23768310546875002,0.21794353425502777,-0.05541370064020157,-0.1884261816740036,-0.029061724666832534,-0.03597949031501105,-0.18630619271825408,
-0.014926306903362274,0.037158578634262085,0.2431546449661255,0.23725220561027527,-0.04622591659426689,-0.1891571432352066,-0.020637574486751038,-0.03667201585548369,-0.19563016268063255,
-0.06247084736824036,0.02268625795841217,0.11629375219345094,0.22952903807163239,0.008235729299485683,-0.1601952612400055,0.003677964457939821,-0.04220839465254318,-0.21479716138802604,
-0.09256563186645508,0.01344546526670456,0.068294358253479,0.22453561425209045,0.010432836599647999,-0.12670601904392242,0.01691826516767274,-0.043369325085621864,-0.22421865888325213,
-0.10776014328002931,0.007935097068548202,0.031109225749969483,0.2212066650390625,-0.004614023491740227,-0.11918258666992188,0.029738989884297063,-0.042165420124494465,-0.23242909427110148,
-0.07624861001968385,-0.014705821871757507,-0.03902319371700287,0.2278645634651184,-0.014001666568219662,-0.12404285371303558,0.053925385295689236,-0.031624685991513156,-0.24514641481641256,
-0.08110334277153015,-0.028196272253990174,-0.06524319052696229,0.21528112888336182,0.009300993755459785,-0.10473493486642838,0.06588494928896259,-0.030902383761431656,-0.25133133804666224,
-0.11201747655868531,-0.04356438219547272,-0.11276160478591919,0.17100606858730316,0.05710473656654358,-0.05280328914523125,0.07805553021869628,-0.0301535845967502,-0.2576635215108752,
-0.15746179819107056,-0.05124322175979615,-0.2323413610458374,0.09976650029420853,0.07554712891578674,-0.0026027043350040913,0.09989341702765452,-0.025641115068073272,-0.2663583586900054,
-0.14653706550598145,-0.0510735034942627,-0.2609074831008911,0.06907357275485992,0.061166055500507355,0.007384150288999081,0.10734538530351205,-0.02200600107141847,-0.2668948756344345,
-0.12873492240905762,-0.04184587299823761,-0.2518715143203735,0.05562460795044899,0.03147181123495102,0.005320199765264988,0.11223237692502706,-0.018384287087602237,-0.2657275453423114,
-0.11600286960601808,-0.03528634011745453,-0.25142147541046145,0.04131011664867401,0.013029418885707855,0.011512049473822117,0.11586929718638772,-0.0153325833048544,-0.2641683053999382,
-0.1330650568008423,-0.03028766214847565,-0.2928812503814697,-0.02307180128991604,-0.02478746883571148,0.04653261974453926,0.12147999257542141,-0.01241363538921415,-0.2622310145997152,
-0.14791395664215087,-0.02721143960952759,-0.33225531578063966,-0.09883873909711838,-0.027583789080381393,0.06930264085531235,0.12295497097529903,-0.012593542896074518,-0.26128834363204306,
-0.12564932107925417,-0.00556667409837246,-0.31527228355407716,-0.14937222003936768,-0.0522846095263958,0.08854398131370544,0.11846617522478543,-0.016891264277328188,-0.25735874013044746,
-0.11427297592163087,0.0014334680512547494,-0.2731091260910034,-0.18519173562526703,-0.06859646737575531,0.08621371537446976,0.11240575746442685,-0.019813960017374652,-0.2542851059643168,
-0.08916840553283692,0.00034291935153305534,-0.2497407674789429,-0.2199459820985794,-0.07898280024528503,0.09080766886472702,0.10481277592608505,-0.023641703392202316,-0.2508803324196456,
-0.0738078773021698,-0.0166773721575737,-0.18392196893692017,-0.2639547288417816,-0.05721145495772362,0.10665348172187805,0.08511334542306236,-0.03301462748333812,-0.24436541829669256,
-0.07506340146064759,-0.015767674148082732,-0.1345511555671692,-0.2716779112815857,-0.03916854038834572,0.13128772377967834,0.07288359610474877,-0.037897679267976804,-0.24072548546291775,
-0.08489612936973573,-0.016232669353485107,-0.06046549081802369,-0.2716113328933716,-0.03557327017188072,0.14440380036830902,0.05911820870178282,-0.04204021308611475,-0.23615180462515659,
-0.033836188912391665,-0.028453925251960756,0.06305330395698548,-0.2478424608707428,-0.03404197469353676,0.15612195432186127,0.028290648425142274,-0.04480946776821159,-0.22319768764937592,
-0.005617239698767662,-0.012752504646778108,0.14617371559143066,-0.19697608053684235,-0.013935109600424767,0.1581859141588211,0.013504494215107124,-0.047180890438850584,-0.21563971772374152,
0.007561109215021134,0.0042734134942293165,0.21932148933410645,-0.16009129583835602,-0.0009521993342787027,0.17056961357593536,-0.0003901033182044024,-0.04907678104754363,-0.20763005748449093,
0.022580096125602724,0.04875084161758423,0.32161824703216557,-0.07114171981811523,-0.01100563257932663,0.17303302884101868,-0.023028145882173452,-0.04989080436365475,-0.19107468155400623,
0.043846827745437626,0.07389551997184754,0.36861662864685063,-0.014150074683129787,-0.01852906309068203,0.1684390753507614,-0.03143683879241291,-0.049261297478301776,-0.18211971248314632,
0.05751777887344361,0.08840760588645935,0.3484959602355957,0.0028941561467945576,0.006770967971533537,0.18128882348537445,-0.03670185805723814,-0.0488313792224588,-0.1731936480220668,
0.09018381834030152,0.1268247365951538,0.30160772800445557,0.04344078525900841,0.04904865100979805,0.17589592933654785,-0.04108516086304383,-0.04803536115601045,-0.15554591831891762,
0.1279524326324463,0.1481071949005127,0.31676061153411866,0.09723664075136185,0.052510760724544525,0.1406756192445755,-0.04188242490089307,-0.045725542007484465,-0.1465213270687779,
0.21269264221191408,0.14213160276412964,0.3803926944732666,0.1835230588912964,0.049314968287944794,0.09227266907691956,-0.03881802995517741,-0.03861266089778588,-0.13047844571112424,
0.21964850425720217,0.12484718561172486,0.3810901165008545,0.22486864030361176,0.07561368495225906,0.07622712105512619,-0.03330053954044712,-0.03526254954751063,-0.12433814267243738,
0.19711780548095703,0.10274293422698975,0.33248271942138674,0.2492365688085556,0.1071055606007576,0.08162002265453339,-0.024709628562127797,-0.032277952778927796,-0.11970742970960563,
0.14939235448837282,0.05170689225196839,0.28865044116973876,0.30795925855636597,0.10737188160419464,0.0774921253323555,-0.00247932518922633,-0.02400615344865799,-0.11207174445307182,
0.15787729024887087,0.031383666396141055,0.28027431964874266,0.36495092511177063,0.07754447311162949,0.05305762216448784,0.01065643339208582,-0.018366147162480098,-0.1077892573085707,
0.17745838165283204,0.004306362196803093,0.2529346227645874,0.38778752088546753,0.065027616918087,0.02609311416745186,0.02589548334798923,-0.013077576907558968,-0.10346558162966425,
0.15187339782714845,-0.027489319443702698,0.10101864337921143,0.3923149108886719,0.05790366232395172,0.022830743342638016,0.06295187873886708,-0.005928338882694188,-0.09738854082460185,
0.11730319261550903,-0.046640872955322266,0.04348053634166718,0.3899846374988556,0.05770392343401909,0.014774679206311703,0.08276660503299077,-0.0030724876733572736,-0.09548868246059633,
0.10404410362243653,-0.0680597484111786,-0.07338237762451172,0.38552382588386536,0.04911522939801216,-0.003001921344548464,0.11971611099058377,-0.0039261833167268416,-0.09187228653508457,
0.09712756872177125,-0.08353118300437928,-0.20808677673339845,0.3479732573032379,0.02341572567820549,-0.032296694815158844,0.15879888122829877,0.0006065184708471707,-0.0899934409517976,
0.08388184905052186,-0.08775781393051148,-0.2789599657058716,0.2783986032009125,0.024281185120344162,-0.05406726524233818,0.17666540251197954,0.002546405309146203,-0.0906745689881567,
0.055699956417083744,-0.09640737771987916,-0.3082915306091309,0.2309277504682541,0.035133566707372665,-0.04727620258927345,0.19209318169426925,0.004809757921662772,-0.09215543948735633,
0.006484785676002503,-0.10392924547195435,-0.32261741161346436,0.1864529550075531,0.05650543421506882,-0.026636704802513123,0.2161436216434503,0.01057852410562678,-0.09394734143290673,
-0.006154372170567513,-0.0993782639503479,-0.33342599868774414,0.14577317237854004,0.0347340926527977,-0.007195628248155117,0.2256241413288504,0.013592872627070509,-0.09324459443255514,
-0.005972743779420853,-0.09362094998359681,-0.33910224437713626,0.10815601050853729,0.0033087912015616894,-0.00266825407743454,0.23357179900762698,0.015640312601641376,-0.09224919431519783,
-0.008383942395448684,-0.07689209580421448,-0.3732465267181397,0.06661070138216019,-0.007144116330891848,0.0014596451073884964,0.2438547477490852,0.01638113967283763,-0.09189710565618646,
-0.018729570508003234,-0.07615551352500916,-0.37368664741516117,0.0030943062156438828,-0.0020175310783088207,0.02549467608332634,0.2476938405303923,0.01591742968257852,-0.09199300945026205,
-0.006623953580856323,-0.0771862804889679,-0.36683073043823244,-0.039849165827035904,-0.0028164794202893972,0.03474916145205498,0.2483902622039836,0.01505652963025076,-0.09137692811643529,
0.019192130863666536,-0.061147266626358034,-0.350294041633606,-0.08126132190227509,-0.015666231513023376,0.032152578234672546,0.24524497967895065,0.012801155377226455,-0.08938833046658583,
0.03209185600280762,-0.03767059445381165,-0.33108828067779544,-0.13598927855491638,-0.030779670923948288,0.029755733907222748,0.2398189605653474,0.01061780790231477,-0.08863127208254495,
0.05017756223678589,-0.022882850468158723,-0.31380653381347656,-0.17626959085464478,-0.030446775257587433,0.01610703207552433,0.23355478400806634,0.008477558888443667,-0.08846686801837633,
0.034424597024917604,-0.031850090622901915,-0.28723735809326173,-0.22567123174667358,-0.032510727643966675,0.009582286700606346,0.21598090975709616,0.004878384500357629,-0.08906305918248773,
0.008918435871601104,-0.036783599853515626,-0.255464506149292,-0.2492402046918869,-0.06240471079945564,0.025228358805179596,0.2046732194917421,0.0033143804011008015,-0.0896602892044222,
0.035573440790176394,-0.038674721121788026,-0.2302630662918091,-0.28386130928993225,-0.04902232438325882,0.026626519858837128,0.19227359215693143,0.0004422489523438961,-0.09046515854960578,
0.08454438447952271,-0.04158764183521271,-0.2308948040008545,-0.31921476125717163,-0.026318876072764397,0.011845974251627922,0.17883591917112768,-0.00296952293761197,-0.0909508217133291,
0.048138689994812016,-0.06432750821113586,-0.15928410291671755,-0.3487092852592468,-0.05348312109708786,0.0039896490052342415,0.1468781570986349,-0.006631226587049331,-0.09144290352770265,
0.0425491601228714,-0.06143339276313782,-0.08575085401535035,-0.33332952857017517,-0.09749186038970947,0.019968615844845772,0.12921215655781648,-0.009178337071635746,-0.09239756478557261,
0.11924705505371094,-0.06019697785377503,-0.030726179480552673,-0.34531375765800476,-0.06526760756969452,0.0016593821346759796,0.09458123243393496,-0.01933461389711798,-0.09393115665603971,
0.1202625036239624,-0.059182006120681765,0.014347666501998903,-0.3418516218662262,-0.07245814055204391,-0.005131678190082312,0.07330871851633551,-0.030706751231560706,-0.09459641656097502,
0.14581996202468872,-0.0317720502614975,0.10022596120834351,-0.29537925124168396,-0.10168637335300446,-0.028766848146915436,0.05560999504692534,-0.03394527830615502,-0.09536096400460277,
0.17021280527114868,-0.0007144841831177474,0.1608719825744629,-0.26655054092407227,-0.10508190095424652,-0.043081335723400116,0.039299250818737766,-0.038119674312371815,-0.09668038747326761,
0.19829955101013186,0.04159058928489685,0.1762446999549866,-0.2608247399330139,-0.06513448804616928,-0.05772872269153595,0.011976440842809962,-0.04830584833502339,-0.10159218397003109,
0.20168743133544922,0.059636187553405766,0.21608455181121827,-0.22680288553237915,-0.051552362740039825,-0.08282902091741562,-0.0008127899303890177,-0.05168496177637744,-0.10459707347297773,
0.18844853639602663,0.09862326979637147,0.27009637355804444,-0.1723412275314331,-0.08610688149929047,-0.1158522218465805,-0.022572762211470924,-0.05757684688183827,-0.11269599881792106,
0.1926462769508362,0.11808736324310304,0.2864999294281006,-0.1217411607503891,-0.07265792042016983,-0.15034015476703644,-0.03063558099121094,-0.06235385765438829,-0.11810564919852201,
0.16524527072906495,0.13224259614944459,0.29345259666442874,-0.09877140074968338,-0.042098138481378555,-0.16239094734191895,-0.03641297644971391,-0.06731492549890328,-0.12486811146150277,
0.08536865115165711,0.13952723741531373,0.32059805393219,-0.05609424039721489,-0.03810339793562889,-0.1711793839931488,-0.04324391497081896,-0.07431514094103041,-0.14104602087740073,
0.07866087555885315,0.12778255939483643,0.3534345865249634,0.01141689158976078,-0.07272449880838394,-0.18649256229400635,-0.0445808265815153,-0.07738649284422482,-0.15007110934040988,
0.05113659501075745,0.11517672538757324,0.33813459873199464,0.07872828841209412,-0.08896978199481964,-0.20074047148227692,-0.03963120354929788,-0.08683399674618983,-0.16895852138001952,
0.0378669798374176,0.10552195310592652,0.27501246929168705,0.09710410237312317,-0.05821026489138603,-0.19927573204040527,-0.033103451887363064,-0.09255744064697209,-0.17893155449174036,
0.014083224534988404,0.08675857186317444,0.2614701986312866,0.1333230882883072,-0.030779704451560974,-0.18822361528873444,-0.02553871034074965,-0.09692580565395827,-0.18925107826769647,
-0.01588089615106583,0.04916282892227173,0.15594607591629028,0.1507667899131775,-0.01673153042793274,-0.18536071479320526,-0.006446276915906408,-0.1016131531280462,-0.20949996063246915,
-0.04403282701969147,0.032315570116043094,0.12018736600875855,0.17300419509410858,-0.03111260011792183,-0.1855604499578476,0.004314748799446352,-0.10247249197168669,-0.21946704919741097,
-0.06985456943511963,0.02138401418924332,0.08453945517539979,0.17946235835552216,-0.04442840442061424,-0.18229807913303375,0.015847781359183237,-0.10348665385146424,-0.229518467306499,
-0.12663061618804933,-0.002785824052989483,-0.02088461667299271,0.17280444502830505,-0.04369603469967842,-0.1633896380662918,0.041054318600620386,-0.09897737852592829,-0.24951380854867516,
-0.15318057537078858,-0.016022562980651855,-0.05307181477546692,0.16095338761806488,-0.03983445093035698,-0.1338951289653778,0.05263087545556504,-0.09993647544089714,-0.2585822998351675,
-0.15315483808517458,-0.021802134811878204,-0.09471326470375062,0.13711808621883392,-0.020992588251829147,-0.11239010840654373,0.06354393788376746,-0.10075929900252706,-0.26645912023181434,
-0.17483524084091187,-0.04423908293247223,-0.13979188203811646,0.10602535307407379,-0.01187120471149683,-0.07570570707321167,0.08187105789631763,-0.10051728443474536,-0.27910433374675564,
-0.19525032043457033,-0.04650641977787018,-0.16539344787597657,0.08665085583925247,-0.021392006427049637,-0.04874119907617569,0.08914134938155865,-0.09986805986087334,-0.2836724735221975,
-0.21127514839172365,-0.03602072894573212,-0.20042197704315187,0.06081818416714668,-0.02219095453619957,-0.02131063863635063,0.10011457835361137,-0.10020007440496324,-0.2896768897085083,
-0.21681761741638184,-0.040320238471031195,-0.23799009323120118,0.01933945156633854,-0.01593252457678318,0.005187814123928547,0.10393698438133292,-0.10091416044782434,-0.29129270379809247,
-0.23234903812408447,-0.043909367918968205,-0.24922187328338624,-0.012951376847922802,-0.02212437428534031,0.04180628061294556,0.10585669044212068,-0.10157132638085072,-0.2918159051853727,
-0.22971405982971194,-0.02187778800725937,-0.24103569984436035,-0.05469642952084541,-0.019927266985177994,0.08514922857284546,0.1041019115400935,-0.10474905708765303,-0.28892268970934226,
-0.20954442024230957,-0.011660221219062806,-0.23882308006286623,-0.08791936188936234,-0.021125689148902893,0.1058553084731102,0.10057897466439365,-0.10700504532422742,-0.28534970013478206,
-0.19256241321563722,0.0011532353237271309,-0.2124558210372925,-0.11341913044452667,-0.025187009945511818,0.1251632273197174,0.09516559482823657,-0.10944716872542976,-0.28068017801917905,
-0.13878132104873658,0.01286614239215851,-0.16775712966918946,-0.1532333940267563,-0.006744619458913803,0.1426069140434265,0.07994424385816634,-0.11506792005333843,-0.2687384797860331,
-0.12195814847946168,0.008123845607042313,-0.12662620544433595,-0.1785999983549118,0.009300926700234413,0.1583195924758911,0.06980196600812962,-0.11720925321108984,-0.26140481945770516,
-0.10876334905624391,0.0001351149403490126,-0.06773291230201721,-0.1995723992586136,0.05117913708090782,0.18914568424224854,0.05814331297451453,-0.11862810618192929,-0.25330039117729547,
-0.020889484882354738,0.009694156795740129,0.008599834144115448,-0.238787442445755,0.12175290286540985,0.19713515043258667,0.030646946007561928,-0.11662441276826202,-0.23290171518341385,
-0.013360454142093659,0.004117634147405624,0.0998752534389496,-0.2135539948940277,0.09345681965351105,0.1847514510154724,0.014772332014102631,-0.11151486270814298,-0.22171463787437096,
-0.013959091901779175,-0.0028938041999936105,0.17052733898162842,-0.16395261883735657,0.030872531235218048,0.17216801643371582,-0.00031624890625452177,-0.1060488873762822,-0.21126053036222775,
0.043011960387229924,0.02568666636943817,0.25136349201202396,-0.10403148829936981,0.033136218786239624,0.15652194619178772,-0.023864145237307923,-0.1006042184665693,-0.19262607802569898,
0.03180549144744873,0.03732190430164337,0.27083563804626465,-0.06501617282629013,0.03333595395088196,0.16171512007713318,-0.03236257063869549,-0.09830274740993133,-0.18432051908136154,
0.029626262187957764,0.05453985333442688,0.28414626121520997,-0.029795872047543526,0.03972754254937172,0.16730773448944092,-0.03903177239621166,-0.09564788971267536,-0.17610356713983355,
0.06226072311401368,0.10218001604080201,0.32813966274261475,0.019073134288191795,0.04558649659156799,0.16224774718284607,-0.04762001024556328,-0.08942272106846139,-0.15920865596574507,
0.07132738828659058,0.11067200899124147,0.36013610363006593,0.0730021521449089,0.041924651712179184,0.16570985317230225,-0.049244953372892704,-0.08576591053115866,-0.15103869224973024,
0.10483016967773438,0.11481527090072632,0.36081523895263673,0.114881731569767,0.061898134648799896,0.167043998837471,-0.04866656641272296,-0.08235317990488435,-0.14289676122247022,
0.25052785873413086,0.13262256383895873,0.3399632692337036,0.16155363619327545,0.14478902518749237,0.12443342804908752,-0.04173909138074622,-0.0737273445754406,-0.12696088152570678,
0.2912979364395142,0.1227079749107361,0.34934635162353517,0.21807923913002014,0.16016876697540283,0.06923940777778625,-0.03553628345210376,-0.06637939418169556,-0.12085045272629348,
0.27665624618530277,0.09399415254592897,0.3145232915878296,0.2700774371623993,0.15837113559246063,0.04014437645673752,-0.026572301736076675,-0.05790874945918302,-0.11682228581110556,
0.19894795417785646,0.03094761669635773,0.19117113351821902,0.30549749732017517,0.19079512357711792,0.041209641844034195,-0.0009597665763720722,-0.041481348641613916,-0.11274866917010798,
0.172744357585907,0.009709887206554413,0.13057242631912233,0.304432213306427,0.2062414586544037,0.048799652606248856,0.014163367809416297,-0.032448434899091196,-0.11073325056741637,
0.18725707530975344,-0.013229110836982728,0.08134605884552003,0.33592408895492554,0.15657350420951843,0.015243819914758205,0.044840984068356224,-0.012479188225835875,-0.10423737636531567,
0.16069830656051637,-0.021577395498752594,0.05891050696372986,0.38126441836357117,0.08213815838098526,-0.010655421763658524,0.06168306035927211,-0.0045129649133891095,-0.10193221018853689,
0.10694001913070679,-0.03895753920078278,-0.02450709193944931,0.3713441491127014,0.05284338817000389,-0.015249374322593212,0.07890829459786775,-0.005023717275219948,-0.10117524056307967,
0.06778357625007629,-0.04654649496078492,-0.15843855142593385,0.31781458854675293,0.09851659834384918,-0.015515690669417381,0.11686686355651096,0.0010481419522874397,-0.10080268593533899,
0.04885098040103913,-0.05482723712921143,-0.17862221002578738,0.2901843190193176,0.0805402621626854,-0.013252003118395805,0.13348280025948164,0.005600843052105213,-0.09973015071626654,
0.03173446953296662,-0.05557534098625183,-0.18471152782440187,0.29211509227752686,0.02088545262813568,-0.019377274438738823,0.14871307574760956,0.010546851841968715,-0.09811814360115613,
0.016084274649620058,-0.050288885831832886,-0.23362526893615723,0.2718750834465027,-0.006944581400603056,-0.033358871936798096,0.17840876629490798,0.014747749447335682,-0.09796885232660478,
-0.009070786833763124,-0.0474390983581543,-0.2921287775039673,0.21341870725154877,0.013828075490891933,-0.014650163240730762,0.19267711317557076,0.01531423294104818,-0.09959894279549523,
-0.02879200279712677,-0.04161615073680878,-0.32113678455352784,0.16521547734737396,0.009567017666995525,0.007853548042476177,0.20509607887580314,0.016299705681372522,-0.10050386929938514,
-0.01458635926246643,-0.02737058997154236,-0.3074114561080933,0.12646648287773132,-0.008475898765027523,0.017041455954313278,0.22319637603683012,0.01701916868748661,-0.09969390592678286,
-0.004783445224165917,-0.027910539507865907,-0.3211397171020508,0.08432196080684662,-0.024654602631926537,0.019771195948123932,0.23008994461276622,0.01628737862391749,-0.0991724413418636,
0.004429042339324951,-0.03298161625862122,-0.3731911420822144,-0.006292097270488739,-0.020060651004314423,0.016309086233377457,0.23934727882797774,0.013381988266856734,-0.09909481898557274,
0.009001574665308,-0.03928281366825104,-0.3789280652999878,-0.05709423869848251,-0.025519749149680138,0.013774707913398743,0.24048694550130884,0.011965673557513434,-0.09910496541171175,
-0.004723625257611275,-0.034641084074974064,-0.32298965454101564,-0.10123613476753235,-0.03670502454042435,0.023428665474057198,0.23577119314656275,0.009177932138534921,-0.09966688303749673,
0.009112513810396195,-0.02316751778125763,-0.32817857265472417,-0.14757512509822845,-0.030912650749087334,0.024627087637782097,0.23118039489305164,0.007136972595240282,-0.10000975786536744,
0.01965479701757431,-0.01307564675807953,-0.31942362785339357,-0.18419359624385834,-0.03836950287222862,0.021963927894830704,0.22489075674257059,0.004989145849192023,-0.10014167827888357,
0.02697630226612091,-0.008870393782854081,-0.2810068607330322,-0.2302662879228592,-0.0556800477206707,0.016970500349998474,0.2069911526838931,0.0007617240122459032,-0.100712270553792,
0.015102167427539826,-0.014840997755527496,-0.2579086780548096,-0.2632894814014435,-0.07412243634462357,0.02915446273982525,0.19582831945142218,-0.0018144498913272552,-0.10154406875999855,
0.03392403423786163,-0.013451628386974335,-0.23820221424102783,-0.2936495244503021,-0.06673216819763184,0.02748998813331127,0.18335557037563777,-0.005251266024789155,-0.10244808273030626,
0.06508198976516724,-0.02294503003358841,-0.16091687679290773,-0.3062995374202728,-0.06786400824785233,0.015239445492625237,0.15429119441717215,-0.012632984233926038,-0.10365684449661478,
0.038863292336463934,-0.025789165496826173,-0.11577924489974976,-0.3120253384113312,-0.09775799512863159,0.028155779466032982,0.13871263406902962,-0.0157883253151421,-0.1042788689453769,
0.05726399421691895,-0.02470204383134842,-0.09503223299980164,-0.3450485169887543,-0.06726480275392532,0.02855525352060795,0.12315772893507497,-0.020230175362437243,-0.10503432871434958,
0.0637271523475647,-0.06106597185134888,0.009892135858535767,-0.347645103931427,-0.020193425938487053,0.03867526352405548,0.08669913516120682,-0.03109175784083959,-0.1045991459198028,
0.039148744940757756,-0.056812536716461186,0.09761607646942139,-0.28546029329299927,-0.05175188556313515,0.0683029294013977,0.06848236509080001,-0.032845675194187206,-0.10314532741252896,
0.050188595056533815,-0.031234413385391235,0.155209481716156,-0.2610257863998413,-0.06320347636938095,0.039474211633205414,0.05193203850336048,-0.03501303878988244,-0.10064720484096333,
0.16869614124298096,-0.002202700264751911,0.1696413278579712,-0.22560575604438782,-0.06919559091329575,-0.02903560735285282,0.024274140157965828,-0.04169953222309759,-0.09669820701689578,
0.13334916830062868,0.02014327198266983,0.23245921134948733,-0.1724756807088852,-0.09103351086378098,-0.028835870325565338,0.01205696960218605,-0.04477286782354384,-0.09785524289049263,
0.12022241353988648,0.052457213401794434,0.2170412540435791,-0.13619011640548706,-0.1020190492272377,-0.033163510262966156,0.002182743293034408,-0.04883571667658244,-0.09957164086100016,
0.18332847356796267,0.11739240884780884,0.15162534713745118,-0.12393958121538162,-0.1122722253203392,-0.08123356848955154,-0.012171848204542299,-0.05911947511833661,-0.10282185887967402,
0.19592167139053346,0.1221272110939026,0.12252557277679443,-0.12367326766252518,-0.0845753476023674,-0.1176522970199585,-0.017724225690228624,-0.06501897854081658,-0.10615618058207076,
0.1566664814949036,0.12052010297775269,0.16200821399688722,-0.10123613476753235,-0.07518770545721054,-0.11725281924009323,-0.023178460520534686,-0.07031647366848595,-0.11134784059795548,
0.14974688291549684,0.1223834753036499,0.15329378843307495,-0.0860566645860672,-0.07665235549211502,-0.13815966248512268,-0.031460741690723784,-0.07927300648598139,-0.12296347683938302,
0.14872462749481202,0.12673283815383912,0.15412273406982424,-0.07833349704742432,-0.07844998687505722,-0.1798381507396698,-0.03428902516568067,-0.08384955045899321,-0.12956996588555683,
0.13173718452453614,0.11886504888534546,0.1839750647544861,-0.05902557820081711,-0.07245787233114243,-0.20094367861747742,-0.03647016694371328,-0.08882383329233023,-0.13755425750362507,
0.06988605260849,0.08930312991142274,0.2636598825454712,-0.01601552776992321,-0.04349599778652191,-0.21013158559799194,-0.03720047555082073,-0.09861905463516969,-0.157424296937888,
0.06124160289764405,0.08123895525932312,0.28898296356201175,0.04217454418540001,-0.02891518734395504,-0.2189200222492218,-0.03510853732582799,-0.10231686499267498,-0.16817880516639278,
0.03023118078708649,0.07251120805740356,0.3247217655181885,0.09863355755805969,-0.03770362213253975,-0.2315034568309784,-0.031042065538738253,-0.10514748437486147,-0.1795406076672475,
-0.02927103936672211,0.05899772644042969,0.26236374378204347,0.15569178760051727,-0.05161863937973976,-0.22651004791259766,-0.014590344948909767,-0.1103910583662242,-0.20371589986906666,
-0.05916485786437989,0.05628368258476257,0.1815632700920105,0.1606852263212204,-0.03337598592042923,-0.20706894993782043,-0.002837061206364325,-0.11332240526650568,-0.21610041462580354,
-0.08485071063041688,0.04792709052562714,0.11476300954818726,0.16288232803344727,-0.018062805756926537,-0.1905573606491089,0.009557997812849373,-0.11543644130674852,-0.22798212566173817,
-0.1168855905532837,0.020764067769050598,0.02900269329547882,0.16507942974567413,-0.01946096681058407,-0.17411234974861145,0.03453983338576629,-0.1111932873889044,-0.24972219724577815,
-0.14602441787719728,0.0025880064815282824,-0.02125581502914429,0.15961995720863342,-0.0343746691942215,-0.15041020512580872,0.046652809042961804,-0.10780327603700281,-0.2596297314389318,
-0.16960220336914064,-0.008195503801107408,-0.06198191046714783,0.14637072384357452,-0.034241512417793274,-0.131634920835495,0.05792393367622674,-0.10779654895085766,-0.26858841970533404,
-0.19508676528930666,-0.02282775193452835,-0.1451070785522461,0.11687621474266052,-0.020592810586094856,-0.09634803235530853,0.07826738331294784,-0.10825627695378723,-0.2837521980575441,
-0.20784435272216797,-0.022927264869213107,-0.1681506395339966,0.09117670357227325,-0.008209111168980598,-0.06825168430805206,0.08663398455471064,-0.10807284063240749,-0.2896981900573953,
-0.2145622253417969,-0.024425749480724335,-0.19098377227783203,0.070404052734375,-0.013801749795675278,-0.042818497866392136,0.09356973293161941,-0.10760971574500518,-0.2942717192150479,
-0.24431953430175782,-0.04047014713287354,-0.2043623924255371,0.05242771655321121,-0.053016796708106995,0.0023886635899543762,0.10323257883350581,-0.10729811815426099,-0.29980456691314367,
-0.24422705173492432,-0.040728244185447696,-0.21545238494873048,0.02226741425693035,-0.05721127614378929,0.04127081483602524,0.10658147085285,-0.10915366554927562,-0.3010578811950928,
-0.24163281917572021,-0.0438165694475174,-0.230010724067688,-0.02160816639661789,-0.0464254729449749,0.07882139086723328,0.108758876116441,-0.11218934803997288,-0.30119924307853,
-0.2122797966003418,-0.032404360175132756,-0.21406319141387942,-0.061953406780958176,-0.024388084188103676,0.11344556510448456,0.10610517225588571,-0.11925488714993039,-0.296018485980572,
