-0.02772604525089264,-0.014428797364234925,0.006948435306549073,-0.00375556293874979,0.01282491721212864,-0.03707031160593033,0.38058284743030846,0.01419557751590269,0.14049448540907894,
-0.03161096870899201,0.000459381565451622,-0.05658705830574036,-0.0566193126142025,0.006233592983335257,-0.0140339694917202,0.3791815789087581,0.018574215656080518,0.13994469799070663,
-0.026895424723625185,0.008574149012565613,-0.09498753547668458,-0.07013485580682755,-0.0007572048925794661,-0.009972648695111275,0.38169647907232096,0.021164220119586755,0.14014678355600355,
0.005056551471352578,0.002961114421486855,0.02093871831893921,-0.03404902294278145,0.013890181668102741,-0.020758450031280518,0.3811845573047621,0.023570989937345667,0.14019331788594397,
0.01132820099592209,-0.007634448260068894,0.012824681401252747,-0.03511412441730499,0.016486676409840584,-0.028348073363304138,0.3787599215352893,0.024435126316967582,0.14024517276043252,
0.009993188828229905,-0.03073004484176636,-0.026947104930877687,-0.064608633518219,0.005834032781422138,-0.02981281280517578,0.3772153874221014,0.025891270099332956,0.14054030926623004,
-0.015641412138938906,-0.061472427845001225,-0.05470648407936096,-0.07060074061155319,-0.003287294413894415,-0.023620963096618652,0.37228701574340056,0.02906154881413929,0.1403878148633939,
-0.026779940724372866,-0.0743155062198639,-0.017833749949932098,-0.0730641707777977,-0.011809409596025944,-0.018094904720783234,0.3684481912224662,0.030411068492513807,0.1398735775413098,
-0.012992127239704132,-0.09672773480415345,-0.04590307474136353,-0.08138654381036758,-0.021529948338866234,-0.019293326884508133,0.3648395177633531,0.03133264208526545,0.13916408407294678,
0.03880457580089569,-0.1695544481277466,-0.11470386981964112,-0.11440974473953247,-0.021130474284291267,-0.039999403059482574,0.35687618143595307,0.03236478136974669,0.1368942673170461,
0.08275842666625977,-0.22312073707580568,-0.1816985845565796,-0.1921740472316742,0.007232192438095808,-0.07788287103176117,0.3519298273252352,0.03304146883946868,0.1350499492411985,
0.10975893735885621,-0.2841012716293335,-0.294720196723938,-0.3341205418109894,0.03379722684621811,-0.11403527855873108,0.3452758406073002,0.03482160684212196,0.1331027167919792,
0.1469225287437439,-0.3365050315856934,-0.47641730308532715,-0.6626880764961243,0.07474333047866821,-0.25484994053840637,0.31884127927623257,0.044209244659484344,0.13000060136498293,
0.1386934280395508,-0.14902355670928955,-0.10097330808639526,-0.5484384894371033,-0.025990743190050125,-0.23560859262943268,0.291468435539124,0.05343808713907327,0.12782951795825293,
-0.3743882417678833,0.42825250625610356,1.1955132484436035,0.10137289017438889,-0.06121104955673218,-0.004113307688385248,0.22579965747135075,0.07341275554262609,0.11157366463331148,
-0.6300553798675538,0.6392261981964111,1.286973762512207,0.35091108083724976,-0.04443313181400299,0.07584811002016068,0.21191746228434294,0.07336511086008753,0.10316855023720374,
-0.21270639896392823,0.31771991252899173,0.4208085536956787,0.35883399844169617,-0.04150365665555,0.11446394771337509,0.23511578716351467,0.06717259976133914,0.10273133270337904,
-0.061957210302352905,0.13608671426773072,0.057379305362701416,0.22461067140102386,-0.03704285994172096,0.10687393695116043,0.25561878231103036,0.061784108437951894,0.10517631750530738,
0.023068185150623324,-0.034895724058151244,-0.17118479013442994,0.13905662298202515,-0.04762892797589302,0.12358526885509491,0.29081039676382636,0.05031224777596448,0.1102196948256061,
0.021376845240592957,-0.11446585655212403,-0.10825593471527101,0.13439609110355377,-0.03378048911690712,0.10560893267393112,0.29911766231737247,0.044390308562412745,0.1121474053413832,
0.04907031059265137,-0.17744784355163576,-0.1308161973953247,0.08179865032434464,-0.00907966960221529,0.058803874999284744,0.30647559969233257,0.03795965291654249,0.11389228862370465,
0.07460583448410034,-0.22296087741851808,-0.23034341335296632,-0.0004277955158613622,-0.0006899917498230934,0.006336383521556854,0.31820887643589635,0.0294546428382092,0.11676763907271774,
0.036696898937225345,-0.19851303100585938,-0.16508125066757204,-0.006819382309913635,-0.011742111295461655,0.01392639335244894,0.3200875084139714,0.02863107229009863,0.11762117175862659,
-0.023387786746025086,-0.11907008886337281,-0.08622593879699708,-0.02659335546195507,-0.023526599630713463,0.014259287156164646,0.3198398019374516,0.027520199176682338,0.11768919288024525,
-0.011273489892482759,-0.0863770604133606,-0.07938085198402406,-0.039975740015506744,-0.005883155856281519,-0.017898384481668472,0.3191247150752238,0.026055374821923362,0.11734905861160022,
-0.0023792518302798273,-0.04199570715427399,-0.032050058245658875,-0.02972256951034069,0.0038373819552361965,-0.032945241779088974,0.31566559780053943,0.025237856797742837,0.11599833010999064,
-0.036474120616912846,-0.020180214941501618,0.009005878120660782,-0.031719937920570374,0.005435279104858637,-0.021027598530054092,0.31362882441203693,0.026669598733595326,0.11523633718124218,
-0.06149820685386658,0.005160665512084961,0.0005029140505939722,-0.024196509271860123,0.0003752727061510086,-0.00584757886826992,0.3117644352036518,0.02908937082947819,0.11448484762073032,
-0.05005452036857605,0.02411281317472458,0.04122425615787506,-0.004622274078428745,0.008830809034407139,-0.005980737041682005,0.3088029819174499,0.030667910626258503,0.11393789329867919,
-0.014675778150558472,0.01391972303390503,0.01886155903339386,-0.008617015555500984,0.011627128347754478,-0.00837758183479309,0.3080892076360766,0.03077405481585814,0.11397979694346998,
-0.002200606465339661,-0.0026969783008098606,-0.025291797518730164,-0.02466256357729435,0.0035044869873672724,-0.0013202051632106304,0.30748424466191643,0.031926583091374354,0.11443000017872776,
0.0028480105102062225,-0.008027539402246476,-0.029998409748077395,-0.023131245747208595,0.0003752727061510086,-0.009309688583016396,0.3066867935430097,0.032354160290800404,0.11464751016242214,
0.01805536597967148,-0.025151610374450684,-0.0196041539311409,-0.019935451447963715,0.0029718547593802214,-0.021160755306482315,0.3054535288899554,0.03254820550326594,0.11471851284255029,
0.006695070862770081,-0.04851079285144806,-0.03446277976036072,-0.027991514652967453,0.014157131314277649,-0.035475246608257294,0.30315634788359497,0.033731670558772825,0.11407519651406083,
-0.008419877290725708,-0.06144148707389832,-0.054885721206665045,-0.04803180322051048,0.009762914851307869,-0.03021550178527832,0.3020894810256354,0.03526522100653681,0.11365366228663076,
-0.011906384676694871,-0.0688494086265564,-0.0647059440612793,-0.04896390810608864,0.012492655776441097,-0.03454314172267914,0.2981767549281096,0.038708489313820225,0.11271646889255386,
0.005094423517584801,-0.09268563985824585,-0.07635580897331239,-0.05861786752939224,0.014623184688389301,-0.046194467693567276,0.29551058328035706,0.04022110888954242,0.11215649848943328,
0.04479949474334717,-0.1531219482421875,-0.18297966718673708,-0.1137453019618988,0.01602134481072426,-0.05225316062569618,0.289973331166281,0.04443230337541119,0.11076039144088673,
0.05561131834983826,-0.15912210941314697,-0.24589195251464846,-0.226796492934227,0.07674141973257065,-0.09825927019119263,0.2853626434614801,0.046978642439089946,0.10970313226253955,
0.08189055323600769,-0.12810978889465333,-0.28480212688446044,-0.3025640845298767,0.1079673320055008,-0.14726299047470093,0.27811143432777446,0.04990152736397612,0.10887303716733601,
-0.10503728389739991,0.3187844276428223,0.40922122001647954,-0.03005610778927803,-0.01686834916472435,-0.0375407412648201,0.251606076556883,0.0647362810944476,0.10733235221847745,
-0.35495455265045167,0.5372516632080079,0.9724610328674317,0.31282588839530945,0.0016406200593337417,0.11246181279420853,0.2389081594061496,0.07301315043236187,0.10519696565175976,
-0.44825067520141604,0.567650318145752,1.0406832695007324,0.6098349094390869,-0.025856519117951393,0.22091904282569885,0.2494745705866048,0.0711126821820061,0.1063996893431912,
-0.20233938694000245,0.2884143352508545,0.5974596023559571,0.5728835463523865,-0.004085176158696413,0.22431457042694092,0.2764534824903499,0.06450918208266782,0.11260667125186367,
0.034875044226646425,-0.07311140894889832,0.003114367462694645,0.378872275352478,-0.007347548380494118,0.17924056947231293,0.3387705637172228,0.04486201044901481,0.12480584265679977,
0.08660218715667725,-0.28158116340637207,-0.1692745923995972,0.27321135997772217,0.01069536805152893,0.13370051980018616,0.3854192688415971,0.026518059223495923,0.13330161297993218,
0.08398073315620423,-0.33955481052398684,-0.14414182901382447,0.22254471480846405,-0.011408869177103043,0.10726864635944366,0.40180070415063535,0.01900808865698418,0.13616438420275623,
0.08520206809043884,-0.350172233581543,-0.1275430679321289,0.1758728176355362,-0.02758757397532463,0.08649599552154541,0.4154814741340475,0.012765699245310826,0.13844494068063493,
0.047688758373260504,-0.3221864938735962,-0.1714219093322754,0.07327453792095184,-0.03357968479394913,0.06332649290561676,0.4364711392368122,0.002506191532867271,0.1390839330551684,
0.01616632789373398,-0.27775323390960693,-0.19151674509048464,0.013619733974337578,-0.04057048261165619,0.04921173304319382,0.4433182900579714,-0.001416585297469222,0.13839072974718017,
0.004231864586472511,-0.19934561252593996,-0.1307737946510315,-0.01474293228238821,-0.024791253730654716,0.00906457845121622,0.4486027730629474,-0.007872087764335416,0.13589322436549126,
-0.008938898891210556,-0.17274432182312013,-0.09276960492134095,-0.015741616487503052,-0.014138609170913696,-0.01317281648516655,0.44843518412989597,-0.009867937136897046,0.13416194574418416,
-0.012623752653598786,-0.10799669027328491,-0.021368058025836946,-0.013411351479589939,-0.012873607687652111,-0.036741793155670166,0.44695416376588754,-0.010285044301541812,0.13197085302772782,
-0.012940099835395813,-0.08518087267875672,-0.018607884645462036,-0.023265046998858452,-0.012673870660364628,-0.04066995531320572,0.44652616497949293,-0.009199908172064095,0.13110819382830924,
-0.05100078582763672,-0.038235518336296084,-0.021663357317447663,-0.025195838883519173,-0.0072143906727433205,-0.01636860892176628,0.44466830869679,-0.005533026019541185,0.12894644062251936,
-0.05471511483192444,-0.012988808751106263,-0.03203154802322388,-0.04563559964299202,-0.013539398089051247,-0.008845179341733456,0.4442506388044588,-0.002604767934561205,0.12831869519606254,
-0.01930845230817795,-0.023448312282562257,-0.044857347011566163,-0.061281029134988785,-0.005683418828994036,-0.016699960455298424,0.44302640383293,-0.0017370375975758218,0.12776790102549884,
-0.0029502745717763902,-0.0035495754331350327,-0.015430383384227753,-0.04916364699602127,-0.006948420312255621,-0.006380211561918259,0.4379952613473872,-0.0007151811447547528,0.1264697550985257,
-0.01969166547060013,0.015237800776958466,0.019113050401210786,-0.036180734634399414,-0.00961158238351345,-0.003384155221283436,0.43488908979021446,6.659781581105844e-05,0.12599037972302363,
0.014641620218753815,0.0017291884869337082,0.00784878358244896,-0.03844442218542099,-0.004618154373019934,-0.017432330176234245,0.43037699254644,0.0004133619596235302,0.12497952494403196,
0.017215609550476074,0.003523522987961769,0.0015000340528786183,-0.041906531900167465,-0.0114092156291008,-0.01709943450987339,0.4284582408266515,0.0008333436043372258,0.12448918346244674,
0.007535603642463685,-0.00249625388532877,0.003981826826930046,-0.045035745948553085,-0.013806060887873173,-0.01709943450987339,0.42649263187799097,0.001628549759753929,0.12402513500524756,
-0.0003312883665785194,-0.00192085150629282,0.02419101446866989,-0.023064665496349335,-0.008479738608002663,-0.028084974735975266,0.4221700269567151,0.003039051108820204,0.12244863622852258,
0.012473232299089433,-0.017920912802219392,0.02988360822200775,-0.015208340249955654,-0.004484996199607849,-0.03467629849910736,0.4202142447259289,0.00388104536163003,0.1215682392309208,
0.00651564821600914,-0.03742106258869171,0.011890701949596405,-0.02719256654381752,-0.003619469003751874,-0.03887077793478966,0.41909004462509014,0.005134570411822899,0.12079609009124721,
0.03486452400684357,-0.11041923761367799,-0.06379108428955078,-0.0632118210196495,-0.024325547739863396,-0.046860259026288986,0.4171103160011626,0.008386684622904362,0.11933593610140629,
0.05311612486839295,-0.15944818258285523,-0.08717532753944397,-0.13518373668193817,-0.018799487501382828,-0.07715371996164322,0.41506971668274933,0.01024133714333327,0.11839614237331043,
0.042138886451721196,-0.15025069713592532,-0.11983238458633423,-0.15375928580760956,0.002572380704805255,-0.08461056649684906,0.4114079687974081,0.012381454177760414,0.11647685188623692,
-0.03389697074890137,-0.12333805561065675,-0.016690857708454132,-0.1317882090806961,0.017219766974449158,-0.09273321181535721,0.39705145712648426,0.019746501727992336,0.1129711705857359,
-0.041427436470985415,-0.138486647605896,-0.020067207515239716,-0.14883244037628174,0.018950821831822395,-0.09985716640949249,0.3896190081995789,0.02425016251439359,0.11186242409528997,
0.002205893583595753,-0.22982623577117922,-0.1719913721084595,-0.2564241588115692,0.0343305766582489,-0.09766005724668503,0.37543545058136385,0.03402406611808445,0.11000259217602475,
0.027901649475097656,-0.2622926950454712,-0.2659651517868042,-0.36980822682380676,0.02600819803774357,-0.11184138804674149,0.36641163354875805,0.0391346452154262,0.10890223811944727,
0.1573832154273987,-0.32527468204498294,-0.2574798345565796,-0.5384529232978821,0.05690086632966995,-0.20718255639076233,0.3361536684234144,0.049817685840206634,0.10692458874899155,
0.1783037304878235,-0.26226673126220706,-0.17562215328216554,-0.6280682682991028,0.07754036784172058,-0.28135159611701965,0.31336831999653114,0.05657350277440264,0.10428787744785674,
0.10659760236740112,-0.09913431406021118,0.014550216495990753,-0.5901184678077698,-0.006149356719106436,-0.2642413079738617,0.2853132630410841,0.0667393167397523,0.10035046196301572,
-0.29112346172332765,0.4149047374725342,0.9783329963684082,-0.01021512784063816,-0.07639022916555405,-0.01656731590628624,0.2188059559880295,0.08981609658422725,0.08423207734173511,
-0.60718092918396,0.5986264228820801,1.3260136604309083,0.3080326318740845,-0.05335388705134392,0.11932047456502914,0.19435082511031476,0.09253141639694656,0.07404200027307944,
-0.3311292886734009,0.38400182723999027,0.6638275623321533,0.3785398304462433,-0.11027895659208298,0.21253111958503723,0.20286743999638965,0.08537197060204628,0.07199475681492058,
-0.135092830657959,0.18891737461090088,0.23289844989776612,0.27913734316825867,-0.10348789393901825,0.19175845384597778,0.22285278147760162,0.07643743184584438,0.07607581432960941,
0.01544126719236374,0.038165885210037234,-0.03307177722454071,0.1872582733631134,-0.07725576311349869,0.15487366914749146,0.24330081328471304,0.06507686829895289,0.0804862763404184,
0.10387699604034424,-0.12842570543289186,-0.19891748428344727,0.10762975364923477,-0.039438869804143906,0.09228939563035965,0.2707206785809385,0.04487116791648938,0.0863790936676822,
0.09105915427207947,-0.15766359567642213,-0.16359792947769167,0.09797579050064087,-0.015537000261247158,0.04355354607105255,0.2780660205738478,0.037801496371771,0.08821824146437603,
0.08248990178108216,-0.1893571138381958,-0.13882209062576295,0.050771258771419525,-0.01899910904467106,0.01772088184952736,0.2890207548221639,0.030042239970155607,0.09073051536675594,
0.008984290808439255,-0.16231781244277954,-0.15134284496307374,0.027069129049777985,-0.03484492003917694,0.041423019021749496,0.2930843147070248,0.02873937517984547,0.09081757220864412,
-0.03566682636737824,-0.12448720932006836,-0.1128011465072632,-0.01081433892250061,-0.028320172801613808,0.021782204508781433,0.29704146857011204,0.024882120176956686,0.0905225748475103,
-0.0033426426351070406,-0.12659056186676027,-0.13067657947540284,-0.03438331559300423,-0.006149356719106436,-0.008577832952141762,0.2978046593282249,0.02157649327709967,0.09002458657408655,
-0.02246304303407669,-0.07815345525741578,-0.07144435048103333,-0.034982528537511826,-0.008013569749891758,-0.0068467785604298115,0.29591308071421285,0.019289270743358948,0.08897423297245403,
-0.0627137541770935,-0.04017683565616608,-0.0196203351020813,-0.015341713093221188,-0.0016885618679225445,0.007267975248396397,0.29384611783460984,0.01974731143486366,0.08842846748909258,
-0.06183393001556397,-0.008015105128288269,0.01645483821630478,-0.018537506461143494,0.01089487411081791,0.0105969263240695,0.2877260254318287,0.03357062988895249,0.08706072673059037,
-0.03711267709732056,-0.0081760473549366,-0.00993650183081627,-0.020335139706730843,0.018018830567598343,0.006735343486070633,0.2871660455932958,0.03362030497774513,0.08745724282258362,
0.0083282969892025,-0.015048983693122865,-0.017003630101680756,-0.010681181214749813,0.02534252405166626,-0.0018533514812588692,0.285416654445841,0.03368276833446141,0.08910696002471015,
0.03286820948123932,-0.027124685049057008,-0.025065413117408755,-0.02892329730093479,0.02840486913919449,-0.00844338908791542,0.2847541132163482,0.03420313833487273,0.09012194581964239,
0.03245750963687897,-0.029125678539276126,-0.06279017329216004,-0.042172521352767944,0.011626956053078175,-0.013237079605460167,0.2832717382924283,0.03622503894276468,0.09194622283189828,
0.04814482629299164,-0.03517201840877533,-0.03357207179069519,-0.032784879207611084,0.023344863206148148,-0.030614204704761505,0.28135918950108274,0.037239626402193464,0.09262479405514776,
0.053031313419342044,-0.053168815374374394,-0.0341558188199997,-0.02819092757999897,0.02594144642353058,-0.049389492720365524,0.27743916939816,0.03980899076564908,0.0927035510411143,
0.03954296410083771,-0.06989728808403016,-0.05000730156898499,-0.049695953726768494,0.02534223534166813,-0.06450293213129044,0.2758978685460186,0.04218943766279048,0.09235971428831628,
0.03784005343914032,-0.09366491436958313,-0.08274416327476503,-0.06427676230669022,0.025808287784457207,-0.0714937299489975,0.27429328759156435,0.04498927115250083,0.09173240388118092,
0.023822389543056488,-0.12179831266403199,-0.10508215427398682,-0.06500913202762604,0.020548544824123383,-0.07961636781692505,0.26848338400555194,0.05178516573032686,0.08936271767964389,
0.037340265512466435,-0.14479061365127563,-0.12963600158691407,-0.07512914389371872,0.01608774997293949,-0.07082793861627579,0.264905340120262,0.055346699949140765,0.08775931367586773,
0.038712373375892645,-0.20167424678802492,-0.21709809303283692,-0.2038264125585556,0.03939041122794151,-0.07741926610469818,0.25723965684524847,0.06262328515120362,0.08388314104958741,
0.07622856497764588,-0.17647827863693238,-0.28284893035888675,-0.3379165530204773,0.15450555086135864,-0.15724751353263855,0.2517653216976954,0.06536048559374374,0.08229361986350948,
-0.007434076815843582,0.12003772258758545,0.08939233422279358,-0.3463055193424225,0.13832683861255646,-0.19812703132629395,0.2255039266610035,0.07845199513116219,0.07973562474674149,
-0.1716741442680359,0.48217406272888186,0.6807570934295655,0.13086636364459991,0.03379777446389198,0.05813563987612724,0.20651523988509715,0.09277797318290194,0.07774090406533106,
-0.6465583801269532,0.8576231956481934,1.4188816070556642,0.5013120770454407,0.026141183450818062,0.21326477825641632,0.18781283368444268,0.10467563122761063,0.073616957987247,
-0.3768262147903443,0.5719419479370117,1.0310490608215332,0.6114338040351868,-0.03957231715321541,0.2835722267627716,0.20969229083771085,0.10334190711379107,0.08272682700432768,
-0.11078169345855714,0.2579571008682251,0.5249732494354248,0.5425910949707031,-0.08304842561483383,0.28796645998954773,0.24210155050383203,0.09493887126227388,0.0927980079811196,
0.023910248279571535,0.026943203806877137,0.21535978317260743,0.46928757429122925,-0.07971947640180588,0.2614014148712158,0.2753177291599219,0.08250393559970248,0.10142051027555689,
0.11009225845336915,-0.291484808921814,-0.028103488683700564,0.40404012799263,-0.05388680845499039,0.19235897064208984,0.32986197503149717,0.053956575603067526,0.11125281272292879,
0.12375309467315675,-0.39361534118652347,-0.07525907754898072,0.35796743631362915,-0.019332293421030045,0.13463494181632996,0.35271803629484644,0.041429722965034055,0.11392194417142905,
0.0712730348110199,-0.4483097076416016,-0.17863519191741944,0.25723299384117126,-0.031116578727960587,0.0983484759926796,0.3926852492231289,0.02336318394855903,0.1170081814698456,
0.03853680491447449,-0.43948073387145997,-0.22109060287475588,0.15783050656318665,-0.04077053815126419,0.08989293873310089,0.40940822423549594,0.017605828934875795,0.11792879233769579,
0.009900104999542237,-0.39530653953552247,-0.26762843132019043,0.08705699443817139,-0.03950553759932518,0.08563187718391418,0.4228411947146044,0.012351415453964206,0.11781571157484012,
-0.02296807169914246,-0.33586034774780277,-0.28011698722839357,-0.03218604624271393,-0.03804079815745354,0.07664371281862259,0.43794303799793033,0.002596291938220425,0.11590351837508679,
-0.011069583147764206,-0.28640906810760497,-0.2486022710800171,-0.08345189690589905,-0.04063737764954567,0.06039842590689659,0.4399575630500161,-0.0018932269005392148,0.11483226732392796,
-0.006366696953773499,-0.20490732192993166,-0.16423609256744387,-0.0548894926905632,-0.028453417122364044,0.02784128114581108,0.4383080067283466,-0.006056661692708827,0.11360181066675874,
0.04847569167613983,-0.13605728149414062,-0.012073102593421937,-0.016406815499067307,0.01429031789302826,-0.03048194944858551,0.43088948750245193,-0.01200225354796811,0.11091737753471789,
0.04525972306728363,-0.10197373628616334,-0.024691669642925265,-0.046367377042770386,0.01149399857968092,-0.03487616404891014,0.4294135030710868,-0.012248537477923694,0.11042091385808199,
0.023255430161952972,-0.05924057364463806,-0.0553139328956604,-0.057552654296159744,0.008298205211758614,-0.027619048953056335,0.4285729069403188,-0.010734302846844393,0.11070714735337496,
-0.017992262542247773,-0.014350643754005432,-0.012404657155275346,-0.040774740278720856,0.018418218940496445,-0.02102772518992424,0.42394461607573375,-0.0071806085367618925,0.11101114745358029,
-0.013508202135562898,-0.0010726852342486382,0.0007886505685746671,-0.04809843376278877,0.014956108294427395,-0.01849772408604622,0.4213406749735235,-0.005764141995126996,0.11132750343978326,
0.011223459243774415,0.019207726418972018,-0.003356850147247315,-0.046300798654556274,0.019683219492435455,-0.024423256516456604,0.41691186383045115,-0.003324113049963952,0.11249904348097689,
0.005636757239699364,0.026368758082389834,0.01301998496055603,-0.040708161890506744,0.02560875378549099,-0.021160883828997612,0.414298046945811,-0.001991090467319831,0.11301160152279345,
-0.021724855899810793,0.02489265501499176,0.026805305480957033,-0.024462878704071045,0.011893472634255886,-0.008377710357308388,0.40968530024698363,0.0009698731784222461,0.11451579725813106,
-0.002049305848777294,0.014964376389980317,0.05111098289489746,-0.005621013697236776,0.010362155735492706,-0.015301929786801338,0.4078127801735607,0.002127853317330049,0.11540681923344052,
0.02126244753599167,-0.007051779329776764,0.04014872610569001,-0.005887329578399658,0.019816378131508827,-0.03787222132086754,0.4065228452585302,0.002770665710133576,0.11582373244982797,
0.06087109446525574,-0.0758504092693329,-0.050018596649169925,-0.03238578140735626,0.024144014343619347,-0.06723356992006302,0.4058365366652481,0.005204667266366868,0.11644958864088856,
0.05469713211059571,-0.1019097924232483,-0.07517728805541993,-0.0590839721262455,0.031134814023971558,-0.08441095799207687,0.4050462996230873,0.00797418277154284,0.11673174027899202,
-0.0013676534406840803,-0.1611934781074524,-0.11856575012207032,-0.10069527477025986,0.0462479367852211,-0.10072140395641327,0.40065216704243956,0.015977545090780323,0.11709160777592942,
-0.015604999661445618,-0.20237600803375244,-0.14563932418823242,-0.1455029547214508,0.05417083948850632,-0.11037536710500717,0.3968625396207039,0.0208786559614215,0.11743070213088352,
-0.016780567169189454,-0.2501002073287964,-0.18431239128112795,-0.19557037949562073,0.05503636598587036,-0.10544851422309875,0.3917901325912437,0.026456864564581958,0.1179046763609633,
-0.003224192559719086,-0.32386031150817873,-0.2239250421524048,-0.2804586589336395,0.02241264283657074,-0.09805824607610703,0.37603203923226064,0.03880479034244915,0.11943435911905485,
0.04212392270565033,-0.36880116462707524,-0.2564637422561646,-0.38299036026000977,0.05743321403861046,-0.10178666561841965,0.3648086019190088,0.044535272193251346,0.11951606225262934,
0.11983214616775513,-0.4263523578643799,-0.36856720447540287,-0.5987730026245117,0.06409111618995667,-0.16963070631027222,0.33338301650153573,0.05526052416053749,0.1180655586393484,
0.18400988578796387,-0.32617480754852296,-0.31936559677124027,-0.8045687675476074,-0.05055797100067139,-0.25052422285079956,0.3101208826189076,0.062078071825340655,0.11774309654112432,
0.029571735858917238,0.3391498327255249,0.6858340740203858,-0.27206969261169434,-0.05894692987203598,-0.08447612076997757,0.23564609772081815,0.07291358672221218,0.10434167249164158,
-0.43614902496337893,0.6923625946044922,1.5582863807678224,0.3282068371772766,-0.061210617423057556,0.0549403615295887,0.1936585920187919,0.07844708612869082,0.09228144670329791,
-0.42531442642211914,0.6652564525604249,1.3713152885437012,0.5370652675628662,-0.0861777514219284,0.15347731113433838,0.17690633213284332,0.07678524166642886,0.08328086113409718,
-0.17155811786651612,0.3128559112548828,0.553674840927124,0.3883276879787445,-0.08504591137170792,0.16399680078029633,0.2009831006912228,0.07084647040717869,0.08523044649890395,
0.04663260281085968,-0.0579354465007782,-0.2140211820602417,0.1649550497531891,-0.07359431684017181,0.12345018237829208,0.25553037279683566,0.05362427802599243,0.09217890984868145,
0.05282781124114991,-0.150789475440979,-0.289453911781311,0.15683241188526154,-0.03724216669797897,0.0850340873003006,0.27093535211118147,0.045037832214628974,0.09437734662852301,
0.018112443387508392,-0.28631694316864015,-0.20043923854827883,0.108429454267025,-0.008679763413965702,0.038695078343153,0.2882008008911048,0.031922879290031764,0.09680410627897106,
0.020614972710609438,-0.3026031017303467,-0.23396008014678957,0.009959070943295956,-0.022261884063482285,0.04355534538626671,0.29636804339422845,0.028770766348047285,0.09822601176545673,
-0.052025634050369265,-0.19913225173950197,-0.2720357656478882,-0.06227917596697807,-0.02146293595433235,0.045885611325502396,0.30483882240925064,0.02471541963760023,0.09973429030631928,
-0.04986911416053772,-0.15261036157608032,-0.17713857889175416,-0.040441252291202545,-0.0009565961081534624,0.027642957866191864,0.30357643654739636,0.021954466536270492,0.10008080511945955,
-0.018858480453491214,-0.07883556485176087,-0.007722389698028565,0.006630657706409693,0.026407096534967422,-0.00011920928955078125,0.2979689515400412,0.017621008458663646,0.10115900651804748,
-0.015346869826316833,-0.05261560082435608,0.0021610429510474207,-0.008016728796064854,0.018484191969037056,0.006671851500868797,0.2970565322045019,0.017192547459373455,0.10196518136919927,
-0.032916322350502014,-0.013691692054271698,-0.04293141961097718,-0.03684544935822487,-0.000623989209998399,0.019188709557056427,0.2974642203969333,0.018446925846015805,0.10401278819234455,
-0.009077707678079605,0.002745829895138741,-0.026821187138557436,-0.011678575538098812,0.01808471791446209,-0.006377638317644596,0.29632070026550833,0.018044747852262857,0.10487346534588969,
0.05200038552284241,-0.020523157715797425,0.016343311965465547,0.005099339876323938,0.032732103019952774,-0.025352660566568375,0.2930066729011591,0.016639673229901602,0.10603737236655751,
0.028366005420684817,-0.010924161225557328,-0.008667088299989701,-0.030520441010594368,0.018351035192608833,-0.006444217171519995,0.2930265297055781,0.018040300876678062,0.10653146450236596,
-0.007212480902671814,-0.0017753567546606064,-0.041787064075469976,-0.040973346680402756,0.008697074837982655,0.005140533670783043,0.29331416625680107,0.02004386893332393,0.10709512837133693,
0.004531597346067429,-0.0023446690291166307,-0.0026798358187079432,-0.021732008084654808,0.019083403050899506,-0.014367121271789074,0.2902718037340543,0.021418633539966158,0.10813682271814232,
0.023328256607055665,-0.017430487275123595,0.004286108165979386,-0.01820331998169422,0.032266050577163696,-0.027283452451229095,0.28852558448808074,0.021710248832910038,0.10856940202172033,
0.012016315758228303,-0.02816561758518219,-0.017227493226528168,-0.03298386558890343,0.028404466807842255,-0.02575213462114334,0.2874627024305742,0.022880300048765352,0.10889220474937555,
-0.014319913089275361,-0.0518929660320282,-0.05131381154060364,-0.04390282556414604,0.026407096534967422,-0.027350032702088356,0.285252379100951,0.02692347829059048,0.10961059813185443,
-0.012097173929214479,-0.07003530263900758,-0.059050905704498294,-0.033516496419906616,0.023544197902083397,-0.03880162537097931,0.2832833673484552,0.02872848796059809,0.10984053432353444,
0.00125020369887352,-0.09722893238067627,-0.0557066023349762,-0.02133253403007984,0.023877093568444252,-0.04332900047302246,0.2810662793663983,0.03059955838014339,0.1099683529141963,
0.020890770852565767,-0.14506636857986452,-0.1253172993659973,-0.05655284225940704,0.01189286820590496,-0.049720585346221924,0.27779295766025086,0.035278303555045645,0.10947011491787377,
0.044429886341094973,-0.1685007929801941,-0.20610668659210207,-0.11720633506774902,0.028404466807842255,-0.06956113874912262,0.27638846355131086,0.037803846030035206,0.10875661474986195,
0.06637021899223328,-0.21910488605499268,-0.266366457939148,-0.21587644517421722,0.08393137902021408,-0.11370303481817245,0.2735326907826259,0.040179065542625486,0.10761180667650976,
0.10071194171905518,-0.23280577659606935,-0.3646316289901734,-0.3697405755519867,0.25290897488594055,-0.2963958978652954,0.259540820346095,0.04875164028202447,0.1053078256206921,
0.1388265609741211,-0.15131622552871704,-0.2609682083129883,-0.5002354979515076,0.1539059281349182,-0.3365430533885956,0.24615970696666262,0.058616100457089586,0.10497743451826844,
0.135716450214386,0.053390842676162724,0.09014504551887513,-0.35409530997276306,0.02354463003575802,-0.09732652455568314,0.22874691187674578,0.07579509574901142,0.10375668318473849,
-0.963823413848877,0.8475152015686036,1.504498291015625,0.5205533504486084,-0.0032201388385146856,0.2470201998949051,0.17800206714378297,0.10497880805772505,0.08897360889800494,
-0.9007810592651367,0.7948033809661865,1.7955638885498049,0.6979199051856995,-0.03005148656666279,0.28550291061401367,0.17386330287308874,0.10329910498764588,0.09114061822943814,
-0.10619364976882935,0.1548565983772278,0.495717191696167,0.5708205103874207,-0.0556844137609005,0.29915159940719604,0.23550718191673733,0.08730811669178165,0.11207104993478605,
0.030132877826690677,-0.03725468814373017,0.1225138783454895,0.46549251675605774,-0.08690997958183289,0.2843710482120514,0.27236728825291096,0.07520527691406616,0.12196786661166184,
0.15877093076705934,-0.43796396255493164,-0.23145067691802979,0.3160226047039032,-0.08404707908630371,0.2115335911512375,0.3507242704566812,0.03192502820046018,0.13654625040272786,
0.13447891473770143,-0.4791760921478272,-0.25101485252380373,0.23852461576461792,-0.06267521530389786,0.1423579752445221,0.3673368964542255,0.020061928451301142,0.13741335770372567,
0.11612293720245362,-0.4810214042663574,-0.28229188919067383,0.15796399116516113,-0.0388399213552475,0.08676449209451675,0.38052271476021665,0.011036668382941357,0.13728872126627442,
0.024393810331821444,-0.3664207696914673,-0.31637253761291506,0.038321465253829956,-0.03717544674873352,0.04641760140657425,0.3963180421102272,0.0012099644728924418,0.13618283759070152,
-0.012764516472816468,-0.31082503795623784,-0.2709315061569214,-0.02526150457561016,-0.0460970364511013,0.05434050410985947,0.3986464011118804,-0.0016873444587414102,0.1352307418584382,
0.011972954124212266,-0.19652589559555056,-0.19248441457748414,-0.1094174012541771,-0.04103703051805496,0.02091783471405506,0.3954929611428056,-0.00817180713167124,0.1324167099546838,
0.04238460063934327,-0.16609731912612916,-0.09814147353172303,-0.1016276478767395,-0.021795688197016716,-0.029415911063551903,0.3903790772572298,-0.010326526072930445,0.13086602961525276,
-0.023960210382938385,-0.0689370334148407,-0.01387506127357483,-0.07845815271139145,0.009762771427631378,-0.06017542630434036,0.3803128876380248,-0.008402409178975787,0.12791243185520754,
-0.043180420994758606,-0.02245626598596573,-0.0017771607264876366,-0.08271920680999756,0.00709961075335741,-0.05531515181064606,0.37627727542792466,-0.005429738165208801,0.12720789120827208,
-0.041122227907180786,0.012601585686206819,0.05749616026878357,-0.029322825372219086,0.007898558862507343,-0.04486224800348282,0.3684608529213684,0.0002026698396587366,0.1256527191240808,
-0.01906862109899521,0.006768044829368592,0.007950165122747422,-0.026792822405695915,0.029669901356101036,-0.05311804264783859,0.3666681835199055,0.002460262330674918,0.12507330611661674,
-0.023901796340942385,0.021796542406082156,-0.029464632272720337,-0.06154707819223404,0.03679385408759117,-0.0423322394490242,0.3637847370446417,0.008607529666623743,0.12560441030872269,
-0.026388031244277955,0.014681634306907655,-0.002718772925436497,-0.04836512356996536,0.029270801693201065,-0.028285739943385124,0.36087803402315743,0.011477071006814638,0.12634107043761741,
0.016705234348773957,-0.035942968726158146,-0.016640712320804597,-0.032985370606184006,0.02334526740014553,-0.025156525894999504,0.3559970362919198,0.015538956122323878,0.12774840611287547,
0.047889125347137455,-0.0832390308380127,-0.04600556492805481,-0.04516933113336563,-0.0018216046737506986,-0.03181442990899086,0.35430511366031336,0.01716526776170227,0.12824744118630887,
0.03677038848400116,-0.10219968557357789,-0.08943563103675843,-0.07859200984239578,-0.005150556098669767,-0.042134180665016174,0.35230994479236427,0.018609604537385145,0.12777300734586544,
0.03055226504802704,-0.15900810956954958,-0.10544903278350831,-0.11860600113868713,0.01482315268367529,-0.06776710599660873,0.34406403644002237,0.022484506278716395,0.12559055103324485,
0.033923232555389406,-0.19101344347000124,-0.08490563035011292,-0.12173521518707275,0.017153417691588402,-0.08647581189870834,0.33797490545399006,0.025862004044828916,0.12451050165066949,
0.018985331058502197,-0.2147378206253052,-0.11710662841796876,-0.13365285098552704,0.023811321705579758,-0.10059056431055069,0.3317167918759773,0.02991271240159224,0.12313998512029467,
0.036323481798172,-0.31046876907348636,-0.20082635879516603,-0.1984342485666275,0.026141587644815445,-0.10205530375242233,0.31753821139146315,0.03969368956305796,0.11962354442314367,
0.05508050322532654,-0.34755084514617923,-0.29708137512207033,-0.3294617831707001,0.017486313357949257,-0.09499792754650116,0.30829695423537284,0.04483854978875277,0.1175099263715395,
0.18526331186294556,-0.28346190452575687,-0.340355920791626,-0.6134213209152222,0.1733478158712387,-0.2686360478401184,0.27384146917129043,0.054876908394008675,0.11340563667250984,
0.2799396514892578,-0.12445710897445679,-0.005660950392484665,-0.7154203653335571,0.25177791714668274,-0.5051913261413574,0.24446338687943123,0.06772879978708926,0.11073474863989133,
-0.7038710594177247,0.6391138076782227,1.494150161743164,-0.24437378346920013,0.008498144336044788,-0.19167067110538483,0.16848502378325025,0.11355105070157989,0.08559773515388243,
-1.0531405448913576,0.8251130104064942,1.8915157318115234,0.4028409421443939,-0.11547200381755829,0.14648421108722687,0.14834176408029806,0.12128935749833883,0.0749271129228225,
-0.6101207256317139,0.5865838050842286,1.165767002105713,0.558502733707428,-0.10195645689964294,0.19701769948005676,0.16029691813851457,0.1154539214512275,0.07573001616628537,
-0.030861043930053712,0.10174319744110108,0.0011613691225647927,0.43300125002861023,-0.06700246781110764,0.18423451483249664,0.21767354286114243,0.09618561992753728,0.08702247272608064,
0.025941914319992068,0.016969874501228333,-0.14183377027511598,0.26588788628578186,-0.08631038665771484,0.18017320334911346,0.24303321895439586,0.08738347089025413,0.09248965458628655,
0.030852243304252625,-0.0964361310005188,-0.14453248977661134,0.21608677506446838,-0.08950617909431458,0.18536636233329773,0.259126823632606,0.07796284332057375,0.09608347063418667,
0.08364626169204713,-0.24973709583282472,-0.18090399503707888,0.19777753949165344,-0.08391354233026505,0.16399449110031128,0.2800149074092939,0.060549992341514994,0.10117929564286293,
0.08824440836906433,-0.2753581762313843,-0.23668220043182375,0.10536617785692215,-0.0762571319937706,0.10121124237775803,0.2918604637311897,0.04962471227676867,0.10318420137677176,
0.061999350786209106,-0.25916442871093753,-0.25046682357788086,0.057961903512477875,-0.030317602679133415,0.055338289588689804,0.2978166792662579,0.04284082582984047,0.10344598802730505,
0.01916385442018509,-0.23070454597473145,-0.21769566535949708,0.032928187400102615,-0.022261539474129677,0.04202248528599739,0.3013863168187216,0.03867260325179955,0.103627202887928,
