0.15589141845703125,-0.23022220134735108,-0.3699512004852295,-0.5817489624023438,-0.09123130142688751,-0.01973693072795868,0.08334166634599345,0.013260766010101916,-0.05715523947637667,
0.21330053806304933,-0.20699679851531982,-0.10860025882720947,-0.5615755319595337,-0.12765002250671387,-0.03245352581143379,0.05474930234841701,0.009612555801764568,-0.05784378948366048,
0.21925337314605714,-0.08408055305480958,0.48714790344238285,-0.5529202222824097,-0.0887012928724289,-0.046967752277851105,-0.004698843561653012,-0.002294479564601949,-0.06205483232513503,
0.3184643030166626,-0.013507777452468873,0.9276940345764161,-0.3268178701400757,-0.07451996207237244,-0.09830018877983093,-0.033306790471899377,-0.0076323568688292055,-0.0641151621395468,
0.33644721508026126,0.07869538068771363,1.3802977561950684,-0.09192705154418945,0.030208852142095566,-0.11454547196626663,-0.05713684616309597,-0.012250642540134485,-0.06736195366142658,
0.2883361339569092,0.17943146228790285,1.5930788040161135,0.15954194962978363,0.0947905108332634,-0.13445259630680084,-0.07220114702985267,-0.016464693554298197,-0.07206464149702493,
0.22552685737609865,0.22246270179748537,1.4275036811828614,0.3923688232898712,0.09918472170829773,-0.2088213711977005,-0.07168766655779531,-0.01417165114232973,-0.08586856297205173,
0.19366121292114258,0.15026689767837526,1.021040439605713,0.5040884017944336,0.1188921183347702,-0.25116562843322754,-0.05575901590615763,-0.010646106192060622,-0.09578210104729235,
0.10057389736175537,0.051611816883087164,0.6383676052093507,0.4964984059333801,0.14332662522792816,-0.218475341796875,-0.03330663064740182,-0.007256675415737677,-0.10807872037131298,
0.003717256709933281,-0.061912488937377934,0.2366753101348877,0.48517996072769165,0.11756053566932678,-0.18798214197158813,-0.007393512825597552,-0.0017133789394560349,-0.12108509174247596,
-0.10176597833633423,-0.2153817653656006,-0.16094014644622803,0.4589478373527527,0.07395127415657043,-0.1492997258901596,0.03941581215606024,0.0137671946222316,-0.1416283096210054,
-0.13162572383880616,-0.26661460399627684,-0.3053142547607422,0.416936457157135,0.03979623317718506,-0.09417229145765305,0.06321783493481599,0.019891204669813877,-0.14928906075745815,
-0.17116626501083376,-0.2837137460708618,-0.39814786911010747,0.3030863404273987,0.01236567273736,-0.02366509474813938,0.08583440239089893,0.024783820874442596,-0.155466710303118,
-0.18500345945358276,-0.28204870223999023,-0.5207421302795411,0.19183304905891418,0.01209931168705225,0.005363876931369305,0.1065759268727569,0.0281249918594375,-0.15944270026244284,
-0.08718827366828918,-0.22213444709777833,-0.6043103694915772,0.10081951320171356,-0.011935717426240444,0.0011028191074728966,0.13428676677229073,0.030158432703377418,-0.1608248901105777,
-0.0476506918668747,-0.20427465438842773,-0.5640038967132569,0.014666251838207245,-0.035371534526348114,0.006695457734167576,0.14134778314632168,0.030144168622883324,-0.16068550433057274,
-0.048076242208480835,-0.19440906047821047,-0.5858598232269288,-0.08540203422307968,-0.022521784529089928,0.014951257035136223,0.14573866442573735,0.029361675101299476,-0.16111585658136107,
-0.06986762285232544,-0.1675958275794983,-0.6430654525756836,-0.21350008249282837,0.004908776376396418,0.03732180967926979,0.1437208569173586,0.026120365851557997,-0.16209791133294948,
-0.08800946474075318,-0.1740026593208313,-0.6052361488342286,-0.29572516679763794,-0.033507321029901505,0.05556446686387062,0.1356332650600925,0.025534742665113727,-0.16107567819783747,
-0.10867623090744019,-0.17789254188537598,-0.554229211807251,-0.3744215965270996,-0.0707915797829628,0.09125082194805145,0.12377538976466933,0.024541305964816473,-0.15937571530708927,
-0.16069213151931763,-0.18207393884658815,-0.4783988952636719,-0.44872379302978516,-0.09269607812166214,0.135459303855896,0.09037744625087589,0.017343371617725558,-0.1547078311563338,
-0.13503260612487794,-0.16578097343444825,-0.3802430868148804,-0.550656259059906,-0.08384107053279877,0.1673506498336792,0.0688265050912594,0.011406911907986459,-0.15003382613583732,
-0.1090261459350586,-0.17119492292404176,-0.2684851408004761,-0.6153044700622559,-0.0786479040980339,0.24637995660305023,0.04409307476904799,0.005566557644949361,-0.14375683116046842,
-0.14694244861602784,-0.1510227680206299,-0.020750741660594943,-0.5920684337615967,-0.08397422730922699,0.2977789640426636,0.014927876239993912,0.0011999163766718973,-0.13560568707518428,
0.0571719765663147,-0.12257643938064576,0.9051800727844239,-0.27049171924591064,-0.16506747901439667,0.25430285930633545,-0.04720036731932865,-0.005340113043536378,-0.10921809508904627,
0.22416009902954104,-0.12720918655395508,1.5579991340637207,0.082976333796978,-0.14010034501552582,0.23526126146316528,-0.07043137204750276,-0.009153594898776192,-0.09410501977839326,
0.2864108085632324,-0.07849798798561097,1.918880081176758,0.40888068079948425,0.09099546074867249,0.24691258370876312,-0.07932697213451183,-0.014840275803042776,-0.08054706780607243,
0.35431387424468996,0.005721397697925568,2.0415781021118167,0.634583592414856,0.22202298045158386,0.15403485298156738,-0.07429425211726289,-0.017790145942394524,-0.0675517457908816,
0.6107709884643555,0.018212932348251342,1.389351272583008,0.878595769405365,0.1518486887216568,-0.00602113688364625,-0.02642722740357516,-0.0007485557058699544,-0.04815026355947691,
0.5881645202636719,-0.10466065406799317,0.8221673011779785,0.9174113273620605,0.11582943797111511,-0.08638203144073486,0.012947743043287186,0.009929813449716935,-0.044458248642005316,
0.46452174186706546,-0.22710306644439698,0.22456552982330324,0.7488332390785217,0.15078341960906982,-0.09037676453590393,0.05856497484444592,0.017277223332490443,-0.04491086780618159,
0.18492960929870605,-0.36161978244781495,-0.7431174755096436,0.5560203790664673,0.09332572668790817,-0.0877801775932312,0.14521788948156936,0.03268030337863789,-0.04898279721518356,
0.09477318525314332,-0.4363247871398926,-0.8323748588562012,0.4197983145713806,-0.06253556907176971,-0.054359953850507736,0.17681317107269895,0.040519859095064135,-0.049795603136435086,
0.006463973224163056,-0.4771913051605225,-0.8119026184082032,0.2535504996776581,-0.07458636909723282,0.007958014495670795,0.2025570249231762,0.04448537214354604,-0.05257676240654021,
-0.0012141864746809006,-0.48022227287292485,-0.8627933502197266,0.12698376178741455,-0.03963238000869751,0.02913014590740204,0.23119662712618028,0.05102643773783548,-0.05520267631079913,
0.09068727493286133,-0.4391873359680176,-0.7217385292053223,0.00035045246477238834,-0.04475896432995796,0.03685331344604492,0.2613108334902856,0.049075530609790405,-0.05734583963632747,
0.10469530820846558,-0.4017697811126709,-0.6444385528564454,-0.09026360511779785,-0.04422633349895477,0.027865145355463028,0.2640352188943972,0.046500904210406716,-0.05747732357949021,
0.11385823488235475,-0.35806677341461185,-0.6020230770111085,-0.20211638510227203,-0.03091052733361721,0.011020650155842304,0.26284688165343123,0.04358674090081741,-0.058024863645399764,
0.10825166702270508,-0.3202223062515259,-0.6068113327026368,-0.24446064233779907,-0.03017815761268139,0.00948933232575655,0.25768964290062896,0.04110138970843108,-0.05877317137924531,
0.09640957713127137,-0.24937818050384522,-0.47875399589538575,-0.3101741373538971,-0.030377894639968872,-0.008154110983014107,0.2363223198149561,0.03798015538753623,-0.060242211484454584,
0.10843191146850586,-0.22801966667175294,-0.44967164993286135,-0.37016186118125916,-0.0558110848069191,-0.021070443093776703,0.2221989556359668,0.03672012919216685,-0.06144563508902768,
0.08457648754119873,-0.24137747287750244,-0.4441894054412842,-0.4469274580478668,-0.12452064454555511,0.03858437016606331,0.2057186626828873,0.03575360329891631,-0.06319643895579219,
0.019015952944755554,-0.23575403690338137,-0.37200260162353516,-0.5613102316856384,-0.10108482092618942,0.043977268040180206,0.16473711381682826,0.028900815599769262,-0.06800110037759856,
0.20931355953216554,-0.2303321361541748,-0.3091971635818482,-0.6414048075675964,-0.06692977994680405,0.0050285374745726585,0.13903604591204893,0.021690831962655054,-0.0686751577061793,
0.25504088401794434,-0.19875216484069824,-0.13582662343978882,-0.6714984774589539,-0.12851539254188538,-0.063814178109169,0.10929872180812535,0.017180499572539035,-0.069129996366879,
0.28184792995452884,-0.10360342264175415,0.10032469034194946,-0.6069168448448181,-0.17065991461277008,-0.1510992795228958,0.07002830405487524,0.00505683929535535,-0.07062083210135563,
0.397884202003479,0.016580353677272796,0.8232731819152832,-0.411307692527771,-0.1467580497264862,-0.19717197120189667,0.003881864663122274,-0.008317804715046562,-0.08186622863885029,
0.33769233226776124,0.03783077001571655,1.1505313873291017,-0.1971229463815689,-0.02591709978878498,-0.19956880807876587,-0.022471795333803387,-0.01736585283902116,-0.09134139599421481,
0.2813776731491089,0.084475976228714,1.3758176803588869,0.05467894300818443,0.10997069627046585,-0.189581960439682,-0.04125328075879435,-0.025111937868219587,-0.10086197413699931,
0.19677579402923584,0.10591104030609132,1.4547616004943849,0.23390968143939972,0.15278100967407227,-0.18572036921977997,-0.05102031616936665,-0.028253826731744768,-0.11093866526859265,
0.08766708374023438,0.08826460838317872,1.003364086151123,0.42492491006851196,0.15224836766719818,-0.1992359161376953,-0.0406235066707448,-0.019790864829324805,-0.13241784500844184,
0.05085588097572327,0.0368066668510437,0.6487567901611329,0.45322099328041077,0.17142313718795776,-0.1865193247795105,-0.0231985975908322,-0.012760040343506118,-0.1434723417247358,
0.009876756370067597,-0.015813876688480378,0.29632105827331545,0.4237263798713684,0.18413975834846497,-0.16048718988895416,-0.0012342473607577257,-0.00535938888869806,-0.1539866027287236,
-0.054489755630493165,-0.09606103897094727,-0.16298907995224,0.37026339769363403,0.11955810338258743,-0.10329579561948776,0.04353916387043374,0.01381812655418476,-0.1709441525378092,
-0.08545486330986024,-0.11979784965515138,-0.2876366376876831,0.28437647223472595,0.07987699657678604,-0.07713024318218231,0.06367589540494652,0.02295857693014205,-0.17636650520442884,
-0.07693246006965637,-0.13720918893814088,-0.3992085695266724,0.22552058100700378,0.02042192593216896,-0.06374786049127579,0.08170698547551405,0.029826173711853803,-0.17996847362247614,
-0.08520116806030274,-0.14197428226470948,-0.47935562133789067,0.15534628927707672,-0.019259175285696983,-0.0439738854765892,0.1085319714166346,0.03818658812657635,-0.1853607841017618,
-0.07829281091690064,-0.15563676357269288,-0.5191090106964111,0.0787804052233696,-0.0035465240944176912,-0.03864756226539612,0.11818543356955326,0.03864686427072263,-0.18809134982071973,
-0.05718106031417847,-0.17095264196395876,-0.5216622352600098,0.026182977482676506,-0.05348079651594162,-0.004692258313298225,0.12480295720559523,0.03876289129149825,-0.19056284184885597,
-0.07766784429550172,-0.20509533882141115,-0.5137308597564697,-0.05937107279896736,-0.07651714235544205,0.03738568723201752,0.13070269456568773,0.03798475387778624,-0.19390854136561966,
-0.0816057026386261,-0.20126993656158448,-0.5392673492431641,-0.1547122448682785,-0.07165686786174774,0.07513599842786789,0.12988073992624938,0.03418846580180829,-0.19472094546362015,
-0.08762969374656678,-0.19252957105636598,-0.5581966876983643,-0.2869381904602051,-0.08683688938617706,0.0866541713476181,0.12593003495418792,0.029776864602593274,-0.1940492041809506,
-0.10878391265869142,-0.20808935165405273,-0.6185955047607422,-0.434477299451828,-0.1050795391201973,0.1197439506649971,0.10406545839219575,0.019327735669819882,-0.18956255486405776,
-0.17575979232788086,-0.23362374305725098,-0.5373406410217285,-0.5788872241973877,-0.14029984176158905,0.22773511707782745,0.08445285961159223,0.013180631733913335,-0.18613861421684294,
-0.21869802474975586,-0.2408311128616333,-0.4216739654541016,-0.7416064143180847,-0.10681059956550598,0.34564658999443054,0.059919480554349314,0.005475016196812399,-0.18022880958571222,
-0.1967234253883362,-0.21935698986053467,-0.24821712970733645,-0.7654417157173157,-0.10188374668359756,0.3838629722595215,0.03020211277970934,-0.003213697750487008,-0.16991297007853365,
0.08307033777236938,-0.24941275119781495,0.7843535423278809,-0.35544800758361816,-0.24576103687286377,0.33259710669517517,-0.047537007146313856,-0.01243759105920029,-0.1347806379332122,
0.2465541124343872,-0.2097485065460205,1.4816186904907227,-0.03280603885650635,-0.13610537350177765,0.24278198182582855,-0.07936055568093651,-0.017523300838141798,-0.1147118168378673,
0.38833873271942143,-0.1381839990615845,1.6479923248291017,0.29396384954452515,0.07954410463571548,0.2954460084438324,-0.09446077495386565,-0.024888115752565724,-0.09695761549626289,
0.33856842517852787,-0.06301213502883911,1.744115447998047,0.4887075126171112,0.18573765456676483,0.23119723796844482,-0.09702634907775329,-0.027475350756791517,-0.08330115665816662,
0.5894889354705811,0.0004816364031285048,1.346961784362793,0.7416412234306335,0.15231497585773468,0.03332436829805374,-0.06644341709970009,-0.011105620269035943,-0.058911643769613185,
0.5924550056457519,-0.06911108493804932,1.076249885559082,0.9652796387672424,0.05324547737836838,-0.12193895131349564,-0.035829823843496755,-0.00012741232305272686,-0.0533719582991786,
0.5005674839019776,-0.20144348144531252,0.7198162078857422,0.9500330090522766,0.10843949019908905,-0.1295289695262909,0.004486752236993544,0.0063590963401767365,-0.05396985823238778,
0.20912365913391115,-0.374772310256958,-0.2882335901260376,0.739376962184906,0.16969220340251923,-0.0771978497505188,0.10218042424281798,0.01579105715402797,-0.06495404102613418,
0.1305799126625061,-0.386168384552002,-0.633349370956421,0.5397730469703674,0.14931900799274445,-0.041910964995622635,0.1446641538124743,0.024656994990259647,-0.0667529225509926,
0.08335767388343812,-0.40683865547180176,-0.7549789428710938,0.3691975772380829,0.01709306426346302,0.027397803962230682,0.17783177223364846,0.03376908509330314,-0.06523385046043452,
0.01974727511405945,-0.42980661392211916,-0.831981086730957,0.23117925226688385,-0.04495859146118164,0.05542756989598274,0.20492080792541753,0.04070157835116189,-0.06268926374909652,
0.1063888430595398,-0.4103734493255615,-0.8755354881286621,0.0166616253554821,-0.03104357421398163,0.017011474817991257,0.2570655883325447,0.04832688241107633,-0.057566298062956635,
0.15212695598602297,-0.40669097900390627,-0.7898271083831787,-0.059371624141931534,-0.04262832552194595,0.015546736307442188,0.2804687169801446,0.045135335904956955,-0.05519505336593298,
0.1373985767364502,-0.3970447778701782,-0.6296937942504883,-0.10784115642309189,-0.04309437796473503,0.009288308210670948,0.281028871437587,0.043444549821069045,-0.05594152810010608,
0.126292884349823,-0.3778190851211548,-0.524039363861084,-0.16796202957630157,-0.030311204493045807,-0.004227234981954098,0.2781690950063679,0.04155069288099513,-0.057061603353703326,
0.12344313859939576,-0.340157151222229,-0.4955131053924561,-0.29772454500198364,-0.03350699692964554,-0.01061882171779871,0.2657991503196265,0.038350105575493114,-0.059652625058242294,
0.10875986814498902,-0.33268370628356936,-0.5149372577667236,-0.38021597266197205,-0.052548598498106,-0.0024296012707054615,0.2546089730354089,0.037620755517877205,-0.06104595851033226,
0.10142892599105835,-0.3404331922531128,-0.4942868232727051,-0.4629071056842804,-0.08237600326538086,-0.004626709036529064,0.2392797584706069,0.036730180387577305,-0.06263580604843505,
0.16182379722595217,-0.3010829210281372,-0.46098923683166504,-0.5803525447845459,-0.11946052312850952,-0.03698411583900452,0.19823694708617492,0.032188169417147035,-0.06672164488645112,
0.19576015472412112,-0.2688961982727051,-0.40018782615661624,-0.7431382536888123,-0.1259186863899231,-0.06294994056224823,0.17173409450749863,0.028568473554475234,-0.07033298890075028,
0.22389037609100343,-0.24169592857360842,-0.302314567565918,-0.8145109415054321,-0.11426735669374466,-0.0807931125164032,0.14049630979209038,0.023877973296226943,-0.07509732202720648,
0.2796320676803589,-0.22749242782592774,0.7379603385925293,-0.686745822429657,-0.1656663715839386,-0.07946153730154037,0.03143380406833315,0.009394735468430305,-0.08936492144165618,
0.366066575050354,-0.16029846668243408,1.180947494506836,-0.4340783953666687,-0.13297607004642487,-0.15083426237106323,-0.00843564140220622,-0.0013540537034157337,-0.09588070144262978,
0.25498733520507816,-0.07329038381576539,1.4485797882080078,-0.1758849322795868,0.0019796250853687525,-0.13512161374092102,-0.03047301803742786,-0.008560497018179599,-0.1029836314079804,
0.1634382963180542,-0.0027732217684388162,1.5595832824707032,0.07611669600009918,0.11829318851232529,-0.10489472001791,-0.04221932857722919,-0.010860700675549225,-0.11007172313904129,
0.15374038219451905,0.06432560682296753,1.230160427093506,0.2859731614589691,0.16343387961387634,-0.11941011250019073,-0.036068782951947174,-0.002539089469997778,-0.12112884582971942,
0.19065144062042239,0.03944845795631409,0.8197643280029298,0.49929237365722656,0.1107698604464531,-0.21508416533470154,-0.014470417746479216,0.006567644805697355,-0.13091293725718292,
0.1473550796508789,-0.026592531800270082,0.4994570255279541,0.5759914517402649,0.09658852964639664,-0.25010475516319275,0.010344542171990517,0.012242694265476894,-0.14178001107099208,
0.08405378460884094,-0.09341291785240174,0.17740455865859986,0.5508245825767517,0.1180269792675972,-0.21954496204853058,0.03870682965835698,0.01814103216140419,-0.15393590268064286,
-0.005502753704786301,-0.17558026313781738,-0.23827900886535647,0.4602104723453522,0.1517159640789032,-0.1727399080991745,0.08571639281428091,0.03223734145808213,-0.17079366644539715,
-0.04707828164100647,-0.21745264530181885,-0.3571234464645386,0.3527519404888153,0.13826699554920197,-0.10196641087532043,0.11253446889061058,0.044794742142433425,-0.17718071091122936,
-0.06365460157394409,-0.240924072265625,-0.40658311843872075,0.29349660873413086,0.04359161853790283,-0.059888459742069244,0.1302796309258158,0.05330290808130886,-0.17957453523706457,
-0.07238036394119263,-0.24633398056030276,-0.43816504478454593,0.25601261854171753,-0.04662296548485756,-0.042378172278404236,0.1455054068078423,0.05784252534501878,-0.1813602677406017,
-0.051130229234695436,-0.25986905097961427,-0.5273784160614013,0.1763841062784195,-0.0721227303147316,-0.04137948900461197,0.16948177839363454,0.05630306906599762,-0.18766673033088133,
-0.08060169816017151,-0.2646878957748413,-0.5229483127593995,0.0777139738202095,-0.04648980870842934,0.01860821433365345,0.1767512379384756,0.054157191927872786,-0.19085130713801768,
-0.07051160931587219,-0.25783343315124513,-0.5368842601776124,-0.014697715640068054,-0.022388199344277382,0.04743693023920059,0.1811040286907314,0.05170207450701585,-0.1917987002220392,
-0.01976165920495987,-0.23819758892059328,-0.5888923645019531,-0.1166967898607254,-0.030710577964782715,0.051564835011959076,0.18034480007752543,0.04765740193137243,-0.18960482177149218,
-0.02185766696929932,-0.243705153465271,-0.6160508155822755,-0.2766861915588379,-0.08630406111478806,0.05982062965631485,0.1706744035931919,0.043312421643049985,-0.18813440595216166,
-0.031612148880958556,-0.24657738208770752,-0.577861499786377,-0.3837452828884125,-0.08317484706640244,0.06621221452951431,0.1568923666867237,0.03812875412897015,-0.18758444984026956,
-0.0940350353717804,-0.2641103744506836,-0.5365740776062012,-0.5116435885429382,-0.07711615413427353,0.11155253648757935,0.13871413851862857,0.032891355191091744,-0.1866330656628839,
-0.2017908811569214,-0.28378589153289796,-0.35658509731292726,-0.6657074093818665,-0.09549196809530258,0.23858532309532166,0.08675261581060993,0.02081850449676753,-0.17777054985294705,
-0.1569744348526001,-0.2729452848434448,-0.13600759506225588,-0.7594507336616516,-0.09988618642091751,0.31967857480049133,0.05308626889920958,0.01342272290044765,-0.16675345554369253,
-0.02381124794483185,-0.27187983989715575,0.24182705879211427,-0.6895427107810974,-0.14456070959568024,0.33565753698349,0.011542919912797843,0.008746249262711985,-0.15191195635812293,
0.2891680955886841,-0.2457756280899048,1.3316731452941895,-0.3995245099067688,-0.16500046849250793,0.2815288007259369,-0.04836084007444941,-0.0018274819671545003,-0.12229861463421925,
0.33002696037292484,-0.18651264905929565,1.7290542602539063,-0.060303039848804474,-0.1237882748246193,0.24897409975528717,-0.06585547041616323,-0.0073286628219274,-0.10754009315564525,
0.3614600419998169,-0.05497809648513794,1.8312732696533205,0.35861220955848694,0.07148801535367966,0.25476646423339844,-0.06711667898947071,-0.010335628475904962,-0.09029939423216757,
0.5551400184631348,-0.023078449070453644,1.7551177978515626,0.6234636306762695,0.15630969405174255,0.11728077381849289,-0.053425569931977356,-0.006231345568452165,-0.07738039863732832,
0.6530921936035157,-0.19691665172576905,1.1865753173828126,0.9099531769752502,0.16170258820056915,-0.0890476331114769,0.0109924699138669,0.010106513609146888,-0.06805507340618415,
0.4829257488250733,-0.4394225120544434,0.9016915321350099,1.2835947275161743,0.08786646276712418,-0.1804606318473816,0.06201224103529384,0.01815064262893513,-0.07315187841844141,
0.368934440612793,-0.625316047668457,0.21792376041412354,1.0855886936187744,0.2059110701084137,-0.1359192579984665,0.12569815097364864,0.02537505517690908,-0.08008524938863594,
0.2385908603668213,-0.6261289119720459,-0.5559980869293213,0.726394772529602,0.2848072350025177,-0.04503889009356499,0.18700904785286165,0.0359858059593037,-0.08327445654021312,
0.09552558064460755,-0.5618049144744873,-0.6359009265899659,0.5375766754150391,0.19705605506896973,0.027598828077316284,0.2661087059578719,0.059415524760610884,-0.06828150469191156,
0.04190132319927216,-0.5842591762542725,-0.7588201999664307,0.34789296984672546,0.06702722609043121,0.07480335980653763,0.29823345076655966,0.06647851669272856,-0.059051231601765945,
0.04855509996414185,-0.5514009952545166,-0.9006011962890625,0.11499954015016556,0.03373770788311958,0.06648097932338715,0.31898536893389967,0.06601948553011693,-0.05344178113968773,
0.1461150288581848,-0.4871130466461182,-0.7758755207061768,-0.009370085783302784,0.001779775833711028,0.037119630724191666,0.332253862360734,0.06250718225082215,-0.047681029670123665,
0.1503863573074341,-0.49844107627868656,-0.5257384300231934,-0.019689835608005524,-0.08317506313323975,0.030062254518270493,0.35024975014079357,0.06134276513105071,-0.04375850857741794,
0.1562707543373108,-0.4686911582946778,-0.5565088272094727,-0.13999813795089722,-0.10001955926418304,0.014882233925163746,0.3483494458565753,0.058025284117724646,-0.04686566351595103,
0.1787029504776001,-0.43759937286376954,-0.5765109062194824,-0.26170462369918823,-0.06313477456569672,-0.012348589487373829,0.34237493580666795,0.05457394326362711,-0.051056624832547075,
0.14271196126937866,-0.4253120422363281,-0.4874439239501953,-0.3614400029182434,-0.02971210516989231,-0.021935969591140747,0.3191077839305955,0.052235319934931315,-0.05669729126975385,
0.13871299028396608,-0.413191032409668,-0.46060886383056643,-0.485876202583313,-0.03696921840310097,-0.01887333393096924,0.29406256029561967,0.052307979339286576,-0.059011415344508815,
0.19278399944305422,-0.3776789903640747,-0.4046815872192383,-0.5702317953109741,-0.05168318375945091,-0.0439070463180542,0.2693365486948037,0.05191491123582951,-0.061045121549109245,
0.23661959171295166,-0.35040423870086673,-0.39903924465179447,-0.6998611688613892,-0.06739583611488342,-0.08525262773036957,0.24110648219437528,0.05148969790644061,-0.06405538795801423,
0.24582173824310305,-0.32975780963897705,-0.17640150785446168,-0.8291576504707336,-0.09522587060928345,-0.11960740387439728,0.1679274953479706,0.05118251221684744,-0.07538758287056967,
0.19597696065902712,-0.32157950401306157,0.066343092918396,-0.9133800864219666,-0.17718465626239777,-0.06661050021648407,0.11918728230955435,0.04654661686050913,-0.08352507233173828,
0.29649789333343507,-0.30233604907989503,0.3861536741256714,-0.879027247428894,-0.2440296858549118,-0.1319279968738556,0.07216330156047268,0.039392699173525385,-0.08965514618976987,
0.44862027168273927,-0.33607029914855957,0.9045693397521973,-0.5441347360610962,-0.2568128705024719,-0.18579041957855225,0.02528937238303679,0.02855171023142834,-0.09653911607077667,
0.2560150623321533,-0.10700484514236451,1.564258098602295,-0.15731054544448853,-0.05248183012008667,-0.12507034838199615,-0.029982847002795666,0.003928727277055091,-0.11354972161635801,
0.2737008810043335,-0.002772169560194016,1.4258597373962403,-0.010503788478672504,0.17814792692661285,-0.13405852019786835,-0.038110230629664836,0.000820274207486419,-0.11971467859297012,
0.22987816333770753,0.02455379664897919,1.5686808586120606,0.32212504744529724,0.1729547679424286,-0.19291438162326813,-0.040807472220353164,0.007297956159712082,-0.1270824623430366,
0.18573036193847658,-0.025785666704177857,1.3217434883117676,0.5163360238075256,0.13587024807929993,-0.23812153935432434,-0.031083852520966026,0.015943235744952947,-0.1367104820546956,
0.09409308433532715,-0.14497063159942628,0.48725461959838867,0.637643039226532,0.1778150349855423,-0.24824155867099762,0.01838338301771961,0.030304393057434507,-0.160647535676983,
0.062216019630432134,-0.2104949235916138,0.13556897640228271,0.6279224753379822,0.20098453760147095,-0.2300654798746109,0.04947030180150874,0.04060124064017668,-0.17191075329765518,
0.0282289981842041,-0.25659804344177245,-0.11093903779983522,0.5571489930152893,0.17515186965465546,-0.18712200224399567,0.07702327963786407,0.05227735373116308,-0.18197239601393256,
-0.06126151084899903,-0.2974394798278809,-0.4140603065490723,0.4639383852481842,0.10610941797494888,-0.12067614495754242,0.12509595786333805,0.07237393822012955,-0.19277121095181038,
-0.039308735728263856,-0.28660240173339846,-0.48792514801025394,0.3530177175998688,0.03080853633582592,-0.07680056244134903,0.15229218724008511,0.0806297251199202,-0.19642633826145983,
0.007029791176319123,-0.26714224815368653,-0.4771798133850098,0.30947503447532654,-0.060271576046943665,-0.08791926503181458,0.16961165947561246,0.08390485222243273,-0.19902241379938063,
0.012713414430618287,-0.26866199970245364,-0.4494673252105713,0.29389554262161255,-0.13117824494838715,-0.10030296444892883,0.1843937940877943,0.08466293263574508,-0.2038115403628614,
0.028125539422035217,-0.2780433416366577,-0.48153243064880374,0.24582548439502716,-0.15627853572368622,-0.10423112660646439,0.206968133403189,0.0809618544287624,-0.2176139144278682,
-0.000780814839527011,-0.2769981861114502,-0.49730887413024905,0.13490481674671173,-0.10880768299102783,-0.07280582189559937,0.2183659733780175,0.07727068397317144,-0.22919252034548362,
-0.032711565494537354,-0.27287623882293705,-0.5479363441467285,-0.035138025879859924,0.021753787994384766,0.0016961116343736649,0.223603480339467,0.07540815150334677,-0.2356687929736806,
-0.04839150607585907,-0.2770723819732666,-0.5415218353271485,-0.15810948610305786,0.05910462141036987,0.049832750111818314,0.22394914771022506,0.07556100903124162,-0.23689231989991272,
-0.06943348050117493,-0.31989679336547855,-0.5266461849212647,-0.2732912003993988,-0.018260208889842033,0.06807540357112885,0.2095187213504195,0.0760722946956033,-0.23036068408251964,
-0.1068366289138794,-0.3461366176605225,-0.5125451564788819,-0.41137611865997314,-0.111670583486557,0.10642492026090622,0.19435028021507894,0.07156827164271277,-0.22890553039682135,
-0.19550507068634035,-0.37743160724639896,-0.520220136642456,-0.5891421437263489,-0.08796844631433487,0.23319140076637268,0.17438366218426254,0.06405040773321105,-0.2275317303031304,
-0.36283240318298343,-0.40075712203979497,-0.5253518104553223,-0.8846198916435242,-0.07265527546405792,0.49664464592933655,0.14806934608548905,0.05833448575323535,-0.2220364583566455,
-0.21583878993988037,-0.5272321701049805,-0.25582022666931153,-1.2878224849700928,-0.02312047779560089,0.7753443717956543,0.06382841744282264,0.03569927672349505,-0.17681435709743099,
0.2873642921447754,-0.6099576950073242,0.8404078483581543,-0.8528617024421692,-0.13737009465694427,0.6407216191291809,0.0027237187082223223,0.030489129671917636,-0.13817040879806317,
0.6846991062164307,-0.4585597038269043,2.405126762390137,0.08770027756690979,-0.4852455258369446,0.16860973834991455,-0.04236909698034046,0.02719937251016515,-0.10402379461846355,
0.5034931659698486,-0.1312495708465576,1.9543796539306642,0.24109835922718048,-0.20801043510437012,0.17646606266498566,-0.043553534574396854,-0.00580843938837805,-0.07615363462199823,
0.5190367221832276,-0.06918486952781677,1.735112762451172,0.5611437559127808,0.33287757635116577,0.24797195196151733,-0.024961974063502413,-0.005306155200157925,-0.06181037655746877,
0.734760046005249,-0.16559834480285646,1.416490650177002,0.8824540972709656,0.12421891838312149,-0.02227233722805977,0.001914107119774565,0.01141097893416701,-0.049392467080100116,
0.6628546237945557,-0.29672696590423586,0.9175547599792481,1.0420440435409546,-0.030777065083384514,-0.18326042592525482,0.042122031113643564,0.022092451365551182,-0.04492082416828159,
0.2613391399383545,-0.5333518981933594,-0.05335267186164856,1.060619592666626,0.022219842299818993,-0.21528492867946625,0.14497517815643662,0.027299426600390028,-0.060170502393931555,
0.16473652124404908,-0.5747737884521484,-0.4108901023864746,0.8608825206756592,0.16110369563102722,-0.16495119035243988,0.19633688450654363,0.03518430983018413,-0.06721179445921806,
0.12009972333908081,-0.5832902431488037,-0.517765235900879,0.7233302593231201,0.13740156590938568,-0.11541640013456345,0.24126068142642262,0.04658425580117637,-0.06872356018658515,
0.07939991354942322,-0.5848789691925049,-0.4956131935119629,0.6452996134757996,0.05897146463394165,-0.07207345217466354,0.3068796156912144,0.06229398716033494,-0.06578852423200188,
0.039400145411491394,-0.5445202827453614,-0.5513441562652588,0.43664097785949707,-0.021322842687368393,0.003959799185395241,0.3455700291167698,0.06624728640872866,-0.06543245652488013,
0.0760987401008606,-0.5051390647888184,-0.5686892986297608,0.2809792160987854,0.015162463299930096,0.015344812534749508,0.3689051291078114,0.06590805506134971,-0.06608523159895836,
0.09294620752334595,-0.46375837326049807,-0.5154255867004395,0.1738535463809967,0.04126144200563431,0.015677709132432938,0.3852643323485834,0.06533525648171522,-0.06537750261054111,
0.102646541595459,-0.4180069923400879,-0.4367121696472168,0.07505026459693909,0.021687209606170654,0.013214283622801304,0.4042898322681971,0.06492637036898213,-0.0610513436027286,
0.10595767498016358,-0.39853231906890874,-0.458482837677002,-0.04259487986564636,-0.008805986493825912,0.013280862011015415,0.4079488260141821,0.06461535655909069,-0.05987334780245585,
0.08210289478302002,-0.38086676597595215,-0.43198676109313966,-0.1384020894765854,-0.002747294958680868,0.03378720209002495,0.4069486650276344,0.064020177683724,-0.059887422539178364,
0.08804983496665955,-0.36495494842529297,-0.48423795700073247,-0.23707221448421478,0.01356456708163023,0.04270879179239273,0.39585555745871454,0.06135284980953795,-0.05934397594001947,
0.13584089279174805,-0.4067809581756592,-0.5062551498413086,-0.36650508642196655,0.013365358114242554,0.017735609784722328,0.3789637835705933,0.059396923917606745,-0.05758284685224343,
0.1421321749687195,-0.4578585147857666,-0.5501049518585205,-0.5823543071746826,-0.045956555753946304,-0.002970467321574688,0.3592605986436871,0.05895123154181951,-0.056838925967606715,
0.14825253486633302,-0.5030258655548095,-0.5735503196716308,-0.7229026556015015,-0.10288162529468536,0.032649312168359756,0.3325688653011985,0.0585259065032832,-0.057957900414855684,
0.2987475872039795,-0.4802313804626465,-0.5923071384429932,-1.0002708435058594,-0.11706295609474182,0.013075077906250954,0.2575715062116313,0.05051424937742846,-0.06416420573483975,
0.40043182373046876,-0.5130106449127197,-0.5398530960083008,-1.384564995765686,-0.06186894327402115,-0.08426345884799957,0.20511232642181054,0.04594257309548177,-0.06780145823267603,
0.44736704826354984,-0.5768439769744873,-0.20413055419921877,-1.4631283283233643,-0.14622457325458527,-0.15137511491775513,0.13272888159411603,0.03907129950121631,-0.07328004855562872,
0.4535599708557129,-0.6495945930480957,2.3434581756591797,-0.6773625612258911,-0.34702691435813904,-0.20636940002441406,-0.007658464923356269,0.0255589456699701,-0.09033281056530795,
0.4712864875793457,-0.46102089881896974,2.356797027587891,-0.003915700130164623,-0.21300333738327026,-0.23226863145828247,-0.03102841458625299,0.007161934097877608,-0.10144563849611517,
0.19374507665634155,-0.13834691047668457,1.7782476425170899,0.09788363426923752,0.26130566000938416,-0.07693976163864136,-0.03285171431248387,-0.0066688725925416565,-0.11272761253514306,
0.19815086126327516,0.08239758610725403,1.581247901916504,0.379912406206131,0.3869403004646301,-0.13579562306404114,-0.03035412025486352,-0.0028232740520216615,-0.11909750906780035,
0.24027259349823,0.0015512410551309587,0.8636214256286622,0.6780532598495483,0.11809417605400085,-0.2825357913970947,0.004869359837070185,0.03133970912165214,-0.13498608433740783,
0.11538861989974976,-0.08434993028640747,0.3582770347595215,0.696761965751648,0.07095622271299362,-0.3005787134170532,0.037137740428620315,0.039203299136730034,-0.14852238010193866,
-0.005939338356256485,-0.1649609684944153,-0.07948524355888367,0.558677077293396,0.12848049402236938,-0.232468381524086,0.06694844553193081,0.04470016754242858,-0.16367203967093938,
-0.10129246711730958,-0.25474910736083983,-0.34816577434539797,0.4659324884414673,0.14572446048259735,-0.17514383792877197,0.11612617713385921,0.06081984268093967,-0.18134521113976163,
-0.12051188945770264,-0.2890739440917969,-0.37262375354766847,0.3943600356578827,0.07574991136789322,-0.08692662417888641,0.14362750446212263,0.072855485184658,-0.1872273299046163,
-0.1271761655807495,-0.29818966388702395,-0.4513730049133301,0.28829964995384216,-0.02877916768193245,-0.01029415987432003,0.16333116455213922,0.07869518547089514,-0.18952313990262568,
-0.11019262075424195,-0.2890726804733276,-0.5207251071929931,0.19682006537914276,-0.04302708059549332,-0.006965208798646927,0.1797163328784284,0.07975166420457387,-0.19094024076250804,
-0.028325629234313966,-0.2673872709274292,-0.4867729187011719,0.14808420836925507,-0.019058629870414734,-0.010094422847032547,0.20027782990762902,0.07689182064774441,-0.1938654091330518,
-0.039181292057037354,-0.27560584545135497,-0.48952293395996094,0.061464905738830566,-0.012933358550071716,0.02905404567718506,0.20709971443782552,0.07633971446893377,-0.1945059653325084,
-0.02054056227207184,-0.27365522384643554,-0.5491108417510987,-0.07149341702461243,0.008638246916234493,0.0594140850007534,0.21126478108569452,0.07504867411988086,-0.19398186686107693,
-0.011756265163421632,-0.2680879592895508,-0.5665222644805908,-0.19107024371623993,0.01755998097360134,0.08118375390768051,0.2107032563747672,0.07346500797211275,-0.1920817813012134,
0.009623368084430695,-0.2745461702346802,-0.6158246040344239,-0.32049986720085144,-0.01626216433942318,0.07652322202920914,0.19383295929534677,0.06985900815354432,-0.1848272736420246,
-0.013297060132026674,-0.2889763116836548,-0.6298734188079834,-0.507653534412384,-0.05647589638829231,0.07079742103815079,0.17632851343257708,0.06667717851920481,-0.18241346989402069,
-0.09232406020164491,-0.3326997041702271,-0.609862756729126,-0.6908124089241028,-0.14649073779582977,0.15229016542434692,0.15235166838431138,0.06262208099916473,-0.1806324488901051,
-0.2833082914352417,-0.3331884860992432,-0.35714311599731446,-0.867047131061554,-0.21007370948791504,0.3495638370513916,0.08515698264596326,0.044248662618699836,-0.1709495522190175,
-0.19527655839920044,-0.3095860242843628,-0.12103264331817627,-1.122377634048462,-0.1707920879125595,0.5504993200302124,0.0361017512993347,0.03686924768772366,-0.1563721016042144,
0.10771294832229615,-0.5314525604248047,0.8361039161682129,-0.4527924060821533,-0.2080097645521164,0.3909759819507599,-0.016134544751136758,0.026632744742809213,-0.1307920116415178,
0.5844213485717774,-0.6911896228790284,2.7347419738769534,0.45993947982788086,-0.38337892293930054,0.1744609773159027,-0.060322067945736114,0.02158945952966783,-0.10363681990455294,
0.401269006729126,-0.24910776615142824,2.368961524963379,0.7325140237808228,0.0699576735496521,0.2857145369052887,-0.03638979462368644,-0.0038761713751276337,-0.07437544285871707,
0.7101266860961915,-0.16797240972518923,1.8025716781616212,1.1200040578842163,0.23700445890426636,0.11134405434131622,0.0025669851261146087,0.00269781903811264,-0.06012495901896213,
0.893796730041504,-0.27104077339172367,0.98353271484375,1.1948388814926147,0.039198167622089386,-0.11642280220985413,0.05471416185999972,0.016519737539882652,-0.04845888803936115,
