0.015648071467876435,0.3821967363357544,1.2855764389038087,-0.28482094407081604,-0.09610006958246231,0.054795823991298676,-0.031453525954124435,0.14583073997795615,0.1310224514659088,
0.27810144424438477,0.4352785587310791,1.1343551635742188,-0.2640482783317566,-0.009081276133656502,-0.016909794881939888,-0.04971065339204853,0.1420693258959092,0.13413680855212912,
0.22995984554290771,0.5279715538024903,1.2406722068786622,-0.012113254517316818,-0.10262481123209,0.03555447608232498,-0.0762557549788626,0.1372466239669446,0.13680057134376902,
0.192054283618927,0.5434710502624512,1.253544044494629,0.12191032618284225,-0.17086830735206604,0.06225267052650452,-0.08394674752542183,0.13523451836374242,0.13780080269950631,
0.15681377649307252,0.31697702407836914,0.5775428771972656,0.1540014147758484,-0.21054941415786743,0.049735814332962036,-0.07406103271734961,0.12271379641483487,0.1469745782861095,
0.12138230800628663,0.2224137306213379,0.3446226119995117,0.17976750433444977,-0.21021652221679688,0.03309105336666107,-0.06462818397652458,0.11357647575566132,0.15256980715866714,
0.011800235509872437,0.10539554357528687,0.0008274719119071961,0.21199175715446472,-0.18957701325416565,0.02496841363608837,-0.041419173430694976,0.09288984133309146,0.16223578262291136,
-0.03577726185321808,0.07316036224365234,-0.16523734331130982,0.21445517241954803,-0.18891122937202454,0.03402315825223923,-0.030471488820285657,0.0830184932218112,0.16472079212521118,
-0.04791650176048279,-0.00869160145521164,-0.42902784347534184,0.14468035101890564,-0.1574859321117401,0.022105515003204346,-0.0077106531669506925,0.06410112904636002,0.1689925830293624,
-0.06290436387062073,-0.022879578173160553,-0.5323020458221436,0.07437290251255035,-0.09337032586336136,0.013982875272631645,0.0021661543791717548,0.05489923326728777,0.17056811658621598,
-0.08521035313606262,-0.02601265609264374,-0.5703905105590821,0.006928347982466221,-0.014673914760351181,0.00552733801305294,0.013495493948064409,0.04209831653164175,0.17217343720879513,
-0.0501945972442627,-0.031735196709632874,-0.5272953987121582,-0.02855827473104,0.014620858244597912,-0.012116104364395142,0.015062593440422278,0.03966885507293988,0.17266992411663423,
-0.02244926393032074,-0.03118926584720612,-0.5152163982391358,-0.08035676181316376,0.047178003937006,-0.004326358437538147,0.015150775392326172,0.03926123688352877,0.17269830825891228,
-0.04796982705593109,-0.02435286194086075,-0.48610901832580566,-0.16264843940734863,0.15037550032138824,-0.009386364370584488,0.009780545566466566,0.04223140060811205,0.17196457605711135,
-0.01532491147518158,-0.013133700191974641,-0.43969130516052246,-0.20465980470180511,0.19678108394145966,-0.0335545539855957,0.00371246242751989,0.047135039521953984,0.17197400836855273,
0.035237962007522584,0.05893670916557312,-0.18908305168151857,-0.15845395624637604,0.1597631424665451,-0.03328823670744896,-0.015552118706452227,0.06497380513276887,0.16935567142875937,
0.09226434826850892,0.07054683566093445,-0.08588380813598634,-0.15046612918376923,0.19691450893878937,-0.08908455073833466,-0.02582787436449941,0.07417576373394934,0.16697953978577876,
0.1467889428138733,0.06248859763145447,-0.12356221675872803,-0.1756330132484436,0.24658246338367462,-0.1296977549791336,-0.03417185450628566,0.08205412689360667,0.16417406704313053,
-0.01068604812026024,0.11851298809051514,0.10113800764083863,-0.16071930527687073,0.25270774960517883,-0.08602191507816315,-0.054047187099170384,0.10190984791028324,0.15038191968339826,
-0.019796867668628693,0.23611435890197754,0.381261420249939,-0.07230234891176224,0.28526487946510315,-0.10113535821437836,-0.06653323641272031,0.11380538998969543,0.14191241347750558,
-0.052683019638061525,0.3997776746749878,0.8368339538574219,-0.012913854792714119,0.28040462732315063,-0.07410427182912827,-0.08497034702766586,0.1379764325142874,0.1248006927856993,
-0.052683019638061525,0.3997776746749878,0.8368339538574219,0.04128147289156914,0.13839153945446014,0.019239529967308044,-0.08497034702766586,0.1379764325142874,0.1248006927856993,
-0.07674256563186646,0.5371113300323487,1.1486544609069824,0.053598593920469284,0.11542177200317383,0.03468586504459381,-0.09042752709656035,0.1511537067070013,0.11559771827837075,
0.2194366216659546,0.4938523292541504,1.1398036003112793,0.4802370071411133,-0.01826891303062439,0.12323597073554993,-0.05790354661248232,0.16320541051279946,0.1260312669346236,
0.15865303277969361,0.38699882030487065,1.0002028465270996,0.5524752736091614,-0.14550143480300903,0.19867001473903656,-0.03228486652122524,0.16422947566674032,0.1324401235929972,
0.09228446483612061,0.23836040496826172,0.8314193725585938,0.5994800925254822,-0.2091509848833084,0.21977555751800537,-0.0021983366653848457,0.1616188211866316,0.14110025568100468,
0.15215737819671632,-0.13927661180496217,0.2890986680984497,0.6275764107704163,-0.16247908771038055,0.17743130028247833,0.06655988745707916,0.14142800191181032,0.16293051988103255,
0.16374094486236573,-0.2773380517959595,0.02606359422206879,0.6133285164833069,-0.11054744571447372,0.1284957081079483,0.0867917888922312,0.12312931486199642,0.16665642578151835,
0.14379261732101442,-0.36288907527923586,-0.17036124467849734,0.5753118991851807,-0.12406299263238907,0.1278299242258072,0.12068668601870908,0.11386564826395226,0.17229996885308577,
0.10049707889556886,-0.41816692352294926,-0.3070903539657593,0.4799041152000427,-0.1597493439912796,0.14134547114372253,0.1529374402443103,0.10610172074487323,0.17603323855525446,
0.08142588734626771,-0.4650838375091553,-0.6047659873962403,0.31152573227882385,-0.15928329527378082,0.12769676744937897,0.20868985821444994,0.08684802002522286,0.17983050039804596,
0.0842519998550415,-0.462954330444336,-0.6759035587310791,0.18029847741127014,-0.09889611601829529,0.08115802705287933,0.22833229214524267,0.07574422914452499,0.17979086833044372,
0.09969028234481812,-0.44996199607849124,-0.6918685913085938,0.09867259860038757,-0.045433156192302704,0.034819021821022034,0.24231627847108803,0.06617530056258705,0.179170858145376,
0.12328906059265138,-0.4319766998291016,-0.6665935516357422,-0.004458318930119276,0.004834010731428862,-0.031560271978378296,0.2570182349520374,0.056136601138088736,0.17809360111407388,
0.12972618341445924,-0.44201269149780276,-0.6726487159729004,-0.13375478982925415,0.038989052176475525,-0.0761016383767128,0.2591934196134224,0.0556939365512239,0.17746645414380663,
0.11617983579635621,-0.4324981689453125,-0.6892377853393555,-0.247004896402359,0.06548736989498138,-0.11285172402858734,0.25727041156991876,0.05776361261761239,0.17639593257587574,
0.14824821949005126,-0.45876264572143555,-0.6291788578033448,-0.4244379997253418,0.10203925520181656,-0.174503892660141,0.2383860616277389,0.0679167598459935,0.17338056217829206,
0.10509523153305055,-0.44582319259643555,-0.5601861000061036,-0.5223091840744019,0.12600770592689514,-0.1823602169752121,0.22077020376767303,0.07593731688052469,0.17036702282449787,
0.0032699357718229296,-0.3459892988204956,-0.2723045587539673,-0.5749732255935669,0.09271819144487381,-0.1486712396144867,0.17060530853393555,0.09584772455853595,0.16186834459663513,
0.02874598801136017,-0.2798884153366089,-0.09691396355628967,-0.5739745497703552,0.0547681488096714,-0.11265198886394501,0.14065328079916395,0.1055040919447559,0.15717060370567676,
0.0021152762696146966,-0.14102983474731445,0.09467881917953491,-0.6870923042297363,0.07807080447673798,-0.08455562591552734,0.07450270632757541,0.11699455813256769,0.1452202745089415,
0.04931916296482086,-0.0928893268108368,0.1944748401641846,-0.6968793869018555,0.09338398277759552,-0.03648557513952255,0.04209029772159468,0.1214231504080376,0.14102797713878268,
-0.0011728238314390182,0.09618510603904724,0.532561731338501,-0.48129647970199585,0.014887308701872826,-0.00765685411170125,0.0053641336989969455,0.12578546761801482,0.13689971993982164,
0.37098944187164307,0.3817090749740601,1.139588260650635,-0.36684712767601013,-0.07592649012804031,-0.037883732467889786,-0.057940248835309176,0.13202632528314084,0.13367262585609738,
0.3550004005432129,0.49950499534606935,1.0556680679321289,-0.1964714080095291,-0.1040894165635109,-0.039747945964336395,-0.0779464312635922,0.1287859196925086,0.13313574360134686,
0.30641486644744875,0.600140380859375,1.2772938728332521,0.004064623266458511,-0.16114763915538788,-0.03056003898382187,-0.09620941921120398,0.12458443838904741,0.132190419070629,
0.1883950710296631,0.5819602489471436,1.2094910621643067,0.23589280247688293,-0.20781953632831573,-0.024767665192484856,-0.10949021421114453,0.1116562122835117,0.1328659824487501,
0.1558263421058655,0.442718505859375,0.8399198532104493,0.2764394283294678,-0.21048270165920258,-0.02576635032892227,-0.10190122652786152,0.10256190319882613,0.13476418741856455,
0.02129358798265457,0.20839929580688477,0.23360126018524172,0.2964131534099579,-0.1739308089017868,-0.024035295471549034,-0.07545696787697889,0.08144958717670267,0.13832848290574778,
-0.01676546186208725,0.12468430995941163,0.029157283902168277,0.2941494584083557,-0.16174684464931488,-0.015912653878331184,-0.059884777397050934,0.07166949699463862,0.13936930181482252,
-0.0642833173274994,0.07218542098999024,-0.12172328233718872,0.29301759600639343,-0.15628737211227417,0.011983959004282951,-0.0434327051577253,0.06310855349092884,0.13977051266214177,
-0.12361934185028077,-0.0019498025998473168,-0.38152027130126953,0.20606540143489838,-0.14669999480247498,0.04254373162984848,-0.01337839597294451,0.04688363906308875,0.14059026637865676,
-0.09815614223480225,-0.03935875296592713,-0.5071558475494385,0.11625029146671295,-0.11633995920419693,0.03502030298113823,0.0006801646318888173,0.039203427110708934,0.14234462254320843,
-0.10134096145629884,-0.05628775954246521,-0.5996711730957032,0.027368109673261642,-0.05215790495276451,0.027897892519831657,0.018605240674872108,0.02531578938061269,0.1458710305210957,
-0.0825122594833374,-0.06603977084159851,-0.6090103626251221,-0.05538962408900261,0.03126561641693115,0.009322341531515121,0.02194645694201228,0.02105602081388788,0.147323290394678,
-0.07477090954780578,-0.068310284614563,-0.5840430736541748,-0.11151574552059174,0.06568697094917297,-0.0020626713521778584,0.022119369382855702,0.01954631344407913,0.14835483870425606,
-0.07164168357849121,-0.06435226202011109,-0.5084558963775635,-0.2027290165424347,0.09944254159927368,-0.0027950406074523926,0.01448077220804774,0.02389923116942026,0.1491161713285932,
-0.07758990526199341,-0.05064719319343567,-0.44773640632629397,-0.24347537755966187,0.13659363985061646,-0.009386364370584488,0.006605431743958204,0.02792602093034956,0.14910337068174803,
-0.07823945283889772,-0.0029845124110579493,-0.3347298860549927,-0.27257040143013,0.2073671519756317,-0.029626389965415,-0.015582286849972874,0.039393897213515716,0.14840201262723302,
-0.04974118173122406,0.033532968163490294,-0.21793694496154786,-0.23628485202789307,0.22281348705291748,-0.030558494850993156,-0.029431901934646846,0.04837594453030505,0.14680110535414503,
-0.035841223597526554,0.10073477029800415,-0.06829342246055603,-0.23994669318199158,0.1844639629125595,-0.006590045522898436,-0.043465506042109726,0.05921933221409395,0.14376826749976665,
-0.01814378798007965,0.11376981735229492,0.05475831627845765,-0.2663785517215729,0.18299922347068787,0.024036308750510216,-0.05119613502425624,0.07116871417773583,0.1412203226079972,
0.02537680268287659,0.2823210716247559,0.4150444984436035,-0.10359284281730652,0.1676194667816162,0.05173318088054657,-0.07737473407320454,0.08982965060001832,0.13754520284770863,
0.20461671352386476,0.363290286064148,0.8821270942687989,0.07364053279161453,0.018216125667095184,0.02683262713253498,-0.08888685438099338,0.09999384149441198,0.13732888378137698,
0.3646168947219849,0.4420970916748047,1.1787940979003906,0.1660522222518921,0.035193778574466705,0.017711300402879715,-0.09271110860389031,0.10783458775565187,0.13768262095736836,
0.3668703556060791,0.6341787338256837,1.3006303787231446,0.45174285769462585,0.08552752435207367,-0.07017301768064499,-0.0817801032944965,0.11140564465977518,0.1393555120662932,
0.4520573616027832,0.5779894351959228,1.1559666633605958,0.5049394369125366,-0.00501995487138629,-0.017176110297441483,-0.0668816722933162,0.11451053441835142,0.13769020429653425,
0.0928545892238617,0.4479986667633057,0.8865882873535157,0.5805066823959351,-0.1441701203584671,0.1096569374203682,-0.021012126764611505,0.11879121440620506,0.13129592583474367,
0.012174061685800553,0.2879944324493408,0.7400005340576172,0.637298583984375,-0.11567430198192596,0.12696747481822968,0.00736380826275956,0.11407074694155653,0.1340306078482993,
-0.0032336980104446414,-0.1122493863105774,0.31958229541778566,0.6502149105072021,-0.08631294965744019,0.13715407252311707,0.07244726525950593,0.09922423114760585,0.14500353274892872,
-0.045270574092864994,-0.2378778696060181,0.13530801534652712,0.6437567472457886,-0.11114692687988281,0.14707434177398682,0.10666510122117749,0.0926731574798153,0.1500184925550384,
-0.009864378720521927,-0.46109533309936523,-0.27207629680633544,0.5484815835952759,-0.10395630449056625,0.13701988756656647,0.16711553490674558,0.0789033103636568,0.15730784551716967,
0.009869534522294998,-0.5172906875610351,-0.4134401321411133,0.45933228731155396,-0.06467467546463013,0.10499536991119385,0.19835021441241646,0.06985547818688853,0.1604413868177984,
0.038348475098609926,-0.5498060703277589,-0.5241946220397949,0.3494769036769867,-0.039507802575826645,0.08528798818588257,0.22630382495111895,0.06159419378167073,0.16269627923009708,
0.06511269807815552,-0.5320447444915771,-0.6801793575286865,0.15180376172065735,-0.03797648474574089,0.0709734857082367,0.26985753601167245,0.05041417316127177,0.16584616147051368,
0.08116151690483094,-0.5109043598175049,-0.7284462928771973,0.015849387273192406,-0.010612503625452518,0.039881087839603424,0.2833595689492015,0.04599528615613552,0.16683603197434044,
0.0980622947216034,-0.501794958114624,-0.7196232795715333,-0.08901257812976837,0.027603857219219208,-0.0063247596845030785,0.29069954325436337,0.042180896994273936,0.1676635991272071,
0.14997918605804444,-0.496446180343628,-0.6945914745330811,-0.24101251363754272,0.10410316288471222,-0.09347671270370483,0.28909861851114615,0.04031153932885515,0.1694087903340921,
0.16588882207870484,-0.4843362331390381,-0.6843645095825196,-0.34580790996551514,0.12234581261873245,-0.14281177520751953,0.28144289773989156,0.04407461273197209,0.17054268263984038,
0.18227953910827638,-0.4771667003631592,-0.5980174541473389,-0.49161598086357117,0.13925689458847046,-0.2045305371284485,0.2528661531036258,0.06017799024403541,0.1713748494662203,
0.14637573957443237,-0.4749391555786133,-0.539565134048462,-0.6237087845802307,0.1533716470003128,-0.21085554361343384,0.23172176614393325,0.0709269304067523,0.16939974952793604,
0.017081473767757416,-0.3713556289672852,-0.2720260858535767,-0.6722449064254761,0.10117368400096893,-0.1612541675567627,0.17425597478308041,0.09551948870576195,0.1610427086442747,
0.00808403268456459,-0.27925217151641846,0.002867070585489273,-0.6137219071388245,0.038789138197898865,-0.10958883166313171,0.1379269700804054,0.1067528851553439,0.15549347152842916,
-0.050019317865371705,-0.04543116986751557,0.380760931968689,-0.5195125937461853,0.08399629592895508,-0.051465339958667755,0.06745991484364902,0.11854383007986219,0.14350726123067167,
-0.0032910391688346866,0.1022464156150818,0.5690660953521729,-0.4418814480304718,0.048243358731269836,-0.031558211892843246,0.03539187874064594,0.12207935902195792,0.13966384561246692,
0.2915578126907349,0.31289472579956057,0.6976052284240724,-0.4509361982345581,-0.020066726952791214,-0.018442142754793167,-0.016787395051333146,0.12934874833882157,0.13498038811116986,
0.22108898162841797,0.5051519393920899,0.9605448722839356,-0.1982021927833557,-0.0801210105419159,-0.0057255481369793415,-0.041814179647922896,0.13012573541632266,0.1324050861244874,
0.2279092311859131,0.624510669708252,1.366257667541504,-0.013511965051293373,-0.11108025908470154,-0.02490030787885189,-0.06584193515169282,0.1291853088831921,0.13112785357206241,
0.2938293695449829,0.6077351093292237,1.0715805053710938,0.14721159636974335,-0.16201350092887878,-0.038945138454437256,-0.0821042766113297,0.12061429209606735,0.13214110782182995,
0.2553403854370117,0.5236218452453614,0.8050944328308106,0.1908208578824997,-0.20449092984199524,-0.0386122427880764,-0.07883279268737715,0.11383839430531098,0.1320687199618495,
0.07492525577545166,0.30997016429901125,0.35349435806274415,0.22204641997814178,-0.2367817610502243,0.004464388824999332,-0.06216990044808967,0.09527344094454095,0.13220276810484993,
-0.015225166082382204,0.24353039264678955,0.21205921173095704,0.2689846456050873,-0.24377255141735077,0.007859919220209122,-0.05169865673041438,0.08391092715733842,0.13310777806420712,
-0.06784505248069764,0.09322603344917298,-0.03287938535213471,0.29594913125038147,-0.20096224546432495,0.005862548016011715,-0.024171297054167325,0.06123118982362119,0.1371926923095673,
-0.11505941152572632,0.02870476543903351,-0.19691057205200196,0.2462146133184433,-0.14623427391052246,3.5939738154411316e-06,-0.00917877900820784,0.049492136925065655,0.13823441727689165,
-0.14173926115036012,-0.030007231235504153,-0.47076115608215335,0.14108632504940033,-0.07133287191390991,0.01711440458893776,0.019111414104340994,0.03110092238364988,0.1382221095966909,
-0.12447983026504517,-0.04629826545715332,-0.5169381141662598,0.06858176738023758,-0.05695180222392082,0.0209759883582592,0.029666210274616887,0.02551053218477321,0.13810507145388096,
-0.07354641556739808,-0.062254619598388676,-0.5477579593658447,-0.011113329790532589,0.008695121854543686,0.001934385858476162,0.04188453547312758,0.01834037538915883,0.13911450734662228,
-0.06306474804878236,-0.08059626817703247,-0.5489244937896729,-0.10452370345592499,0.08359652757644653,-0.017573270946741104,0.04326599949153004,0.016563162996288947,0.13993988373149416,
-0.06881560087203979,-0.0767044723033905,-0.522428560256958,-0.18122275173664093,0.10470207780599594,-0.010182997211813927,0.040245882433819935,0.019399448302521237,0.13976778421096395,
-0.08661821484565735,-0.06075774431228638,-0.4669341087341309,-0.21444569528102875,0.10922945290803909,0.002999650314450264,0.03430466134287061,0.0239218835842604,0.13937871653893252,
-0.06921262741088867,-0.020327650010585785,-0.2951805353164673,-0.25226256251335144,0.1616937220096588,-0.008917996659874916,0.015008426851150938,0.03469097979419431,0.13960048524921612,
-0.03370793461799622,-0.003953357413411141,-0.2595041036605835,-0.27343469858169556,0.21149484813213348,-0.03355223685503006,0.00331803471809532,0.041132046100906865,0.13999836180607242,
-0.026908656954765322,0.022396939992904666,-0.20565650463104249,-0.2802257835865021,0.236262246966362,-0.016907479614019394,-0.00964876328134829,0.04954470707239861,0.13939899730901256,
-0.04328541457653046,0.0815000355243683,-0.016933152079582216,-0.31551265716552734,0.23293328285217285,0.0053964946419000626,-0.03595782636889691,0.07258967845383373,0.1355419809355605,
0.03479365408420563,0.12634426355361938,0.07500545382499696,-0.27583155035972595,0.23233407735824585,-0.02223380282521248,-0.04745793883595336,0.08555225666844654,0.1346888979313039,
0.1314679503440857,0.20404181480407715,0.2766573190689087,-0.18788065016269684,0.24458461999893188,-0.025762490928173065,-0.06393209528206546,0.0972365616291011,0.13272589059554668,
0.041919150948524476,0.44021682739257817,0.8652867317199707,-0.0494656041264534,0.1771405041217804,0.05952010303735733,-0.0927161756065087,0.11997971426106568,0.12424670947334468,
-0.016788607835769655,0.623288917541504,1.1436478614807128,0.1781015247106552,0.08592724055051804,0.12703122198581696,-0.10172316834450644,0.13126488463617303,0.11975285292405179,
0.23960704803466798,0.6728293895721436,1.4369555473327638,0.4241110384464264,-0.029187895357608795,0.114714115858078,-0.09859871899495906,0.14835374210425104,0.12275379905285541,
0.30586698055267336,0.5432957649230957,1.219111728668213,0.5576019883155823,-0.16048173606395721,0.15712495148181915,-0.08043729284276832,0.15254299009196065,0.12857437264497915,
0.1322383761405945,0.27914862632751464,1.0387870788574218,0.723117470741272,-0.21494339406490326,0.15592652559280396,-0.026239108555265633,0.14795206916739823,0.14403127253955797,
0.10669989585876466,0.048768034577369695,0.7552178859710694,0.7891638278961182,-0.1747962385416031,0.14873598515987396,0.010131853625706334,0.1379876018397819,0.1536830465308924,
0.037385579943656926,-0.34526686668396,0.20036973953247073,0.7385637760162354,-0.15568804740905762,0.13468781113624573,0.09113461455580112,0.11540138740382637,0.16700779556131554,
0.048305544257164004,-0.44659099578857425,-0.06773360967636109,0.6845681667327881,-0.16747254133224487,0.14008072018623352,0.12919556214264935,0.10534945005311855,0.16991088053055453,
0.009737259894609452,-0.5784119129180908,-0.3821863889694214,0.5377614498138428,-0.14010855555534363,0.13921518623828888,0.20431857684284344,0.08430476861402371,0.17388437769949341,
0.028728345036506654,-0.5845012187957764,-0.5207527160644532,0.3933515250682831,-0.10695220530033112,0.11185121536254883,0.23664450910421392,0.07317922214871718,0.17426350611191246,
0.04648919999599457,-0.5743299961090088,-0.5823120594024659,0.2941487729549408,-0.08917560428380966,0.07956039160490036,0.263901770497857,0.0632074727577696,0.17423311856597745,
0.08527129888534546,-0.557259464263916,-0.6505704402923584,0.056594785302877426,-0.01880156621336937,0.024499529972672462,0.30228090438605504,0.04818495917487179,0.1727411730756564,
0.08898360133171082,-0.5238964080810548,-0.6737896919250489,-0.11431358009576797,0.02114585041999817,-0.02137342095375061,0.31828834076392887,0.04131048780346913,0.17094962655139373,
0.11985656023025514,-0.5156137943267822,-0.6388978004455567,-0.2246350198984146,0.03912218660116196,-0.06604795157909393,0.31755596887626364,0.04098240700411928,0.17118933834069058,
0.14177597761154176,-0.5074195384979249,-0.6027353286743165,-0.3220401406288147,0.06921590864658356,-0.11365195363759995,0.3117015289922224,0.042521216382116575,0.17145807632943091,
0.16524012088775636,-0.5032407283782959,-0.5634260177612305,-0.4605245292186737,0.1272728145122528,-0.18662257492542267,0.28636310160582795,0.051747967639305024,0.1706508106735091,
0.16004683971405032,-0.492356014251709,-0.5119363307952881,-0.5540014505386353,0.14917731285095215,-0.2283010482788086,0.2669376656427252,0.06028223828417468,0.16958787085782523,
0.13173246383666992,-0.471335506439209,-0.4270936965942383,-0.6238417029380798,0.14638081192970276,-0.21538253128528595,0.24300528758091294,0.0715420683532687,0.16751549021900747,
-0.02681678533554077,-0.3913449764251709,-0.20706789493560793,-0.8313019275665283,0.07054729759693146,-0.08342289179563522,0.18269771496103202,0.09756459896736228,0.1589349933740506,
-0.07534199357032777,-0.2737886428833008,-0.11374713182449342,-0.8187850713729858,0.04704490303993225,-0.026497818529605865,0.1460074249400225,0.1073669518484523,0.15369480275945793,
0.06056808233261109,-0.11213164329528809,0.41314282417297366,-0.6298338174819946,0.059162285178899765,-0.0003988398239016533,0.055899680350729224,0.11838009451687663,0.14689983286245398,
0.128268563747406,0.09094023704528809,0.7172842025756836,-0.4793652296066284,0.12347763031721115,-0.11058713495731354,0.017001353796832607,0.12035294262604714,0.14689091575336813,
0.4075031757354737,0.48797197341918946,1.2467228889465334,-0.263915479183197,-0.01933439075946808,-0.13162609934806824,-0.04544829993186331,0.12812363648538933,0.1426610079229865,
0.24358029365539552,0.6230966091156006,1.4918179512023926,-0.018904659897089005,-0.19863171875476837,-0.03928099200129509,-0.06817007859519174,0.13124509089016914,0.13410885042052378,
0.10038719177246094,0.7018662929534912,1.513648796081543,0.16911451518535614,-0.13005532324314117,-0.08002735674381256,-0.08182893062042329,0.1265722782716805,0.12893411648095898,
0.2152641296386719,0.5103114604949951,0.9111330032348633,0.3542042076587677,-0.07472813874483109,-0.1115192398428917,-0.07982099162477814,0.1080391184440282,0.1281696778328244,
0.09718195199966431,0.39966199398040775,0.604522180557251,0.3854963481426239,-0.14969614148139954,-0.027762819081544876,-0.06835865637109868,0.1022209003313209,0.12339740261792638,
-0.044060859084129336,0.2802197217941284,0.33954381942749023,0.34914422035217285,-0.21700753271579742,0.03715173527598381,-0.05199279642556176,0.09729989872806595,0.11848652102321008,
-0.09899741411209106,0.06949438452720642,-0.10045653581619263,0.31305837631225586,-0.20275962352752686,0.07416967302560806,-0.011135320261984213,0.08360407095423351,0.11955950573473584,
-0.095272433757782,0.005690605565905571,-0.2324394702911377,0.29075440764427185,-0.14270533621311188,0.06438255310058594,0.006531111441879107,0.07224667016103535,0.12269613427485998,
-0.06928484439849854,-0.05971454977989197,-0.3524491310119629,0.22817011177539825,-0.07519419491291046,0.052464909851551056,0.023259890469812552,0.061796695774467954,0.12603294115218375,
-0.05472903847694397,-0.10215480327606202,-0.566425371170044,0.07390650361776352,-0.011744380928575993,0.031226199120283127,0.05211751234419567,0.048141493161405015,0.1309278950995248,
-0.03343358337879181,-0.12253855466842652,-0.6049205780029298,-0.015642287209630013,0.002703268313780427,0.04214515909552574,0.06177514080943127,0.045491845410367375,0.1327674268701527,
-0.04120817184448242,-0.12170445919036865,-0.5861514568328857,-0.1229676827788353,0.04751095548272133,0.02783067151904106,0.0679712671738661,0.04375684233453178,0.13610922065620185,
-0.007412869483232498,-0.13131407499313355,-0.5837924480438232,-0.20226331055164337,0.10290470719337463,-0.0010646297596395016,0.06569902836335215,0.04385520872238564,0.13834864886441822,
0.009207920730113983,-0.1191282868385315,-0.48551058769226074,-0.29447320103645325,0.1296025663614273,-0.004789195954799652,0.05131476557709744,0.049940213342251995,0.14148816958606258,
-0.03084131181240082,-0.081284499168396,-0.3740339994430542,-0.31005269289016724,0.13705942034721375,0.005597132258117199,0.03928213718376836,0.05592518847466947,0.1418396176192655,
-0.023727411031723024,0.00988166928291321,-0.15554890632629395,-0.294939249753952,0.2076997607946396,0.007195029407739639,0.008942768294499363,0.06921909276247816,0.14271617962438654,
-0.028257432579994204,0.07353577017784119,-0.06394018530845642,-0.25346052646636963,0.2937864363193512,-0.006653408519923687,-0.006311354102578132,0.07697177926000268,0.14301514087930356,
0.0788339376449585,0.276435923576355,0.36252851486206056,-0.04113999009132385,0.5377320051193237,-0.16770808398723602,-0.03404272741074134,0.1010074279921712,0.14239730398767406,
0.20687196254730225,0.3299519777297974,0.6284396648406982,-0.11071507632732391,0.3202182948589325,-0.1176406517624855,-0.04519143844417026,0.11897150534076184,0.13755407003178025,
0.1937859058380127,0.4929647445678711,0.8054828643798828,-0.033816296607255936,-0.14869777858257294,0.17277707159519196,-0.053284772711846964,0.14363656930166238,0.12501911399511667,
-0.1866526484489441,0.9584007263183594,1.7338491439819337,0.4532092809677124,-0.12639379501342773,0.1893552541732788,-0.06737095892168235,0.1670867041746346,0.11297555608780734,
0.25524871349334716,0.7127130508422852,1.5254897117614747,0.6530795097351074,0.00043924443889409304,0.023972947150468826,-0.0513931896933174,0.1580467412947307,0.13091078053071753,
0.4342233180999756,0.4615987777709961,1.1629218101501466,0.7480212450027466,-0.10408982634544373,0.1056654080748558,-0.02350383720835378,0.15249471155930985,0.1429971442659798,
-0.018994611501693726,0.11140141487121583,0.6210490703582764,0.7349051833152771,-0.2810569107532501,0.25240558385849,0.0461521556746873,0.14910323284979793,0.14878461186995587,
-0.028306308388710025,-0.11092706918716431,0.2780770301818848,0.7167291045188904,-0.2622816264629364,0.24454927444458008,0.08789673453209515,0.13816320451229946,0.1560999005468754,
0.0786153018474579,-0.4657808780670166,-0.17127904891967774,0.6172600388526917,-0.16381122171878815,0.14128519594669342,0.16313450399665452,0.10303042636981934,0.1676324136243933,
0.11886932849884034,-0.5436412334442139,-0.36333346366882324,0.5105338096618652,-0.067804254591465,0.07397378981113434,0.19949157935813944,0.08694580349477389,0.17044374724077552,
0.08960573077201844,-0.540088415145874,-0.5482945919036866,0.35533812642097473,-0.03744422271847725,0.049539294093847275,0.2595722358430468,0.06793301273648668,0.17066779380671607,
0.0789271116256714,-0.5158830642700195,-0.5558757305145264,0.21452347934246063,-0.10129351168870926,0.09268249571323395,0.2829514813299101,0.06451896294070235,0.171187890104549,
0.03221943974494934,-0.48066082000732424,-0.5582155227661133,0.11465494334697723,-0.11008194088935852,0.09108459949493408,0.3013544968070553,0.06134267003149278,0.1712371984768898,
0.08654670119285585,-0.5031695365905762,-0.6157273769378663,-0.034415509551763535,-0.03305000811815262,0.0077942414209246635,0.32201455429839787,0.04848112406921595,0.1677809216847581,
0.1232810378074646,-0.525763750076294,-0.625719976425171,-0.17030489444732666,0.07234485447406769,-0.09560595452785492,0.3248156067415904,0.042912964611046975,0.16567970100444426,
0.1404801368713379,-0.5254078865051269,-0.6447330474853517,-0.2631826400756836,0.10383673012256622,-0.1376173049211502,0.3231488865944019,0.04140362267375139,0.1643675641039162,
0.08652631044387818,-0.5093024253845215,-0.5463434219360351,-0.40785887837409973,0.0844622328877449,-0.1562594324350357,0.3054269900468908,0.0531397863296884,0.16488003266268456,
0.07934943437576295,-0.5061184883117676,-0.4954927444458008,-0.5382871627807617,0.09371671825647354,-0.1815594732761383,0.2896963750638454,0.06218706590886199,0.16477829375108022,
0.03265931606292725,-0.505532455444336,-0.4380047798156739,-0.6988757848739624,0.14478284120559692,-0.17223840951919556,0.24371005445844235,0.0804851795409208,0.16011970889947205,
0.0038444656878709794,-0.48601965904235844,-0.37557897567749027,-0.8249764442443848,0.11362385004758835,-0.14946837723255157,0.21243479854567998,0.09106493062043208,0.15677689844907453,
0.03080861270427704,-0.4827887535095215,-0.23976149559020998,-0.9025410413742065,0.08486171066761017,-0.1250338852405548,0.17565151499758844,0.10207085295587373,0.15370791523579455,
0.015162762999534608,-0.4072758197784424,0.1352889657020569,-0.9423552751541138,0.08173249661922455,-0.009585844352841377,0.07790548994615636,0.11786822776629098,0.14032019519879668,
-0.002784039080142975,-0.23830120563507082,0.4754342079162598,-0.7338963150978088,-0.007483401335775852,-0.044007204473018646,0.029028497884307714,0.12315404761281114,0.13608725987278691,
0.253396201133728,-0.10850168466567994,1.0177854537963869,-0.5629879832267761,-0.07206506282091141,-0.1646483987569809,-0.019117693080204307,0.12743150892163813,0.13533394055195408,
0.5597086906433105,0.1764964461326599,1.2182438850402832,-0.3096548020839691,-0.06427531689405441,-0.18981526792049408,-0.09414032548720766,0.12436150885920241,0.12854169242514943,
0.3984174013137818,0.36012113094329834,1.4058349609375,-0.09120900183916092,-0.07645927369594574,-0.26797905564308167,-0.12373623243950559,0.11813090574349736,0.1203517713433014,
0.48307423591613774,0.39473996162414554,1.429714298248291,0.022840874269604683,-0.10881668329238892,-0.26837852597236633,-0.14474955877928972,0.11141132431209554,0.11252711605593331,
0.20651845932006838,0.4866792678833008,0.9903393745422364,0.19195160269737244,-0.228525772690773,-0.18302421271800995,-0.16068927603965838,0.09180967079972571,0.09235754057748677,
0.10158601999282837,0.45394253730773926,0.783495855331421,0.19641239941120148,-0.2783268988132477,-0.16305050253868103,-0.15848468438663182,0.07950957947941273,0.08493385477709046,
-0.04566041827201844,0.32323775291442874,0.3300803184509278,0.1947479248046875,-0.295304536819458,-0.129095196723938,-0.14084081106390564,0.04995793160363344,0.07914224997498312,
-0.18124468326568605,0.31992950439453127,0.20644800662994386,0.23695902526378632,-0.26128265261650085,-0.1021306961774826,-0.13130984003720297,0.032893036081859894,0.0779981855265474,
-0.2761377811431885,0.3029411315917969,0.11767221689224244,0.25094062089920044,-0.22113551199436188,-0.0810251459479332,-0.12161932942783117,0.016150414663546907,0.07745543322283766,
-0.38974502086639407,0.25335249900817874,-0.10345259904861451,0.28083524107933044,-0.1486310511827469,0.0023995377123355865,-0.09765242625103766,-0.011809148048844142,0.07676574357487596,
-0.42826032638549805,0.21645002365112306,-0.1995444655418396,0.25666704773902893,-0.0879109650850296,0.041814323514699936,-0.08026906883868175,-0.012324038329961276,0.07837926342309329,
-0.35642576217651367,0.09959527254104615,-0.45103292465209965,0.13283005356788635,0.029534436762332916,0.06718093901872635,-0.044276092304370004,-0.002425209432862731,0.08581192557628363,
-0.323155951499939,0.0734262764453888,-0.5352181434631348,0.050871264189481735,0.08665924519300461,0.08968465030193329,-0.03268587054298442,-0.004905079204937831,0.08903161502858,
-0.2883742332458496,0.038813555240631105,-0.532213544845581,-0.033684104681015015,0.16322511434555054,0.10819361358880997,-0.02019858614384229,-0.0008064868984922549,0.09674860811571935,
-0.25078735351562503,0.021181122958660127,-0.480482816696167,-0.08974364399909973,0.2003762125968933,0.10559703409671783,-0.018908874041064838,0.005089471565741105,0.1019736396463344,
-0.20240678787231448,0.022863912582397464,-0.3581826210021973,-0.15192845463752747,0.2569018304347992,0.14361365139484406,-0.023110231783948536,0.023102278267693278,0.11195801392907233,
-0.2301665782928467,0.04930616319179535,-0.27260043621063235,-0.16610978543758392,0.29625004529953003,0.1800323873758316,-0.028353069691854325,0.03445049211271291,0.11687327520828777,
-0.20317854881286623,0.09666810631752015,-0.1272844910621643,-0.1521947681903839,0.3205513656139374,0.16824789345264435,-0.03505928479941407,0.04807086451234555,0.12278310639447941,
-0.008198299258947373,0.16601094007492068,0.14866673946380615,-0.13428501784801483,0.3598995804786682,0.24228377640247345,-0.045719885614527694,0.08487454994546399,0.13852514531745327,
-0.0075790628790855415,0.25620970726013187,0.32444629669189456,-0.08208705484867096,0.30663636326789856,0.27477434277534485,-0.05148735703420216,0.10315808519829085,0.14490394680759663,
0.42199549674987796,0.3934931516647339,1.0681868553161622,0.2582649290561676,0.04304997995495796,0.22557243704795837,-0.05681162150302081,0.14235109881128005,0.16453270237052495,
0.7061625003814698,0.43825798034667973,1.4736974716186524,0.5109323263168335,-0.010013505816459656,0.08082963526248932,-0.05216531715149202,0.15716215840067108,0.17752612140139315,
0.983308506011963,0.25927507877349854,1.277865791320801,0.6767807006835938,-0.07985490560531616,-0.039012618362903595,-0.011961872238223068,0.16445591848731225,0.1998064016031113,
0.7494946956634522,0.17785650491714478,1.06329345703125,0.7651976346969604,-0.18092188239097595,-0.007986790500581264,0.01756209067552002,0.1639566287272133,0.2009829511223962,
0.3159184217453003,-0.08872226476669312,0.6678680896759034,0.8050119280815125,-0.17086844146251678,0.05479723587632179,0.0848553155251768,0.15512635478012524,0.1955170621368053,
0.14214552640914918,-0.254239821434021,0.31510353088378906,0.7597382068634033,-0.14137393236160278,0.0699106752872467,0.12354103331785085,0.14526926451092945,0.19222947682949704,
0.09847074151039124,-0.5058294773101807,-0.18863807916641237,0.5902932286262512,-0.16820505261421204,0.07876323163509369,0.20146809677033306,0.12738091170122398,0.18696892304987753,
0.07194355130195618,-0.544518232345581,-0.3610623121261597,0.4403572678565979,-0.17659401893615723,0.10685959458351135,0.23734297209807617,0.11938143165403775,0.18463915081301127,
0.009385620057582856,-0.554594087600708,-0.4804820537567139,0.3171194791793823,-0.15801846981048584,0.10486221313476562,0.2676578182920035,0.11087301132772219,0.18106138648610715,
0.041444665193557745,-0.5924179553985596,-0.6397144794464111,0.07377314567565918,-0.08737812936306,0.04267740622162819,0.31033905513568827,0.09182498302422862,0.1736090711404627,
0.11448559761047364,-0.6105875968933105,-0.6727229595184326,-0.04440463334321976,-0.03278331831097603,2.4866312742233276e-07,0.3488405166110629,0.09731291596070653,0.188407114232122,
0.11952513456344604,-0.6037277698516846,-0.6225994586944581,-0.13648343086242676,0.02394201047718525,-0.05359587073326111,0.37667801891236563,0.0996330797631459,0.20240504009478413,
