-0.0068068824708461765,-0.06932939291000366,-0.4326542854309082,-0.419626384973526,-0.060405634343624115,0.05204014852643013,0.1594237802398082,-0.02235206236815568,-0.18719603603800594,
0.05141936540603638,-0.03671006560325623,-0.2882300138473511,-0.446258008480072,-0.11033990234136581,0.014556157402694225,0.11736435363281207,-0.02982198495871384,-0.18426659969776374,
0.060887092351913454,-0.03914129137992859,-0.20356805324554444,-0.46869513392448425,-0.1168646514415741,-0.0029541272670030594,0.09479645775656821,-0.03520318324635643,-0.18508859286523746,
0.05513936877250672,-0.05150253772735596,-0.14444082975387573,-0.5157665014266968,-0.08963382989168167,0.007631937973201275,0.07179105229569512,-0.041008413850940506,-0.18687090184738542,
0.10918415784835817,-0.03072417974472046,0.1050994634628296,-0.5141686201095581,-0.08590540289878845,0.0020393002778291702,0.01935690309992896,-0.05283216007908015,-0.1877532689814179,
0.14035425186157227,0.0183598130941391,0.26567854881286623,-0.45371484756469727,-0.1186622828245163,-0.04316786304116249,-0.0066495877019908025,-0.0573099310727234,-0.18798190832901346,
0.18939139842987063,0.058817052841186525,0.4191905021667481,-0.34219497442245483,-0.14589309692382812,-0.08424711972475052,-0.03056957801386327,-0.06292397949498886,-0.1892061040083206,
0.17642134428024292,0.11331422328948976,0.5535137176513673,-0.2571735680103302,-0.09675778448581696,-0.08884107321500778,-0.05062860737994262,-0.07022403169398841,-0.1920156088362101,
0.12737479209899902,0.2187424659729004,0.569541883468628,-0.20291167497634888,-0.020857689902186394,-0.09683055430650711,-0.0775295589013395,-0.08286579263212807,-0.19884751273305504,
0.12492265701293946,0.23471732139587403,0.6497592926025391,-0.1007128581404686,-0.019526109099388123,-0.13398166000843048,-0.0873581453214351,-0.08553911793535778,-0.20314581894347664,
0.11661728620529176,0.22697236537933352,0.7005151748657227,-0.0035074823535978794,-0.0124687310308218,-0.16747091710567474,-0.09329830454227876,-0.08810570590618173,-0.20910901145372016,
0.040421709418296814,0.17967272996902467,0.754765510559082,0.136971578001976,0.023484380915760994,-0.1785280406475067,-0.09112753705837504,-0.09420041664778042,-0.2257730199269675,
0.0007003525272011757,0.1434569835662842,0.6860185623168946,0.23424354195594788,0.08293945342302322,-0.1712709218263626,-0.08228476646133467,-0.09580960518936162,-0.23562535829927309,
-0.03512078523635864,0.12476961612701416,0.5072614669799805,0.283245712518692,0.1206897646188736,-0.15961959958076477,-0.06865615565048193,-0.09485215544111984,-0.2458671154825044,
-0.06654554605484009,0.11119846105575562,0.3723940372467041,0.3221944570541382,0.1020476371049881,-0.15649038553237915,-0.05278212961558976,-0.09103127058009777,-0.25604473559561236,
-0.0840723991394043,0.06158254742622376,0.13305209875106813,0.34183526039123535,0.08467050641775131,-0.16035196185112,-0.016437913704998763,-0.08188483233090531,-0.2741347994333277,
-0.09296372532844543,0.03506555855274201,0.0520444929599762,0.34489789605140686,0.08387155830860138,-0.17346802353858948,0.002997604617703874,-0.07751719357279367,-0.28276244227929037,
-0.052457594871521,0.004456138983368873,-0.03300659954547882,0.3488926589488983,0.09066262096166611,-0.21914124488830566,0.02386773360994438,-0.06797898301559373,-0.29145969232931496,
-0.16228017807006836,-0.07134534120559692,-0.15789022445678713,0.3446315824985504,0.06842523068189621,-0.19736990332603455,0.06310594603292459,-0.056098285662574396,-0.31151718335901174,
-0.20139315128326418,-0.096772301197052,-0.26135466098785404,0.27558913826942444,0.07028944045305252,-0.14523851871490479,0.08251870410301168,-0.05019813170280032,-0.3210717209880263,
-0.22545402050018312,-0.1157416582107544,-0.3476136684417725,0.20534823834896088,0.07215365022420883,-0.09610320627689362,0.09941592630086968,-0.04446605263104329,-0.32843136491372843,
-0.23384947776794435,-0.12092058658599854,-0.37636613845825195,0.15275080502033234,0.05024915188550949,-0.047300778329372406,0.11270466632481085,-0.03885604813199646,-0.3334463033954233,
-0.23858439922332764,-0.11166502237319947,-0.42888894081115725,0.10840918123722076,0.01110068242996931,-0.013278894126415253,0.13072769039499088,-0.03092970612002078,-0.3375882451830718,
-0.21572878360748293,-0.10178627967834473,-0.4487512588500977,0.023121444508433342,-0.020391197875142097,0.008825342170894146,0.13612722451789813,-0.0302536403988702,-0.3380001625329898,
-0.2022411823272705,-0.09965188503265382,-0.4848390102386475,-0.05271207168698311,-0.021922515705227852,0.03951827436685562,0.13929903590320905,-0.030989500832223252,-0.3382163625456324,
-0.2230412006378174,-0.0890643060207367,-0.47857232093811036,-0.13973085582256317,-0.03783490136265755,0.08918622881174088,0.13580294044174193,-0.03437149787277336,-0.3362648470191039,
-0.219917368888855,-0.07618107795715333,-0.4245530128479004,-0.17681537568569183,-0.0784481093287468,0.11608415842056274,0.12900249479423212,-0.03738136207937017,-0.333147594118438,
-0.20644044876098633,-0.05868739485740662,-0.4053971290588379,-0.24172993004322052,-0.10454709082841873,0.1313973367214203,0.12036922596221199,-0.042359282563179564,-0.3292843329475179,
-0.20691845417022706,-0.054511576890945435,-0.40585851669311523,-0.29838865995407104,-0.11706394702196121,0.15902763605117798,0.1097598570911651,-0.04872494540452967,-0.3251070673758076,
-0.22820699214935303,-0.04890176951885224,-0.27779076099395755,-0.35444819927215576,-0.13597239553928375,0.20689795911312103,0.07917652079188267,-0.06418354247954892,-0.3136635610414749,
-0.22481765747070315,-0.031110528111457827,-0.17304778099060059,-0.3854738473892212,-0.1429632157087326,0.25902971625328064,0.05983807479949713,-0.07275013789601471,-0.3052980019106272,
-0.18337329626083376,-0.016765987873077395,-0.08078337907791139,-0.4398689270019531,-0.08104472607374191,0.25183919072151184,0.038548587001220186,-0.08181404557921546,-0.2944670676697603,
-0.08656396865844727,0.006684044748544693,0.018706442415714265,-0.4313468039035797,-0.055544957518577576,0.2376578450202942,0.015044590253623069,-0.08541291448980876,-0.28142442414242275,
-0.03486413359642029,0.04211625158786774,0.5492279529571533,-0.24326103925704956,-0.10814239084720612,0.25250497460365295,-0.035226378029544154,-0.09167129843621119,-0.25543889808972436,
0.07299664616584778,0.09266325235366822,0.6880972862243653,-0.16010382771492004,-0.058008380234241486,0.22001439332962036,-0.05426610415720446,-0.09501764435392017,-0.24152604425184293,
0.19007418155670167,0.128285014629364,0.7978992462158203,-0.018490243703126907,-0.015930436551570892,0.17087909579277039,-0.06867272727144554,-0.09717834823923506,-0.22798308082457877,
0.23430626392364504,0.19761425256729126,1.0911839485168457,0.24176718294620514,0.03992936760187149,0.13199692964553833,-0.08055758403438207,-0.09548574592719648,-0.20850787650741187,
0.2718919515609741,0.23411846160888672,0.9427757263183594,0.3515559732913971,0.10477733612060547,0.07753528654575348,-0.07293858868577544,-0.09258047823765661,-0.20154623268730126,
0.32084660530090336,0.23566009998321535,0.731499719619751,0.44689714908599854,0.14545713365077972,-0.005755078047513962,-0.05848719550714518,-0.08771740441308774,-0.19677470251970153,
0.25337536334991456,0.11871507167816163,0.39989809989929204,0.5331835746765137,0.16183558106422424,-0.05808619409799576,-0.015753997206972972,-0.07366687912978195,-0.19663526138112214,
0.17777502536773682,0.03374708592891693,0.18023850917816164,0.5263259410858154,0.16070373356342316,-0.056621454656124115,0.011741760612809217,-0.06541512269510355,-0.19948523718867112,
0.11901117563247682,-0.023529399931430817,0.02743813395500183,0.5066185593605042,0.15504451096057892,-0.045369599014520645,0.039408834029573896,-0.05686702370399974,-0.20187700663944938,
0.07911238074302673,-0.07067227363586426,-0.07144049406051636,0.5027569532394409,0.12628237903118134,-0.03797932714223862,0.06306551769610508,-0.0540837364997439,-0.20274235065084634,
0.028836268186569217,-0.14974998235702516,-0.23352975845336915,0.4754595458507538,0.09206074476242065,-0.03931090980768204,0.11435141012499392,-0.039687398060892186,-0.20300112656188296,
0.015264195203781129,-0.15755242109298706,-0.34614522457122804,0.3906378746032715,0.08973047882318497,-0.04144143685698509,0.13892355354852837,-0.034379121269161185,-0.20289166401308972,
-0.003874926641583443,-0.15540715456008913,-0.42210979461669923,0.3105432987213135,0.09026311337947845,-0.0282587893307209,0.16078915253792836,-0.029452446335062183,-0.202788424982598,
-0.06692845821380615,-0.13886258602142335,-0.4595061779022217,0.24902430176734924,0.06549571454524994,-0.004356918390840292,0.19453816708346033,-0.019976649737765202,-0.20060633021701352,
-0.08095371127128602,-0.13127902746200562,-0.48273940086364747,0.17392314970493317,0.02241908386349678,0.007627306506037712,0.20732770597772066,-0.01699966236994659,-0.19882311894349067,
-0.07898322343826295,-0.1331895112991333,-0.5149232387542725,0.1007528007030487,-0.0029475262854248285,0.016748633235692978,0.21751698737915443,-0.015668549065466955,-0.19746440245920605,
-0.0798217236995697,-0.12150079011917114,-0.5166767597198486,0.03523903340101242,-0.00780779542401433,0.012820471078157425,0.22473876295438,-0.015601564285222039,-0.19670604699806865,
-0.049223741888999945,-0.11905905008316041,-0.5307273864746094,-0.055508457124233246,-0.002148532774299383,0.0033657336607575417,0.2304265154651524,-0.016980022344477857,-0.19605866628143362,
-0.06158705949783325,-0.14026590585708618,-0.5296534538269043,-0.13393856585025787,-0.013799862936139107,0.015416537411510944,0.22869888532703048,-0.01717363542543393,-0.19596267181841792,
-0.06390349268913269,-0.15133813619613648,-0.5239818096160889,-0.2026481181383133,-0.024252770468592644,0.016614962369203568,0.2239652173404876,-0.017749935690322953,-0.19589421621160788,
-0.09237996339797974,-0.152268385887146,-0.5236962795257568,-0.2816774249076843,-0.056943073868751526,0.03492419421672821,0.20553739256728204,-0.020563227183811816,-0.19598809113465893,
-0.09008105993270875,-0.14807852506637573,-0.4954241752624512,-0.3734899163246155,-0.07112441211938858,0.0631536990404129,0.19155170428552776,-0.02376276381256063,-0.19626057555756377,
-0.04073590338230133,-0.14435403347015383,-0.4970634460449219,-0.46723318099975586,-0.06739598512649536,0.06768107414245605,0.1746430793258839,-0.028191163579883067,-0.19597268989883534,
0.034821596741676335,-0.12793771028518677,-0.47452759742736816,-0.5558498501777649,-0.05534517392516136,0.034524720162153244,0.1539608690675804,-0.033026935035498986,-0.1948174728412037,
0.11287149190902711,-0.10483468770980836,-0.2511285781860352,-0.5880740880966187,-0.09149759262800217,-0.028592199087142944,0.10019904739029992,-0.04053924209304833,-0.19311501650558557,
0.1437930464744568,-0.09803315401077271,-0.09500540494918824,-0.5550509095191956,-0.14662502706050873,-0.06134907901287079,0.07052933939129655,-0.044028379877288096,-0.19490865848800307,
0.1479313015937805,-0.07078121900558472,0.04726935923099518,-0.5494582653045654,-0.12811605632305145,-0.0716688334941864,0.039562207085174494,-0.05384031320031503,-0.1981175309289155,
0.14894003868103028,0.00682622641324997,0.31409616470336915,-0.5148371458053589,-0.14389528334140778,-0.07619620114564896,-0.015077000766691698,-0.06742406993669751,-0.20598437037062764,
0.19688428640365602,0.05919241905212402,0.5132091045379639,-0.41250520944595337,-0.16766399145126343,-0.11328072100877762,-0.04116907980702387,-0.0746914803233225,-0.20922073379602799,
0.22573089599609375,0.10565210580825807,0.7128087997436524,-0.25411370396614075,-0.11539946496486664,-0.14457286894321442,-0.0635867259741076,-0.08356606344318879,-0.21292486299502653,
0.2114588260650635,0.15603806972503664,0.8412304878234864,-0.17122282087802887,-0.05727596580982208,-0.1757984310388565,-0.08033492603972393,-0.09281248070925917,-0.21766662524253824,
0.09670644402503968,0.18939286470413208,0.9355063438415527,-0.02940947748720646,0.03660046309232712,-0.18578527867794037,-0.0964818764778523,-0.10512941683864692,-0.23276722001413205,
-0.009218566119670868,0.18686772584915162,0.9287645339965821,0.1283162385225296,0.07188734412193298,-0.16780894994735718,-0.09632139318151978,-0.1069560965828595,-0.24313009855208176,
-0.059688431024551396,0.18072326183319093,0.7804969310760499,0.23211294412612915,0.07688076794147491,-0.17546553909778595,-0.08986339920672491,-0.10650174151390884,-0.2536246393572845,
-0.06711820363998414,0.16616858243942262,0.6149566173553467,0.2865745723247528,0.08387156575918198,-0.18465344607830048,-0.07850128481924298,-0.10512412815977376,-0.26394797428646355,
-0.08445167541503906,0.10777862071990968,0.2710903644561768,0.3190651535987854,0.1027134358882904,-0.19484002888202667,-0.0449672225089187,-0.10062577934316606,-0.2854471968317839,
-0.10299839973449708,0.06565399765968323,0.12490854263305665,0.3259907364845276,0.11183454096317291,-0.1915750801563263,-0.02566622216168561,-0.09677583644217404,-0.2962873959733813,
-0.13021414279937746,0.023840208351612092,-0.0005433151032775641,0.31260836124420166,0.10397820919752121,-0.1777266412973404,-0.005389962164963059,-0.08940672667208782,-0.30707539391366134,
-0.19067243337631226,-0.04095107316970825,-0.19068299531936647,0.28591015934944153,0.07521606981754303,-0.14783266186714172,0.031748554415329464,-0.07778360566577512,-0.32581458863699675,
-0.2110128164291382,-0.05059814453125,-0.263811993598938,0.23790669441223145,0.05883762985467911,-0.11594131588935852,0.04819320393878729,-0.07284530207404925,-0.3332234768736001,
-0.2172074317932129,-0.061561536788940434,-0.3192307472229004,0.17545557022094727,0.03440312668681145,-0.08278495818376541,0.06268059493659375,-0.06857539826347303,-0.3392393157446103,
-0.23085470199584962,-0.07055504322052002,-0.3552242994308472,0.13024841248989105,0.009835467673838139,-0.055287815630435944,0.07458705612509733,-0.06484858399471836,-0.34395163438350557,
-0.24641423225402834,-0.07927694916725159,-0.3620185852050781,0.08610651642084122,-0.024985363706946373,-0.025526991114020348,0.09073942892603487,-0.06137297074185671,-0.3500383689406587,
-0.2566561222076416,-0.08781831860542298,-0.38201038837432866,0.03044644556939602,-0.04362749308347702,0.012023581191897392,0.09614505160525957,-0.0617076266502006,-0.3519926526566699,
-0.2895069599151611,-0.09644234776496888,-0.4081895828247071,-0.03939495608210564,-0.046556971967220306,0.07307654619216919,0.09949575857084424,-0.06325421872634326,-0.3531004070963393,
-0.3005339860916138,-0.08962043523788453,-0.393316388130188,-0.11163319647312164,-0.05348119139671326,0.12700556218624115,0.09701818331320643,-0.06928830420856202,-0.3493207527608662,
-0.2728623390197754,-0.08110936880111695,-0.37760424613952637,-0.17901118099689484,-0.05840803682804108,0.14571428298950195,0.09097695379760147,-0.07356907320109819,-0.3441914295216367,
-0.2710124969482422,-0.06671144962310792,-0.35006916522979736,-0.22947807610034943,-0.09309571236371994,0.18492932617664337,0.08188315893947047,-0.07820013523792409,-0.338017087642431,
-0.27534673213958744,-0.03886765837669373,-0.21908423900604249,-0.25537732243537903,-0.09369492530822754,0.23213385045528412,0.05584115480177748,-0.08997568368122495,-0.3220519902398744,
-0.25369975566864017,-0.029168120026588442,-0.17183868885040285,-0.3261508345603943,-0.049486447125673294,0.2875276207923889,0.03982214438147492,-0.09650629123775264,-0.31096933282713735,
-0.21550815105438234,-0.017019738256931306,-0.13842514753341675,-0.4050469994544983,-0.0070756059139966965,0.314425528049469,0.02082415099622802,-0.10130417403372208,-0.2972526299941385,
-0.1309191107749939,0.00288656372576952,-0.01562482863664627,-0.36756300926208496,-0.03996564820408821,0.2850641906261444,-0.0026150598072351575,-0.10324970770857071,-0.28109874869588225,
-0.014527495205402375,0.04899799823760986,0.3983892679214478,-0.23014387488365173,-0.14183154702186584,0.28945839405059814,-0.05118830548439955,-0.10155985038972415,-0.24919549760788112,
0.05472551584243775,0.0977075755596161,0.4773308753967285,-0.1860019713640213,-0.06440015137195587,0.2740786373615265,-0.06981657397674199,-0.10490725238468325,-0.23342879416344683,
0.20742487907409668,0.15566434860229494,0.5298826217651368,-0.12321794778108597,0.03959629312157631,0.2067672461271286,-0.08565999675001461,-0.10738512575142678,-0.21710242314225545,
0.3243463754653931,0.20880622863769532,0.6818762779235841,0.03237723559141159,0.029209965839982033,0.14038795232772827,-0.09926087754930421,-0.10507062261698806,-0.20371177050378658,
0.39461464881896974,0.24956674575805665,0.9416483879089356,0.25348660349845886,0.020221728831529617,0.021944627165794373,-0.10759416212869842,-0.09642369088645858,-0.18842960419936913,
0.34675674438476567,0.24819080829620363,0.8054727554321289,0.3468969762325287,0.09492339938879013,-0.03131859377026558,-0.09795890228098948,-0.09496813003793582,-0.1860169406005612,
0.2653491020202637,0.2113445281982422,0.7050887107849122,0.4467655122280121,0.1706237494945526,-0.05408862233161926,-0.08255102280949819,-0.09262785341343648,-0.1871320150841876,
0.16100925207138062,0.056903970241546635,0.4657587051391602,0.5296564102172852,0.17342007160186768,-0.06547363847494125,-0.03853494749822191,-0.07912597334312378,-0.19476987952382704,
0.11377072334289551,-0.003285413607954979,0.3270958662033081,0.5900436043739319,0.12887869775295258,-0.06713811308145523,-0.011229958176259573,-0.07049278588560004,-0.1988583928117933,
0.08699619770050049,-0.0452633410692215,0.16025897264480593,0.5867146849632263,0.11669474095106125,-0.07819022983312607,0.0185207407607666,-0.0630742723694325,-0.20220791726250728,
0.05698841214179993,-0.0752913236618042,-0.013793937861919403,0.5664746165275574,0.10790630429983139,-0.07912233471870422,0.04623819262312966,-0.0588252015791856,-0.20461708277815535,
2.0374682208057493e-05,-0.1405673861503601,-0.2645542144775391,0.515541672706604,0.12248711287975311,-0.06427521258592606,0.10564891033597794,-0.04582637925802311,-0.20977335780930892,
-0.03760578036308289,-0.16130551099777224,-0.38634011745452884,0.4223310053348541,0.09046260267496109,-0.034847281873226166,0.13312766353843913,-0.03881667643745281,-0.21094317236022372,
-0.0647900402545929,-0.16809368133544922,-0.4795064449310303,0.3216635286808014,0.07528258115053177,-0.016205154359340668,0.15744610045311686,-0.03259596513516202,-0.21080168176821323,
-0.0642952859401703,-0.16555846929550172,-0.5152888298034668,0.2393052726984024,0.07701364159584045,-0.008082513697445393,0.17769013238736778,-0.028159244176721294,-0.20997108885450128,
-0.06885455250740051,-0.17059620618820193,-0.5643493652343751,0.13624094426631927,0.04745255038142204,-0.0018906639888882637,0.20563229169472586,-0.02113071627313808,-0.206569634652572,
-0.07930094599723816,-0.1729972839355469,-0.5484793186187744,0.08058086782693863,-0.009339360520243645,0.0025701308622956276,0.2138227996724214,-0.01846430311788484,-0.2048551763502739,
-0.07336616516113281,-0.17138077020645143,-0.552101469039917,0.014068417251110077,-0.0382346585392952,-0.004154351074248552,0.2194606546391399,-0.0175947292550048,-0.204070173209993,
-0.04718589186668396,-0.16653332710266114,-0.5723664283752442,-0.06349615007638931,-0.030178595334291458,-0.0024232962168753147,0.22287724605767392,-0.01836075776681434,-0.2045610649709409,
-0.05847532153129578,-0.1644482970237732,-0.6055394172668458,-0.20024946331977844,-0.022588586434721947,0.01741725578904152,0.22010455412855096,-0.020777694295257096,-0.20700873775221693,
-0.0649778187274933,-0.1656697154045105,-0.5683040142059327,-0.2763493061065674,-0.06240284815430641,0.029068585485219955,0.21200848244623616,-0.021872857639174906,-0.20721363143423194,
-0.06443196535110474,-0.15753848552703859,-0.509821891784668,-0.3503851890563965,-0.09848868101835251,0.04424860328435898,0.20011990832706006,-0.024068988353493408,-0.20736080904208953,
-0.02361942678689957,-0.13024606704711914,-0.48112282752990726,-0.46030718088150024,-0.10441421717405319,0.044115446507930756,0.16768843839531203,-0.03319820322695749,-0.20879734707408978,
0.04101056754589081,-0.11225715875625611,-0.4402822971343994,-0.536139965057373,-0.08590536564588547,0.024875521659851074,0.1457501970867062,-0.03914061356748252,-0.20935490277554641,
0.05925892591476441,-0.10648895502090455,-0.3689229726791382,-0.6156352758407593,-0.12259040772914886,0.0019057560712099075,0.11986220863721359,-0.04409502523867586,-0.20998668814394345,
0.04822570085525513,-0.08974059224128723,-0.23038258552551272,-0.5838105082511902,-0.17538757622241974,-0.017801634967327118,0.09029726273272973,-0.04865206021492135,-0.2109821342000457,
0.1595102906227112,-0.027207845449447633,0.08501388430595398,-0.548323929309845,-0.15980808436870575,-0.0610114261507988,0.028730843621219245,-0.06606941327829313,-0.21479054606905143,
0.14764780998229982,0.014771024882793428,0.17354308366775514,-0.5404675602912903,-0.12738409638404846,-0.06966669857501984,0.0013499402422688903,-0.07465711305386369,-0.21803800388364877,
0.14087046384811402,0.0585637092590332,0.3561510801315308,-0.40717631578445435,-0.12671831250190735,-0.11986728757619858,-0.025967931133193765,-0.08217307490954731,-0.2210976603030332,
0.14858297109603882,0.14500930309295654,0.8054536819458008,-0.2524466812610626,-0.14729122817516327,-0.16827024519443512,-0.07084862929377293,-0.0966386301884678,-0.22962493795963515,
0.10627667903900147,0.164297354221344,0.8722912788391114,-0.11702492833137512,-0.08936747163534164,-0.1548212766647339,-0.08284788638291946,-0.10568101692139244,-0.23657349747054407,
0.06711217164993287,0.2001873016357422,0.9260489463806153,-0.02434692531824112,0.04166005179286003,-0.14543363451957703,-0.08968565453989166,-0.11428383509621606,-0.24371423063815237,
0.046950244903564455,0.20077259540557862,0.8824728012084961,0.10115454345941544,0.08706695586442947,-0.1410394310951233,-0.09151951887695813,-0.11879651197022457,-0.25140342309135033,
-0.032989206910133365,0.17114161252975466,0.7239045143127442,0.2502915859222412,0.07501614838838577,-0.15928207337856293,-0.08065234574446345,-0.11617273705319268,-0.2695017529060487,
-0.04583218097686768,0.15183017253875733,0.537995433807373,0.31673744320869446,0.06569508463144302,-0.17566052079200745,-0.06686223707946796,-0.11391228636595149,-0.2790527443678234,
-0.06704951524734497,0.12353575229644775,0.33929405212402347,0.3301863968372345,0.07781247049570084,-0.17452867329120636,-0.04907633909262045,-0.11198720885453825,-0.289075143433023,
-0.09735986590385437,0.08987908363342285,0.1714333534240723,0.32146456837654114,0.096854068338871,-0.1640091836452484,-0.02931850835392562,-0.10965815052114497,-0.29931449236485813,
-0.1341580867767334,0.019889749586582184,-0.06792540550231933,0.29689690470695496,0.08214010298252106,-0.1512260138988495,0.011156782726832343,-0.09802565407341055,-0.3181336001708761,
-0.15087754726409913,-0.010936418175697328,-0.14709224700927734,0.27465951442718506,0.0565071739256382,-0.14436838030815125,0.02909557005573847,-0.09264836730279868,-0.32602940643992045,
-0.17341893911361694,-0.03966694474220276,-0.22058918476104739,0.23717549443244934,0.04711953178048134,-0.11747044324874878,0.045999348483304836,-0.0880604887430861,-0.3335213391027932,
-0.22228729724884033,-0.06949650645256043,-0.33635911941528324,0.16327276825904846,0.05151374638080597,-0.061477478593587875,0.07492528368319773,-0.0805696153428713,-0.3458442825612791,
-0.23350582122802735,-0.07495927214622498,-0.378440260887146,0.09296532720327377,0.03100740723311901,-0.015671107918024063,0.08529815994945013,-0.07705148874731231,-0.34919817760661387,
-0.2092460632324219,-0.07304776310920716,-0.3714134216308594,0.05528159439563751,-0.010737642645835876,-0.017135845497250557,0.0919439897429931,-0.07436590995462565,-0.35034828748921554,
-0.17958635091781616,-0.07184213399887085,-0.36227934360504155,0.03297610580921173,-0.05401376262307167,-0.021998945623636246,0.0961380956484091,-0.07313843434501097,-0.35062226158136284,
-0.21590437889099123,-0.08298895359039307,-0.4018892765045166,-0.036865297704935074,-0.09622486680746078,0.011357146315276623,0.10126349915870224,-0.0755899153777824,-0.3535694750101767,
-0.24349017143249513,-0.08249995112419128,-0.43676462173461916,-0.12681356072425842,-0.0710579976439476,0.06708379834890366,0.10139695451954184,-0.07999272414479959,-0.35537474460610463,
-0.2703298807144165,-0.07487148642539979,-0.41872406005859375,-0.19918496906757355,-0.07625115662813187,0.11628569662570953,0.09762152930574283,-0.08465542849432728,-0.3552044338206953,
-0.263256573677063,-0.06028876900672913,-0.3365830898284912,-0.25644293427467346,-0.1203930526971817,0.14784415066242218,0.07814187062689137,-0.09443283152559981,-0.3474442577395444,
-0.25162811279296876,-0.03504195213317871,-0.2663310766220093,-0.29419323801994324,-0.12239042669534683,0.18865709006786346,0.06407199258296378,-0.10146846478630545,-0.34155067184643334,
-0.2452927350997925,-0.015044078230857849,-0.16699879169464113,-0.33334171772003174,-0.08856827765703201,0.24172058701515198,0.04748477397304218,-0.10919933276759171,-0.33394874880122927,
-0.23656485080718995,0.005158818140625954,-0.08805935978889466,-0.3825436234474182,-0.022322146221995354,0.2863951027393341,0.028477649003602033,-0.1162252274776386,-0.3237295535770593,
-0.15325134992599487,0.04780780673027039,0.1557331085205078,-0.3800136148929596,0.023950276896357536,0.3110959231853485,-0.01695021719917994,-0.11514099757095511,-0.2955559937013335,
-0.07367781400680543,0.08029552102088929,0.31631624698638916,-0.3064437806606293,-0.0030808078590780497,0.2726798355579376,-0.042528736438046014,-0.11281247493077841,-0.27897074132211674,
0.03339965343475342,0.12336091995239258,0.4788947105407715,-0.16989019513130188,-0.02771504782140255,0.227339506149292,-0.06586628185934607,-0.10941093648023409,-0.2632333965338715,
0.10754026174545289,0.15038137435913088,0.616260290145874,-0.0899953618645668,0.009302891790866852,0.19325104355812073,-0.08447304773157563,-0.10706948723323693,-0.24959437234147056,
0.22697403430938723,0.19202194213867188,0.75172119140625,0.03843558579683304,0.055242422968149185,0.13925544917583466,-0.10522636803147037,-0.10161051276135484,-0.22836645592644533,
0.24127864837646484,0.18547443151474,0.8958106994628907,0.24329926073551178,0.05071504786610603,0.08446092158555984,-0.10834957400633065,-0.09671525970518932,-0.22157205354160775,
0.23158555030822756,0.17981736660003664,0.9697801589965821,0.37738943099975586,0.06296558678150177,0.06029273569583893,-0.10416455419673767,-0.09212278728082131,-0.21690499935460839,
0.1977479696273804,0.12846741676330567,0.7573262214660645,0.5226648449897766,0.10997038334608078,0.02094452828168869,-0.07285082417412982,-0.08462167889224607,-0.21152527453498998,
0.2094732999801636,0.055439633131027226,0.6066096782684327,0.6249968409538269,0.12554986774921417,-0.027192112058401108,-0.048660583415723956,-0.07935182773313214,-0.210622094674096,
0.16869783401489258,-0.0052665360271930695,0.43700671195983887,0.6705368757247925,0.13706804811954498,-0.05468924716114998,-0.01930196070033486,-0.07331672856273255,-0.211447301771775,
0.12667359113693238,-0.07201242446899414,0.2372924566268921,0.6618150472640991,0.1413956731557846,-0.055022142827510834,0.013876957685500223,-0.06675737939131635,-0.21342780794644386,
0.046971035003662114,-0.17489416599273683,-0.06490346789360046,0.6471676230430603,0.11682802438735962,-0.04303791746497154,0.07675044308539776,-0.05450280596496493,-0.21595476163515537,
0.02477517277002335,-0.21847903728485107,-0.19551781415939332,0.5953032374382019,0.08560235053300858,-0.03484741225838661,0.11004790440299983,-0.047759162232756294,-0.21642296362433547,
0.013789121806621552,-0.23943240642547609,-0.3116282939910889,0.5213339328765869,0.09279288351535797,-0.03970767930150032,0.1419655678763302,-0.04234287083522619,-0.2162315635239395,
0.007015476375818253,-0.2553318977355957,-0.4195769786834717,0.4099472463130951,0.11949107050895691,-0.04796348139643669,0.17167640852667765,-0.03761295087245334,-0.2157352236036783,
-0.02972991168498993,-0.26395390033721927,-0.5605903625488281,0.2726612985134125,0.08433734625577927,-0.028056349605321884,0.21872515817755434,-0.02618293261150258,-0.21305943484882245,
-0.05626766681671143,-0.25296118259429934,-0.5652199268341065,0.20375199615955353,0.04865098372101784,-0.007882905192673206,0.23473976930313864,-0.020920555918972957,-0.21105866279800725,
-0.05065789222717285,-0.23504490852355958,-0.5693768501281739,0.10934294015169144,0.042325977236032486,-0.008881590329110622,0.24721378476647685,-0.01766773348837727,-0.20943165647209525,
-0.017726321518421174,-0.20708038806915285,-0.633473539352417,-0.011497998610138893,0.03307149186730385,-0.02466082200407982,0.262679087749358,-0.013929259671292988,-0.2067930920996602,
-0.05073594450950623,-0.21472606658935547,-0.6159857749938965,-0.09205862134695053,0.0011801377404481173,-0.000692369882017374,0.2638957698569944,-0.011789618221992003,-0.2061200821362991,
-0.07687658071517944,-0.2168968439102173,-0.5856060028076172,-0.1617002785205841,-0.022189101204276085,0.028003189712762833,0.2612834907256905,-0.010476429969596088,-0.2059682844563088,
-0.06530849933624268,-0.19341669082641602,-0.5650847911834717,-0.24545671045780182,-0.02931305766105652,0.03652530536055565,0.25572984704410995,-0.01093486480289056,-0.20593749994130978,
-0.042222851514816286,-0.16461312770843506,-0.562746810913086,-0.32814785838127136,-0.03397358953952789,0.02467424049973488,0.24726263422462955,-0.012773992928975337,-0.20574843827557776,
-0.004346400499343872,-0.11467119455337525,-0.5028162479400635,-0.4289484918117523,-0.08890128880739212,0.023808710277080536,0.21863765749675323,-0.017239851301094896,-0.20556517814774067,
0.007796294987201691,-0.0934522807598114,-0.42612171173095703,-0.47968173027038574,-0.1062118336558342,0.002769739367067814,0.19862936739368003,-0.020373263076242654,-0.20659176985003663,
0.05068085193634034,-0.08192006349563599,-0.37396085262298584,-0.5494565963745117,-0.08483996242284775,-0.04177163168787956,0.17635596687637048,-0.025180612591882767,-0.20845015864402777,
0.00012206310639157892,-0.09006580114364625,-0.2158803939819336,-0.5724263191223145,-0.16087321937084198,-0.024461083114147186,0.1246407820400393,-0.03298230686264298,-0.21473623374697992,
0.012766911089420319,-0.08101840019226075,-0.0895500659942627,-0.5684981942176819,-0.18610666692256927,-0.013675279915332794,0.09597863715323135,-0.03849084843239466,-0.21865692672247516,
0.06740919947624206,-0.0622765064239502,-0.008372042328119278,-0.5718936920166016,-0.13590608537197113,-0.021997660398483276,0.06323588071361357,-0.05180842612797045,-0.22130280393991153,
0.10227527618408204,0.054569125175476074,0.2929346799850464,-0.47961515188217163,-0.21466906368732452,-0.05861612409353256,0.005907012507037644,-0.06764457989814894,-0.22557826284036905,
0.13213317394256593,0.12052160501480103,0.48559155464172366,-0.3819437026977539,-0.2583449184894562,-0.10202565044164658,-0.01916912821579965,-0.07765805456582386,-0.22812722461868715,
0.17051620483398439,0.16135245561599731,0.5067691326141358,-0.3703594505786896,-0.11466729640960693,-0.111613929271698,-0.03897423877707741,-0.09170535312944778,-0.23136924537397666,
0.17881833314895632,0.201287317276001,0.5976593971252442,-0.23413874208927155,-0.015397961251437664,-0.13238659501075745,-0.05720973499781565,-0.10389929081446585,-0.23545627164610766,
0.17360743284225466,0.22989516258239748,0.8121758460998536,-0.043589573353528976,-0.02864718809723854,-0.17453111708164215,-0.07385023830428225,-0.10990596373335407,-0.24070039815263095,
0.12314856052398682,0.202528715133667,0.884126091003418,0.12086062878370285,0.00643995963037014,-0.21228143572807312,-0.08436955779557795,-0.1162310249873941,-0.25669978102203306,
0.03258502781391144,0.17826380729675295,0.760490894317627,0.201288104057312,0.06842503696680069,-0.18778035044670105,-0.07766700400824351,-0.12006177020715389,-0.26778593980856125,
-0.04254842698574066,0.14859861135482788,0.6460548400878907,0.25874578952789307,0.1009821817278862,-0.17825955152511597,-0.06676747509916704,-0.12177441263009985,-0.27959320253951225,
-0.06526433229446411,0.11476327180862428,0.5065422534942627,0.31833404302597046,0.10258007794618607,-0.18824639916419983,-0.05276648196951985,-0.12044619716140594,-0.2908874818375714,
-0.0702625036239624,0.06170242428779602,0.24319880008697511,0.38910752534866333,0.06496292352676392,-0.21134932339191437,-0.016425332998340078,-0.11239850171033607,-0.3122822898521826,
-0.11860780715942383,0.031021869182586672,0.08543927669525148,0.3486940562725067,0.06875792890787125,-0.18764719367027283,0.006086452700172787,-0.10836236220914668,-0.32356153734605253,
-0.20247197151184082,-0.006509790569543839,-0.20804386138916017,0.26720133423805237,0.10797297954559326,-0.13251975178718567,0.050881199079438374,-0.09826899298876074,-0.3443376710413154,
-0.2174043893814087,-0.02270622402429581,-0.2534816265106201,0.2239915430545807,0.07981004565954208,-0.10795208066701889,0.06814258726408375,-0.09195655625583103,-0.3514892964584577,
-0.21805398464202883,-0.04051761627197266,-0.2813040494918823,0.195162832736969,0.031739987432956696,-0.09077469259500504,0.08232892504538247,-0.08532530967707334,-0.35653829745800764,
-0.2250753402709961,-0.05483481287956238,-0.30819981098175053,0.16180673241615295,0.0031110080890357494,-0.06980229914188385,0.09467029382219402,-0.08021844750123107,-0.36087725835719625,
-0.24912831783294678,-0.07083053588867187,-0.4011266708374024,0.07066003978252411,-0.0026813670992851257,-0.024661721661686897,0.1149894733700982,-0.07548519995384564,-0.3683785845042263,
-0.25569417476654055,-0.07691015005111695,-0.44690847396850586,-0.027344288304448128,0.0019791647791862488,0.0047662099823355675,0.12136825525406823,-0.07495658946089757,-0.370660402040536,
-0.2498705863952637,-0.09282514452934265,-0.45310153961181643,-0.07128644734621048,-0.032175879925489426,0.03838861733675003,0.12354334840212504,-0.0746494220431692,-0.37134948182788907,
-0.27133116722106937,-0.11204453706741334,-0.3715826988220215,-0.10803807526826859,-0.08277594298124313,0.08352920413017273,0.11800106281067455,-0.07682308001869094,-0.36976799815849704,
-0.2714977741241455,-0.10716952085494996,-0.3931275367736817,-0.1868676394224167,-0.08397436141967773,0.11988135427236557,0.11284400805015626,-0.0811478961296891,-0.3676552426330294,
-0.2613259315490723,-0.09554118514060975,-0.4114381313323975,-0.2804111838340759,-0.07285566627979279,0.1626916527748108,0.10509201826798555,-0.08710504752288391,-0.36430250310063156,
-0.24747259616851808,-0.06416938304901124,-0.29671144485473633,-0.32748255133628845,-0.08923410624265671,0.19265222549438477,0.0771820232206716,-0.0986615923830082,-0.3520713123617807,
-0.2165172338485718,-0.043983691930770875,-0.21595277786254885,-0.36463475227355957,-0.09149761497974396,0.21561993658542633,0.05839535762678283,-0.10484011703059455,-0.34329307412267934,
-0.2167839527130127,-0.012199638038873674,-0.1179970145225525,-0.40411609411239624,-0.049885716289281845,0.2558336555957794,0.03766392196595368,-0.11112314275868898,-0.3335710676401119,
-0.13976994752883912,0.031396427750587465,0.17733088731765748,-0.3774845004081726,-0.006409612949937582,0.2833307981491089,-0.008939827389861073,-0.11098871365797604,-0.30881475527963115,
-0.10144659280776978,0.04725441336631775,0.37482895851135256,-0.30864179134368896,0.021819893270730972,0.28566107153892517,-0.034266168845879304,-0.11096621204717295,-0.29391208968435717,
-0.030396902561187746,0.06544058918952943,0.5129161357879639,-0.13773341476917267,-0.04083096981048584,0.245513916015625,-0.0574190437407983,-0.10852552423426731,-0.2786343246626482,
0.04094648957252503,0.0823836624622345,0.6980057239532471,0.0007509593269787729,-0.08843497931957245,0.224408358335495,-0.07680015840043206,-0.10471687070100462,-0.26409139236713597,
0.11725538969039917,0.1589717745780945,0.759942102432251,0.08037947118282318,-0.021256737411022186,0.24584680795669556,-0.09426751024325013,-0.10368895869598267,-0.2384060644380289,
0.19721673727035524,0.24968562126159669,0.7705439567565918,0.20161989331245422,0.08427102118730545,0.19591253995895386,-0.09553022910694658,-0.1030627115534727,-0.22568196004319233,
0.31210682392120365,0.3007353305816651,0.8817977905273438,0.39922645688056946,0.08993023633956909,0.07121001929044724,-0.0932228602517828,-0.09835297131676823,-0.21436707099648294,
0.3673950433731079,0.2809000968933106,0.9087162017822266,0.5082163214683533,0.10371209681034088,0.0004365136846899986,-0.08363953173816242,-0.09152981754464712,-0.20697365556356354,
0.27696702480316165,0.14856010675430298,0.5400178909301758,0.5915066599845886,0.16243480145931244,-0.05662171170115471,-0.04023537308079724,-0.08085732002429608,-0.20400685106603256,
0.20621554851531984,0.05692999362945557,0.2926903963088989,0.5867130160331726,0.17595034837722778,-0.06461119651794434,-0.0107785145665813,-0.0741652272293102,-0.20655044141751408,
0.1484249234199524,-0.016016119718551637,0.08160530924797059,0.5541558265686035,0.12388554215431213,-0.0728669986128807,0.020196418606091816,-0.06539883876994436,-0.20962952915643157,
