-0.134232759475708,-0.020600804686546327,-0.14629322290420532,-0.26581817865371704,-0.028316279873251915,0.17955893278121948,0.06833680381307124,-0.033373763673265285,-0.2612836312286766,
-0.11350178718566895,-0.031711116433143616,-0.0689702868461609,-0.2493731677532196,-0.0312457587569952,0.18608368933200836,0.05500796529293069,-0.0361111777004267,-0.2532825956780848,
-0.037546688318252565,-0.015967413783073425,0.080649733543396,-0.23732276260852814,-0.016065672039985657,0.17862606048583984,0.025490999810090762,-0.03839805628176281,-0.23492335264001396,
-0.03829526901245117,-0.015993468463420868,0.10630728006362916,-0.2262040674686432,-0.017996463924646378,0.19973160326480865,0.012197721473710314,-0.039999645350753774,-0.22569756121623769,
-0.031934550404548644,-0.008565954118967057,0.16996774673461915,-0.18093033134937286,-0.010672771371901035,0.2011963427066803,-0.0011371226852123068,-0.04097249625420674,-0.2162741039235998,
0.0526731014251709,0.027781161665916446,0.2990097522735596,-0.10363208502531052,-0.035972800105810165,0.184351846575737,-0.025285948421766256,-0.04160728615444298,-0.19563274670987485,
0.06862906217575074,0.033597880601882936,0.34135749340057375,-0.04863780364394188,-0.0199272558093071,0.18308685719966888,-0.03404740725685892,-0.04160069919467924,-0.18572462247749258,
0.09504542350769044,0.061273598670959474,0.354569959640503,-0.007691702805459499,0.012030677869915962,0.1790255308151245,-0.04039856142020047,-0.042318283572667655,-0.17613379419046676,
0.14294607639312745,0.1061981201171875,0.360854172706604,0.029725709930062294,0.05317651852965355,0.17270052433013916,-0.04687194397442171,-0.040986108863564054,-0.15750070137906455,
0.1659419059753418,0.13320059776306153,0.37688066959381106,0.10276290029287338,0.05757073312997818,0.15199445188045502,-0.04746586714016523,-0.03800693913712494,-0.14883292703777457,
0.20547225475311282,0.14686937332153321,0.42025160789489746,0.18978169560432434,0.03486728295683861,0.1055222824215889,-0.04644659900951281,-0.033895225668918255,-0.1409419678540404,
0.26803390979766845,0.11541613340377808,0.42537984848022464,0.2833252251148224,0.016691209748387337,0.052858270704746246,-0.03447044635848364,-0.026998200978286372,-0.12815272694311738,
0.2396474838256836,0.09203758239746095,0.36951823234558107,0.3248705565929413,0.04465440288186073,0.03421614319086075,-0.022582000523038038,-0.025659635466401213,-0.12442297314405093,
0.20317816734313965,0.07255281805992127,0.29122176170349123,0.36987796425819397,0.05191151425242424,0.03381666541099548,-0.007957196718713339,-0.024474024023379663,-0.12202841552596214,
0.16973620653152466,0.01000395491719246,0.17939113378524782,0.386456161737442,0.058303102850914,0.0018587345257401466,0.026608897854175965,-0.0197146116803086,-0.11841547453036852,
0.19725353717803956,0.00016921692294999958,0.11310021877288819,0.3930474817752838,0.05430836230516434,-0.04641105979681015,0.045944012212203046,-0.017226326809022266,-0.11682682359836337,
0.20082633495330812,-0.015252511203289033,0.07297875285148621,0.4241398870944977,0.03573281317949295,-0.07523977756500244,0.06565656160812204,-0.014224068063454613,-0.11662393168156714,
0.13729759454727172,-0.05397930145263672,0.002141799405217171,0.43905359506607056,0.05310994014143944,-0.08535978943109512,0.10620119061986288,-0.010043831478312542,-0.12095758630429193,
0.09170396327972413,-0.06351840496063232,-0.07597847580909729,0.3970422148704529,0.096186563372612,-0.0767710953950882,0.12794039381103994,-0.008556982029801628,-0.1242394104384914,
0.06763660311698914,-0.07589556574821472,-0.15666761398315432,0.33479082584381104,0.11249842494726181,-0.05986002832651138,0.15022039159369893,-0.0041546926765392836,-0.126957032627314,
0.03852426707744599,-0.08286214470863343,-0.2535355806350708,0.2491701990365982,0.09432235360145569,-0.05266948789358139,0.18885116435419594,0.00824531848615137,-0.1281243520175805,
0.04153493344783783,-0.0848914384841919,-0.24513733386993408,0.23445512354373932,0.06496118754148483,-0.053004443645477295,0.20376087061042095,0.014379000227879241,-0.12713741789250055,
0.04097241461277008,-0.09000074267387391,-0.21326165199279787,0.24324356019496918,0.04398879036307335,-0.04721206799149513,0.21647581882562814,0.019728426182878022,-0.12629953162618948,
0.005374111235141754,-0.10039169788360597,-0.22800016403198242,0.20342929661273956,0.04738432168960571,-0.023709671571850777,0.24070693300596135,0.02774310832153309,-0.12626616244842997,
-0.007264984399080277,-0.10277441740036011,-0.2941103458404541,0.0971691682934761,0.056905120611190796,0.0018566753715276718,0.25285167194026664,0.030597032563915515,-0.12620954482314237,
-0.00503552183508873,-0.10875848531723023,-0.3636440515518189,0.053293585777282715,0.0352669358253479,0.014639847911894321,0.263037955522054,0.03310459573203571,-0.1251767137117827,
-0.019248302280902865,-0.10845811367034913,-0.31864655017852783,0.029325135052204132,-0.001551264664158225,0.03041907772421837,0.27296272323881016,0.036313504264841645,-0.12104570378745921,
-0.021996268630027772,-0.11581557989120483,-0.3252760410308838,-0.012619652785360813,-0.007543377112597227,0.04113830253481865,0.2752487110249541,0.03605072649287054,-0.11965267716376991,
-0.01860790550708771,-0.11758602857589723,-0.34249720573425296,-0.07007735222578049,0.004374269396066666,0.0468640998005867,0.2766041846634226,0.03468720444540909,-0.11874690371227925,
-0.016028074920177462,-0.10748648643493652,-0.3797394990921021,-0.14437954127788544,0.003908216021955013,0.06350885331630707,0.27394850891657524,0.031064001476593096,-0.11632972040912846,
-0.022927244007587434,-0.09962903261184693,-0.3583594083786011,-0.20350171625614166,-0.006145217455923557,0.07549307495355606,0.2687253736996892,0.029308992779625353,-0.11427134033169593,
-0.016953517496585847,-0.09664490222930909,-0.3510157108306885,-0.2471109926700592,-0.025586294010281563,0.0835491418838501,0.2612317912180073,0.02690455453751165,-0.11196592863608747,
-0.002301005646586418,-0.09565189480781555,-0.29699549674987796,-0.2813991904258728,-0.06540054827928543,0.09460125863552094,0.23970792362531831,0.020516143975759182,-0.10723340629077908,
0.06856319308280945,-0.08629117012023926,-0.27992725372314453,-0.35756558179855347,-0.04023367911577225,0.053988054394721985,0.22622759259709718,0.015404606153564794,-0.10541620868958108,
0.11642144918441773,-0.07205159068107606,-0.26269629001617434,-0.3957153856754303,-0.013535489328205585,0.04187067225575447,0.21073104424270372,0.00996268944497814,-0.10416152876639041,
0.06383417844772339,-0.05574667453765869,-0.18768848180770875,-0.43286648392677307,-0.0610063374042511,0.05871516838669777,0.1734058735983385,0.004211820206743024,-0.10174138951783394,
0.08940288424491882,-0.047103318572044375,-0.13025976419448854,-0.4594980776309967,-0.1356414258480072,0.033348556607961655,0.15228070376536354,0.002037653527914966,-0.0999902099652044,
0.14184396266937258,-0.04855433106422424,-0.10055413246154786,-0.4540386199951172,-0.12885037064552307,0.0012574633583426476,0.13015375917024935,-0.002207255929142789,-0.09876678292437728,
0.16399344205856325,-0.030278679728507996,0.07186381816864014,-0.4027727544307709,-0.06240449845790863,-0.004068858455866575,0.08215758442854475,-0.024533932595122654,-0.10083798579663482,
0.16592558622360232,-0.010388748347759248,0.1387171745300293,-0.3505082130432129,-0.06719818711280823,-0.02830362319946289,0.060143633457331466,-0.029531800256210907,-0.10210170889811221,
0.19270116090774536,0.007514925301074982,0.1730769157409668,-0.30383527278900146,-0.11706604808568954,-0.07057937979698181,0.03998886804784631,-0.03244325988175168,-0.10288170394640865,
0.25478315353393555,0.03719356656074524,0.26391909122467044,-0.23512573540210724,-0.05614623799920082,-0.09741073101758957,0.00594668601671922,-0.04060280028952462,-0.10752865878857089,
0.23063530921936037,0.05252059102058411,0.29093935489654543,-0.18772146105766296,-0.023189617320895195,-0.09008703380823135,-0.007377146793029546,-0.04586262379876061,-0.1121500046780932,
0.2036848783493042,0.06459560990333557,0.3122616291046143,-0.13838639855384827,-0.053283337503671646,-0.11432180553674698,-0.018598448529869666,-0.048908201462058695,-0.11702898178305551,
0.23884348869323732,0.10883703231811524,0.314388108253479,-0.07946396619081497,-0.05681202560663223,-0.16039448976516724,-0.03498983205720657,-0.05327503746655825,-0.1267139171376469,
0.19957046508789064,0.1173143982887268,0.2994919776916504,-0.05476314574480057,-0.05927545204758644,-0.1685837060213089,-0.039576138988419655,-0.056829869273888375,-0.13355386928976115,
0.1558706045150757,0.1200188159942627,0.2689464807510376,-0.03185996040701866,-0.061872031539678574,-0.19228585064411163,-0.042170185527722094,-0.06068009378271754,-0.1418387369337127,
0.13616067171096802,0.11037238836288453,0.2615166902542114,0.002561398781836033,-0.04895570129156113,-0.2239108830690384,-0.04363492928440927,-0.06918802151228136,-0.1603039513922277,
0.08520236611366272,0.08691267371177674,0.27360694408416747,0.04776855930685997,-0.0524178110063076,-0.2052687555551529,-0.04232005616206706,-0.07373189285683861,-0.17141615030367144,
0.01911466717720032,0.07504790425300599,0.2958998680114746,0.10376152396202087,-0.06100650504231453,-0.20719954371452332,-0.03949948637273583,-0.0777274094756045,-0.18316743164973875,
-0.01305910050868988,0.06360414624214172,0.33006243705749516,0.16674527525901794,-0.056345973163843155,-0.2083313912153244,-0.028267692973655573,-0.08547658490705297,-0.20439936595406782,
-0.033373293280601506,0.05906788110733033,0.28166368007659914,0.17260423302650452,-0.011205391958355904,-0.20560164749622345,-0.018531917549492877,-0.08956985235081322,-0.2151589645201622,
-0.04004952311515808,0.04995437562465668,0.217081880569458,0.1791289746761322,0.005705681163817644,-0.19847770035266876,-0.007019708498333607,-0.0928004584175255,-0.22605892059340502,
-0.09023849368095399,0.00845259428024292,0.15650120973587037,0.20283111929893494,0.020552804693579674,-0.19075453281402588,0.016998376067032042,-0.0934500756054992,-0.24767305352959015,
-0.11989116668701172,-0.021038196980953217,0.11523957252502443,0.21807771921157837,-0.004614068195223808,-0.16305765509605408,0.029594690678365048,-0.09196136784989344,-0.2580061415624758,
-0.1760762095451355,-0.05294665098190308,0.006900840252637864,0.2061600685119629,0.007902788929641247,-0.12810365855693817,0.05304423840919735,-0.07843073238669314,-0.2759450875900664,
-0.1870144844055176,-0.058487129211425785,-0.051398634910583496,0.16927528381347656,0.038795460015535355,-0.0849604532122612,0.06581697026128958,-0.07690047265108065,-0.2835657122655377,
-0.19173642396926882,-0.060836112499237066,-0.1091048002243042,0.1532963216304779,0.03832940384745598,-0.0687151700258255,0.07761099798932458,-0.07492818041593623,-0.28966250233667096,
-0.17710589170455934,-0.0465015172958374,-0.13919140100479127,0.13485510647296906,0.03293631225824356,-0.04214794561266899,0.09617224899805099,-0.06898708045634526,-0.29607597372128347,
-0.17974526882171632,-0.04951812028884888,-0.1714229226112366,0.1019650548696518,0.05743739753961563,-0.016248703002929688,0.10447252918869128,-0.06658041919104506,-0.298542302323922,
-0.17184256315231325,-0.05202316045761109,-0.22731995582580566,0.06914159655570984,0.07741110026836395,0.015576072037220001,0.11785312559671657,-0.06158271797373382,-0.30036030420524185,
-0.17593966722488405,-0.06091607809066773,-0.24746108055114746,0.03345523774623871,0.04864896461367607,0.03881215304136276,0.12210054978054508,-0.05820793280736687,-0.29900094912854136,
-0.18214595317840576,-0.06729592084884643,-0.2722586393356323,0.001164409564808011,0.01229681447148323,0.057787179946899414,0.12488081442976472,-0.05505730424325406,-0.2964690487728583,
-0.19131733179092408,-0.050245714187622074,-0.29617769718170167,-0.041179854422807693,-0.018595855683088303,0.09400616586208344,0.12640204541045086,-0.053142602422415766,-0.2906234604575425,
-0.19967429637908937,-0.034574401378631596,-0.2998677253723145,-0.08652017265558243,-0.004281363915652037,0.14220938086509705,0.12511049090720872,-0.05471930044949024,-0.28736486531155064,
-0.19804201126098633,-0.022507786750793457,-0.29604563713073734,-0.133857861161232,0.005905227269977331,0.16830836236476898,0.12210190418736167,-0.05742176800155926,-0.28300421716440005,
-0.10924754142761231,-0.011010198295116425,-0.27938802242279054,-0.19617582857608795,0.01848866231739521,0.14746913313865662,0.10963042359386536,-0.0629526175703593,-0.2688274606499549,
-0.06118654012680054,-0.004966969043016434,-0.22472171783447267,-0.2120216339826584,-0.00587926059961319,0.1413438618183136,0.09973210408749766,-0.06519265697533892,-0.2605067049054643,
-0.08446655869483949,-0.019901327788829803,-0.16041187047958375,-0.20496425032615662,-0.03330982103943825,0.1737678498029709,0.08823543545727353,-0.06656433670194918,-0.2529324439228652,
-0.10893858671188356,-0.018932893872261047,-0.008474620431661606,-0.2192787528038025,0.02527972310781479,0.204527348279953,0.06358455121049304,-0.07091098074779707,-0.238027272775048,
-0.0395652711391449,-0.004387222975492477,0.01087779998779297,-0.22726823389530182,0.043921854346990585,0.19753655791282654,0.050787812776041434,-0.07163305602426277,-0.22828680018997244,
-0.002428259700536728,-0.0006097264122217894,0.06706136465072632,-0.1957763433456421,0.012696288526058197,0.187749445438385,0.03727459975716175,-0.0719179748802632,-0.2175792475973168,
0.06277006268501283,0.027327561378479005,0.23309576511383057,-0.13698707520961761,0.006504438817501068,0.161117821931839,0.010296243280015856,-0.0697970489239375,-0.1968125109424869,
0.07343527078628541,0.03243969082832337,0.2727555751800537,-0.09411018341779709,0.004906541667878628,0.17676390707492828,-0.0004915330714948106,-0.0695719169582703,-0.18759362588508835,
0.04821731150150299,0.042839583754539494,0.3031680822372437,-0.06734541058540344,0.058835554867982864,0.1876828670501709,-0.009119619268464928,-0.0691709256439445,-0.17916266610397555,
0.12666622400283814,0.11553902626037599,0.3376028060913086,-0.01215139590203762,0.07042030245065689,0.17117126286029816,-0.021996625277442648,-0.0661751991472825,-0.1606142086938822,
0.15178303718566896,0.1329872727394104,0.37914078235626225,0.06414816528558731,0.0530431792140007,0.13927990198135376,-0.026416300683962352,-0.0616992099021948,-0.151490358906626,
0.19438102245330813,0.1555859923362732,0.40981411933898926,0.1062915250658989,0.07241787016391754,0.0955352932214737,-0.028355792095803037,-0.05746625875017756,-0.1430051066553244,
0.23604927062988282,0.16605176925659182,0.3763306140899658,0.16621264815330505,0.0944555252790451,0.0781581699848175,-0.023460735796295377,-0.05048412338214189,-0.1300679612139253,
0.2008119583129883,0.15942641496658327,0.37307443618774416,0.2182108759880066,0.1065063327550888,0.0691034197807312,-0.017578880123424734,-0.046145632428880236,-0.1260453837966823,
0.21097514629364014,0.14838508367538453,0.36768877506256104,0.270741730928421,0.086599200963974,0.053191035985946655,-0.009742036293706416,-0.041225744520788116,-0.12223994416243614,
0.2330956220626831,0.10416704416275024,0.33854997158050537,0.32819944620132446,0.07501444965600967,0.0032567642629146576,0.01262991672327604,-0.03098350698842976,-0.11542440670501593,
0.2534042358398438,0.07132747173309327,0.2823753118515015,0.3604236841201782,0.08886288851499557,-0.023241689428687096,0.027439421437291302,-0.02727974669974569,-0.11326765769697984,
0.2405709505081177,0.036805519461631776,0.21814095973968506,0.3844587206840515,0.08733157068490982,-0.04354829341173172,0.04403473027122625,-0.023527342777807908,-0.11254899494763922,
0.1865693211555481,-0.02073878198862076,0.08016712665557862,0.3844587206840515,0.03852914273738861,-0.08655834943056107,0.0811907566878806,-0.014168627301198965,-0.11338921870402041,
0.1556236505508423,-0.052161973714828495,-0.00955606997013092,0.38532423973083496,0.029274657368659973,-0.10187152773141861,0.10012354043362147,-0.013072659825777305,-0.1150241357310281,
0.08940884470939636,-0.11530189514160157,-0.11901481151580812,0.3470413088798523,0.0661594420671463,-0.10153862833976746,0.1389256622902804,-0.008571845419879452,-0.12225797746451833,
0.0708772897720337,-0.1292931914329529,-0.19119086265563967,0.3042309880256653,0.10011474043130875,-0.09501388669013977,0.15818758231494912,-0.004547960052558019,-0.1258955311606826,
0.043362393975257874,-0.14714947938919068,-0.22980477809906008,0.26321831345558167,0.06096627563238144,-0.07883518189191818,0.17576275915713943,0.0010487002595075405,-0.12849995155248561,
-0.01502535343170166,-0.17424544095993044,-0.2793168067932129,0.22686614096164703,0.018089380115270615,-0.0536683052778244,0.20568710601020584,0.013810252188237008,-0.1309644540050346,
-0.04772121608257294,-0.17006131410598757,-0.29773328304290775,0.18239136040210724,0.029274657368659973,-0.012589044868946075,0.21831377394074944,0.017658051339829086,-0.13253879070780575,
-0.06082760095596314,-0.17326664924621582,-0.314137601852417,0.11780969798564911,0.031138870865106583,0.024495474994182587,0.22976033470929932,0.020156779966500993,-0.13390565686457656,
-0.05908979177474976,-0.15291835069656373,-0.3723413228988648,0.08199018239974976,0.0083688423037529,0.055654462426900864,0.24722288810002788,0.02271416379675727,-0.13239802187949912,
-0.05850783586502076,-0.12108151912689209,-0.3258460760116577,0.05029856041073799,0.00417436333373189,0.06497552245855331,0.25229818573113677,0.022430818134480203,-0.13010261013116634,
-0.03897679448127747,-0.0951107919216156,-0.33717360496521,-0.0024986073840409517,0.0342680849134922,0.06297814846038818,0.25663180569894317,0.020848520081144597,-0.12780794537689216,
-0.0013065095059573652,-0.044637668132781985,-0.3678413152694702,-0.06814442574977875,0.04205765202641487,0.06284705549478531,0.26109332686741077,0.01687345966406994,-0.12248331791624563,
0.007635635137557984,-0.03157578408718109,-0.3471289873123169,-0.09710630774497986,0.037863172590732574,0.057121261954307556,0.2600283564244124,0.016027404201497564,-0.11870349937048086,
0.026662960648536682,0.007899653166532516,-0.2992105484008789,-0.13372476398944855,0.03120526857674122,0.03554965555667877,0.25302747491325045,0.014418640618025603,-0.11121895670531004,
0.031468269228935246,0.024354237318038943,-0.2773587226867676,-0.17327271401882172,0.02321578562259674,0.021767793223261833,0.24760809268069206,0.01383367978364171,-0.10800415492720508,
0.0280220627784729,0.016312441229820254,-0.27643628120422364,-0.206295907497406,0.005705501418560743,0.023099372163414955,0.24099492313919932,0.013641030621959958,-0.10549607901339882,
0.0044004183262586595,-0.03160056471824646,-0.23120083808898928,-0.2273348867893219,-0.01380215398967266,0.035483069717884064,0.22302994323438247,0.013565076916603433,-0.10241653633523527,
0.015247139334678651,-0.03739906549453736,-0.20101497173309327,-0.2615565061569214,0.006304712500423193,0.030622804537415504,0.21212217924337703,0.012483280159963164,-0.10141065025774125,
0.03744363784790039,-0.03866300880908966,-0.20177330970764162,-0.29191654920578003,0.015758933499455452,0.03515017777681351,0.20052317630666236,0.010890251195861742,-0.10037992378196334,
-0.0014413218945264817,-0.047614735364913945,-0.13500503301620484,-0.284592866897583,-0.04935535416007042,0.06744100898504257,0.17303097615426508,0.010080987070842488,-0.09711469687120373,
0.01936980038881302,-0.04683573246002198,-0.08920007944107056,-0.28412681818008423,-0.06553405523300171,0.046934664249420166,0.15818422091646814,0.00888260725372548,-0.09510648736148745,
0.10109302997589112,-0.037027329206466675,-0.0703437089920044,-0.31308868527412415,-0.05168562009930611,0.019304368644952774,0.1436541321878086,0.00536712147348975,-0.09315120473096694,
0.12778533697128297,-0.03223468959331512,-0.07014448642730713,-0.3081618547439575,-0.07139301300048828,0.033219389617443085,0.1140503785254317,-0.0021015825620336742,-0.09159543960224047,
0.10101654529571534,0.0010605426505208015,-0.00021523351315408946,-0.3134881556034088,-0.06300405412912369,0.014177784323692322,0.09768026371256847,-0.011540134242751162,-0.09159724904886592,
0.15492740869522095,0.023700818419456482,0.017120788991451263,-0.3321968615055084,-0.04615956172347069,-0.0352904349565506,0.0818583197444252,-0.015632866088931986,-0.09103978996631794,
0.24963915348052979,0.02366515100002289,0.11465505361557007,-0.295245498418808,-0.05301719903945923,-0.06844679266214371,0.049607924044680576,-0.021745137347325194,-0.0916128445047112,
0.22351567745208742,0.051297259330749516,0.22253024578094482,-0.2038990706205368,-0.0787167027592659,-0.09294787049293518,0.033217546666955644,-0.02365224347533132,-0.09441366843748351,
0.21919000148773193,0.07494164109230042,0.25957043170928956,-0.19218115508556366,-0.05514772981405258,-0.11099078506231308,0.01941171734143348,-0.02643144491799045,-0.09828612759239361,
0.21475026607513428,0.08755031228065491,0.19783943891525269,-0.16734717786312103,-0.037171393632888794,-0.12597107887268066,-0.0004467091646798264,-0.03345599518802079,-0.10834424221473782,
0.2048001527786255,0.09208688735961915,0.21232171058654786,-0.11395079642534256,-0.06746485084295273,-0.14747610688209534,-0.009374310144812863,-0.03576753550643964,-0.11419688819386846,
0.19351718425750733,0.10520284175872803,0.2495274543762207,-0.08445580303668976,-0.07492178678512573,-0.17430654168128967,-0.017322287364263427,-0.037931916275366954,-0.12052068965166064,
0.15916353464126587,0.1045162320137024,0.20796015262603762,-0.06920921057462692,-0.07898310571908951,-0.18629077076911926,-0.026966326402858117,-0.04570773152023973,-0.1355199917766225,
0.11482014656066895,0.09373748302459717,0.1828980803489685,-0.07287105172872543,-0.059808339923620224,-0.1858247071504593,-0.029604462915327364,-0.05042806709679282,-0.14436982848638913,
0.07051198482513428,0.06443112492561341,0.16882296800613406,-0.04577339440584183,-0.059342287480831146,-0.16411994397640228,-0.03161053981013096,-0.055169418732862886,-0.15369004760871657,
0.01931348592042923,0.04184442758560181,0.2454791307449341,0.009620359167456627,-0.062471501529216766,-0.1581944227218628,-0.03509987458545865,-0.0631101755591232,-0.17177963697378498,
0.026322394609451294,0.04729812741279602,0.25750007629394533,0.044507768005132675,-0.025986194610595703,-0.18389391899108887,-0.03483830723991352,-0.06717322964668739,-0.1797074811610961,
0.038800385594367985,0.05166751146316528,0.23219904899597169,0.06301674246788025,-0.02205803245306015,-0.17716944217681885,-0.032415590891005264,-0.07107644912587922,-0.18767910872899388,
-0.06100950241088868,0.038701146841049194,0.19078890085220337,0.09650599211454391,-0.048023853451013565,-0.15173624455928802,-0.023516363046592853,-0.07555939538387499,-0.20615668675278523,
-0.08800222277641297,0.0409890353679657,0.1752344846725464,0.11468207091093063,-0.052950698882341385,-0.13575728237628937,-0.017557098834789703,-0.07772461769996558,-0.2148687724880795,
-0.09354830980300904,0.05210052132606507,0.15264483690261843,0.11541444063186646,-0.025586720556020737,-0.1365562379360199,-0.01063045929437775,-0.08056134760189025,-0.22268240390184957,
-0.07455211281776429,0.052778846025466924,0.09887133240699769,0.11155285686254501,0.0037746308371424675,-0.13762149214744568,0.0048498873825150975,-0.08543066873930166,-0.2370253846814756,
-0.08447744250297547,0.03914543390274048,0.09494758844375611,0.1336570829153061,0.021484652534127235,-0.13822071254253387,0.012445074164462411,-0.08604557395312959,-0.2442408778330411,
-0.10493634939193726,0.026689800620079043,0.09521515965461731,0.15815816819667816,0.01682412065565586,-0.12443885207176208,0.020171916253810113,-0.08542667806159775,-0.25150383301246126,
-0.17282824516296388,0.008436383306980133,0.043671756982803345,0.16108764708042145,0.023482022807002068,-0.10033724457025528,0.03792032995332127,-0.0819326165393662,-0.265459537916111,
-0.16950205564498902,0.00077579147182405,-0.00898324027657509,0.1331244558095932,0.059701018035411835,-0.07670168578624725,0.04769562869667336,-0.06981476615860592,-0.2715295201902641,
-0.15690269470214846,-0.0068706035614013675,-0.05136380195617676,0.13518840074539185,0.059567857533693314,-0.06019009277224541,0.056567407473493675,-0.06722722610255587,-0.275575208155843,
-0.15856858491897585,-0.019769671559333804,-0.06984738707542419,0.13625366985797882,0.032403614372015,-0.04141480475664139,0.0714739178239672,-0.05976653872844837,-0.2805445424724953,
-0.1641987681388855,-0.01960341185331345,-0.10951054096221924,0.12380339950323105,0.02368175983428955,-0.014849771745502949,0.07889900879679768,-0.05658296429705882,-0.28214064434623654,
-0.17229290008544923,-0.014964671432971956,-0.14444022178649904,0.10149942338466644,0.029607294127345085,0.002527354285120964,0.086166193208587,-0.05430167915319437,-0.283660521470635,
-0.16321431398391725,-0.015129958093166352,-0.20907354354858398,0.044505633413791656,0.03213764354586601,0.034015245735645294,0.09868128356505085,-0.05137315130932676,-0.28361970511723045,
-0.16556509733200075,-0.017099204659461974,-0.23599810600280763,0.02027086913585663,0.01562604494392872,0.058582909405231476,0.10292841791306662,-0.04992269047706684,-0.28244105103763056,
-0.15868757963180544,-0.004447390139102936,-0.2304630517959595,-0.009223639965057373,-0.008408983238041401,0.08241819590330124,0.10642556927568764,-0.04844184177942918,-0.27767453175369006,
-0.1537574052810669,-0.0025269785895943643,-0.23721077442169192,-0.05349869653582573,-0.01806294173002243,0.11697271466255188,0.10652127884714176,-0.04910827259913335,-0.27435352071023766,
-0.15518406629562378,-0.005554597824811935,-0.24483094215393067,-0.08891873806715012,-0.015865834429860115,0.13734589517116547,0.10548460347820371,-0.05082125406762496,-0.27046697241160683,
-0.11953030824661255,-0.005765274167060852,-0.21254312992095947,-0.12507115304470062,-0.013136094436049461,0.15725302696228027,0.09800641228615009,-0.05622855501039159,-0.25955258376690327,
-0.09227156043052674,0.0007480211090296507,-0.1897320628166199,-0.158626988530159,-0.005412926897406578,0.14886407554149628,0.09172071734367941,-0.05920326184644668,-0.2525778150122123,
-0.07233613133430482,-0.0036873877048492435,-0.17198549509048464,-0.19098438322544098,-0.013935042545199394,0.16178040206432343,0.08400871978533787,-0.061999581041268424,-0.24498412478457524,
-0.05064931511878967,-0.004282863438129426,-0.08366029262542725,-0.19684334099292755,0.026012374088168144,0.16763935983181,0.06427096762609603,-0.06648901717644938,-0.22972909230342728,
-0.03093036711215973,0.006038835644721985,-0.016782084107398988,-0.20270229876041412,0.016757888719439507,0.17935726046562195,0.05252061296202482,-0.06828033767107435,-0.22133314755835,
-0.026803848147392274,-0.003608766570687294,0.020257435739040375,-0.19704307615756989,0.011231830343604088,0.17656093835830688,0.04059986699802697,-0.0684681131635039,-0.21249444284339236,
0.04720929563045502,0.024965117871761325,0.14568392038345337,-0.1574951410293579,0.032270804047584534,0.14873090386390686,0.016158100639039788,-0.06827362284627819,-0.19390328415679695,
0.06753566265106202,0.03507965505123139,0.21361441612243653,-0.1062958687543869,0.013695253990590572,0.15572170913219452,0.004698488205514999,-0.06757461357742653,-0.18505229822529307,
0.04879429638385773,0.042398726940155035,0.27383739948272706,-0.06741371005773544,0.04085949808359146,0.1579853892326355,-0.005039081468761875,-0.06600089282167201,-0.17722059486277242,
0.11727548837661744,0.09897574186325074,0.3233270883560181,-0.005295477341860533,0.0712195336818695,0.14367090165615082,-0.018687066769323163,-0.06329800827096611,-0.16114179346486898,
0.13759677410125734,0.12218221426010133,0.36098124980926516,0.043773263692855835,0.07521427422761917,0.13288509845733643,-0.02281742974501197,-0.06002420976452245,-0.15333046703470424,
0.1535385251045227,0.1324495792388916,0.37221210002899174,0.08598437160253525,0.08014112710952759,0.1032574325799942,-0.02456830992523598,-0.05589710269756357,-0.14613139772984723,
0.19650471210479736,0.148555326461792,0.3765292644500733,0.15169787406921387,0.06669215857982635,0.07715845853090286,-0.02165602947106907,-0.04722087648927321,-0.13365170408903582,
0.20177385807037354,0.12682327032089233,0.3795714139938355,0.2066255658864975,0.0940561443567276,0.05578658729791641,-0.016973910074419823,-0.04313171108689789,-0.12903096146876106,
0.22405521869659425,0.10798530578613282,0.38374290466308597,0.25995537638664246,0.12008854001760483,0.044734470546245575,-0.010140460196614845,-0.039560462644480515,-0.12511684148579688,
0.21217894554138184,0.07765807509422303,0.30748014450073247,0.2889838218688965,0.13653355836868286,0.021365230903029442,0.010563261599383212,-0.029896432051847017,-0.11933782516814091,
0.21291563510894776,0.05590218901634217,0.23163287639617922,0.32913097739219666,0.12548144161701202,-0.008262436836957932,0.024099784573210842,-0.02353831624892787,-0.11694834633738872,
0.2086875677108765,0.03316546082496643,0.18670523166656494,0.3439781069755554,0.11682616919279099,-0.01818271167576313,0.038664161525181436,-0.016787259165706968,-0.11509607442769192,
0.12903069257736208,-0.04264371395111084,-0.03489131927490235,0.3396504819393158,0.10271141678094864,-0.03143193945288658,0.08738419037089677,-0.005617973060126478,-0.11288759622290638,
0.07251845598220825,-0.07797669172286988,-0.1577579379081726,0.327533096075058,0.06422873586416245,-0.03003377839922905,0.12189067201688833,0.0052506302244064666,-0.11249049341372082,
0.05409674644470215,-0.07889615297317505,-0.22181947231292726,0.2955751419067383,0.025612900033593178,-0.034827470779418945,0.13853327313564653,0.008788948450823154,-0.11266439681777661,
0.024917405843734742,-0.08534764647483827,-0.2859175443649292,0.2445090413093567,0.015892362222075462,-0.031565096229314804,0.15410540674706666,0.011113338905571656,-0.11347948324125644,
-0.029315200448036195,-0.09949568510055543,-0.3369178771972656,0.19231107831001282,0.035400018095970154,-0.011191913858056068,0.17936439224493775,0.014333645049298639,-0.11512831548558886,
-0.030489596724510196,-0.10038987398147584,-0.3303813934326172,0.1355857402086258,0.01542630884796381,0.015306539833545685,0.18859182605859343,0.01599892651868652,-0.11429173206619407,
-0.0196547731757164,-0.08974368572235109,-0.31003310680389407,0.11241624504327774,-0.00041949970182031393,0.019101543352007866,0.19599706876386658,0.01667515746756717,-0.11311389385802728,
-0.01617778539657593,-0.07721462845802307,-0.32972745895385747,0.08318804949522018,-0.011538198217749596,0.026624975726008415,0.20767624812956045,0.015588343342384814,-0.11141423828923165,
-0.006794582307338715,-0.06987658739089966,-0.3477516174316406,0.024265611544251442,-0.0062784538604319096,0.03494735062122345,0.21145482423475315,0.014169256341905447,-0.1106565421745521,
-0.007546713203191758,-0.06255155205726624,-0.3360087633132935,-0.011287589557468891,0.0057057710364460945,0.04559999704360962,0.21341733838464716,0.012715456592388454,-0.10965401362712529,
0.0034621100872755054,-0.044138443470001225,-0.3241937875747681,-0.040582362562417984,0.003908137325197458,0.05239105969667435,0.21270478277566865,0.010196556467540013,-0.10589882472185176,
0.007889453321695328,-0.025082725286483767,-0.32060060501098636,-0.08911847323179245,0.003641820978373289,0.04579973220825195,0.21024379029072535,0.00867319616187551,-0.10376715406075208,
-0.0007164077833294868,-0.016244380176067354,-0.3087749004364014,-0.12866641581058502,-0.0024168705567717552,0.04393552243709564,0.20616084969326873,0.007370708742796569,-0.10174715466612183,
-0.000919188279658556,-0.013831660151481628,-0.29872887134552,-0.1597588211297989,-0.015532939694821835,0.043469466269016266,0.20046909393947765,0.006042719584527455,-0.0998981417892496,
0.02340832203626633,-0.027665382623672487,-0.2590047597885132,-0.20489905774593353,-0.01879536733031273,0.04280431941151619,0.1845549615604401,0.0024438502879271067,-0.09700366311331503,
0.034392553567886355,-0.023855262994766237,-0.21860885620117188,-0.22713646292686462,-0.017397208139300346,0.03581352159380913,0.1742792064911056,0.00045501246456492025,-0.09569036545588361,
0.033708351850509646,-0.02540196180343628,-0.1885998249053955,-0.2527028024196625,-0.022390635684132576,0.03641273453831673,0.16296571926367584,-0.0013233774005782211,-0.09445781963395783,
0.05009472370147705,-0.031600487232208256,-0.1310235381126404,-0.2871907353401184,-0.024854060262441635,0.048796433955430984,0.1374246890060809,-0.005174252672717385,-0.09208584631049253,
0.07907830476760865,-0.015831325948238373,-0.0708802878856659,-0.28932124376296997,0.0012449199566617608,0.038210365921258926,0.12286368797497382,-0.0073676993714799684,-0.09037624588846561,
0.08595035672187806,-0.02126956433057785,-0.04469319880008698,-0.299174964427948,-0.009940356947481632,0.028156936168670654,0.10808905661338293,-0.008530371336325322,-0.0884621346211639,
0.1384080171585083,-0.0033703386783599854,0.04594251215457917,-0.2881894111633301,-0.038036707788705826,-0.0038675772957503796,0.07685445977510733,-0.016430395837537047,-0.08585357003210341,
0.15341240167617798,0.0013617571443319322,0.07916152477264404,-0.25909438729286194,-0.056678835302591324,-0.031897347420454025,0.06225908020895491,-0.018235543348816923,-0.08638184982674899,
0.1395076870918274,0.006254997104406357,0.08536009192466737,-0.2534351646900177,-0.04456145316362381,-0.03396129980683327,0.048829466500759616,-0.02066409678573692,-0.08813339775022103,
0.1673712134361267,0.03083298206329346,0.12391741275787355,-0.24131779372692108,-0.004880351014435291,-0.05127184838056564,0.023217899786742532,-0.0247855693122291,-0.09224159064622926,
0.189524245262146,0.0515541136264801,0.1604989290237427,-0.21448644995689392,-0.004880351014435291,-0.075706347823143,0.01086212629999389,-0.025141456912180903,-0.09471717015282101,
0.20790083408355714,0.0890325427055359,0.16872067451477052,-0.19424642622470856,-0.013535624369978905,-0.11432218551635742,-0.0003462133689998527,-0.025224416726648675,-0.09798699439487359,
0.1784013628959656,0.11279985904693604,0.19859976768493653,-0.17007823288440704,-0.003349033184349537,-0.1522056609392166,-0.019597723932668537,-0.026576782771646053,-0.10909127328880154,
0.11564069986343384,0.09868109822273255,0.24646151065826416,-0.12254080176353455,-0.01167141180485487,-0.14102038741111755,-0.02810063401096389,-0.0273098951338037,-0.1167995634385136,
0.0692339837551117,0.1080265760421753,0.26058857440948485,-0.07513653486967087,-0.04216460511088371,-0.14201906323432922,-0.04003804989910005,-0.030035751350669094,-0.13198496847584934,
0.06939254403114319,0.10795732736587525,0.25984809398651126,-0.046707287430763245,-0.06386936455965042,-0.1539367139339447,-0.043542560334900345,-0.0328039293019575,-0.13960623115045664,
0.0569200873374939,0.10195541381835938,0.2708930492401123,-0.014749355614185333,-0.06992805749177933,-0.15613381564617157,-0.045747436823324154,-0.03661496201035316,-0.14767046032913242,
0.0409544587135315,0.09102011322975159,0.2790392875671387,0.023400429636240005,-0.05255093425512314,-0.1522056609392166,-0.045879529092430434,-0.045727702144133166,-0.1642808999095779,
0.02636978626251221,0.08276177644729615,0.27392964363098143,0.062416017055511475,-0.05201834812760353,-0.1513396054506302,-0.04379190461886646,-0.0495519703457587,-0.17238665330064626,
0.007703828811645508,0.07423161864280702,0.256660008430481,0.08811551332473755,-0.05022071301937103,-0.1460132896900177,-0.040169030954925855,-0.05313855666098992,-0.18035534461765715,
-0.025143474340438843,0.05855298042297363,0.2129835844039917,0.11454739421606064,-0.03271042928099632,-0.13975486159324646,-0.029023614478497686,-0.05985402864004666,-0.19489945757976573,
-0.042310068011283876,0.053049081563949586,0.19916863441467286,0.14251059293746948,-0.03390885144472122,-0.13236458599567413,-0.02195231958904712,-0.062182626489546575,-0.20197506937796103,
-0.047817704081535344,0.05149507522583008,0.18818244934082032,0.1660795658826828,-0.033509377390146255,-0.1328306496143341,-0.0139932954614077,-0.06420606366736804,-0.20881465513330447,
-0.057933658361434937,0.0410038024187088,0.11926164627075196,0.18425564467906952,-0.02618568390607834,-0.1344951093196869,0.00537833031500027,-0.06789406006737542,-0.22270119777588382,
-0.057970267534255986,0.02108326703310013,0.06815162897109986,0.17247115075588226,-0.003149341093376279,-0.12936852872371674,0.016192183341854568,-0.06910421572324071,-0.2297658989692838,
-0.06757301688194275,0.00032341971527785065,0.03466594517230988,0.17846326529979706,0.0044406685046851635,-0.1273711621761322,0.02673416796056077,-0.06877106425168328,-0.23663305771047588,
-0.11298370361328125,-0.016023510694503786,-0.010954105108976365,0.19517460465431213,-0.013335932046175003,-0.11598614603281021,0.04659512145485612,-0.05889832681824053,-0.24977689548315,
-0.13197432756423952,-0.020571795105934144,-0.07186805605888368,0.17899589240550995,-0.026718316599726677,-0.09934138506650925,0.0575965807784407,-0.05833659648846031,-0.25579656555615693,
-0.13898900747299195,-0.031466838717460636,-0.12551870346069335,0.14297664165496826,-0.006345134228467941,-0.08169794827699661,0.06813335072286855,-0.05848355617620107,-0.2612707273262798,
-0.15037981271743775,-0.048374167084693914,-0.17925356626510622,0.10116500407457352,0.027077538892626762,-0.04940711706876755,0.08480262209227006,-0.05732701206099841,-0.26978315619575255,
