0.0,0.0,0.0,0.0,0.0,0.0,0.0,0.0,0.0,
0.0,0.0,0.0,0.04139597341418266,0.005236527882516384,0.0030925385653972626,0.0,0.0,0.0,
0.0,0.0,0.0,0.055244412273168564,0.018885228782892227,-0.00409799674525857,0.0,0.0,0.0,
0.0,0.0,0.0,0.05311388149857521,0.014357855543494225,-0.005296419374644756,0.0,0.0,0.0,
-0.006420084089040757,0.014545100927352906,0.024425756931304932,0.06136968359351158,0.012759958393871784,-0.003432206343859434,0.1687083616643932,0.020532423861326834,9.460091273562437e-05,
-0.014525394141674043,0.008282629400491714,0.016782051324844362,0.0638996884226799,0.004171263426542282,-0.0012350985780358315,0.17166117266879166,0.021248777878095974,0.00026441600481498365,
-0.013594238460063935,0.007301010936498643,0.011487043648958207,0.06949232518672943,0.0037717896047979593,0.001294904388487339,0.17480971370182377,0.02165258491384704,0.00040411236075783564,
-0.01732665151357651,0.002640066482126713,0.008750291168689727,0.07242180407047272,0.0010420494945719838,0.006954122334718704,0.17814024906018786,0.021833673665984214,0.00045215073828804486,
-0.017219050228595736,0.003469393402338028,0.0013228952884674072,0.07428602129220963,-0.006015327759087086,0.014677288942039013,0.18170738054108726,0.021953013749309035,0.0006607336901855061,
-0.008262977004051208,0.00836419016122818,-0.005551704019308091,0.07575075328350067,-0.00035611013299785554,0.010615968145430088,0.1891796445607813,0.02134327587265562,0.0014515675987832803,
0.012697537243366242,0.010897841304540634,-0.008747353404760362,0.06742838025093079,0.014357855543494225,0.0018275370821356773,0.19300201834072997,0.020618928005799505,0.0018691395809402108,
0.014903225004673004,0.014227892458438874,-0.016202010214328766,0.07788128405809402,0.0067678457126021385,-0.0102232675999403,0.19685378088386513,0.02037949520653585,0.0022997505670482436,
0.017574360966682436,0.009949062764644623,-0.002676148898899555,0.09059788286685944,-0.001754269702360034,-0.018212750554084778,0.2040934034341382,0.021387032588874436,0.0030075984703036816,
0.010889510810375215,0.003149219229817391,-0.02277980148792267,0.08187602460384369,-0.01733376272022724,-0.014218009077012539,0.20834684498032452,0.022020195114254442,0.0025554020439045645,
-0.0038587167859077454,-0.007014083117246628,-0.051050037145614624,0.0644989013671875,0.006967582739889622,-0.011022215709090233,0.21281737397667969,0.022333140225354677,0.001645012141577635,
-0.0016131967306137085,-0.02773628830909729,-0.10041481256484985,0.05630967766046524,0.008232585154473782,-0.004963523708283901,0.22052073808438363,0.02240139012120806,-7.005032537819034e-05,
0.00520763173699379,-0.05388531684875489,-0.12797709703445434,0.06323389708995819,-0.025123508647084236,-0.007693264167755842,0.2264732866870659,0.0232508060897411,-0.00023855597013964472,
0.0064868353307247165,-0.06550495028495788,-0.16564240455627444,0.05997152253985405,-0.05155538395047188,-0.008758528158068657,0.22963105505755996,0.022439669954241657,-0.001432780354795366,
0.01223004162311554,-0.08082489967346192,-0.20646598339080813,0.03933202475309372,-0.04835958778858185,-0.008758528158068657,0.23267952766749767,0.02085784857123265,-0.003406277364160262,
0.008381161838769913,-0.10554914474487305,-0.2643791198730469,-0.008205401711165905,-0.03411167860031128,-0.0072937896475195885,0.23514264747741848,0.01936790195871391,-0.005414642076349057,
0.0010313840582966804,-0.16963648796081543,-0.36707634925842286,-0.07678469270467758,-0.024923300370573997,-0.021214211359620094,0.23417225827860935,0.017461959778216816,-0.008611090445590167,
-0.03436749279499054,-0.18851301670074463,-0.3354259014129639,-0.09595945477485657,-0.11567051708698273,-0.0003083962947130203,0.23009968784574694,0.017012872301753638,-0.010342513113189572,
-0.038215115666389465,-0.241668176651001,-0.3655068397521973,-0.14948900043964386,-0.19350139796733856,0.006815559230744839,0.2252587637313494,0.01416004723646072,-0.013260770865913844,
-0.06743285655975342,-0.3077981472015381,-0.4545379161834717,-0.3146715760231018,-0.13664290308952332,0.03298112004995346,0.2089924256758766,-7.218638470310817e-05,-0.023983783851932908,
-0.1212456226348877,-0.3228573799133301,-0.3909108638763428,-0.46174463629722595,-0.10242129117250443,0.11414095014333725,0.19244521772286835,-0.006606102845069899,-0.0263562642319125,
-0.14602519273757936,-0.29878613948822025,-0.23539018630981445,-0.501226007938385,-0.15661661326885223,0.21121318638324738,0.17010262301254206,-0.013468115491822082,-0.0250853664210581,
0.01813913881778717,-0.18058136701583863,-0.02013585716485977,-0.5832513570785522,-0.13318079710006714,0.24876375496387482,0.11761857171939853,-0.035433822416486974,-0.012358930927602785,
0.16695662736892702,-0.1246312975883484,0.1668100357055664,-0.620402455329895,-0.04736043140292168,0.16520707309246063,0.08612552302282564,-0.04560417991613062,-0.0025741901602116635,
0.15485655069351198,-0.04825771152973175,0.489271354675293,-0.48351597785949707,-0.04263332113623619,0.10375462472438812,0.05303079286826951,-0.0508687412513263,0.005906386016004461,
0.1612511157989502,0.05781404972076416,0.941079330444336,-0.31487131118774414,-0.06713440269231796,0.0735277459025383,0.001679565282766819,-0.056405550291839066,0.01683261083237674,
0.13243892192840576,0.12511613368988037,0.9720212936401368,-0.13457529246807098,-0.030582517385482788,0.09676382690668106,-0.012628814622559863,-0.059602725827958385,0.02066532250946109,
0.19734392166137696,0.13721251487731934,0.942357635498047,0.0027106672059744596,0.025277286767959595,0.0988277718424797,-0.021160783150597454,-0.061158313646034176,0.02548644163230102,
0.26574058532714845,0.15296949148178102,0.9167160987854004,0.14132820069789886,0.05277442932128906,0.04023823142051697,-0.024832698261384335,-0.06037649428071943,0.030806586897581825,
0.2833635091781616,0.09438719749450684,0.5765576839447022,0.26330098509788513,0.09445289522409439,-0.03153396025300026,-0.012146579626131209,-0.054734790773355635,0.03488922092965123,
0.1973328471183777,0.06138477921485901,0.37941505908966067,0.32828211784362793,0.1047060638666153,-0.06748663634061813,0.002218992090600409,-0.04967036794197509,0.03285416371465265,
0.13524960279464723,0.012445172667503357,0.18240118026733398,0.3137678802013397,0.07368023693561554,-0.08792640268802643,0.019036505775975383,-0.04401721738773736,0.02986409201685179,
0.08122375011444093,-0.04082809388637543,-0.0316841334104538,0.30844154953956604,0.05969864875078201,-0.0823337584733963,0.04803283343014773,-0.03654577158974442,0.02313550886994196,
0.07554168701171876,-0.13713253736495973,-0.15541460514068606,0.29599127173423767,0.08886025846004486,-0.09764693677425385,0.06792130041952651,-0.03113982181652715,0.01863617374807005,
0.04096113741397858,-0.14089179039001465,-0.2341002941131592,0.27182310819625854,0.07640998065471649,-0.10783352702856064,0.08335062727534061,-0.02565261347929491,0.014874812812735014,
0.008940435200929643,-0.16997181177139284,-0.32214288711547856,0.2010495960712433,0.03679545968770981,-0.10989747941493988,0.09816441569411642,-0.020154115691819102,0.011076756809400163,
-0.0666104257106781,-0.16583614349365236,-0.3991430997848511,0.13653045892715454,0.03153637796640396,-0.061568692326545715,0.1197571151267863,-0.012442841918413498,0.002523951218115804,
-0.048731413483619694,-0.1634961724281311,-0.4202598094940186,0.06229483336210251,0.020617417991161346,-0.011368105188012123,0.12636724772851707,-0.009865918170830814,0.000578063261621114,
-0.03991230428218842,-0.15930663347244264,-0.42426295280456544,0.012094248086214066,0.0030405547004193068,0.010469816625118256,0.13055404080688168,-0.008096122155925744,0.00013236089430906066,
0.04205522537231446,-0.1447816848754883,-0.4887290477752686,-0.07698849588632584,0.03326743096113205,-0.032739974558353424,0.1316405076027552,-0.007082840589973616,0.000672925228697352,
0.016118589043617248,-0.1076788067817688,-0.4558889389038086,-0.17585834860801697,-0.0005547129549086094,-0.10564400255680084,0.12663475801731264,-0.004596735843590921,-0.0010985658643152066,
-0.03079369068145752,-0.11256331205368042,-0.4096113681793213,-0.23524683713912964,-0.021860001608729362,-0.07728134095668793,0.11834644785432137,-0.0023768899819406938,-0.005577825501254097,
-0.05146506428718567,-0.10995545387268067,-0.3732272863388062,-0.3096821904182434,-0.033311598002910614,-0.03507024049758911,0.10751559520123964,-0.0014144625991902595,-0.01041893106818116,
0.04127962291240692,-0.06345544457435608,-0.27864670753479004,-0.40389150381088257,-0.0014868193538859487,-0.05877237394452095,0.07664350295083117,-0.002842069671568159,-0.015629994477666602,
0.02579624354839325,-0.02861745059490204,-0.1195277214050293,-0.4486992061138153,-0.06606847792863846,-0.08766767382621765,0.05562133260805834,-0.0023282823937952044,-0.018931935327252427,
0.004268065094947815,0.04090464115142822,0.09507519602775574,-0.3445030152797699,-0.1480938345193863,-0.09785425662994385,0.03284016357564504,-0.004080199099982834,-0.023656767570770874,
0.2645159721374512,0.042229804396629336,0.3374671936035156,-0.2517584264278412,-0.09423140436410904,-0.17009250819683075,0.0005810741481115858,-0.015454058230079426,-0.03288113413198338,
0.16618332862854004,0.11425994634628296,0.4890746593475342,-0.2584163248538971,-0.09449772536754608,-0.1764840930700302,-0.015466138789816366,-0.022547929631614227,-0.044467049846938285,
0.13406285047531127,0.01328035742044449,0.7700653553009034,-0.05202135816216469,-0.10568299889564514,-0.2202931046485901,-0.028454005580052358,-0.028609426919898512,-0.0536263035234209,
0.10453004837036134,-0.10264160633087159,0.8728763580322266,0.11755542457103729,-0.128386452794075,-0.21483361721038818,-0.0343456154849917,-0.03454144726368194,-0.06305488749236798,
0.10298149585723877,-0.021214175224304202,0.7120757102966309,0.20990054309368134,-0.0939650908112526,-0.2502536475658417,-0.021659997845412976,-0.04886501239507977,-0.0848137965614562,
0.09869137406349182,-0.05342238545417786,0.5945431709289551,0.32255226373672485,0.04272165521979332,-0.27235788106918335,-0.00800629857667377,-0.052659161810585484,-0.0982315201469669,
0.03525828719139099,-0.07999696731567384,0.41048769950866704,0.30331093072891235,0.10523936152458191,-0.23680469393730164,0.009413409051342147,-0.05196029697516752,-0.11269596415719838,
0.024908259510993958,-0.08829641938209534,0.13428622484207153,0.27188563346862793,0.20184552669525146,-0.24639208614826202,0.027585348918961344,-0.04798706717340014,-0.1254201696979748,
-0.03868920207023621,-0.08412079215049745,0.14251114130020143,0.3462544083595276,0.14398835599422455,-0.25924181938171387,0.05946329112015714,-0.026511385792503662,-0.14800252317026003,
-0.1351198434829712,-0.11597628593444825,-0.049747040867805487,0.3065723180770874,0.09019266068935394,-0.1935967057943344,0.07663565148434012,-0.015114089123977239,-0.15934772560876234,
-0.17245039939880372,-0.10069470405578614,-0.1520313858985901,0.26722410321235657,0.04438629001379013,-0.15058666467666626,0.09353863473059221,-0.007341052188963989,-0.16872983487525592,
-0.18599022626876832,-0.1336426854133606,-0.13008686304092407,0.2788754403591156,0.008233875967562199,-0.13806980848312378,0.1215751984746144,0.003112082840429762,-0.18197689991831484,
-0.20934262275695803,-0.1673617720603943,-0.21234626770019532,0.25810277462005615,-0.030581697821617126,-0.09086526185274124,0.13581762739022615,0.0061972624697440755,-0.18815304425627813,
-0.23686971664428713,-0.19126754999160767,-0.2992837190628052,0.1855982393026352,-0.047426190227270126,-0.01576412282884121,0.14970604944553265,0.007955034026297086,-0.19342061750104078,
-0.22336547374725343,-0.200874400138855,-0.3672585725784302,0.1170218363404274,-0.0023521895054727793,0.01732565462589264,0.16910890622615904,0.005490766862491344,-0.19798445291334565,
-0.22832307815551758,-0.215557599067688,-0.3650662183761597,0.03586199879646301,0.014359146356582642,0.07192046195268631,0.17443622619624932,0.005090079267850356,-0.19684634072982282,
-0.21615631580352784,-0.24238204956054688,-0.39712417125701904,-0.03897282853722572,-0.004083244130015373,0.11932472139596939,0.1773225085090113,0.004371169376194417,-0.19384345455907767,
-0.18453439474105837,-0.22923679351806642,-0.4057491779327393,-0.11773581802845001,0.023214157670736313,0.20807456970214844,0.1738549973308615,-0.0014054936080827875,-0.18356416264116016,
-0.16515001058578493,-0.29766948223114015,-0.39873919486999515,-0.1941019594669342,0.029539164155721664,0.22485248744487762,0.16793198749433771,-0.0055358398328872365,-0.17455386437501225,
-0.16887587308883667,-0.2387549877166748,-0.4138164520263672,-0.3040905296802521,-0.00861061830073595,0.26706358790397644,0.1592867499276809,-0.009429785800692727,-0.16421512408404665,
-0.16579300165176392,-0.22846992015838624,-0.32206263542175295,-0.4335867464542389,-0.11846601963043213,0.3371047377586365,0.12857497372134608,-0.022108708945717453,-0.14031972504653437,
-0.07371671795845032,-0.1959151029586792,-0.2572817325592041,-0.557956337928772,-0.058544889092445374,0.392098993062973,0.10651532321345769,-0.0332588034004821,-0.1267671409606879,
-0.032038825750350955,-0.14498306512832643,-0.08285088539123536,-0.6227377653121948,0.02241520956158638,0.4285843074321747,0.0785403145219761,-0.04328657808288732,-0.11023375879169217,
0.2833777904510498,-0.06507604718208314,0.5998483180999756,-0.5419107675552368,0.008833087049424648,0.32425495982170105,0.010010495030425254,-0.04837948720435378,-0.06789099844242814,
0.4327720642089844,-0.045024690032005314,1.1638792037963868,-0.1351795196533203,-0.0851765051484108,0.14236105978488922,-0.021026147563903242,-0.047227564657269544,-0.050440855764727704,
0.4173912048339844,-0.014834758639335633,1.539730167388916,0.19545193016529083,-0.027385905385017395,0.08816574513912201,-0.037215449433374743,-0.04920090463328354,-0.04016842159651578,
0.2560910701751709,0.013052561879158021,1.077471923828125,0.3228175938129425,0.22920967638492584,0.1403636932373047,-0.024239093118408283,-0.05047863883007237,-0.029685166692655054,
0.30557258129119874,-0.002321760542690754,1.011984920501709,0.5554447770118713,0.18433541059494019,0.05008253455162048,-0.009454771174089176,-0.039606362814850346,-0.02311358958673206,
0.3255346298217774,-0.06174966096878052,0.7982049942016602,0.6647011041641235,0.08180367201566696,-0.023154009133577347,0.01363246243616459,-0.02814070290778591,-0.018201773520225038,
0.13505170345306397,-0.16963552236557009,0.11984306573867798,0.6427300572395325,0.09498631954193115,-0.030078228563070297,0.07889353032022252,-0.01726203559481845,-0.01764288667476303,
0.09666376113891602,-0.20016415119171144,-0.05676408410072327,0.6000528931617737,0.1284089833498001,-0.028746647760272026,0.11130223614890997,-0.012837675141296778,-0.017702311880287012,
0.06799750924110413,-0.23912246227264405,-0.15559036731719972,0.564765989780426,0.0688207596540451,-0.01895952969789505,0.14251606169538591,-0.006450720064793799,-0.0165829337052602,
0.04921169579029083,-0.29832823276519777,-0.39874768257141113,0.4194905459880829,0.02594386413693428,-0.008573201484978199,0.20010921194832423,0.0018372862833753714,-0.014250242146296365,
0.03425884246826172,-0.2991957664489746,-0.4457061290740967,0.32954227924346924,0.03659651055932045,-0.011369520798325539,0.2434981419395695,0.004634258027607064,-0.013168137384081765,
0.04553538262844086,-0.30983164310455324,-0.49692664146423343,0.23207060992717743,0.06309496611356735,-0.028014278039336205,0.2603931357866204,0.006337113896106399,-0.012267851916812116,
0.03159709274768829,-0.3169738292694092,-0.5209927082061768,0.14132338762283325,0.010430949740111828,-0.026882434263825417,0.27384053688272425,0.009335960520517536,-0.010773252850028807,
-0.02918069064617157,-0.30658946037292484,-0.5249132633209229,0.04265326261520386,0.016223326325416565,-0.007241621147841215,0.28956398688230106,0.01283810975006082,-0.010767132101086693,
-0.05666900277137757,-0.3167152881622315,-0.534099006652832,-0.04230157658457756,0.037462037056684494,0.015661563724279404,0.29237117231475573,0.013568182537769475,-0.01058300906966865,
-0.09788323640823365,-0.31882796287536624,-0.5291277408599854,-0.14529933035373688,-0.018996980041265488,0.03982975333929062,0.29172995892208975,0.014433660421214784,-0.008948601347777679,
-0.10094126462936402,-0.33711364269256594,-0.5811470031738282,-0.26926949620246887,-0.06819888204336166,0.06646136939525604,0.2784335471264476,0.010875749916713952,-0.007406905504026895,
-0.10076988935470582,-0.3601851463317871,-0.5525207042694092,-0.3757959306240082,-0.07851862907409668,0.1095379889011383,0.26494955738198783,0.006141931764325206,-0.007755449128848666,
-0.08371853828430176,-0.4078361511230469,-0.5738136768341064,-0.5242671966552734,-0.09463075548410416,0.11606274545192719,0.247683141605469,2.962317960305139e-06,-0.007120070085626651,
-0.06654437184333802,-0.45681271553039554,-0.5785244941711426,-0.599767804145813,-0.13810686767101288,0.142694354057312,0.22517920694670238,-0.007225655915307991,-0.005692911491828786,
-0.22978191375732424,-0.5310184001922608,-0.34127273559570315,-0.7500366568565369,-0.21453958749771118,0.30421507358551025,0.16527274521287572,-0.026887758241824253,-0.0014155994264180708,
-0.07929616570472718,-0.4872968673706055,-0.22530648708343506,-0.8967768549919128,-0.10055629163980484,0.3395019471645355,0.1282579455556299,-0.04298255913846066,0.006057509027195273,
0.14791653156280518,-0.393087911605835,0.15659230947494507,-0.8375880718231201,-0.05281912535429001,0.24322867393493652,0.08002600335424831,-0.05654053877976817,0.02036407731939636,
0.39949576854705815,-0.0811599910259247,1.5213701248168947,-0.38039347529411316,-0.0892372727394104,0.10387209057807922,-0.00932413279385473,-0.06632722396262057,0.04579831801477749,
0.39582710266113286,0.04682447016239166,1.6774883270263672,-0.08564810454845428,0.03519893065094948,0.07923784852027893,-0.0333636096958389,-0.07018868975363751,0.05203090178830752,
0.38763127326965335,0.11482073068618776,1.5769532203674317,0.1453811377286911,0.13599959015846252,0.0585983507335186,-0.04387729473173851,-0.07149986696887606,0.056703409664215026,
0.4215676784515381,0.13745605945587158,1.2377339363098145,0.32734161615371704,0.15370960533618927,0.008664075285196304,-0.03640692761996174,-0.059471616277148,0.06182519445340755,
0.38999009132385254,0.09489275813102722,0.8412382125854493,0.48619917035102844,0.12421509623527527,-0.0750257670879364,-0.018368294227223404,-0.05166907841547554,0.06119632779980854,
0.3224971294403076,0.02130071669816971,0.4347398281097412,0.48313653469085693,0.09245689958333969,-0.12149792909622192,0.0055246983938125405,-0.04478252822271681,0.05840053112959025,
0.15291999578475954,-0.11469069719314576,-0.06489446163177491,0.43027278780937195,0.04325499385595322,-0.1369442641735077,0.0556995330745164,-0.03424070142418785,0.04808339623670269,
0.08519324660301208,-0.16456922292709353,-0.1915993928909302,0.3777419328689575,0.0551726408302784,-0.13508005440235138,0.07880171500233583,-0.030234847205829935,0.04188498597091063,
-0.012302692979574203,-0.23865485191345215,-0.3789023160934448,0.2982465624809265,0.0341336689889431,-0.1147068589925766,0.11896061221823313,-0.021044264682598096,0.030364028488088085,
-0.034934002161026004,-0.2350313425064087,-0.4291123867034912,0.23033596575260162,0.0010438913013786077,-0.08441340923309326,0.13525833534800952,-0.016724345766393374,0.025561391950687885,
-0.01223718672990799,-0.2262601137161255,-0.4833578586578369,0.13792428374290466,-0.003350324695929885,-0.07329471409320831,0.14892349035053518,-0.013804786394435133,0.02152409705479149,
-0.00281353909522295,-0.2078582286834717,-0.5131026268005371,0.06368865817785263,0.0033075781539082527,-0.06637048721313477,0.16586065839878406,-0.010377709745758062,0.01466626931655818,
0.009305446594953538,-0.19928267002105715,-0.48554434776306155,-0.023196974769234657,-0.006546117831021547,-0.08740946650505066,0.16915952902133274,-0.008592628164510752,0.011760780577108755,
-0.03323847055435181,-0.19675862789154053,-0.500696325302124,-0.12299893796443939,-0.02398982271552086,-0.08288209140300751,0.16801644239691477,-0.004957504784888367,0.004144236004243456,
-0.04327376484870911,-0.19741387367248536,-0.5013790607452393,-0.1982998102903366,-0.03597404807806015,-0.080418661236763,0.16293715419911703,-0.0037268993783272737,-9.40904348359892e-05,
-0.06296188235282899,-0.20664143562316895,-0.48368635177612307,-0.2602183222770691,-0.05841118097305298,-0.05678310990333557,0.1546338558534662,-0.003025878015305795,-0.004537696776297335,
-0.046092826128005984,-0.23423357009887696,-0.5180263042449952,-0.4094219207763672,-0.051353804767131805,-0.04027150943875313,0.12909549732515438,-0.005136097983160733,-0.012550932100434488,
-0.01775241792201996,-0.23193607330322266,-0.46227846145629886,-0.5188778638839722,-0.08304542303085327,-0.025757281109690666,0.10961393764534796,-0.007078634535384322,-0.015549670274267888,
-0.03245066702365875,-0.23910386562347413,-0.3053675174713135,-0.581129252910614,-0.15341944992542267,-0.020164642482995987,0.08535097088041449,-0.009194804675833437,-0.018098672504489047,
0.10604788064956666,-0.14002666473388672,0.1158499002456665,-0.6125560402870178,-0.09629440307617188,-0.022564318031072617,0.02685702754215736,-0.0225951620503402,-0.022625722862984237,
0.155012047290802,-0.05261917114257813,0.559978199005127,-0.4758693277835846,-0.010873507708311081,-0.06737200170755386,-0.004612562383884186,-0.028739875993490833,-0.024233548804347214,
0.3050015211105347,0.02250838428735733,0.9704085350036622,-0.2562251091003418,0.04804893210530281,-0.16051606833934784,-0.03251878449382033,-0.03185685136145249,-0.02584268889147907,
0.3360498666763306,0.10061842203140259,1.4812366485595705,0.16169147193431854,0.09418819844722748,-0.28821462392807007,-0.06189038140035008,-0.030724091109254743,-0.04088398083930937,
0.2511590957641602,0.0642208218574524,1.385001850128174,0.3443177342414856,0.1628977507352829,-0.3027288615703583,-0.059270756173080724,-0.029126056327753388,-0.05455247595197758,
0.047785940766334536,-0.11866419315338135,0.673389482498169,0.4664236605167389,0.20823806524276733,-0.25872012972831726,-0.026019064457231483,-0.01857733819731994,-0.08698135723900625,
-0.026492008566856386,-0.171577787399292,0.3679675340652466,0.5076361298561096,0.11809007078409195,-0.2342856377363205,-0.0024231021473654136,-0.008336237390651187,-0.10108039905791526,
-0.08274616599082947,-0.20711908340454102,0.10501277446746826,0.5043071508407593,0.052110254764556885,-0.22782747447490692,0.022990512612757957,0.00029513160487670804,-0.11315298774999269,
-0.21946179866790771,-0.22980325222015383,-0.2028820037841797,0.4688870906829834,-0.004015868064016104,-0.16557607054710388,0.070430196449593,0.012455679469130633,-0.13520614750805598,
-0.26435337066650394,-0.22666378021240235,-0.3409429550170899,0.3448503613471985,0.05357499420642853,-0.07409648597240448,0.09440753909759857,0.014791406229891951,-0.14406451254247224,
-0.2547691583633423,-0.2090090274810791,-0.4468681812286377,0.2690834403038025,0.07654475420713425,-0.022963792085647583,0.11501324683649153,0.01770509912462262,-0.1492084110773385,
-0.17935087680816653,-0.18602904081344607,-0.38819940090179444,0.21089337766170502,0.02667706459760666,-0.001991399098187685,0.1443461535584566,0.025535053984946914,-0.14985908692116562,
-0.1690582036972046,-0.1851222038269043,-0.462100887298584,0.11841510981321335,0.011563625186681747,0.02031257376074791,0.1560754175152352,0.02753219812259466,-0.14919928076986533,
-0.17261847257614138,-0.18853036165237427,-0.4909255027770996,0.061756353825330734,0.02674364298582077,0.050073400139808655,0.1645804443197681,0.027862397552106084,-0.14861098788047172,
-0.15681872367858887,-0.20484905242919924,-0.43140616416931155,0.015883401036262512,0.07255001366138458,0.06452105194330215,0.17269211877730467,0.027825256432311204,-0.14365866116499898,
-0.15007606744766236,-0.2108374834060669,-0.433736515045166,-0.06933775544166565,0.006769934669137001,0.1123247966170311,0.17426593081875613,0.02883621068308893,-0.13923776965969467,
-0.19320873022079468,-0.23249583244323732,-0.5273070335388184,-0.19164343178272247,-0.050488028675317764,0.14088718593120575,0.17405176447923407,0.02932419081606399,-0.13392633559380782,
-0.15276645421981813,-0.24204926490783693,-0.5138472557067871,-0.31315016746520996,-0.030514322221279144,0.16984906792640686,0.1586252550866718,0.019388093605880518,-0.12389383971601176,
-0.1524793267250061,-0.28246142864227297,-0.535157585144043,-0.4411812722682953,-0.03790464624762535,0.18110156059265137,0.14460451867701452,0.014080630842705078,-0.11744753432071484,
-0.2416752576828003,-0.340682053565979,-0.394841480255127,-0.531329333782196,-0.2018887996673584,0.24468454718589783,0.10285112357272538,0.0030984410032682172,-0.10198253520512922,
-0.3334131479263306,-0.34617333412170415,-0.22935826778411866,-0.6594939231872559,-0.2560175657272339,0.4275771379470825,0.07559383105187102,-0.007188469728110521,-0.0932724330225269,
-0.20200054645538332,-0.30470607280731205,-0.08185531497001648,-0.7315990328788757,-0.16507059335708618,0.5376988649368286,0.037090403446280416,-0.015610835580675731,-0.07863505654530573,
0.6672101497650147,-0.1500633478164673,1.4974459648132326,-0.15948541462421417,-0.17172850668430328,0.2354966402053833,-0.03838783126787446,-0.0344814455951164,-0.02848971761793667,
0.8944322586059571,-0.03275648653507233,2.406483840942383,0.3889926075935364,-0.15095584094524384,0.08529435098171234,-0.059770807474446595,-0.03856533847263796,-0.01015702976186298,
0.684742307662964,0.08650144934654236,2.055403137207031,0.5491151809692383,0.18899667263031006,0.10859701037406921,-0.05276851856028805,-0.04768081170502161,-0.0017844217018301992,
0.6170053005218507,0.02555978000164032,1.2885899543762207,0.8744202852249146,0.17568086087703705,-0.02935473620891571,-0.0016691198692392686,-0.03799504417061916,0.00796210549506687,
0.5368224143981933,-0.13766855001449585,0.7811639785766602,0.9461259245872498,0.031204381957650185,-0.1400756537914276,0.03879330443866007,-0.02658978507200824,0.009568102317738674,
0.3245518922805786,-0.2809509038925171,0.25981874465942384,0.9075766205787659,0.04598492756485939,-0.1388106644153595,0.08617872728105383,-0.020498997306714707,0.005914939740398022,
0.016475242376327515,-0.4690166473388672,-0.3776115417480469,0.6987848281860352,0.11975449323654175,-0.07116636633872986,0.1793753130458648,-0.011136929215772659,-0.004800960203588368,
-0.030280867218971254,-0.466694974899292,-0.43875927925109864,0.5638291239738464,0.02401384711265564,-0.043402910232543945,0.21711105832627797,-0.003729401647344357,-0.004651076302152685,
-0.02424891144037247,-0.4657277584075928,-0.4319518089294434,0.4483145475387573,-0.012404881417751312,-0.038409486413002014,0.24874524415464183,0.0008445295508075029,-0.004238244842978548,
-0.02550352215766907,-0.43486924171447755,-0.5446310997009277,0.274143785238266,0.026810165494680405,-0.01370866410434246,0.2974566831278738,0.00384363833214615,-0.006866897815270316,
-0.00719960555434227,-0.421389102935791,-0.5562571048736572,0.14644521474838257,0.0436546616256237,-0.022097621113061905,0.3136903807981658,0.005030992337732774,-0.00693950311494373,
0.037372720241546635,-0.4011375427246094,-0.5430284023284913,0.06748249381780624,0.03473307192325592,-0.03860922157764435,0.3245414432565359,0.006628226571593108,-0.005649447306103087,
0.016034169495105745,-0.3675257682800293,-0.46203131675720216,-0.011480235494673252,0.025145690888166428,-0.04413527995347977,0.33377650495741695,0.011480009313768882,-0.004070980637107071,
0.005215885862708092,-0.35327174663543703,-0.5054460525512695,-0.1066882461309433,0.03300201892852783,-0.04113922268152237,0.3345508390832888,0.014058972811629386,-0.004007086371106539,
-0.01000407859683037,-0.3421148538589478,-0.5155463218688965,-0.18505176901817322,0.03306859731674194,-0.025892626494169235,0.3317993557072761,0.016711122319403967,-0.0039092580153669435,
-0.04650760591030121,-0.318078351020813,-0.5023143291473389,-0.29603785276412964,0.008234426379203796,0.000341697596013546,0.3151767960856041,0.021105600136781436,-0.0026531460906168845,
-0.04327393174171448,-0.3190548658370972,-0.4941859245300293,-0.3973045349121094,-0.0381045788526535,0.017319349572062492,0.301361065816463,0.021705774210623606,-0.002129946351526731,
-0.029837611317634585,-0.32536280155181885,-0.4709508895874024,-0.508358359336853,-0.08337831497192383,0.02664041519165039,0.28346422242071917,0.020830385554647182,-0.002420647846034838,
0.014772731065750123,-0.38810305595397954,-0.3889545202255249,-0.6205440163612366,-0.06959646195173264,0.03462989628314972,0.23436431768353702,0.014131466619510981,-0.006045827212937541,
-0.009344138950109483,-0.4139242172241211,-0.3090105772018433,-0.72041255235672,-0.08211331814527512,0.06379151344299316,0.20348949550114184,0.010196481262372686,-0.007341857431781149,
0.02919583022594452,-0.4105409622192383,-0.1727683186531067,-0.8124247789382935,-0.139104962348938,0.04042227193713188,0.16851305592131746,0.005787132383396648,-0.007123495283755135,
0.049369367957115176,-0.3326702117919922,0.1856578826904297,-0.8681514263153076,-0.11187414079904556,0.06765308976173401,0.08621005209786343,-0.0083997478202665,-0.007689347104868776,
-0.009735744446516037,-0.2801161050796509,0.4529340744018555,-0.7329294085502625,-0.12452416121959686,0.10859920084476471,0.042348819823518374,-0.0147048261432517,-0.006788709475682629,
0.043203029036521914,-0.20146286487579346,0.9244968414306641,-0.4815935790538788,-0.10421755164861679,0.11019709706306458,-0.0004883100053138745,-0.02054699945917083,-0.002770220001361897,
0.16732808351516726,0.019610323011875153,1.3449260711669924,-0.16734056174755096,-0.021126924082636833,0.10234077274799347,-0.05797045790998167,-0.030558796515266495,0.009158375244682146,
0.17542901039123537,0.11267976760864258,1.391807270050049,0.10896239429712296,0.05164395272731781,0.10873235762119293,-0.07049192167184312,-0.031269674342880825,0.01453140690833463,
0.2458357572555542,0.1645234227180481,1.3005083084106446,0.29365262389183044,0.12847615778446198,0.05766623839735985,-0.07257923980315521,-0.02954478009255445,0.019994062576396174,
0.3375211477279663,0.11742717027664185,0.7153544902801514,0.42421409487724304,0.16216515004634857,-0.04413309320807457,-0.04894367909191237,-0.017554623285472346,0.02522494855436632,
0.2826218843460083,0.05755003094673157,0.41655588150024414,0.47008705139160156,0.12574641406536102,-0.09459999203681946,-0.028374035659251323,-0.009515199498890048,0.023212059765647157,
0.20020973682403564,-0.009592979401350022,0.16088635921478273,0.4473835825920105,0.10277664661407471,-0.10132448375225067,-0.005127645972874915,-0.002270635492848277,0.019083339410897713,
0.08841699957847596,-0.09817060828208923,-0.18401488065719607,0.3847993016242981,0.061897121369838715,-0.09080499410629272,0.04063200126695323,0.007886119312799212,0.009523474365078341,
0.062313228845596313,-0.12856042385101318,-0.2782493829727173,0.3295387029647827,0.019619440659880638,-0.09206999838352203,0.06088980497755223,0.012458854210432737,0.005447851311946769,
0.032578456401824954,-0.14212477207183838,-0.33226537704467773,0.29192155599594116,0.004039947874844074,-0.08667708933353424,0.07882997044914593,0.015375728826603704,0.001366108889250089,
-0.01580658107995987,-0.15121461153030397,-0.4655127048492432,0.2009740024805069,-0.02019471675157547,-0.06364190578460693,0.10914015630606329,0.01875742063145299,-0.007101537934376031,
-0.014758373796939851,-0.1516469120979309,-0.5151414394378663,0.08226358890533447,-0.03610710799694061,-0.041271355003118515,0.1200468462365259,0.019153775674667608,-0.010712197216292197,
-0.006009265780448914,-0.14617509841918946,-0.5169803619384766,0.011756395921111107,-0.0414334312081337,-0.030418969690799713,0.12663229227940845,0.018629830556822,-0.013743047325867588,
0.016383519768714907,-0.14006168842315675,-0.48563499450683595,-0.08591503649950027,-0.07179345935583115,-0.04966031014919281,0.12942510579083916,0.016211339841563307,-0.018629001909833517,
0.03321143686771393,-0.13861615657806398,-0.4902693271636963,-0.15269380807876587,-0.09356480836868286,-0.05518637225031853,0.12646485100480576,0.014229634614051623,-0.02167681879086503,
-0.0018792565912008287,-0.154285728931427,-0.47915105819702153,-0.25129735469818115,-0.10807903110980988,-0.02715659886598587,0.11171743017152982,0.0077176507290883205,-0.029971638034264853,
0.009400099515914917,-0.16047793626785278,-0.49557342529296877,-0.3853209316730499,-0.11167430132627487,-0.0023226216435432434,0.09974365535028883,0.003146206522129289,-0.033244119204246025,
0.029344826936721802,-0.1474407434463501,-0.4877324104309082,-0.5125534534454346,-0.10767956078052521,-0.007116311229765415,0.08336513711954355,-0.0019214150384155697,-0.03537960531695335,
0.08647955060005189,-0.07595691084861755,-0.23874347209930422,-0.599039614200592,-0.08311189711093903,-0.016237638890743256,0.03498705879402214,-0.012684136673086705,-0.03819205373137322,
0.11276949644088746,-0.04995580613613129,0.02544039487838745,-0.5495713949203491,-0.09749297052621841,-0.07682455331087112,0.005269350746238496,-0.017110738905505136,-0.03930504736792173,
0.22116692066192628,-0.04162830412387848,0.42857041358947756,-0.38305726647377014,-0.17712149024009705,-0.16837070882320404,-0.024866334420382902,-0.02141214494989731,-0.04093118800489006,
0.1636016607284546,-0.04667873680591583,1.2773534774780275,-0.07839160412549973,0.003840311197564006,-0.1411398947238922,-0.06852907841419037,-0.03825322058786418,-0.052598075498976805,
0.053552967309951786,0.005596660450100899,1.4868245124816895,0.19844399392604828,0.1704210340976715,-0.10745090991258621,-0.07744107880929041,-0.04539661199932604,-0.06021736154716374,
0.16513681411743164,-0.04742851257324219,1.1371921539306642,0.43040531873703003,0.22375084459781647,-0.154921755194664,-0.06392652446798107,-0.03601246673276595,-0.0756643963757135,
0.13713546991348266,-0.08042093515396119,0.7411919116973877,0.5397946834564209,0.2071060836315155,-0.1820194125175476,-0.043021717954074286,-0.026298287514758982,-0.0852967826412568,
0.09054084420204163,-0.11096543073654175,0.3789549827575684,0.5922589898109436,0.1716194599866867,-0.1964004784822464,-0.016709209092847448,-0.01628858357305746,-0.09526574022932542,
0.03784333765506745,-0.14211393594741822,0.1272150754928589,0.5888634324073792,0.17834393680095673,-0.19353757798671722,0.012396421450036742,-0.006511787570710113,-0.10490381941995924,
-0.08435528874397279,-0.21765127182006838,-0.21785326004028321,0.5540425777435303,0.10617227852344513,-0.14926253259181976,0.07167098412828754,0.013636238843378907,-0.12210297852682375,
-0.1096510648727417,-0.24947643280029297,-0.32807769775390627,0.49019327759742737,0.021550333127379417,-0.12735803425312042,0.10033619570266768,0.022665771229746688,-0.12830964614076246,
-0.1157654881477356,-0.2525347709655762,-0.3843013048171997,0.45643752813339233,-0.028517061844468117,-0.10858313739299774,0.1268337985902694,0.028679495383409852,-0.13375860629551026,
-0.11173585653305054,-0.24770965576171877,-0.4218216896057129,0.37035083770751953,0.03992617875337601,-0.07875573635101318,0.17330325816624875,0.03312243205164285,-0.14471234712871067,
-0.1211750864982605,-0.23405356407165528,-0.5111862182617187,0.22407670319080353,0.07954069972038269,-0.02642461657524109,0.193440946016095,0.036244439534748256,-0.14811186043048025,
-0.10599148273468018,-0.22363190650939943,-0.5348702430725097,0.15456821024417877,0.035531964153051376,-0.014040917158126831,0.20900347795425786,0.04069651755517167,-0.14826534379912626,
-0.060496950149536134,-0.2192629098892212,-0.4093840599060059,0.10749682784080505,-0.0954955667257309,-0.01703697443008423,0.2274979424208915,0.0458640282002801,-0.1463543262056898,
-0.06597985625267029,-0.22772300243377686,-0.4365879058837891,-0.007285412400960922,-0.1142042726278305,0.002803577110171318,0.23369912045785962,0.04456219815429773,-0.1486594831759977,
-0.0928847908973694,-0.2431581735610962,-0.5197637557983399,-0.15316006541252136,-0.040234968066215515,0.04368310421705246,0.236770457789442,0.04064631400264813,-0.153147040562644,
-0.13726917505264283,-0.30075740814208984,-0.5613662719726563,-0.35156556963920593,0.0035074499901384115,0.09528184682130814,0.2262342014896762,0.03359682548958944,-0.15568424125454017,
-0.15647445917129518,-0.3231841087341309,-0.5369725227355957,-0.5102899670600891,-0.06307157874107361,0.12371108680963516,0.21182978979706477,0.031302598934900346,-0.15212247776772228,
-0.19201101064682008,-0.35876278877258305,-0.5336013317108155,-0.6702128052711487,-0.1291845440864563,0.21039699018001556,0.1913052990931564,0.02742992228546334,-0.14845306360612884,
-0.3486427068710327,-0.4545035839080811,-0.41835999488830566,-0.8980462551116943,-0.19922567903995514,0.43590015172958374,0.1294954037603824,0.009492637461559393,-0.13743957311030397,
