0.24182667732238772,-0.007105027884244919,0.5607431411743165,0.7283450961112976,0.14578701555728912,-0.019569162279367447,-0.06210563556036971,-0.07555391740457415,-0.18616937614438386,
0.13495036363601684,-0.06407048106193543,0.14092564582824707,0.7076390385627747,0.1781444251537323,-0.022764956578612328,-0.02474415329903714,-0.06813628504760767,-0.18813857407430695,
0.0388672411441803,-0.0994556725025177,-0.11374280452728272,0.6599010229110718,0.15910296142101288,-0.015109912492334843,0.01162312048429158,-0.059990914285584354,-0.1895346506594064,
-0.03092511594295502,-0.16990520954132082,-0.5225993633270264,0.5383943319320679,0.07288312166929245,-0.03774677962064743,0.07862611260322697,-0.043778444389765324,-0.18918275944016621,
-0.10096241235733033,-0.18220252990722657,-0.5392935276031494,0.47268080711364746,0.040792033076286316,-0.02722729556262493,0.10620842782551447,-0.03960595695675168,-0.18992497192377086,
-0.13274643421173096,-0.19808831214904787,-0.49747700691223146,0.4337986707687378,0.021217796951532364,0.00413142703473568,0.1309593127581241,-0.03698370822828207,-0.19072608961868057,
-0.05379972457885743,-0.2204068183898926,-0.6344629764556885,0.2713458240032196,0.03906097635626793,0.005130112171173096,0.1745071603290448,-0.03451927135933086,-0.18966662271137466,
-0.048307865858078,-0.20125150680541992,-0.5481513023376465,0.2196139246225357,0.06149810925126076,0.00912485457956791,0.18892779987893668,-0.03315674712355603,-0.18843456505453632,
-0.06610757112503052,-0.19914782047271729,-0.48734230995178224,0.1353248655796051,0.04212361201643944,0.0016680024564266205,0.20038402043383458,-0.030940646914660943,-0.18649626457959675,
-0.05940016508102417,-0.19811424016952517,-0.6169923305511475,0.009557085111737251,-0.00341644324362278,-0.007852798327803612,0.21482752471017103,-0.027788485452224634,-0.18370521516238963,
-0.08999494314193726,-0.20217242240905764,-0.6171508312225342,-0.09310777485370636,0.002242774236947298,0.0033324789255857468,0.21579768400998234,-0.027626443285285057,-0.18418042770820423,
-0.10590124130249023,-0.20994555950164795,-0.6850846290588379,-0.2010323852300644,-0.011206189170479774,0.006195376627147198,0.21326500757275632,-0.027565129826623277,-0.18427475569858187,
-0.1007818102836609,-0.26031739711761476,-0.7480355262756349,-0.35423070192337036,-0.05894335359334946,0.005063533782958984,0.19406467531653387,-0.02883488395072297,-0.18485920601374844,
-0.13645490407943725,-0.2873814344406128,-0.7261002540588379,-0.47034454345703125,-0.11886447668075562,0.03715462610125542,0.1772827951218386,-0.031120319855797576,-0.18645096027105293,
-0.15292605161666872,-0.31330213546752933,-0.731230115890503,-0.6016383767127991,-0.1555495262145996,0.06784754991531372,0.15613553570310854,-0.035920707075056985,-0.18813882487902062,
-0.06489315032958985,-0.37571444511413576,-0.5628949165344238,-0.794118344783783,-0.18158192932605743,0.09707574546337128,0.09644951692867386,-0.05231875761760253,-0.188862346542725,
-0.05095435976982117,-0.32527515888214115,-0.20962166786193848,-0.8231468200683594,-0.22998487949371338,0.1609916090965271,0.05699647580074468,-0.06209818281954443,-0.18679458698217097,
0.046988436579704286,-0.20341382026672364,0.2006839990615845,-0.8511765599250793,-0.15448427200317383,0.11065787076950073,0.01411361126865051,-0.07389639587141947,-0.18123483557518852,
0.20302717685699465,0.03739172518253327,1.4006778717041017,-0.500771164894104,-0.09582813084125519,0.012653542682528496,-0.07412195468200275,-0.08983352340717508,-0.16833183349237726,
0.13553097248077392,0.11855831146240235,1.9768821716308596,-0.044638246297836304,-0.07345758378505707,0.0211090799421072,-0.10544025190899628,-0.09385107192421713,-0.16576776827149275,
0.05609986186027527,0.23259243965148926,1.7959001541137696,0.123274065554142,0.10211131721735,0.08262810111045837,-0.11680334613964438,-0.09860183140873233,-0.16358944308184478,
0.16616775989532473,0.36855602264404297,1.178842258453369,0.383798211812973,0.167425274848938,0.030497495085000992,-0.1072578175013051,-0.08954763042841436,-0.15946083988426737,
0.18937053680419924,0.3224560022354126,0.7378700256347657,0.45616960525512695,0.10417520254850388,-0.03668074682354927,-0.08963240006170967,-0.08019145824265156,-0.15994752126532139,
0.1205264687538147,0.24918806552886963,0.3431219577789307,0.4419217109680176,0.12155232578516006,-0.056321561336517334,-0.0668155818415301,-0.07408892439023793,-0.16216185534305486,
0.04597245156764984,0.10486546754837037,-0.10279763936996461,0.37441056966781616,0.1560402661561966,-0.06957078725099564,-0.017184004368827287,-0.0638543624782146,-0.16983296655258606,
0.05164441466331482,0.05672063231468201,-0.2035165548324585,0.3403221070766449,0.12554706633090973,-0.10292688012123108,0.0031406313035613454,-0.05612850496631451,-0.17341909324099944,
0.03694357573986053,0.016804587841033936,-0.2868605852127075,0.3013067841529846,0.07621201127767563,-0.11997111141681671,0.021886815838406674,-0.04856215692546566,-0.17765927047727,
-0.047981688380241395,-0.05604994893074036,-0.465932559967041,0.2031027376651764,0.07488042861223221,-0.09613581746816635,0.05445434702635809,-0.038207749157946724,-0.18826726747575143,
-0.07412099838256836,-0.07641494274139404,-0.5263255596160888,0.11002525687217712,0.06562594324350357,-0.07862553745508194,0.0663934762133481,-0.03354498086148832,-0.19276734500268503,
-0.07230939865112306,-0.08874067664146423,-0.550148868560791,0.04557675123214722,0.03047221526503563,-0.06823920458555222,0.07437931186011731,-0.029022762283427473,-0.19615418488838268,
-0.09008122086524964,-0.09077951908111573,-0.563475513458252,-0.04303993657231331,-0.04655972123146057,-0.05725366622209549,0.08046551392624696,-0.024002557668949414,-0.2022343152342064,
-0.08635488748550416,-0.08416399955749512,-0.5981618404388428,-0.14091110229492188,-0.05900999903678894,-0.04806575924158096,0.07909307843631302,-0.0251763839867071,-0.20564693378481494,
-0.10593819618225098,-0.07409644722938538,-0.6012230396270752,-0.2428435981273651,-0.09596136212348938,-0.027426261454820633,0.07391420167686626,-0.027330477226104554,-0.2090850623793659,
-0.06614381670951844,-0.04274729192256928,-0.5926270008087159,-0.38518956303596497,-0.165270134806633,-0.020102567970752716,0.050999091973181525,-0.035868345420700595,-0.2141360712079776,
-0.02636111378669739,0.002103394828736782,-0.5378482341766357,-0.49690917134284973,-0.14835906028747559,-0.04054233059287071,0.032491121707818725,-0.04377551943022334,-0.21640772979040096,
0.004859119653701782,0.024587856233119966,-0.4930531978607178,-0.6238753795623779,-0.12245981395244598,-0.0579194575548172,0.009581897886288666,-0.0518126210216443,-0.2188181533007732,
0.030377501249313356,0.05025666952133179,-0.12360395193099977,-0.721014142036438,-0.1423669457435608,-0.0807560607790947,-0.05091530657841976,-0.06505908779126861,-0.22368730057601036,
0.19855294227600098,0.04149746298789978,0.2771507263183594,-0.590785562992096,-0.17232750356197357,-0.2509320378303528,-0.08655462171721814,-0.0728619658607734,-0.22610229233287393,
0.20852742195129395,-0.008113237470388413,0.9818971633911133,-0.21168461441993713,-0.23397968709468842,-0.28095918893814087,-0.11909583124665078,-0.08351316618199026,-0.2330966570078978,
-0.11332660913467407,-0.023937274515628815,1.3197075843811037,-0.052029963582754135,0.027409881353378296,-0.17836439609527588,-0.14292061439776604,-0.11394088175161071,-0.2518433559822481,
-0.22784185409545898,-0.007881136983633042,1.3218273162841798,0.20429930090904236,0.18600112199783325,-0.0755663737654686,-0.1423273196384019,-0.1176540601598481,-0.2618859050091954,
-0.21907503604888917,-0.004033530503511429,1.3056443214416504,0.40836402773857117,0.15817108750343323,-0.06817609816789627,-0.13523079744994193,-0.11198282475416411,-0.2719337525275916,
-0.15442039966583254,-0.0005727039650082589,0.8772180557250977,0.4543035626411438,0.16735899448394775,-0.07237057387828827,-0.1177031337908018,-0.10513955450525043,-0.27994948605916975,
-0.13004142045974731,0.048461639881134035,0.2302515745162964,0.5007091760635376,0.17861084640026093,-0.08828296512365341,-0.06867820800343617,-0.09120301885896144,-0.29369319313803327,
-0.131242036819458,0.03268831968307495,0.006623859703540802,0.4604954123497009,0.16083425283432007,-0.09174507856369019,-0.041061118247879225,-0.0803764757889612,-0.3001152198603616,
-0.20033802986145022,-0.01807810515165329,-0.29431066513061527,0.3833968937397003,0.0774107351899147,-0.0719711035490036,0.00877237785969661,-0.06442472435201789,-0.3104645680175258,
-0.21145401000976563,-0.041133806109428406,-0.33249659538269044,0.32633864879608154,0.05823597311973572,-0.050266340374946594,0.0293932058116427,-0.05976509729327948,-0.3140080406266207,
-0.24849772453308105,-0.08763452768325806,-0.4912186145782471,0.2051648199558258,0.08120574057102203,8.25151801109314e-07,0.06406826689028933,-0.053074815798190345,-0.31845665370823256,
-0.23975324630737305,-0.09674500226974488,-0.5124966621398926,0.12493709474802017,0.06815624982118607,0.02390269935131073,0.07572980107618334,-0.04915256852205165,-0.3180674834017688,
-0.2433203935623169,-0.10742452144622804,-0.50353102684021,0.07387097924947739,0.03340199589729309,0.055594317615032196,0.08874818800346677,-0.04324443812321969,-0.3140880402313904,
-0.23547630310058595,-0.11366795301437378,-0.5243801593780518,0.03106066584587097,0.010032756254076958,0.08102750778198242,0.09173203210251689,-0.042662634265719694,-0.3107333106948871,
-0.21258544921875,-0.11505274772644043,-0.6066562652587891,-0.13871586322784424,-0.03763782978057861,0.10000252723693848,0.09206617329215543,-0.04361490520274777,-0.30650529959377976,
-0.22882401943206787,-0.1162800669670105,-0.6175585746765138,-0.29397815465927124,-0.05368337407708168,0.10233279317617416,0.0762442096076054,-0.04969923847796257,-0.2975344468903407,
-0.3030678510665894,-0.11390935182571411,-0.5443955421447754,-0.4133543372154236,-0.08683972805738449,0.1543310135602951,0.05993906665412794,-0.05368536059227509,-0.2928571663984088,
-0.3637171983718872,-0.12553074359893798,-0.5048259735107422,-0.5401207804679871,-0.12625451385974884,0.2631877362728119,0.03960680842689603,-0.05850426300883506,-0.2866925239808275,
-0.28563685417175294,-0.07818157076835633,-0.24636530876159668,-0.8139603137969971,-0.10148711502552032,0.390686571598053,-0.018339338373639578,-0.07102316494818672,-0.26217506458219025,
0.008816836029291153,-0.11570953130722046,0.2971602201461792,-0.5955811142921448,-0.21234120428562164,0.26105719804763794,-0.06157939374304512,-0.07442942446302737,-0.24216253713216446,
0.3014363527297974,-0.07319019436836242,1.552526664733887,-0.015278338454663754,-0.3203989565372467,0.09014882892370224,-0.10568726399201007,-0.07601641369401017,-0.22352682308470084,
0.1968743681907654,0.05250237584114075,2.0331663131713866,0.3423856496810913,0.15730533003807068,0.19155138731002808,-0.12782238026159234,-0.09655692709051782,-0.19910208169022126,
0.24409515857696534,0.14358097314834595,1.6226573944091798,0.5668235421180725,0.3194252550601959,0.1863582283258438,-0.11461539325286126,-0.09293198575488715,-0.19174830023687445,
0.41608510017395023,0.12391663789749147,1.3547115325927734,0.7796767354011536,0.14079372584819794,0.043812528252601624,-0.09382340725344385,-0.07500629249861161,-0.18607798934741288,
0.2881101846694946,-0.044789868593215945,0.22599563598632813,0.8244178295135498,0.06083231791853905,-0.054258380085229874,-0.020758049283382176,-0.05436776113524527,-0.18241938852216313,
0.12594186067581178,-0.13639388084411622,-0.14381057024002075,0.7195558547973633,0.11489448696374893,-0.05978444218635559,0.019904207078488632,-0.053582708254180864,-0.18449771370323534,
0.04370287358760834,-0.2111518144607544,-0.4615182399749756,0.5951196551322937,0.08792998641729355,-0.058053385466337204,0.060121382528234804,-0.04878496366622941,-0.18687954708080975,
-0.08212034702301026,-0.26758220195770266,-0.6344075679779053,0.45037683844566345,-0.007078289985656738,-0.04606916010379791,0.12387395888786369,-0.038079272619122355,-0.19008367066840692,
-0.12116585969924927,-0.26198246479034426,-0.6517525672912599,0.33239880204200745,0.03140438720583916,-0.010183064267039299,0.14815996636170448,-0.03695457467490682,-0.1923155997559428,
-0.13396124839782717,-0.27080669403076174,-0.6679883956909181,0.23652498424053192,0.03233649581670761,0.01797986403107643,0.16790974739573675,-0.0356996991548376,-0.19329192738672032,
-0.0776228427886963,-0.23087937831878663,-0.6060997486114502,0.15656358003616333,-0.008409869857132435,0.006994325667619705,0.1940322423800046,-0.0336646867204608,-0.19069644436209415,
-0.07850951552391053,-0.19835653305053713,-0.5582495212554932,0.09630955755710602,-0.022324886173009872,0.005463007837533951,0.202516084614593,-0.033805547679293814,-0.1901776822764678,
-0.08671455383300782,-0.18319576978683472,-0.6000005722045899,-0.022201111540198326,0.003640933893620968,0.015716178342700005,0.20928079126416038,-0.034758040388816205,-0.19056429300005936,
-0.10161513090133667,-0.19807989597320558,-0.6110602378845216,-0.13418704271316528,-0.005480392836034298,0.026235666126012802,0.20995050535234214,-0.035928858522922234,-0.1899929226694633,
-0.09775022268295289,-0.18790385723114014,-0.5735264301300049,-0.21361581981182098,-0.022990677505731583,0.006728009320795536,0.20387255167264565,-0.036675450086984494,-0.1889950797965035,
-0.08643780946731568,-0.1984608054161072,-0.6301803588867188,-0.30369722843170166,-0.03477516397833824,-0.00678753387182951,0.19523689736926134,-0.037810462739728816,-0.18871831618292126,
-0.1333438992500305,-0.2632553815841675,-0.6768636226654053,-0.4560966193675995,-0.05608045309782028,0.01784670725464821,0.16657971036660135,-0.04049913433832362,-0.19103236879135302,
-0.14607175588607788,-0.2855787754058838,-0.6957161903381348,-0.6266055107116699,-0.08138048648834229,0.05599648877978325,0.14546993403884337,-0.04302734945189326,-0.19208508918740402,
-0.1606958270072937,-0.30528082847595217,-0.6833290576934815,-0.7788051962852478,-0.14063583314418793,0.0725746750831604,0.11855276454475175,-0.046596074601870194,-0.19206364769452075,
-0.016809527575969697,-0.3140636444091797,-0.3393896818161011,-0.9303408861160278,-0.1734589785337448,0.09134647995233536,0.042878009023762355,-0.06053135617719057,-0.18889328024563756,
0.07609482407569886,-0.22990725040435792,0.19076306819915773,-0.8918582201004028,-0.15741342306137085,0.036085888743400574,-0.00732608379269611,-0.0705929564916937,-0.18453789381361732,
0.15775122642517092,-0.16835790872573853,1.6117076873779297,-0.5018382668495178,-0.1991584748029709,0.03155851364135742,-0.09884885677206702,-0.08662482107464319,-0.17718494507727747,
0.05548929572105408,-0.02739120125770569,2.090015411376953,-0.0260645542293787,-0.03876960650086403,0.11311782151460648,-0.1285265357179392,-0.09547118250937953,-0.17219884138013294,
0.09615275263786316,0.16804996728897095,1.9522726058959963,0.20676229894161224,0.177479088306427,0.12863072752952576,-0.13992821267341324,-0.09938086801733845,-0.1654199345649086,
0.25781171321868895,0.3542090654373169,1.180689525604248,0.42820414900779724,0.15244536101818085,0.010253224521875381,-0.12582069598751025,-0.08303519989995702,-0.15843664510647473,
0.2521157503128052,0.3206708669662476,0.7016284465789795,0.49331843852996826,0.14046114683151245,-0.07616635411977768,-0.10538340097286529,-0.0744808201161594,-0.15936400179028576,
0.15417619943618777,0.2364826202392578,0.3224051952362061,0.4768068492412567,0.17707960307598114,-0.09427585452795029,-0.08028021630204053,-0.06842901252430125,-0.16338160989182338,
0.003903677687048912,0.04412522315979004,-0.13780136108398439,0.4304678440093994,0.14951589703559875,-0.07969504594802856,-0.02270499752763408,-0.056218410232036685,-0.17627635828508872,
-0.01607878804206848,-0.009291124343872071,-0.2500995874404907,0.383463054895401,0.09811688214540482,-0.08435557782649994,0.00040662681623332,-0.04821861610871037,-0.1807918162908901,
-0.02257913500070572,-0.04285918474197388,-0.34778048992156985,0.325672447681427,0.07195132225751877,-0.07996135950088501,0.021721379855359622,-0.04198585384994579,-0.18465851960606705,
-0.06988375782966615,-0.07588113546371461,-0.4976081371307373,0.23465891182422638,0.03812917321920395,-0.06331660598516464,0.057244841306807785,-0.03310649150515074,-0.1917682952322018,
-0.06849137544631959,-0.07926141023635865,-0.5414194583892823,0.13525642454624176,0.025479158386588097,-0.05006737262010574,0.0700859173949921,-0.03036810488189853,-0.19476981290661108,
-0.06719244122505189,-0.07508568167686464,-0.5573291301727296,0.05090080201625824,-0.00994088500738144,-0.054128699004650116,0.07914890250102764,-0.02818317914900567,-0.19710031785457094,
-0.06305559873580933,-0.05729392170906067,-0.5891360759735108,-0.05409432575106621,-0.03983486816287041,-0.05865607410669327,0.08676352768018257,-0.026823694156054585,-0.20236152288453402,
-0.07952949404716492,-0.05412512421607971,-0.5873404026031495,-0.14923575520515442,-0.058543577790260315,-0.045872896909713745,0.08536324795410975,-0.027722174005623733,-0.20582735282242348,
-0.08156922459602356,-0.05019911527633667,-0.5834319591522217,-0.22746612131595612,-0.0825120210647583,-0.03541998937726021,0.08041549995227995,-0.029500316263426127,-0.2090764912313169,
-0.06389063000679017,-0.03368269801139832,-0.5769876956939698,-0.35476523637771606,-0.13404418528079987,-0.03874894231557846,0.059845442464009954,-0.036264960055887044,-0.21471543475429175,
-0.027335190773010255,-0.004239508137106896,-0.5494078159332275,-0.4698803722858429,-0.14236657321453094,-0.04880237579345703,0.043504140752858175,-0.04229928366678075,-0.21762356145891104,
-0.013548871874809265,0.00194624625146389,-0.4698215007781983,-0.5650871396064758,-0.14269967377185822,-0.048067688941955566,0.022700353146131027,-0.049185114754873346,-0.22076783430140737,
0.05762021541595459,-8.42241628561169e-05,-0.22286429405212405,-0.7005088925361633,-0.16287311911582947,-0.08448641747236252,-0.031412012285893444,-0.06366209237405746,-0.22592239557531343,
0.10299324989318848,-0.028765764832496644,0.18691158294677734,-0.5720779299736023,-0.22472503781318665,-0.17296993732452393,-0.06584264947607338,-0.07281268764363046,-0.22864074557881692,
0.15234844684600832,-0.04535316824913025,0.7248583793640138,-0.3332589566707611,-0.19150209426879883,-0.23868344724178314,-0.09891669720970274,-0.08401687181847788,-0.2326289576708688,
-0.047314572334289554,-0.05268813967704773,1.2950737953186036,-0.08625075966119766,0.028741328045725822,-0.18455469608306885,-0.1355628326833488,-0.11091960012836155,-0.24737518833073116,
-0.20632312297821045,0.008289177715778352,1.2792745590209962,0.11042369157075882,0.16516175866127014,-0.09687011688947678,-0.13855614072199765,-0.1165985633231288,-0.25773662229014865,
-0.24040446281433106,0.06449567675590516,1.2431599617004396,0.30083972215652466,0.20084811747074127,-0.09367432445287704,-0.1351566603192318,-0.11403766885571938,-0.2679166165931301,
-0.1596461534500122,0.06682976484298707,0.6633065223693848,0.4369938373565674,0.1733509749174118,-0.09973301738500595,-0.1048256393364223,-0.09974267522327074,-0.284864771486874,
-0.14772204160690308,0.048481848835945134,0.3426386833190918,0.4567677974700928,0.13333697617053986,-0.10312854498624802,-0.08123648267173497,-0.09213821550425401,-0.29348701459136944,
-0.15746082067489625,0.04632404148578644,0.07776532769203187,0.43259963393211365,0.1234167143702507,-0.10525907576084137,-0.05604748867454279,-0.08587196943119059,-0.30091413056629024,
-0.18092390298843386,-0.0019638188183307647,-0.17636284828186036,0.39411693811416626,0.11336328089237213,-0.08248905092477798,-0.005831222757732497,-0.06680169184730086,-0.3139276663286011,
-0.18875536918640137,-0.025103542208671573,-0.28126699924468995,0.32301053404808044,0.10670537501573563,-0.06977245211601257,0.015902584265572506,-0.060957575007586626,-0.3185037608876413,
-0.18992216587066652,-0.04730997681617737,-0.3730291843414307,0.24671097099781036,0.09492088854312897,-0.04140978679060936,0.03523997106961825,-0.05502534417897548,-0.3219903571212428,
-0.22090504169464112,-0.07183427214622498,-0.42633533477783203,0.17247535288333893,0.07121875137090683,0.0006681596860289574,0.0633292918263603,-0.04440344552827752,-0.3255448419278523,
-0.21242182254791261,-0.07531538605690002,-0.42745327949523926,0.11941186338663101,0.06822269409894943,0.01997607946395874,0.07289804621694507,-0.04052119544128033,-0.32517239767706496,
-0.20635886192321778,-0.07708275318145752,-0.4831455707550049,0.027532802894711494,0.03246975317597389,0.02237292379140854,0.08056336655620808,-0.03716676316583091,-0.3238250990186931,
-0.20823931694030762,-0.08994327187538148,-0.5567819595336915,-0.09284207969903946,-0.03291085362434387,0.04054899513721466,0.08593228585137984,-0.03349929903034272,-0.32049298362235523,
-0.24137752056121828,-0.09195922613143921,-0.5512244701385498,-0.1760658621788025,-0.050554294139146805,0.07064271718263626,0.08265239589754603,-0.03481880461193981,-0.3191676837277837,
-0.26903595924377444,-0.09569926261901857,-0.5665001392364503,-0.2813273072242737,-0.0595424622297287,0.10266722738742828,0.07595696642642953,-0.03755065785732449,-0.3170825970755924,
-0.3229183912277222,-0.1353356719017029,-0.5837946891784668,-0.43612369894981384,-0.07964930683374405,0.15553072094917297,0.04956842418960391,-0.04502109389884804,-0.30883104509226006,
-0.36157326698303227,-0.16592534780502322,-0.49953579902648926,-0.5045669078826904,-0.18810653686523438,0.2580624222755432,0.028109416386648114,-0.049549164856580834,-0.3020510166785495,
-0.36102185249328617,-0.1632435917854309,-0.3256370782852173,-0.5803338885307312,-0.25615033507347107,0.33895593881607056,0.0020648602585781207,-0.0565801639195545,-0.29175755164356576,
0.007899964600801468,-0.10944082736968995,0.10927071571350098,-0.7015742659568787,-0.24689581990242004,0.3096611797809601,-0.06275444037167713,-0.0772355852353721,-0.25707754633833346,
0.3059828519821167,-0.07904202342033387,0.8671995162963868,-0.20216499269008636,-0.3087477684020996,0.17696917057037354,-0.10300379913228794,-0.08525176366277266,-0.2372278192276398,
0.378107762336731,-0.024638111889362338,2.0128650665283203,0.20483261346817017,-0.1948976069688797,0.08688774704933167,-0.13611997634063763,-0.09315694014388905,-0.22023864853912942,
0.31830887794494633,0.13538516759872438,1.688878059387207,0.39964285492897034,0.23167423903942108,0.1562630832195282,-0.13571771937219876,-0.10857511845604655,-0.19890782880313235,
0.3518380403518677,0.17542903423309328,1.5290146827697755,0.6296068429946899,0.2516479194164276,0.07050929963588715,-0.11963591327187999,-0.09878841100070065,-0.19534258903594193,
0.44502053260803226,0.08715558052062988,1.13999662399292,0.7837372422218323,0.13074041903018951,-0.04886689409613609,-0.09362915384907973,-0.0834592836460942,-0.1935240572753024,
0.1430919885635376,-0.1600234150886536,0.2411099672317505,0.8133649230003357,0.13074041903018951,-0.06411349773406982,-0.017446802730159028,-0.06653851866420321,-0.1984860400349546,
0.013935075700283052,-0.24336116313934328,-0.1194840431213379,0.7152940034866333,0.1710207313299179,-0.03162292763590813,0.02262584054574801,-0.06108415293007367,-0.20143564467400674,
-0.017958009243011476,-0.3051580667495728,-0.42762384414672855,0.598447859287262,0.08513379096984863,-0.03941267356276512,0.06218828373913102,-0.052345772143644546,-0.20240667238489393,
-0.09933325052261353,-0.33133625984191895,-0.6468040943145752,0.46961739659309387,0.07514693588018417,-0.010650533251464367,0.12666471445089736,-0.039948147434540456,-0.20260159168858435,
-0.14306577444076538,-0.3222299814224243,-0.7463406562805176,0.3278040885925293,0.0873309001326561,0.039283737540245056,0.15245697133554417,-0.03625412049630598,-0.20219127646020538,
-0.11069576740264893,-0.2821324586868286,-0.7774814605712891,0.20975945889949799,0.04591874033212662,0.02503582462668419,0.17241897351213126,-0.03291057333394563,-0.19922803626566854,
-0.040500190854072575,-0.24696400165557864,-0.7191124916076661,0.09897196292877197,0.02734319120645523,0.010588176548480988,0.19688571602656535,-0.02950319217030591,-0.19322547622360536,
-0.07214304804801941,-0.23020942211151124,-0.7048795700073243,0.002032897435128689,0.058901648968458176,0.02084134705364704,0.2035578085332162,-0.028754303485393512,-0.19219788366276266,
-0.059195035696029664,-0.20277850627899172,-0.6968016147613526,-0.09397406131029129,0.01163054071366787,0.010521598160266876,0.20649743152338434,-0.02746962708536947,-0.1901980708764145,
-0.02602631747722626,-0.1635111927986145,-0.6334257602691651,-0.17073968052864075,-0.03177898749709129,-0.0008634156547486782,0.2001325909605867,-0.02601488936963825,-0.18732142733658172,
-0.03814802765846253,-0.14658125638961791,-0.5961607933044434,-0.2639499008655548,-0.034908268600702286,-0.014178449288010597,0.19193958822443122,-0.027220759051135978,-0.18822574920764062,
-0.033664372563362126,-0.14691189527511597,-0.5986779212951661,-0.35869187116622925,-0.025920098647475243,-0.04393927752971649,0.18096769419945627,-0.028674712776201632,-0.18940266126156718,
-0.15245023965835572,-0.22726683616638185,-0.5504891872406006,-0.47067779302597046,-0.13411101698875427,0.03076239302754402,0.14824208933027336,-0.02988310514556708,-0.19383911084378214,
-0.19565352201461794,-0.2359867811203003,-0.46679577827453617,-0.5684158205986023,-0.14602866768836975,0.08216140419244766,0.1260222700310338,-0.033861552037792675,-0.1962006054939024,
-0.04898107945919037,-0.209812331199646,-0.43965082168579106,-0.6675519943237305,-0.10761256515979767,0.024037912487983704,0.1004120043503289,-0.042280881069396856,-0.19584004278783274,
-0.03954308927059174,-0.21899864673614503,-0.131283700466156,-0.7106286287307739,-0.18198134005069733,0.03562266379594803,0.03565193372792419,-0.055576924237752096,-0.19425632624549638,
-0.14819473028182983,-0.19561021327972414,0.2470181465148926,-0.6141555905342102,-0.1956300437450409,0.11318723112344742,-0.002142678013069285,-0.06288223352662983,-0.19394293526969833,
-0.11927871704101563,-0.13190479278564454,0.536683464050293,-0.6053671836853027,-0.12412416189908981,0.13329409062862396,-0.03713580788485066,-0.0728442335476316,-0.18982447948718265,
0.032643041014671324,-0.029392802715301515,1.296345329284668,-0.2566262185573578,-0.12359152734279633,0.12264145910739899,-0.10243470741530865,-0.08516763717518355,-0.17369673999296767,
0.0671036720275879,0.10859318971633912,1.6458837509155275,0.04950415715575218,-0.07998226583003998,0.13142988085746765,-0.12435003157650382,-0.08838265815389358,-0.16537450465166292,
0.10625376701354981,0.25040969848632816,1.4166853904724122,0.19071827828884125,0.06722396612167358,0.1239064484834671,-0.13109264397331793,-0.09174651674224144,-0.15679106151713704,
0.23705635070800782,0.3700829267501831,0.825951099395752,0.30503445863723755,0.10237769037485123,0.02750002220273018,-0.1196787645162219,-0.08522460218438876,-0.14436239536261622,
0.23794996738433838,0.34378416538238527,0.5030434131622314,0.3458474278450012,0.08753056824207306,-0.053460076451301575,-0.10542084827023224,-0.07906318275867368,-0.14300863774786615,
0.1826780915260315,0.27845885753631594,0.292217755317688,0.3782714009284973,0.09964795410633087,-0.08521827310323715,-0.08843834140413666,-0.07467802845472228,-0.14454587755669535,
0.0650608777999878,0.11334463357925416,-0.02586864531040192,0.33526134490966797,0.11023401468992233,-0.09420644491910934,-0.04530369782834603,-0.06908050382827124,-0.15407649540677026,
0.033935874700546265,0.06277571320533752,-0.14853790998458863,0.29597970843315125,0.1118319183588028,-0.09320775419473648,-0.026025887077604084,-0.06412005567012553,-0.15927295888715168,
0.02569165825843811,0.03565380573272705,-0.17667810916900636,0.27860260009765625,0.09658531844615936,-0.09979908168315887,-0.009142578530865005,-0.05867955136786902,-0.16434304920459503,
-0.009727393835783006,-0.0015161059796810151,-0.28300013542175295,0.244048073887825,0.0456523559987545,-0.10332776606082916,0.021432372987388603,-0.048059468148448845,-0.17417640710498805,
-0.020620836317539217,-0.006895408034324646,-0.3538696765899658,0.1720091551542282,0.020019497722387314,-0.1078559160232544,0.035158676771123505,-0.04436195280640929,-0.17905905708858075,
-0.033975958824157715,-0.006854729354381562,-0.4373130798339844,0.08838590234518051,0.02780924364924431,-0.10326196253299713,0.04701199724230946,-0.04221752598125055,-0.1842278788382895,
-0.06030911207199097,-0.012785054743289948,-0.5165621280670166,-0.021602658554911613,0.008701062761247158,-0.09553879499435425,0.06055997558291032,-0.03788422745751613,-0.19441136126548797,
-0.06785172820091248,-0.017621181905269623,-0.5262197017669678,-0.09384089708328247,-0.0378376767039299,-0.09800222516059875,0.0615409804692772,-0.036032875136157064,-0.1991177056569104,
-0.06399304270744324,-0.024625977873802187,-0.519500207901001,-0.16974100470542908,-0.09469616413116455,-0.097669318318367,0.05921156021613333,-0.03562459266077359,-0.20409053793455117,
-0.06951234340667725,-0.02284919321537018,-0.5534296035766602,-0.29910406470298767,-0.12212672084569931,-0.06810823082923889,0.045998801804813735,-0.041431888805963324,-0.21528348915206544,
-0.05462056994438172,0.0018258143216371538,-0.547763729095459,-0.40616312623023987,-0.13364489376544952,-0.07083797454833984,0.033767531207921246,-0.04678595544529298,-0.2200181170134287,
-0.017395506799221038,0.025374391674995424,-0.5175269603729248,-0.4905853271484375,-0.16327255964279175,-0.07929350435733795,0.01724726571011655,-0.05291341197529153,-0.2239273135421476,
0.031351116299629216,0.0578447699546814,-0.2872586488723755,-0.5941157341003418,-0.14882491528987885,-0.12263645231723785,-0.027945527944886875,-0.06829737240409368,-0.23158778862589324,
0.020065192878246308,0.056753611564636236,-0.02465445846319199,-0.550839364528656,-0.1520872861146927,-0.16231755912303925,-0.05540073430951614,-0.07732907361616738,-0.23596075192762297,
0.0013993286527693273,0.00012206084793433548,0.4030883312225342,-0.38266074657440186,-0.2098778784275055,-0.17736442387104034,-0.08427757045580812,-0.08592460353022005,-0.2416957394218949,
-0.08686605095863342,-0.014300668239593507,1.17759370803833,-0.08245588839054108,-0.1136046051979065,-0.16131888329982758,-0.12690996400001328,-0.10961784934806666,-0.2531284955320114,
-0.17210730314254763,0.019695504009723665,1.2590072631835938,0.06894482672214508,0.09891565144062042,-0.08328825235366821,-0.13438055069340665,-0.12179206487557767,-0.2588406512197866,
-0.22910358905792239,0.03468391895294189,1.175645923614502,0.2067634016275406,0.1800089031457901,-0.035218194127082825,-0.13343611025095803,-0.12646311971269739,-0.26606862028329104,
-0.0988738775253296,0.04838179349899292,0.7817991256713868,0.3525714874267578,0.1901955008506775,-0.040877413004636765,-0.11370903923432114,-0.11482562188436463,-0.278974241098801,
-0.05439038276672364,0.061686438322067265,0.4742458820343018,0.40503576397895813,0.15191255509853363,-0.07676351070404053,-0.09561981326880466,-0.10611077834002798,-0.28420116782967025,
-0.02217601239681244,0.06573525667190552,0.25976123809814455,0.42201340198516846,0.14106017351150513,-0.10199695825576782,-0.07480374900966785,-0.09805526855081649,-0.2902846431917931,
-0.11002705097198487,0.0276943176984787,-0.03966561555862427,0.4054352343082428,0.12374962866306305,-0.09380774199962616,-0.025076938185885154,-0.07769678592853668,-0.3043740911406877,
-0.13132060766220094,-0.014671188592910767,-0.15698759555816652,0.3578977882862091,0.06822271645069122,-0.07982614636421204,-0.002712080262255051,-0.07106126093928594,-0.30971486110723884,
-0.16603206396102907,-0.044235968589782716,-0.24322431087493898,0.2958454489707947,0.06542651355266571,-0.052263710647821426,0.018069353592828144,-0.06582571773181999,-0.3143069817998906,
-0.20311501026153567,-0.05866846442222595,-0.3768365859985352,0.19417928159236908,0.08193811029195786,-0.020904989913105965,0.051904782938660333,-0.058373512300700856,-0.32009169308380947,
-0.21574847698211672,-0.06862071752548218,-0.40761885643005374,0.14118237793445587,0.05284307152032852,0.002930303104221821,0.06375878981404419,-0.053935064339794586,-0.32092668577619127,
-0.23452656269073488,-0.07800243496894838,-0.4579905986785889,0.07280571758747101,0.009699861519038677,0.0219053253531456,0.07940021918702261,-0.04771302627403732,-0.31982619993950573,
-0.24224388599395752,-0.09010384678840638,-0.522254228591919,-0.031190725043416023,-0.016399119049310684,0.04267798364162445,0.08392355923690953,-0.046924552572321844,-0.31866019276508956,
-0.25257599353790283,-0.09383965134620667,-0.5745022773742676,-0.14004744589328766,-0.03184545412659645,0.0778982862830162,0.08510519571094981,-0.04762914760687167,-0.31717735239851785,
-0.2738705396652222,-0.10206674337387085,-0.59841628074646,-0.22600096464157104,-0.0532173216342926,0.11538228392601013,0.0819636748101571,-0.049225547159553046,-0.3150102849327663,
-0.27540431022644046,-0.1242946743965149,-0.5995214462280274,-0.37653616070747375,-0.07612050324678421,0.15473048388957977,0.061638111917524614,-0.055734519490099686,-0.3061541438162221,
-0.27829651832580565,-0.14517394304275513,-0.5676846027374268,-0.45643097162246704,-0.1417008489370346,0.1964089572429657,0.0440806573807135,-0.06030914132443842,-0.2993397927022865,
-0.2987440347671509,-0.15174413919448854,-0.45475611686706546,-0.5378571152687073,-0.2048177719116211,0.2931482791900635,0.021866708372227303,-0.06577491165965639,-0.2913815698402155,
-0.11752777099609375,-0.0931742548942566,-0.07648642659187317,-0.6262074708938599,-0.15714718401432037,0.2850256562232971,-0.03548626997193499,-0.08313730981243925,-0.26469599677427386,
0.19452086687088013,-0.02284405380487442,0.47303786277771,-0.3785335123538971,-0.1784524768590927,0.1410817950963974,-0.07212294997001775,-0.08978314617564155,-0.24614303059109083,
0.36961464881896977,-0.01358410269021988,1.2600300788879395,-0.0028280599508434534,-0.14243322610855103,0.10259910672903061,-0.10587139647510165,-0.0938916109407384,-0.23199717045059687,
0.2573006391525269,0.12361453771591187,1.5851510047912598,0.1851911097764969,0.12062052637338638,0.11524912714958191,-0.12649501434777632,-0.10329869007588764,-0.21498837665675496,
0.22593042850494385,0.17779372930526735,1.450235652923584,0.4842641055583954,0.181407168507576,0.08881725370883942,-0.11869484589921402,-0.09678332722754893,-0.211325209274898,
0.28864421844482424,0.16576104164123537,1.3376941680908203,0.6679556965827942,0.13047420978546143,-0.003328125923871994,-0.10306561290975395,-0.08550451278192236,-0.2087931137443332,
0.18788323402404786,0.009596765041351318,0.49468679428100587,0.7202867865562439,0.12947553396224976,-0.05206397548317909,-0.042100044371734126,-0.0695306134559437,-0.20927484141642583,
0.10803275108337403,-0.08607642650604248,0.18426547050476075,0.7305399775505066,0.10211155563592911,-0.059121351689100266,-0.0053116288751705225,-0.0632105243363631,-0.21179450703603658,
0.028147733211517336,-0.17412568330764772,-0.03382351398468018,0.6877962350845337,0.07721100002527237,-0.054527398198843,0.028755588573411095,-0.057930569528790186,-0.213876798124449,
-0.01916758865118027,-0.24879918098449708,-0.2651658296585083,0.5821359753608704,0.07741062343120575,-0.04700268432497978,0.06619395416978188,-0.052492399480684786,-0.21608797397772775,
-0.1020500659942627,-0.2993821382522583,-0.6143733501434326,0.4126923382282257,0.08806326985359192,-0.006522633135318756,0.13108010198797357,-0.04337029249289656,-0.2185637823110223,
-0.1070713758468628,-0.2831080198287964,-0.6337477207183838,0.28945454955101013,0.06769008934497833,0.01831134408712387,0.1546342137981354,-0.03900206030614633,-0.2176236237282343,
-0.09166153073310852,-0.26587986946105957,-0.6367035388946534,0.20117077231407166,0.048315584659576416,0.01265212707221508,0.1733007299472891,-0.03529763479622101,-0.21522727613915335,
-0.07140269875526428,-0.2024634838104248,-0.6178865432739258,0.11042355746030807,0.026477664709091187,0.012186074629426003,0.19791692961397686,-0.03110780562247828,-0.21063784205556976,
-0.08114035725593567,-0.18312673568725588,-0.5772723197937012,0.03632109612226486,0.028408454731106758,0.02263898216187954,0.20493823585187892,-0.029966522718622237,-0.20923386306642341,
-0.07003393769264221,-0.15912750959396363,-0.5858771324157716,-0.04064426198601723,0.025612136349081993,0.01824476569890976,0.20943209808739655,-0.02945302822107879,-0.20774936534467808,
-0.06357263326644898,-0.13388302326202392,-0.5766537189483643,-0.1373835951089859,0.0009113171836361289,0.016114236786961555,0.2085438669509522,-0.028545405745077416,-0.20428555381397023,
-0.08097524642944337,-0.12526094913482666,-0.5698392868041993,-0.22719870507717133,-0.016998441889882088,0.01391712948679924,0.20314980036394145,-0.02865382757600736,-0.20340869879720197,
-0.07552449703216553,-0.13735458850860596,-0.5698378086090088,-0.3094238042831421,-0.04908953234553337,0.002798430621623993,0.19448798517279073,-0.02935483841591104,-0.2027632351249206,
-0.11001366376876831,-0.23756203651428223,-0.6524350643157959,-0.4733413755893707,-0.08217930793762207,0.024170298129320145,0.1669432517117393,-0.03270073176886306,-0.20390934796449733,
