-0.16532915830612183,-0.3136671304702759,-0.632151222229004,-0.7219474911689758,-0.18930496275424957,0.12357278168201447,0.12063687545711452,-0.04096043161327743,-0.2055323638799789,
-0.09140627384185791,-0.2538901805877686,-0.27775397300720217,-0.8365299701690674,-0.14596201479434967,0.12610279023647308,0.05188487097728235,-0.05797349743201881,-0.20072731055697052,
0.11947667598724365,-0.17103028297424316,0.6853928565979004,-0.6967805624008179,-0.15787966549396515,0.0774335265159607,-0.034397531967198185,-0.07613799101588724,-0.1873640475456874,
0.10793346166610718,-0.15429089069366456,1.3388946533203125,-0.21934238076210022,-0.18717443943023682,0.09760697185993195,-0.07383522417726804,-0.08263787973494181,-0.18157443199234008,
0.03354834020137787,-0.04249314367771149,1.6769538879394532,-0.0227345023304224,-0.01333659514784813,0.16904626786708832,-0.10080066405374015,-0.09148293533089334,-0.17502150288136792,
0.11169949769973755,0.24689960479736328,1.3425985336303712,0.14817385375499725,0.0981832817196846,0.18016496300697327,-0.11766005436473762,-0.09610648515763012,-0.15816803038354052,
0.2605289459228516,0.3459625005722046,1.1060677528381349,0.3421182334423065,0.06868882477283478,0.0517999529838562,-0.11367067908335715,-0.08867240476580143,-0.15050910680016558,
0.3113728523254395,0.36297116279602054,0.7371053218841553,0.40377041697502136,0.05630512535572052,-0.04573832452297211,-0.1009914992626606,-0.08249638396770154,-0.14583764590145396,
0.2536255121231079,0.3020428419113159,0.415682601928711,0.42168018221855164,0.08093936741352081,-0.09280969947576523,-0.08257433941265895,-0.07903379195964277,-0.1452599216282098,
0.10174022912979126,0.14781390428543092,-0.028902971744537355,0.3716127574443817,0.12075362354516983,-0.10612550377845764,-0.03651418731288008,-0.07478492195452306,-0.15329147448327274,
0.05701725482940674,0.09129821658134461,-0.16327089071273804,0.3257398009300232,0.11802388727664948,-0.10898840427398682,-0.014796520831735544,-0.06974223289555061,-0.15894881283131396,
0.03775636851787567,0.05375580191612244,-0.2415729284286499,0.2770705223083496,0.10464149713516235,-0.11411498486995697,0.004416379808943956,-0.06372345486757289,-0.16449985734965675,
-0.02692943513393402,-0.0011236276477575302,-0.35709567070007325,0.20376700162887573,0.05996697023510933,-0.10039971023797989,0.036758896012849596,-0.051639006701639144,-0.17534389394891112,
-0.03898115754127503,-0.015506036579608917,-0.39131782054901126,0.13565665483474731,0.03559904545545578,-0.09107864648103714,0.04932495479021305,-0.04704120242684946,-0.1802394965113072,
-0.05303196907043457,-0.029756087064743045,-0.41734061241149906,0.07753317058086395,0.024080874398350716,-0.07762967795133591,0.059214533063120044,-0.04368225316152053,-0.1847434710553648,
-0.08179454803466797,-0.05406946539878846,-0.47344932556152347,-0.009685355238616467,-0.011206009425222874,-0.07143782824277878,0.0710991186019323,-0.03894589986808941,-0.1926233436888987,
-0.0851942539215088,-0.06240428686141968,-0.4864822387695313,-0.076264388859272,-0.04030104726552963,-0.0601193904876709,0.07285482820952438,-0.03788421448516623,-0.1961688331831407,
-0.10739121437072754,-0.0728174865245819,-0.4984257221221924,-0.14623895287513733,-0.07638687640428543,-0.040079109370708466,0.07196334032043174,-0.038010759593133187,-0.19982096535723717,
-0.12217090129852295,-0.07012372612953187,-0.5239731311798096,-0.23825116455554962,-0.13044904172420502,0.008989637717604637,0.06137746274466055,-0.04272867982305971,-0.20610458074865373,
-0.08781118392944337,-0.035229516029357914,-0.5139296054840088,-0.3758699893951416,-0.14050248265266418,0.03402335196733475,0.05119013031390758,-0.0482665635968067,-0.20757700562877116,
-0.043199491500854496,0.011481608450412751,-0.5495089530944824,-0.5299339294433594,-0.11034218221902847,0.02416965551674366,0.03726406434261345,-0.055286018908549575,-0.20759179576403056,
0.10825563669204713,0.10545965433120728,-0.39251012802124025,-0.667819082736969,-0.0743895098567009,-0.03195646405220032,-0.009183177592061454,-0.0681884350923922,-0.2053896196266702,
0.14840598106384278,0.11752969026565552,-0.046563988924026495,-0.5768055319786072,-0.13251298666000366,-0.15685872733592987,-0.040380013889049444,-0.07428754886785419,-0.20566419558619195,
0.23389217853546143,0.10096397399902345,0.41743149757385256,-0.3270675837993622,-0.18244726955890656,-0.33362603187561035,-0.07292121177570808,-0.07931601584888615,-0.2080621277830003,
0.056265908479690555,-0.008850818872451783,1.2376245498657228,-0.07366780191659927,-0.03843683376908302,-0.2546633183956146,-0.11267275268858319,-0.1028861953792389,-0.2293280430439581,
-0.10538005828857422,0.01750864237546921,1.1770869255065919,0.06002309173345566,0.19132736325263977,-0.15346281230449677,-0.11544466763613481,-0.11454341314912626,-0.2433480277938302,
-0.11826354265213013,0.064902001619339,1.1255977630615235,0.25796255469322205,0.18213945627212524,-0.15406201779842377,-0.11333617937158279,-0.11616031042677093,-0.25604653482899137,
-0.06431617140769959,0.04368113577365876,0.7826151847839355,0.40197300910949707,0.1674254834651947,-0.1608530730009079,-0.08997981361999056,-0.10327818171508935,-0.2802041163267058,
-0.07630518078804016,0.027554222941398622,0.4156878471374512,0.40856432914733887,0.14785125851631165,-0.162584125995636,-0.06795624917403298,-0.09703199099378075,-0.29138324400874477,
-0.10843125581741334,0.018894699215888978,0.16257128715515137,0.39824455976486206,0.12554727494716644,-0.16165202856063843,-0.04425261123824837,-0.09021931167574404,-0.3018109887198175,
-0.2222362279891968,-0.02920777499675751,-0.09783741235733033,0.36202558875083923,0.08460117876529694,-0.13049304485321045,0.002128637500877154,-0.07006781478243737,-0.3200563046659024,
-0.27309794425964357,-0.06501818895339966,-0.2158897161483765,0.30017367005348206,0.049447450786828995,-0.0826893001794815,0.023411413011605393,-0.06437064932835312,-0.32770913357664516,
-0.3359536170959473,-0.10158452987670899,-0.38220717906951907,0.20423327386379242,0.031138218939304352,-0.0036599920131266117,0.05895174182536697,-0.05636421829891321,-0.3377316298216402,
-0.3462286949157715,-0.10321239233016968,-0.42855625152587895,0.13319344818592072,0.011097930371761322,0.038817428052425385,0.0719453673002328,-0.05407244852454808,-0.339508005871851,
-0.3324833631515503,-0.11088913679122925,-0.4830782413482666,0.06641467660665512,-0.016732104122638702,0.05479639768600464,0.08186317219753347,-0.05266764820239316,-0.3390834811151462,
-0.3150232791900635,-0.12278163433074951,-0.5600413322448731,-0.05555810034275055,-0.03670581057667732,0.09394486248493195,0.09198461485926722,-0.053928598048282594,-0.3347319811964963,
-0.31354613304138185,-0.13413625955581665,-0.5954989910125733,-0.17726457118988037,-0.0278508011251688,0.1303635984659195,0.09159706760796754,-0.056748738063273636,-0.33160092522875423,
-0.3029835939407349,-0.14641382694244384,-0.619629192352295,-0.25103411078453064,-0.04842372238636017,0.14820677042007446,0.08667543496126255,-0.0598016876755367,-0.3270166533725301,
-0.2328649997711182,-0.18842070102691652,-0.5756244182586671,-0.39364638924598694,-0.034375544637441635,0.17110995948314667,0.06320241523143252,-0.06682142898517754,-0.31415523405124596,
-0.26865990161895753,-0.2185999393463135,-0.5484327793121339,-0.49651098251342773,-0.02725159004330635,0.20266841351985931,0.044622479143228894,-0.07096031231517722,-0.30665094227331285,
-0.2833357095718384,-0.22607035636901857,-0.4287416934967041,-0.5132889151573181,-0.09562824666500092,0.3098606467247009,0.020608425560683617,-0.07336026739630058,-0.29744048127899886,
-0.2810333013534546,-0.13367347717285158,0.04290752410888672,-0.6228114366531372,-0.02598658762872219,0.3770388960838318,-0.04105845997917348,-0.0701977158225538,-0.26987223705444824,
-0.026342955231666566,-0.04531430900096894,0.4532355785369873,-0.42334064841270447,-0.08763876557350159,0.2969443202018738,-0.07473013735308114,-0.06972770843636499,-0.25000622258265925,
0.12680034637451174,0.016715197265148165,1.4893255233764648,0.12041027098894119,-0.2009562849998474,0.21478579938411713,-0.10930236868968096,-0.06581178234028147,-0.23216911064832835,
0.2742081642150879,0.04625692665576935,2.094527053833008,0.3594302237033844,-0.019462045282125473,0.21944864094257355,-0.12846643853304324,-0.06641139059798154,-0.2163916898802685,
0.4752119541168213,0.1657733678817749,1.6286161422729493,0.5966513156890869,0.19625401496887207,0.15087224543094635,-0.11342581474297496,-0.06915776765680907,-0.1903258436696339,
0.5732421398162842,0.11825367212295533,1.1848254203796387,0.7636981010437012,0.1049075797200203,-0.02356480434536934,-0.08927067111523439,-0.05876756842601198,-0.1829056720317555,
0.5339924812316895,0.023551999032497408,0.7214182853698731,0.8022473454475403,0.05157778039574623,-0.08994409441947937,-0.05690762941536621,-0.04849344221977806,-0.17969500277208736,
0.1550720572471619,-0.19281864166259766,-0.09464000463485718,0.7118330597877502,0.10184494405984879,-0.07303301990032196,0.02007688675884618,-0.043493870540306,-0.1844840541018086,
0.06743628382682801,-0.2692718505859375,-0.3037225961685181,0.5905260443687439,0.05703726038336754,-0.08355250954627991,0.05939939776127582,-0.0388134954133992,-0.1880930658305236,
0.02450168877840042,-0.3222777128219605,-0.49906377792358403,0.4833337962627411,0.025412220507860184,-0.08668172359466553,0.12576762845860873,-0.02869303998640293,-0.1931657650100117,
-0.06958935260772706,-0.3207090854644776,-0.5307892322540283,0.39817920327186584,0.04751645773649216,-0.018305063247680664,0.15310458026587587,-0.02511311552307958,-0.197056293762195,
-0.12268038988113404,-0.3094026565551758,-0.5600489616394043,0.2732769548892975,0.029340382665395737,0.012853923253715038,0.17722003531971667,-0.02198224126416964,-0.19959502325817316,
-0.03124121129512787,-0.23681273460388186,-0.5952930927276612,0.17940053343772888,0.018155107274651527,-0.001527146901935339,0.21213542077849334,-0.018459679118478508,-0.19773976313206712,
-0.030547076463699342,-0.20147175788879396,-0.5706017017364502,0.09085042029619217,-0.010607034899294376,-0.018904272466897964,0.22319173265203912,-0.017921361930423742,-0.19677477281674188,
-0.02502245306968689,-0.19572696685791016,-0.6131569385528565,0.005296370945870876,-0.015134409070014954,-0.014643215574324131,0.2315244946128637,-0.017197683844298133,-0.19651563626354665,
-0.08141757249832154,-0.2093616008758545,-0.6118622303009034,-0.08937901258468628,0.004240089096128941,0.0058631254360079765,0.23722956514319854,-0.01699310486813059,-0.19870800869460076,
-0.08576905131340028,-0.2165029525756836,-0.5789863586425782,-0.15675698220729828,-0.012471247464418411,0.016848664730787277,0.23459470326437115,-0.017110921780521433,-0.1989478228121405,
-0.06549830436706543,-0.22207367420196533,-0.6108787536621094,-0.27280423045158386,-0.020727045834064484,0.008992339484393597,0.229565984908755,-0.017098329705686092,-0.19862206637622054,
-0.06253877878189087,-0.28581454753875735,-0.7500649929046631,-0.4377870559692383,-0.035907063633203506,0.013120238669216633,0.20853593764521278,-0.01884639254316319,-0.19875314483143547,
-0.05298219919204712,-0.3149755477905274,-0.728592586517334,-0.5604921579360962,-0.05741209164261818,0.012853923253715038,0.18969213763032078,-0.02050395783943973,-0.1993348891256355,
-0.04254966974258423,-0.3552175045013428,-0.6846160411834717,-0.6653541326522827,-0.11646769195795059,0.0008696978911757469,0.16567727029809504,-0.022481463242616708,-0.19958277974183836,
-0.0438648670911789,-0.3846871376037598,-0.5307034492492676,-0.8110949397087097,-0.18271395564079285,0.023374823853373528,0.10447041973246633,-0.030380486054948773,-0.2023064635473714,
-0.06546793580055237,-0.3195955514907837,-0.24250996112823486,-0.9150913953781128,-0.07412354648113251,0.06052592396736145,0.0659587572572117,-0.038601688724572425,-0.2039057643098424,
-0.06576141119003297,-0.21278870105743408,0.189779531955719,-0.7482443451881409,-0.1385054737329483,0.05246985703706741,0.02201507346869602,-0.04660464195493906,-0.2029356922238281,
-0.058200192451477055,-0.04291191101074219,1.7011753082275392,-0.28465452790260315,-0.2257240116596222,0.15846367180347443,-0.06555320628748067,-0.05622344406485478,-0.19646370140192942,
0.06584765911102296,0.14197728633880616,1.7892938613891602,0.024272151291370392,-0.028982970863580704,0.1390225887298584,-0.08989886021096612,-0.06507598873504084,-0.18774955821776027,
0.19744299650192262,0.2674023389816284,1.868783950805664,0.27507537603378296,0.16229857504367828,0.08675806224346161,-0.10363974060282012,-0.07186629556570229,-0.17643286442507303,
0.252559494972229,0.31816811561584474,1.147787094116211,0.42607659101486206,0.24032919108867645,0.01671692170202732,-0.09293948420935691,-0.06336834850520931,-0.16490511349246342,
0.2124274253845215,0.26062490940093996,0.7008679389953614,0.47787508368492126,0.15410935878753662,-0.03581393137574196,-0.0739861310015992,-0.051133686266847306,-0.16475270785086935,
0.14823765754699708,0.16744147539138796,0.33445296287536624,0.46049797534942627,0.13313695788383484,-0.04260499030351639,-0.05101999232504088,-0.040177617213388334,-0.16607725727180112,
0.04454895853996277,0.0006850465200841428,-0.1458202838897705,0.3852636516094208,0.11469457298517227,-0.03521472215652466,-0.0005142169105556516,-0.02869292429298315,-0.17013832937934498,
0.028796571493148806,-0.04577338695526123,-0.2700491428375244,0.3294704258441925,0.07128504663705826,-0.04739868640899658,0.021103473141980623,-0.021970637656426113,-0.17136928824742556,
0.018103604018688203,-0.07548213005065918,-0.3442377328872681,0.277871698141098,0.051178183406591415,-0.05205921828746796,0.0400131476140818,-0.016592842253309332,-0.17271620232018714,
-0.04893263876438141,-0.09232501983642578,-0.471904993057251,0.21229133009910583,0.025345517322421074,-0.027624711394309998,0.07138264049208626,-0.009462508184406903,-0.17661881595156131,
-0.056584793329238894,-0.08320418000221252,-0.5054927825927734,0.14011965692043304,-0.010740315541625023,-0.014774959534406662,0.08358769121084472,-0.007000906560728576,-0.17819290536590693,
-0.034111082553863525,-0.06841006875038147,-0.5418564319610596,0.05409955605864525,-0.020261118188500404,-0.012311534956097603,0.09331134943370785,-0.006172078529026664,-0.17912966316462117,
0.019618503749370575,-0.05583648681640625,-0.6014215469360352,-0.05921794846653938,-0.025787176564335823,-0.05365711450576782,0.10375001590858837,-0.0072737663296638215,-0.1809016939999453,
0.03513379096984864,-0.055430084466934204,-0.597932243347168,-0.16874045133590698,-0.057145897299051285,-0.08807846903800964,0.10337579669239921,-0.00781380382071243,-0.1827603194879489,
0.025628072023391724,-0.07209259867668152,-0.6162374496459961,-0.2628166079521179,-0.08530882745981216,-0.08881083875894547,0.09920958909743517,-0.008280759802995358,-0.18629917642141003,
-0.014837713539600374,-0.10050520896911622,-0.6465192317962647,-0.4155488908290863,-0.11946386843919754,-0.061380282044410706,0.0787199883158524,-0.012384023418105999,-0.1967504863517458,
-0.0161274254322052,-0.08258840441703796,-0.614699935913086,-0.5461120009422302,-0.17106233537197113,-0.06917311251163483,0.061655097697175254,-0.016347847676315523,-0.20156898414942306,
0.041426897048950195,-0.061488211154937744,-0.5763825416564942,-0.6597623825073242,-0.16826601326465607,-0.0936741977930069,0.039807376137637865,-0.022283801705596344,-0.20563635236427358,
0.1832254767417908,0.04931609928607941,-0.23780512809753418,-0.7327995896339417,-0.16713418066501617,-0.18002720177173615,-0.019377332938613913,-0.03916591620786187,-0.21439132691350735,
0.2557710886001587,0.04961800277233124,0.29218602180480957,-0.41335344314575195,-0.3130754232406616,-0.3703766465187073,-0.05557535011822161,-0.04751600795460585,-0.21995447387964848,
0.33143162727355957,0.01051667630672455,1.118125343322754,-0.12613153457641602,-0.23923926055431366,-0.3879534900188446,-0.08901880381223237,-0.05990209255193437,-0.22846535251391953,
-0.11266851425170898,-0.10597885847091676,1.6387699127197266,0.12713509798049927,0.22155418992042542,-0.15772321820259094,-0.11336443685040323,-0.09984107938233247,-0.25721513819421105,
-0.23229000568389893,-0.04029380679130554,1.4499267578125001,0.35942932963371277,0.28480425477027893,-0.08475260436534882,-0.10843058539313917,-0.10535310956249698,-0.27198502374485994,
-0.20235354900360109,-0.007566577941179276,1.2141135215759278,0.4708826243877411,0.1624320149421692,-0.09533867239952087,-0.09700386029524677,-0.0959689978515591,-0.28496415987678847,
-0.10142743587493896,0.020871016383171084,0.4448107719421387,0.5755448937416077,0.05131160840392113,-0.16145165264606476,-0.053556623752273,-0.07433149929616731,-0.30336513394307896,
-0.12374826669692994,-0.0022866012528538703,0.2560229778289795,0.5760109424591064,0.08892875909805298,-0.14760321378707886,-0.02537770612761678,-0.07047799249953407,-0.31160477065364484,
-0.188512921333313,-0.0610526978969574,-0.02367890477180481,0.48260053992271423,0.15850384533405304,-0.10099788755178452,0.006330389861378862,-0.06751123393030255,-0.3201467261560297,
-0.2651443243026734,-0.1403984308242798,-0.37525434494018556,0.34251824021339417,0.06589241325855255,-0.027694378048181534,0.06374728542887179,-0.054472928200724954,-0.33203081993995237,
-0.2705762624740601,-0.14990435838699342,-0.436024284362793,0.29491424560546875,-0.008476359769701958,-0.00539040332660079,0.08497325565308632,-0.0471223783690448,-0.3334934723722304,
-0.2556586742401123,-0.1480843186378479,-0.4353014945983887,0.23246312141418457,0.0022428641095757484,0.010921458713710308,0.10210118483934613,-0.044039048382009026,-0.3338657299424133,
-0.2545752763748169,-0.16190246343612671,-0.5884823322296143,0.08831952512264252,0.024280522018671036,0.03895122930407524,0.13002429185838107,-0.04439906325518281,-0.3340280860324595,
-0.23874528408050538,-0.16739577054977417,-0.6168303489685059,-0.019538501277565956,0.018621305003762245,0.05266651138663292,0.13792001098590154,-0.043953487195367666,-0.3322615551479199,
-0.23362662792205813,-0.16258167028427126,-0.6055100917816163,-0.10116439312696457,0.014426826499402523,0.07576943188905716,0.1409681885090043,-0.04385838446530561,-0.32992900720202345,
-0.24247796535491944,-0.1708453178405762,-0.6209201335906983,-0.20229794085025787,-0.024521905928850174,0.09181497246026993,0.13518655266188676,-0.044948045976767506,-0.3235692167541227,
-0.21950018405914307,-0.16819933652877808,-0.6432727813720703,-0.3286649286746979,-0.05315088853240013,0.10592973232269287,0.1263844983018327,-0.04712929626102403,-0.31958206265846906,
-0.24449424743652345,-0.17055718898773195,-0.6536890506744385,-0.4428481161594391,-0.10015565901994705,0.14740821719169617,0.11319062796169967,-0.05048162061891256,-0.31572745184632706,
-0.29887304306030277,-0.17990188598632814,-0.6312836647033692,-0.5602269172668457,-0.12206015735864639,0.21571829915046692,0.0950489939181907,-0.05507979900844851,-0.3113509733542708,
-0.4042067527770996,-0.2301893472671509,-0.485290002822876,-0.7577669024467468,-0.1695975810289383,0.36685267090797424,0.04302905926849522,-0.06945582928829817,-0.29644505919703373,
-0.33032915592193607,-0.22727758884429933,-0.20164921283721926,-0.7798711657524109,-0.16080915927886963,0.3520721197128296,0.005807449782190048,-0.07774743017366985,-0.28184229423018214,
-0.0010896139778196813,-0.21443758010864258,0.3016199111938477,-0.4105572998523712,-0.26873376965522766,0.25306910276412964,-0.039628397257733504,-0.08454413641868389,-0.26129194988355736,
0.4705998420715332,-0.14205498695373536,2.082387161254883,0.184126615524292,-0.11020909249782562,0.14827373623847961,-0.11617483580469563,-0.0962870270920659,-0.22320833313597613,
0.5089676856994629,-0.004844769835472107,2.1343881607055666,0.4614948332309723,0.2226860523223877,0.16478534042835236,-0.12503535791379786,-0.10540325598208394,-0.20828174949614647,
0.4316431999206543,0.12345042228698731,1.7336898803710938,0.7005135416984558,0.23919764161109924,0.05532941222190857,-0.11544932632594532,-0.10417003511200398,-0.2001252801950098,
0.5561134338378907,0.08552407622337342,0.8849567413330078,0.9024477601051331,0.03446713462471962,-0.1009315624833107,-0.061967703014246714,-0.07849980350515834,-0.1937513460973123,
0.37134976387023927,-0.04614448547363281,0.38595545291900635,0.8732861280441284,0.02261606976389885,-0.11604500561952591,-0.019397695344592795,-0.07146032429313555,-0.19622838383235425,
0.1481492280960083,-0.17269760370254517,-0.0470411092042923,0.7211530208587646,0.15191254019737244,-0.07003889977931976,0.027600520060166316,-0.07125593525200093,-0.20144843422443626,
-0.05842559337615967,-0.2821197271347046,-0.5387316226959229,0.5315359830856323,0.13766463100910187,-0.03648306801915169,0.11293246706953075,-0.06254945376734998,-0.20910039064003386,
-0.06982039213180542,-0.2876445293426514,-0.5894075870513916,0.4067668616771698,-0.0013523809611797333,-0.022568050771951675,0.14433172576232847,-0.053094092489942034,-0.20763786172969886,
-0.11037561893463135,-0.28783326148986815,-0.6060557842254639,0.3058330714702606,0.002242886461317539,-0.007987242192029953,0.17012604875049017,-0.047477765453410835,-0.2065660552040453,
-0.16736209392547607,-0.27912464141845705,-0.6290302276611328,0.1655510663986206,0.02880791947245598,0.016114365309476852,0.20846792894652846,-0.046165360276491395,-0.2079908175684642,
-0.13549950122833251,-0.24790048599243164,-0.6106264591217041,0.09624229371547699,0.041125040501356125,0.0006014527752995491,0.22054660375929222,-0.04602022635982954,-0.20701328127373297,
-0.1139420747756958,-0.2153796434402466,-0.5634706020355225,0.03665406256914139,0.050379522144794464,-0.006189608480781317,0.22844184826902,-0.04534326364906366,-0.2053855017569121,
-0.1190614104270935,-0.20379812717437745,-0.5520683288574219,-0.05209578201174736,0.032935816794633865,-0.008453295566141605,0.23353065430058245,-0.04390359346021587,-0.20393903280420358,
-0.12137495279312134,-0.19989970922470093,-0.6420112133026123,-0.22113993763923645,0.01322842575609684,0.005861195735633373,0.23459780408359246,-0.040118314471085055,-0.2013757357917,
-0.13039528131484987,-0.2065288543701172,-0.6486999988555908,-0.3284638226032257,0.033534783869981766,0.013587193563580513,0.22821283114636615,-0.03929528175937753,-0.20087911307474723,
-0.14487123489379883,-0.2631133794784546,-0.6915615558624268,-0.4961763918399811,-0.01160579826682806,0.00526481494307518,0.2013830666340254,-0.03803428850459829,-0.19877047405938483,
-0.10132466554641724,-0.30329270362854005,-0.7186205863952637,-0.6396541595458984,-0.08530878275632858,0.026703262701630592,0.180576849705898,-0.03777310098664395,-0.19741193641728919,
-0.13819268941879273,-0.3391049146652222,-0.6689210891723634,-0.7786046266555786,-0.16646862030029297,0.09854203462600708,0.15400788469042928,-0.03870937851399247,-0.19784557044518727,
-0.1919013261795044,-0.3545984983444214,-0.5964152812957764,-0.9234805703163147,-0.15455098450183868,0.10972731560468674,0.12224291672193746,-0.04258220733707443,-0.19855411217816693,
0.05648095607757569,-0.3243885040283203,-0.2693089008331299,-1.0768120288848877,-0.12119487673044205,0.09541282057762146,0.038775884565422684,-0.06035023244669013,-0.19305156740839421,
0.05780513882637024,-0.31581451892852785,0.29823105335235595,-0.5246722102165222,-0.29742956161499023,0.08342859894037247,-0.015237334078665465,-0.06638923191814901,-0.18845323486111193,
0.24843492507934573,-0.12305306196212769,1.898844909667969,-0.08724799752235413,-0.08271220326423645,0.07077857851982117,-0.10549323972951646,-0.08412837366633912,-0.17400862839881112,
0.27170002460479736,0.054498428106307985,1.8622121810913086,0.2036357820034027,0.20797182619571686,0.1269712746143341,-0.12263278090216735,-0.09622530229220681,-0.16630619674620728,
0.35087041854858403,0.2853015184402466,1.4434815406799317,0.48839429020881653,0.16056756675243378,-0.015174947679042816,-0.12015950850122492,-0.08706727714728742,-0.15718285786518016,
0.4010339736938477,0.2743530750274658,0.9255321502685547,0.5454525351524353,0.06589218974113464,-0.11211401224136353,-0.10135578647818325,-0.07422236522267185,-0.1564894094400735,
0.17230342626571657,0.11396926641464233,0.09460962414741517,0.46682268381118774,0.12614621222019196,-0.11131506413221359,-0.04689680188181078,-0.06417764949967586,-0.1638311752441667,
0.06529380083084106,0.029823413491249087,-0.16096774339675904,0.38086915016174316,0.10690487176179886,-0.0933387279510498,-0.017946897674630303,-0.06251006837297601,-0.16996911606038884,
0.004877901449799538,-0.03151123821735382,-0.3041255474090576,0.33026906847953796,0.02434687688946724,-0.09673425555229187,0.006647313671221355,-0.056208962555408665,-0.17530332828463244,
-0.07465489506721497,-0.08359102010726929,-0.4283514499664307,0.25629979372024536,0.006437118165194988,-0.08261950314044952,0.045587213277467294,-0.0472963899047958,-0.18421886956227787,
-0.12249629497528076,-0.09074393510818482,-0.5148377895355225,0.15976020693778992,0.024746352806687355,-0.045734718441963196,0.0617184812517551,-0.046415159345030335,-0.1890288860732324,
-0.1487755060195923,-0.09541040658950806,-0.5704332828521729,0.05949218198657036,0.011164229363203049,-0.02363048493862152,0.0746508188731033,-0.045068957888811025,-0.19280262597041314,
-0.1309208869934082,-0.08689646124839784,-0.6058426380157471,0.0013021115446463227,-0.011472640559077263,-0.02975575439631939,0.08334040275881549,-0.04333669199473408,-0.1949185046820387,
-0.09467992186546326,-0.061246192455291754,-0.5979751586914063,-0.08977923542261124,-0.018263500183820724,-0.03195517882704735,0.08882027160912782,-0.041962074620846036,-0.1973975419969009,
-0.11103904247283936,-0.05961527228355408,-0.6287394523620606,-0.20962148904800415,-0.05554775521159172,-0.024698063731193542,0.0869822658798658,-0.04222227405991133,-0.19929635635898543,
-0.10806618928909302,-0.06075701117515564,-0.6357060432434083,-0.3150826692581177,-0.07971594482660294,-0.021102797240018845,0.08142612495242504,-0.042955294217166234,-0.20116494210304703,
-0.008388568460941315,-0.04483782351016999,-0.6363297939300537,-0.47673654556274414,-0.04416274279356003,-0.0653778538107872,0.05760003077562802,-0.04862331752628039,-0.20479981244534215,
0.043904256820678715,-0.034837165474891664,-0.6031546115875245,-0.5985096096992493,-0.06906329840421677,-0.08188945055007935,0.03818173761337719,-0.051611867295723445,-0.20719975228106108,
0.0301559716463089,-0.02937213480472565,-0.4971197128295899,-0.704103946685791,-0.06959593296051025,-0.11258237808942795,0.013674051065640748,-0.05363217455113165,-0.21087715712793587,
0.16016563177108767,-0.039164260029792786,-0.09621357321739198,-0.6524385809898376,-0.11253940314054489,-0.2556607127189636,-0.049206229864539305,-0.06273059767405721,-0.2196536502034561,
0.24852755069732668,-0.11511733531951905,0.521303653717041,-0.32020923495292664,-0.16154156625270844,-0.29560813307762146,-0.08479222480333028,-0.06841386211770832,-0.227321392300017,
0.17967237234115602,-0.19287334680557253,1.138386058807373,-0.13804903626441956,0.01176364254206419,-0.21005408465862274,-0.11339932927384229,-0.07876606644975444,-0.23855643815337663,
-0.19672023057937624,-0.050712794065475464,1.3412139892578125,0.11368627101182938,0.1732843667268753,-0.08335418999195099,-0.1354680520588983,-0.09951943277567424,-0.2621637090461512,
-0.23821544647216797,0.07242267727851869,1.35371732711792,0.36801818013191223,0.15297776460647583,-0.10679000616073608,-0.13520848188689144,-0.09732998853988739,-0.2729391381947179,
-0.08745410442352296,0.07836941480636597,0.8374427795410156,0.47334620356559753,0.108835868537426,-0.13508610427379608,-0.10861814665145103,-0.08519202734206432,-0.2921061003978795,
-0.08833808302879334,0.05318689942359925,0.4727942943572998,0.5056370496749878,0.12561377882957458,-0.14320874214172363,-0.08465479602055054,-0.0809060128564139,-0.3002487983089423,
-0.12230740785598755,0.040622711181640625,0.22015018463134767,0.5098314881324768,0.13859669864177704,-0.13894768059253693,-0.058243447659017455,-0.07696560787994355,-0.31002169005616126,
-0.15879518985748292,-0.04355321824550629,-0.1241498351097107,0.4374600946903229,0.08746399730443954,-0.11085132509469986,-0.003126002959924656,-0.06120218027287486,-0.3268360470290491,
-0.18536956310272218,-0.07157059907913209,-0.2700310468673706,0.3354610204696655,0.026810502633452415,-0.06517811119556427,0.02321930862100895,-0.05415436413474349,-0.3335965848657827,
-0.232804536819458,-0.10226022005081177,-0.45263204574584964,0.22833535075187683,0.014493382535874844,-0.028493069112300873,0.06570121264487,-0.046073498022267886,-0.3424670567494097,
-0.23175456523895266,-0.11057990789413452,-0.4736227512359619,0.16468580067157745,0.012163116596639156,-0.008386202156543732,0.08050576551487625,-0.04476334754141128,-0.3446885390762193,
-0.23512399196624756,-0.11981064081192017,-0.48117933273315433,0.11062363535165787,-0.003016901668161154,0.0072598690167069435,0.09194835650572909,-0.0437476445799966,-0.3458084098361775,
-0.25592937469482424,-0.14254194498062134,-0.5394088745117188,-0.0156762283295393,-0.05028809979557991,0.04481147229671478,0.10745489691028849,-0.042837389939197015,-0.3459947640529989,
-0.2706831216812134,-0.1479767918586731,-0.5930752277374268,-0.1291268914937973,-0.04296441003680229,0.07843387871980667,0.11073046321169742,-0.04429194229882323,-0.34542302046245915,
-0.27662096023559574,-0.1456278443336487,-0.6174139499664307,-0.22826306521892548,-0.04609362408518791,0.1068631261587143,0.1096752145840858,-0.04744421206774744,-0.34408981821464496,
-0.29158356189727785,-0.1647875785827637,-0.6133348941802979,-0.39497697353363037,-0.07678655534982681,0.15892791748046875,0.09307416939620501,-0.054569662269347126,-0.33720311679132486,
-0.3157655715942383,-0.18491204977035525,-0.6130712509155274,-0.5278021097183228,-0.12272608280181885,0.2315656542778015,0.07761481471151938,-0.0588670766934568,-0.3317874861544974,
-0.41339960098266604,-0.22175154685974122,-0.4239395141601563,-0.6868594288825989,-0.13497662544250488,0.38569608330726624,0.02972861620681258,-0.07122284868023021,-0.31481392285153975,
-0.3686328172683716,-0.22430830001831056,-0.24032397270202638,-0.7593640089035034,-0.12405766546726227,0.41958481073379517,-0.004115242954134709,-0.07857066831560955,-0.2994625667664755,
-0.06821970343589782,-0.20514767169952394,0.1759504795074463,-0.40456435084342957,-0.22938568890094757,0.23189854621887207,-0.05760208531949223,-0.07026746327195577,-0.2750242764344442,
0.4394166946411133,-0.06613171696662903,1.7871273040771485,0.14664342999458313,-0.17918510735034943,0.15519949793815613,-0.13305467022255987,-0.07465814120864508,-0.2341548625174248,
0.35799689292907716,0.05042598247528077,1.9255434036254884,0.3349955081939697,0.15630662441253662,0.19341585040092468,-0.14364841121066815,-0.08339919372211382,-0.2205338965994,
0.415996789932251,0.1370742678642273,1.6283798217773438,0.5554386973381042,0.2247498631477356,0.126104474067688,-0.13817143224674877,-0.08635195060733436,-0.21003971652624684,
0.5782664775848388,0.10198707580566407,1.0898186683654785,0.7659615874290466,0.06729046255350113,-0.06184813380241394,-0.09970534583220189,-0.06291781885902047,-0.19966071426032664,
0.481540060043335,0.012853223085403443,0.6788102626800537,0.8467885255813599,0.030006207525730133,-0.13155637681484222,-0.06644225725884179,-0.05429227282288946,-0.19946893340013228,
0.2863648891448975,-0.09735851287841797,0.30030906200408936,0.8063750267028809,0.098382867872715,-0.11597688496112823,-0.02635556919423949,-0.05171959821946779,-0.20316088109489142,
0.011140163987874985,-0.2769684076309204,-0.33227970600128176,0.6137619018554688,0.15271136164665222,-0.07056998461484909,0.060146261583539654,-0.04632549629590972,-0.21467772432262322,
-0.03810403048992157,-0.2885907173156738,-0.538071870803833,0.4749446213245392,0.051910705864429474,-0.04500363767147064,0.09810159156642269,-0.03810717381205984,-0.21742269904561934,
-0.06804889440536499,-0.2686232805252075,-0.592860746383667,0.40377163887023926,0.040858589112758636,-0.05006364360451698,0.12878837849356556,-0.030044530221735293,-0.2180321662543418,
-0.10476264953613282,-0.24678289890289307,-0.6390430450439454,0.2614922523498535,0.07607889175415039,0.006994582712650299,0.17612367309078453,-0.022791718394994654,-0.21981015293070993,
-0.15832935571670534,-0.23851017951965334,-0.6619184970855714,0.1397857964038849,0.05157781392335892,0.023772496730089188,0.19419058088700358,-0.01940952766555753,-0.2196868918303315,
-0.11751242876052857,-0.21859848499298096,-0.6856330394744874,0.07680204510688782,0.014293556101620197,0.011988010257482529,0.207441807912165,-0.016533177560562433,-0.2173018653504186,
-0.06909661889076234,-0.17657777070999148,-0.6220823764801026,-0.0382465198636055,0.011896710842847824,0.001601681113243103,0.2205850332071629,-0.01433988626911202,-0.2130904638110278,
-0.06575791835784912,-0.17711873054504396,-0.6616903781890869,-0.156157985329628,0.015758294612169266,-0.004457010887563229,0.22241258972162553,-0.014231181860800681,-0.21249496064045173,
-0.06543240547180176,-0.18829642534255983,-0.6851905345916749,-0.2453072965145111,-0.007144891191273928,-0.012113599106669426,0.2199558301585776,-0.013806862876356633,-0.2120268700855147,
-0.08119064569473267,-0.1991793751716614,-0.6385490894317627,-0.3361876904964447,-0.07878392189741135,0.018113279715180397,0.2015543605282488,-0.012636401593447715,-0.2119035600500604,
-0.10881199836730958,-0.2214580535888672,-0.6096294879913331,-0.4659501910209656,-0.10048869252204895,0.05040410906076431,0.18741568996637245,-0.013822606948557395,-0.2130950128672455,
-0.09373833537101746,-0.2816737413406372,-0.6809843540191651,-0.6509733200073242,-0.1176660805940628,0.08216230571269989,0.14956566740610167,-0.02255149932052764,-0.21501972798692962,
-0.07662256360054016,-0.2775475025177002,-0.59889817237854,-0.7701497673988342,-0.12445713579654694,0.09860732406377792,0.12215738605127915,-0.028876054636580828,-0.214473741450343,
-0.04422166049480439,-0.2866765260696411,-0.470084285736084,-0.7818011045455933,-0.15588244795799255,0.115318663418293,0.08898307829330795,-0.03586197059202111,-0.21250463603650782,
0.000822749175131321,-0.1875943183898926,0.25943474769592284,-0.6568988561630249,-0.1772543042898178,0.13555869460105896,-0.0017934023987163884,-0.05150987108320749,-0.20274207604298128,
0.05362092256546021,-0.12875239849090578,0.7610916137695313,-0.3654824495315552,-0.13897137343883514,0.1291671097278595,-0.04196576396735341,-0.05985391000215403,-0.19559855101546672,
0.10959205627441407,-0.054728859663009645,1.2874032974243166,-0.11667661368846893,-0.10221974551677704,0.17051267623901367,-0.07730360588668606,-0.06740455117598146,-0.1869863615794225,
0.10564736127853394,0.20510902404785158,1.5328625679016115,0.14611080288887024,0.053974658250808716,0.1886887550354004,-0.11427990835056523,-0.07591875235986362,-0.1688342955873467,
0.2607291221618652,0.3400378465652466,1.3900470733642578,0.32913655042648315,0.12195184826850891,0.053666479885578156,-0.11779215997163846,-0.07502864405432261,-0.15757190603203455,
0.43069028854370117,0.37297859191894533,0.843171787261963,0.4370611608028412,0.12155237048864365,-0.0531928613781929,-0.0990911639709298,-0.06235315363841639,-0.14482407733954222,
0.31965184211730957,0.2860013484954834,0.5342884063720703,0.4751443564891815,0.13227158784866333,-0.08588316291570663,-0.0795818335795283,-0.05638648007326187,-0.14559727392492944,
0.2077505111694336,0.18248682022094728,0.2690918445587158,0.4503103792667389,0.09884892404079437,-0.08548368513584137,-0.05650767555129917,-0.05078787290997312,-0.148907259404459,
0.06113158464431763,0.032274779677391056,-0.170927894115448,0.3770071566104889,0.05883488059043884,-0.09107581526041031,-0.004896877782881403,-0.04344062414148716,-0.15798207740163192,
0.017404961585998534,-0.022804257273674012,-0.38985462188720704,0.2921188771724701,0.05044592544436455,-0.08515027910470963,0.037743208839333124,-0.03553488736689808,-0.1661252550880378,
-0.02583010196685791,-0.035398533940315245,-0.46906156539916993,0.2157527506351471,0.040192753076553345,-0.057453401386737823,0.055515422389407904,-0.03221680624428583,-0.1704458087244748,
-0.05538473725318909,-0.0364107757806778,-0.5138950824737549,0.13412685692310333,0.017222989350557327,-0.04979681596159935,0.07016632115202273,-0.0288938295773704,-0.1740252721221439,
-0.05246028900146485,-0.03437151312828064,-0.5477637767791749,0.053033601492643356,0.004040340892970562,-0.05465708300471306,0.08158401745095466,-0.02617641585482241,-0.17648789839868007,
-0.04605773985385895,-0.04057489335536957,-0.5933362007141113,-0.06268074363470078,-0.02019442431628704,-0.060782354325056076,0.09424243419655506,-0.023237668096049373,-0.18105928371146365,
-0.05438153743743897,-0.04897551536560059,-0.596339750289917,-0.15109769999980927,-0.03956892341375351,-0.04799918085336685,0.09510284177408186,-0.022648554868481264,-0.18396330117545898,
-0.07743960618972778,-0.057485514879226686,-0.5918406963348389,-0.24317649006843567,-0.05355051904916763,-0.03341837227344513,0.09240308169273785,-0.022697131064245122,-0.18722443736914546,
