-0.025879234075546265,-0.06863154172897339,-0.6184794902801514,-0.5360576510429382,-0.10395084321498871,-0.0290241576731205,0.061455997393712304,-0.027909028795109016,-0.19495568875604533,
0.04110258221626282,-0.06977000236511231,-0.643511724472046,-0.6763396263122559,-0.106880322098732,-0.014776244759559631,0.042516222111122035,-0.03151065311741017,-0.19686766001293635,
0.03109419643878937,-0.0341116338968277,-0.4996318817138672,-0.8218814134597778,-0.10681374371051788,-0.09899871796369553,-0.013854635107132649,-0.04164319729123323,-0.20003519763097768,
0.16586433649063112,-0.03173935413360596,-0.2205770254135132,-0.593315601348877,-0.15495038032531738,-0.23335519433021545,-0.05180650306450873,-0.048254328566517755,-0.19992924134637435,
0.28026838302612306,-0.042710745334625246,0.46482501029968265,-0.39231353998184204,-0.1724606603384018,-0.23015940189361572,-0.0931855846111495,-0.05668936837403266,-0.20305337795896913,
0.0864884912967682,-0.18612338304519654,1.3038240432739259,-0.03851256147027016,0.1205536425113678,-0.1283600628376007,-0.14792193877426757,-0.07990712799619204,-0.21836050119058517,
-0.020672908425331118,-0.08574132323265077,1.5945608139038088,0.192316934466362,0.20610769093036652,-0.10352609306573868,-0.16120868780609077,-0.08818042245828489,-0.22583253809768541,
-0.05371649861335755,0.05305412411689758,1.470590877532959,0.3679524064064026,0.14239156246185303,-0.15079720318317413,-0.16200634977613065,-0.08693154518284357,-0.2353499500636988,
0.05361357927322388,0.17732160091400148,0.8855752944946289,0.5025752186775208,0.08733070641756058,-0.2251659780740738,-0.13509808446515167,-0.07555775099649155,-0.25703370355244454,
0.011878238618373872,0.14663493633270264,0.5190330028533936,0.48446568846702576,0.1482505202293396,-0.20619095861911774,-0.11043606940052463,-0.0737433341038362,-0.2690989856106361,
-0.10247539281845093,0.10494538545608521,0.1903829336166382,0.45037758350372314,0.17854391038417816,-0.15652236342430115,-0.08203943600955715,-0.072792030608858,-0.2824707823731903,
-0.20144591331481934,-0.0014610856771469117,-0.13890771865844728,0.4228804409503937,0.09199117869138718,-0.11930467188358307,-0.023973680729764458,-0.04829034332850717,-0.30625844934263385,
-0.18042802810668945,-0.03885478973388672,-0.2323697566986084,0.37767329812049866,0.04711691662669182,-0.10705412924289703,-0.00042344099043156724,-0.040793037210383125,-0.3134202273700711,
-0.19237418174743653,-0.06051697134971619,-0.33264970779418945,0.31628742814064026,0.08213748037815094,-0.08368489146232605,0.02178771738774247,-0.03590100656443445,-0.3190696490993851,
-0.2176332712173462,-0.08091724514961243,-0.4878425598144531,0.23279732465744019,0.10770382732152939,-0.042139582335948944,0.060255325360141734,-0.028762444934358443,-0.32842687556249134,
-0.21219091415405275,-0.09011587500572205,-0.49082422256469727,0.186524897813797,0.07002010196447372,-0.006253485567867756,0.07485336857461779,-0.022943687502918007,-0.3306971795225971,
-0.20489199161529542,-0.09909073114395142,-0.4784256458282471,0.09005188941955566,0.0166237223893404,0.01198916882276535,0.08694466687037554,-0.017030162394601832,-0.3314543749558258,
-0.17071070671081545,-0.10896160602569581,-0.60013747215271,-0.07153541594743729,-0.03670607879757881,0.03316129744052887,0.10417770498512562,-0.010914147948625644,-0.33009755306841293,
-0.180358362197876,-0.11471658945083618,-0.6081993103027344,-0.16740921139717102,-0.051286887377500534,0.06145738437771797,0.10604817152267007,-0.011297156848237119,-0.3293820654376476,
-0.19499207735061647,-0.12482888698577882,-0.576139497756958,-0.2876509428024292,-0.06480243057012558,0.08649110794067383,0.10294807107911667,-0.013399243887089532,-0.32843998857041745,
-0.24132175445556642,-0.13998758792877197,-0.6169214248657227,-0.5836613178253174,-0.2003573328256607,0.17697200179100037,0.08382592967851439,-0.020338961519011295,-0.32371921048744884,
-0.2880063772201538,-0.1600038766860962,-0.6540295124053955,-0.8081657886505127,-0.17652204632759094,0.2639907896518707,0.06566190956576182,-0.026186011117044026,-0.3196196477960785,
-0.29513738155364994,-0.25945048332214354,-0.5148612022399902,-0.9226817488670349,-0.24656318128108978,0.35993117094039917,0.0014353464685338939,-0.04655060276962012,-0.3027214136342703,
-0.17796964645385743,-0.33866913318634034,-0.09091817736625672,-0.498440146446228,-0.34137171506881714,0.29594871401786804,-0.048891962834721234,-0.054030532013462335,-0.2855582484084706,
0.025945368409156802,-0.23113691806793213,0.8492194175720216,-0.29710516333580017,-0.21467182040214539,0.22297810018062592,-0.09878962797494606,-0.062279588653708334,-0.26453370414777744,
0.29645092487335206,-0.10797585248947145,1.3659145355224611,0.08133003860712051,0.03786243125796318,0.2528055012226105,-0.15561388476572185,-0.0796732641871123,-0.22537945184041547,
0.30098795890808105,-0.024093648791313173,1.8875391006469728,0.4505773186683655,0.1306735873222351,0.21632020175457,-0.1696887885869117,-0.07977211354710909,-0.21097871719852962,
0.36499876976013185,0.0004561259411275387,1.941775703430176,0.6401277780532837,0.14904940128326416,0.12204429507255554,-0.168222208545903,-0.07198619359003461,-0.20041362760719805,
0.5295960426330567,0.037791863083839417,1.2325515747070312,0.8483878374099731,0.10310973972082138,-0.017903272062540054,-0.12398929115935448,-0.051148464802385545,-0.1873505889579714,
0.4947827339172364,-0.03053051829338074,0.7796034336090089,0.8569765090942383,0.04052545875310898,-0.12369734793901443,-0.08714959853530689,-0.04298019885478406,-0.18587759591098846,
0.3762797832489014,-0.11946358680725098,0.2251124382019043,0.743725597858429,0.08799630403518677,-0.14413711428642273,-0.04346645037537158,-0.03849715112683807,-0.18773276149469884,
0.08347355127334595,-0.24993479251861572,-0.510974645614624,0.5007787346839905,0.07368180900812149,-0.0891428291797638,0.04270574019366325,-0.03322717762667309,-0.19951814837864226,
-0.028106340765953065,-0.2885720252990723,-0.697134828567505,0.42927286028862,0.031004656106233597,-0.07422912865877151,0.07709128161812286,-0.026963728270665475,-0.20473255241557692,
-0.11280629634857178,-0.29299120903015136,-0.6434377670288086,0.3439185619354248,0.021084381267428398,-0.029621180146932602,0.12578384093959472,-0.01867846460587092,-0.21113357508679176,
-0.11288019418716431,-0.25265629291534425,-0.7556646347045899,0.21295759081840515,0.03453334793448448,0.0036017531529068947,0.1608237376757163,-0.015065469989249278,-0.21303500463977507,
-0.0958994209766388,-0.2351494073867798,-0.6675979137420655,0.1626904308795929,0.011030947789549828,0.00613175705075264,0.17138897125044364,-0.013723494855618733,-0.21202310765348603,
-0.09543778896331788,-0.2245652675628662,-0.609238338470459,0.1429164558649063,0.01735595427453518,0.020645983517169952,0.17990572659889073,-0.013233679813570065,-0.2113286201308691,
-0.09410455822944641,-0.18855205774307252,-0.7189522743225099,0.013020778074860573,-0.008476708084344864,0.0480099655687809,0.1934431212560831,-0.013361604508691819,-0.20881183699340156,
-0.07143515348434448,-0.14977236986160278,-0.7356804847717285,-0.12486439198255539,0.04418730363249779,0.052204445004463196,0.19418076839128062,-0.014913809106484842,-0.20698912255121255,
-0.051169806718826295,-0.1314549446105957,-0.6917933464050293,-0.2152787148952484,0.06575890630483627,0.03975416347384453,0.1892416295963784,-0.015265927502237332,-0.20405145361628166,
-0.017468325793743134,-0.12863798141479493,-0.6253912448883057,-0.31721118092536926,-0.030447786673903465,0.01924782618880272,0.1670644398881463,-0.012873941759727206,-0.1979241872405403,
-0.023553265631198885,-0.1356476426124573,-0.6156495571136475,-0.48738718032836914,-0.08264574408531189,0.027570202946662903,0.14974910781995,-0.01545839833642364,-0.198083250595728,
0.010920812934637071,-0.1616336226463318,-0.5776094436645508,-0.629866361618042,-0.06413678079843521,0.009260970167815685,0.12670913395380518,-0.01989962576014375,-0.19859940253121783,
0.01303771734237671,-0.16695253849029543,-0.22873799800872804,-0.718483030796051,-0.13704080879688263,-0.008582208305597305,0.06360038090596584,-0.026866012923558877,-0.19961613139805484,
0.002624926343560219,-0.12819875478744508,0.08910903334617615,-0.6828632354736328,-0.20861327648162842,0.011524657718837261,0.025531975820752697,-0.033283854781524895,-0.20065687996880913,
-0.008390046656131744,-0.04536279737949372,0.6590108871459961,-0.6400529146194458,-0.15947794914245605,0.06578657031059265,-0.03593267301404298,-0.050738148532882686,-0.19945109357002472,
0.07109590768814088,-0.014173133671283722,1.1765646934509277,-0.37806442379951477,-0.06959626078605652,0.11458899825811386,-0.07652025562818025,-0.05888964332740444,-0.1932996440172934,
0.079587721824646,0.09585002660751343,1.6292030334472658,0.01721525751054287,-0.07292520999908447,0.13150006532669067,-0.1008137398967528,-0.061049969801911776,-0.18696692460349557,
0.2573737382888794,0.29634885787963866,1.164781665802002,0.21475522220134735,0.12501424551010132,0.08376290649175644,-0.10630231495698676,-0.06194317127545397,-0.1720067594180843,
0.2914672613143921,0.33418824672698977,0.8942665100097656,0.3407893478870392,0.16183245182037354,-0.00891510397195816,-0.09663496148640863,-0.05555690856755306,-0.1685215467201896,
0.2552510738372803,0.2973350524902344,0.6625529766082764,0.43979236483573914,0.11689160019159317,-0.06896938383579254,-0.08152464765936797,-0.04714702719397723,-0.16897281094549052,
0.11123356819152833,0.14609235525131226,0.05368192791938782,0.43985894322395325,0.09345578402280807,-0.08827730268239975,-0.03732990700720194,-0.03605061093325234,-0.1764197305744229,
0.06118596196174622,0.0925019383430481,-0.12775155305862426,0.3620280623435974,0.12474792450666428,-0.08042097836732864,-0.01414257125283473,-0.03223470712007682,-0.18092233231565738,
0.044436150789260866,0.04367712736129761,-0.2822975397109985,0.3077661395072937,0.12374924123287201,-0.09813100099563599,0.01857719524604449,-0.021131679821375083,-0.18789784832688833,
0.007142070680856705,0.01172849088907242,-0.34809508323669436,0.2614937126636505,0.049114152789115906,-0.11663997173309326,0.038230440130387795,-0.01314703266043138,-0.19367774586053968,
-0.04452012181282044,-0.010505207628011704,-0.42743802070617676,0.20410259068012238,0.007635417394340038,-0.10112705826759338,0.05250983672758192,-0.00878506074440182,-0.19910217278995085,
-0.07667620182037355,-0.0286208838224411,-0.5577075481414795,0.09571193158626556,0.013893845491111279,-0.06623964756727219,0.07352255210019545,-0.005199536779003897,-0.20890053777978096,
-0.06729194521903992,-0.03916626572608948,-0.5687471866607666,0.0025012914557009935,0.01802174560725689,-0.0464656762778759,0.07823898672173155,-0.0036663722207983178,-0.21193593217489176,
-0.0533369779586792,-0.04832224845886231,-0.5505694866180421,-0.07386485487222672,-0.03504173830151558,-0.05152568221092224,0.07908325791592921,-0.0021328836277388413,-0.2140702912822826,
-0.04833852946758271,-0.05465292930603027,-0.5634204387664795,-0.13604967296123505,-0.07725284993648529,-0.04999436438083649,0.077017144448291,-0.00198184581692911,-0.2165326821323844,
-0.04956576228141785,-0.052765685319900515,-0.5906686305999757,-0.25509294867515564,-0.09622786939144135,-0.02069959044456482,0.06373226741427605,-0.008009473760721126,-0.22288175504625554,
-0.02445693910121918,-0.04810358285903931,-0.6146939754486085,-0.3890499770641327,-0.09682708233594894,-0.014308005571365356,0.051717295939046476,-0.012649312577280704,-0.2250604797982374,
0.04686211049556732,-0.004293888807296753,-0.5181066989898682,-0.5409167408943176,-0.1429663449525833,-0.0302203930914402,0.013171114758318019,-0.022696070624843977,-0.227762024118121,
0.07010372877120973,0.022371461987495424,-0.40301308631896976,-0.6552329659461975,-0.14130187034606934,-0.04280383139848709,-0.013206583368257347,-0.02963055682609446,-0.2292291461709999,
0.12831928730010986,0.022134628891944886,-0.1527323365211487,-0.6489079594612122,-0.1609426885843277,-0.0958007350564003,-0.04444839143870486,-0.03714923922614229,-0.23041943725957825,
0.22553136348724367,-0.04505746364593506,0.8552319526672364,-0.42986437678337097,-0.19449827075004578,-0.19207671284675598,-0.10813608053795234,-0.058512281824898746,-0.23568650966885318,
0.15229274034500123,-0.06659430265426636,1.1756794929504395,-0.1664777398109436,-0.061939433217048645,-0.19647091627120972,-0.12855453913323064,-0.0710295672793597,-0.24135620876591818,
-0.007148167490959168,-0.01503923684358597,1.2826957702636719,0.009956696070730686,0.065293088555336,-0.12982532382011414,-0.1391043174818572,-0.08096589743231077,-0.24939438895375404,
-0.08783112168312074,0.18408203125,1.1146839141845704,0.2259390652179718,0.12687869369983673,-0.11484503746032715,-0.13573134777276302,-0.08279707176366546,-0.2671079459212446,
-0.005231215432286263,0.16772946119308474,0.8689000129699708,0.3660213351249695,0.10657209157943726,-0.16730931401252747,-0.12288668927786368,-0.07933767217734403,-0.27665007851155987,
-0.017709980905056,0.1340090274810791,0.6126590728759767,0.44651538133621216,0.11089972406625748,-0.19713672995567322,-0.10380826613038036,-0.07641824905800773,-0.28775684479184294,
-0.17480837106704714,0.07365971803665161,0.08269928097724916,0.4321343004703522,0.1453210860490799,-0.15219587087631226,-0.054703308603607406,-0.07019281233104942,-0.31128263957801694,
-0.18805103302001955,0.03940551280975342,-0.07528303861618042,0.385861873626709,0.13959528505802155,-0.11471188068389893,-0.02951250438696815,-0.05923121459336058,-0.3202979605275417,
-0.1571879029273987,0.005116216093301773,-0.14600088596343994,0.38519608974456787,0.10157866030931473,-0.12556426227092743,-0.008128606503751542,-0.05218390377889059,-0.32691094961494566,
-0.18403794765472414,-0.05685659646987915,-0.262127161026001,0.3811347782611847,0.06855546683073044,-0.12323399633169174,0.033090069361959656,-0.040937135716531924,-0.33890958245377484,
-0.2253737449645996,-0.08644224405288697,-0.3862090826034546,0.31109362840652466,0.053908079862594604,-0.07176841050386429,0.053543448164135136,-0.036444224154119624,-0.34450916446665214,
-0.27331407070159913,-0.10478135347366334,-0.503984022140503,0.18605822324752808,0.01449329312890768,-0.00612148642539978,0.07149859365662989,-0.032289847030055344,-0.3483903403259129,
-0.27683720588684085,-0.12213517427444459,-0.5977756977081299,0.05096937716007233,0.01669040136039257,0.044878050684928894,0.0921172410848092,-0.029718235013474318,-0.34905131789083244,
-0.2679283380508423,-0.13468674421310425,-0.5692191600799561,-0.034984149038791656,0.0029085418209433556,0.0768359825015068,0.09458233051588855,-0.029610557507545432,-0.3466205650943477,
-0.2572523593902588,-0.14880516529083251,-0.590632963180542,-0.11914003640413284,-0.029848339036107063,0.0942796915769577,0.09366932763117068,-0.03015243668820363,-0.34304164878269644,
-0.28631865978240967,-0.14028064012527466,-0.5974360942840576,-0.19064591825008392,-0.060008641332387924,0.12264236062765121,0.08155335416603571,-0.03532126560657346,-0.33449788895327015,
-0.30167875289916996,-0.1504523754119873,-0.6432510852813721,-0.38046273589134216,-0.06573443859815598,0.19741061329841614,0.07009922174839354,-0.04024310740267891,-0.32870438540122116,
-0.3069610595703125,-0.19604586362838747,-0.6582669258117676,-0.5540342330932617,-0.08464287966489792,0.26838383078575134,0.05238656640757914,-0.04569571776944012,-0.3204521604270046,
-0.2901287317276001,-0.21445796489715577,-0.26391186714172366,-0.6476444005966187,-0.2253909409046173,0.40493741631507874,-0.005784953943011594,-0.05697528025667056,-0.2939001218563581,
-0.07477251291275025,-0.15598771572113038,-0.016260334849357606,-0.779935896396637,-0.13357862830162048,0.42597833275794983,-0.043844236462930765,-0.06562786418773241,-0.27257877479695947,
0.2184314727783203,-0.11085317134857178,0.526988697052002,-0.5278010964393616,-0.18164868652820587,0.26472392678260803,-0.08652460397706467,-0.07018731045071318,-0.24850266206639235,
0.5949140548706054,-0.13283767700195312,2.7125064849853517,0.27520859241485596,-0.43664637207984924,0.06252342462539673,-0.14741927582011868,-0.0778945751964164,-0.21280151365140756,
0.6415070533752442,-0.07450375556945801,2.379745101928711,0.5913257598876953,0.09725085645914078,0.09374898672103882,-0.13787290663362892,-0.09520605691890181,-0.19990911468293757,
0.5409509658813477,0.027010086178779605,1.846933364868164,0.8006502389907837,0.4199594259262085,0.12517428398132324,-0.11182110823377855,-0.09567393764441137,-0.19544156409239194,
0.6511098384857178,-0.056892132759094244,1.201879119873047,0.9629698991775513,0.24831867218017578,-0.035480909049510956,-0.07563644699667033,-0.0769250888097184,-0.19352774650399052,
0.3629032373428345,-0.2828966617584229,-0.07543712854385376,0.9931967854499817,0.019419971853494644,-0.17995740473270416,0.02004192326571573,-0.0493692269108229,-0.1974363124615308,
0.0945971727371216,-0.34013516902923585,-0.5773604869842529,0.764764130115509,0.19052807986736298,-0.11091494560241699,0.0709479323120308,-0.04754642559590039,-0.20559751210370564,
-0.10108989477157593,-0.35839893817901614,-0.9206923484802246,0.46782171726226807,0.21063494682312012,-0.005586923565715551,0.11472412451507759,-0.039796707571271225,-0.2105550702774482,
-0.0880238950252533,-0.327591609954834,-0.7893465518951417,0.3463149964809418,0.008634170517325401,-0.02183220535516739,0.16869766672556197,-0.019855261415265398,-0.20422559541271212,
-0.1054398536682129,-0.3177904844284058,-0.7254965305328369,0.2731446325778961,-0.02718534879386425,-0.011911931447684765,0.18656525625456072,-0.018090962041736356,-0.20415813593526472,
-0.1550190806388855,-0.3198318958282471,-0.7704918861389161,0.1478428989648819,0.006903115659952164,0.034626808017492294,0.202525517150333,-0.018570558728068023,-0.20610805198112536,
-0.06347417235374452,-0.2845986843109131,-0.6716059207916261,0.04304751008749008,0.006769957020878792,0.03143101558089256,0.21967676773856343,-0.020270625105221752,-0.20416454652647859,
-0.021189957857131958,-0.24651184082031252,-0.6138689994812012,-0.006820185575634241,0.02175023779273033,0.009925990365445614,0.22241625851712074,-0.021025145722199233,-0.20243086837260407,
-0.01814720630645752,-0.20260980129241946,-0.6008475780487061,-0.07020342350006104,0.03806210309267044,-0.0010595493949949741,0.2231170269640917,-0.021217263145440465,-0.20143679047175952,
-0.0091094009578228,-0.17000218629837038,-0.6276492118835449,-0.1951056718826294,0.030871564522385597,-0.02516115829348564,0.2165354454411492,-0.018636573220967106,-0.1992153575696235,
-0.0031934652477502825,-0.1607061862945557,-0.6065099716186524,-0.25509336590766907,0.042056843638420105,-0.05392329767346382,0.20769009087195853,-0.016755789981200458,-0.1989797460507528,
-0.0364513099193573,-0.16072953939437867,-0.5476367950439454,-0.28804999589920044,0.01981944590806961,-0.06710594147443771,0.19572977863217347,-0.013888883965016889,-0.19955140886928205,
-0.06268059611320496,-0.2081547737121582,-0.6324247837066651,-0.44997018575668335,-0.05761196091771126,-0.0628448873758316,0.16644364785601448,-0.008657929688811326,-0.2039536581942074,
-0.09861844182014466,-0.24109349250793458,-0.6670995712280274,-0.5845261216163635,-0.08411046117544174,-0.01617247611284256,0.1448515285262964,-0.009306168080817662,-0.20804766876697056,
-0.13655571937561037,-0.23883378505706787,-0.5339556694030761,-0.7325313091278076,-0.1253228783607483,0.057397350668907166,0.11557643227541085,-0.012777356450881317,-0.2105774812666849,
-0.012194561213254929,-0.22903101444244386,-0.04451190829277039,-0.7907214164733887,-0.1994253396987915,0.0528033971786499,0.039649902702922415,-0.026079222395487697,-0.20890530139141666,
-0.0574025571346283,-0.1928038835525513,0.4414096832275391,-0.693649172782898,-0.26240912079811096,0.15340431034564972,-0.0008018766461328904,-0.0357809077527592,-0.2068352976994538,
-0.013219930231571198,-0.18770858049392702,0.8780755043029785,-0.5013023614883423,-0.19915901124477386,0.22644151747226715,-0.03948889880766509,-0.048132019382542614,-0.20025753757134615,
0.24975187778472902,0.04840618669986725,1.5702141761779786,-0.13318690657615662,-0.0634043887257576,0.1996767371892929,-0.09826078594817533,-0.06385129578398659,-0.174613460014363,
0.352835488319397,0.23390057086944582,1.6385423660278322,0.13725709915161133,0.0479157529771328,0.11092688888311386,-0.11144087469469598,-0.06456475799724323,-0.16236968961984127,
0.33232121467590336,0.37440423965454106,1.3477180480957032,0.274942547082901,0.13087323307991028,0.049274709075689316,-0.11136986754248206,-0.06206037498651808,-0.15470832630979878,
0.3288363218307495,0.3658928871154785,0.6679096698760987,0.4037063717842102,0.16389642655849457,-0.05944884568452835,-0.08620391153018217,-0.049052868799665236,-0.15122367905074954,
0.24004139900207522,0.2578000545501709,0.3522497892379761,0.43945932388305664,0.1146945133805275,-0.10765206068754196,-0.06572423108640355,-0.04144720016139653,-0.15483657091400566,
0.14670535326004028,0.155298113822937,0.09929075241088868,0.4182206094264984,0.09085921943187714,-0.11464285850524902,-0.04305648906463865,-0.03543306143247637,-0.1600564195084711,
0.036869513988494876,0.02841005623340607,-0.28148248195648196,0.33053603768348694,0.08606553077697754,-0.10438968986272812,0.002850664498458806,-0.028394462017194838,-0.17146266842299893,
0.013258209824562073,-0.003382910415530205,-0.36150603294372563,0.261759877204895,0.08107210695743561,-0.09420309960842133,0.020772085141792584,-0.023774242310012784,-0.17669358739772834,
-0.0019289495423436165,-0.020659112930297853,-0.40547919273376465,0.2268058955669403,0.04418732598423958,-0.0838167667388916,0.03579445660474232,-0.018945715964040613,-0.18128612937566285,
-0.03559024035930634,-0.03656377196311951,-0.5167002201080323,0.15476739406585693,-0.009675106965005398,-0.06743832677602768,0.05972363312077455,-0.01267167333095732,-0.1892024226205849,
-0.04112115800380707,-0.04155006110668183,-0.5765334129333496,0.05137015879154205,-0.009608528576791286,-0.05545410141348839,0.06799736113102384,-0.012340620863799556,-0.1927565724354882,
-0.044794571399688725,-0.049784293770790106,-0.6076935768127442,-0.049963124096393585,-0.018596697598695755,-0.05125962570309639,0.07251837785028539,-0.012317772367338787,-0.19588778545711794,
-0.04385850727558136,-0.05551440119743348,-0.6249173641204835,-0.12233452498912811,-0.066400445997715,-0.04613303765654564,0.07295081427123767,-0.012150708831221168,-0.1986044097308908,
-0.03986277282238007,-0.06874303221702575,-0.6449517726898194,-0.2443738877773285,-0.11520286649465561,-0.037144869565963745,0.06219636792033616,-0.016685947822060673,-0.20449377579367373,
-0.018134447932243346,-0.07027826905250549,-0.6428792476654053,-0.3720058798789978,-0.12079551070928574,-0.02609274908900261,0.050760934574487604,-0.021929107648903868,-0.20738597303647066,
0.012331389635801316,-0.06371369957923889,-0.6202527046203614,-0.48365890979766846,-0.12186077237129211,-0.022896956652402878,0.03489701951621521,-0.027833256468392947,-0.20978089038782213,
0.03329214751720429,-0.0030532669275999073,-0.38850543498992923,-0.6336614489555359,-0.15981081128120422,-0.0422714538872242,-0.011704024475204548,-0.0403524321126301,-0.21276815465894186,
0.1422785758972168,0.024780137836933138,-0.13111679553985597,-0.6170833110809326,-0.13457736372947693,-0.13275234401226044,-0.04147912512846393,-0.048349272599136385,-0.2134226666825401,
0.1979422688484192,0.03341617584228516,0.9887575149536133,-0.30982106924057007,-0.17878583073616028,-0.21417850255966187,-0.10176979852008569,-0.06593427695219499,-0.22124807677215516,
0.1690860152244568,0.02922616004943848,1.1692428588867188,-0.13624954223632812,-0.011273004114627838,-0.2107829749584198,-0.11835575893326801,-0.07799470657882523,-0.22811580255742137,
0.04783572256565094,0.06783007383346558,1.2214205741882325,0.052834898233413696,0.136332705616951,-0.15219342708587646,-0.1260443672571656,-0.08643200795356684,-0.23764900206194892,
-0.06906676292419434,0.1258852243423462,1.2157438278198243,0.2159535139799118,0.165827214717865,-0.14313867688179016,-0.12639367652778424,-0.08707372843240123,-0.24899823058417095,
-0.05987232327461243,0.16963458061218262,0.7297446727752686,0.35224080085754395,0.14398929476737976,-0.16411106288433075,-0.1034153550606709,-0.077600865876199,-0.27208655908333107,
-0.07460911273956299,0.14501270055770873,0.46032676696777347,0.39844661951065063,0.10137870907783508,-0.17602871358394623,-0.08379934756218478,-0.07261802502437288,-0.28384351877368763,
-0.10777175426483154,0.11856756210327149,0.24600636959075928,0.40929901599884033,0.11542688310146332,-0.176494762301445,-0.06197317262903428,-0.06880936861093487,-0.29502637561834516,
-0.1393022418022156,0.024113947153091432,-0.015816958248615266,0.4404579997062683,0.14405587315559387,-0.16284607350826263,-0.013962298226427179,-0.051123458801525176,-0.3155309050383553,
-0.19134382009506226,-0.029020172357559205,-0.17000267505645753,0.3682863414287567,0.09518685936927795,-0.11604101955890656,0.009595987824857882,-0.04382811738251814,-0.32430796644430676,
-0.21616523265838625,-0.05781286954879761,-0.358711838722229,0.2651554048061371,0.03246941789984703,-0.08315097540616989,0.031589798093215854,-0.036985240822807706,-0.33091337102527985,
-0.26361677646636966,-0.07103047966957092,-0.4181821346282959,0.19498112797737122,0.04811549186706543,-0.02729117125272751,0.06202626723175224,-0.030595656355321302,-0.33891207070722085,
-0.2900649309158325,-0.08902252316474915,-0.4681430816650391,0.11308892071247101,0.04685048758983612,0.03069915995001793,0.0725852902275914,-0.028057620349577508,-0.340317690189398,
-0.28162870407104496,-0.10929392576217652,-0.5336978435516357,0.030064871534705162,0.02794204279780388,0.061658404767513275,0.08036475334432615,-0.02549432289378762,-0.33925808812348757,
-0.27393643856048583,-0.133027982711792,-0.6104886531829834,-0.10529029369354248,-0.03763829916715622,0.10027424246072769,0.08396642184662147,-0.024368875906365252,-0.33288857286131673,
-0.2632659196853638,-0.13724441528320314,-0.6333578109741211,-0.22779570519924164,-0.04442935809493065,0.14221903681755066,0.07924724716610332,-0.027001137823872836,-0.32851535915462,
-0.2541524410247803,-0.15136702060699464,-0.6379260540008546,-0.3386492133140564,-0.06327131390571594,0.17078247666358948,0.0699944290478627,-0.030602905993602273,-0.3229441762142136,
-0.28384716510772706,-0.19644665718078613,-0.4964897155761719,-0.45869120955467224,-0.1670680195093155,0.2558704614639282,0.03640308952435456,-0.039715488664922124,-0.30723198639233,
-0.3177024364471436,-0.1844612240791321,-0.34776949882507324,-0.5736066699028015,-0.22592388093471527,0.3501463830471039,0.012331331483564625,-0.048048763544498996,-0.2956714954635982,
-0.16130579710006715,-0.14148789644241333,-0.153459370136261,-0.6684151887893677,-0.15594932436943054,0.36872193217277527,-0.01698586098533702,-0.0586184693281142,-0.2791333340352217,
0.20587072372436524,-0.02621654272079468,1.0531170845031739,-0.3730705678462982,-0.08098133653402328,0.30840131640434265,-0.0902145821379643,-0.06998420007014171,-0.23883820759103216,
0.3498231410980225,0.016660264134407046,1.6689102172851564,0.061424143612384796,-0.1160019114613533,0.22124937176704407,-0.117080720659634,-0.06914705173331138,-0.22119805621737618,
0.39816381931304934,0.06520301103591919,1.7482301712036135,0.3092978894710541,0.020218785852193832,0.16811931133270264,-0.12543343754226408,-0.0684608449654058,-0.20730813221899266,
0.4362656593322754,0.18405238389968873,1.209837818145752,0.49219048023223877,0.19652006030082703,0.129969522356987,-0.1031395282868926,-0.06333925875847225,-0.1889608915774235,
0.46452178955078127,0.1205197811126709,0.9184526443481446,0.6572398543357849,0.15690553188323975,0.012524114921689034,-0.07975622147812317,-0.05235331341951574,-0.18490684419547712,
0.43427157402038574,0.01855120211839676,0.5322153568267822,0.7280799150466919,0.05783594027161598,-0.0794215276837349,-0.04919342288127802,-0.042592994237242096,-0.18321593014112278,
0.2975033760070801,-0.07599611878395081,0.1891789197921753,0.7282796502113342,0.02075141854584217,-0.1023247092962265,-0.013783978659805194,-0.036415382565927794,-0.1849385352698531,
0.08316044807434082,-0.16569437980651858,-0.4115576267242432,0.5802745223045349,0.08007333427667618,-0.10398918390274048,0.060604472951158915,-0.03237193976676726,-0.1935783835922743,
0.03360190987586975,-0.19285250902175904,-0.551142692565918,0.47807571291923523,0.07001990079879761,-0.11024761199951172,0.09276494370608573,-0.027648818919967788,-0.19757475701538071,
0.024943485856056213,-0.21048827171325685,-0.5694475173950195,0.42700961232185364,0.04598487168550491,-0.1131105124950409,0.11982147235571187,-0.02213130850764326,-0.20092648021884063,
-0.07240945100784302,-0.2499908208847046,-0.6157428741455079,0.3437192440032959,0.03220301494002342,-0.0752270445227623,0.1649657282285025,-0.012441931504608207,-0.20846190650404353,
-0.04968143701553345,-0.24570956230163576,-0.6782563209533692,0.2396562099456787,0.06083199381828308,-0.07755731046199799,0.1835354510258762,-0.008976173301775678,-0.21119436358555493,
-0.025587961077690125,-0.237689208984375,-0.6804192543029786,0.14225108921527863,0.05663751810789108,-0.07775704562664032,0.19795961694518116,-0.004807929113774267,-0.2128463690762954,
-0.08706855773925781,-0.24640133380889895,-0.7202995300292969,-0.011945945210754871,0.028075112029910088,-0.03721041977405548,0.21464682948447578,0.004668759110778599,-0.2155116672341089,
-0.11362738609313966,-0.2537512540817261,-0.7759730815887451,-0.15735454857349396,0.0008442889084108174,-0.004253799561411142,0.2163014026296992,0.0076261514573336174,-0.21635658187887946,
-0.11902303695678712,-0.25247256755828856,-0.7964632034301758,-0.27226993441581726,-0.019795209169387817,0.004135157912969589,0.2121578812618799,0.00889199920758427,-0.2166343593675346,
-0.08829528689384461,-0.2913890838623047,-0.8273230552673341,-0.45269909501075745,-0.07525554299354553,0.001804891973733902,0.1873895125653057,0.007601413527436641,-0.21745783983993958,
-0.13034223318099977,-0.3339284420013428,-0.7976329326629639,-0.613554060459137,-0.1737924963235855,0.04108651727437973,0.16667641585820425,0.005304757767051078,-0.2190193717915061,
-0.1463308572769165,-0.38605024814605715,-0.7504597663879395,-0.7137554883956909,-0.23970574140548706,0.09907685220241547,0.14022917945083824,-0.00024403859821567087,-0.22103232453711452,
-0.07111670970916749,-0.38073101043701174,-0.420719575881958,-0.9495784044265747,-0.22119677066802979,0.1679195761680603,0.07034721593510238,-0.023741802359132525,-0.22013172337373002,
0.0877728819847107,-0.3402251720428467,-0.09319033026695252,-0.9025070667266846,-0.20042410492897034,0.12597478926181793,0.024329321779983534,-0.03750820991858577,-0.2138079114413915,
0.20405073165893556,-0.14435538053512573,1.8264616012573243,-0.28898125886917114,-0.21061070263385773,0.09841106086969376,-0.0706526462675857,-0.05700803997056707,-0.19796254736928323,
0.19409010410308838,0.00904105305671692,1.7413412094116212,-0.07293233275413513,-0.007744405884295702,0.16758668422698975,-0.09220049222623582,-0.06649029431131233,-0.19008408858850026,
0.11691119670867921,0.18275691270828248,1.6280572891235352,0.15077319741249084,0.0934557169675827,0.19827960431575775,-0.1026231401144391,-0.07041696406965717,-0.18211067944740045,
0.34501492977142334,0.3665459156036377,1.0942148208618165,0.36861979961395264,0.06442725658416748,0.05546758323907852,-0.09722745964499079,-0.058587245052998664,-0.16488050203194662,
0.3462188482284546,0.35062243938446047,0.6820091724395753,0.43546512722969055,0.05350830405950546,-0.03647805005311966,-0.08139919683332135,-0.05332701938630175,-0.1604410266342126,
0.2629444122314453,0.2839815378189087,0.3324743747711182,0.41981905698776245,0.10057967156171799,-0.06690466403961182,-0.06059205919768063,-0.050612425727464376,-0.15999059530848325,
0.09784321784973145,0.09486051797866822,-0.12225639820098877,0.3606968820095062,0.07820911705493927,-0.07389546185731888,-0.008532180673447009,-0.051146270414356355,-0.1665251880732382,
0.055946207046508795,0.04472266137599945,-0.2054165840148926,0.32700788974761963,0.04005933925509453,-0.08567995578050613,0.011141913825033961,-0.04612904039621887,-0.16976291283377876,
0.018669125437736512,-0.012577107548713684,-0.39542360305786134,0.23306487500667572,0.039793021976947784,-0.08734443038702011,0.04631809239139138,-0.04023283855769483,-0.17713194508489613,
-0.005180525407195092,-0.03063405752182007,-0.46481261253356937,0.14944161474704742,0.023481158539652824,-0.08508074283599854,0.06019837845566309,-0.0376051675863651,-0.18127043863899964,
-0.025759339332580566,-0.04786719977855683,-0.488175630569458,0.08466022461652756,0.002175869420170784,-0.0818849503993988,0.07074946329329873,-0.034835785651218094,-0.18519349557304085,
-0.06944334506988525,-0.07265282869338989,-0.5363237380981446,-0.01560779195278883,-0.005081244744360447,-0.06570624560117722,0.0823987082941739,-0.031753506546169305,-0.19309889887640844,
-0.09165087938308716,-0.07898956537246704,-0.5477597236633301,-0.09650351852178574,-0.04249829798936844,-0.04287375509738922,0.08336464380015211,-0.030877940676578647,-0.1966557042917702,
-0.05776370167732239,-0.06944471001625062,-0.5593269824981689,-0.18605230748653412,-0.07259202748537064,-0.03967795893549919,0.07600298254197223,-0.032770427775655406,-0.2022365511086841,
-0.03926255702972412,-0.06344333291053772,-0.5699736595153809,-0.2886505722999573,-0.1066804900765419,-0.037547431886196136,0.0675493912918433,-0.03570541401229701,-0.20503260624525654,
-0.030851811170578003,-0.06479378342628479,-0.5899778842926026,-0.4350578486919403,-0.14356526732444763,-0.011515030637383461,0.05558113570218208,-0.03994755170473297,-0.20793961163737365,
-0.020650947093963624,-0.058190375566482544,-0.49375739097595217,-0.5913188457489014,-0.09616100043058395,-0.012047662399709225,0.015815497084103097,-0.05284743348701429,-0.2115683166268791,
-0.011143191158771515,-0.03791568279266358,-0.2142336368560791,-0.6124244332313538,-0.08537519723176956,-0.03142216056585312,-0.012907658947108049,-0.05857320369428775,-0.21206046376223728,
0.0294708788394928,-0.04032960236072541,0.1281702160835266,-0.5395869612693787,-0.11899760365486145,-0.08375327289104462,-0.04381809333627648,-0.06300537179849676,-0.2126648634992008,
0.10208121538162232,-0.04287121891975403,0.5304884910583496,-0.3759356737136841,-0.11007601767778397,-0.1336209774017334,-0.07397818615458943,-0.06810978229588026,-0.21407810030115235,
0.03830806612968445,0.021159431338310244,1.1634519577026368,-0.0781942829489708,0.05071233958005905,-0.09846723824739456,-0.11595176928228036,-0.08218728576311854,-0.2224030412701335,
-0.09360056519508363,0.12023370265960694,1.1651598930358886,0.07480432093143463,0.12601321935653687,-0.05918561667203903,-0.12309083466469817,-0.08455283997961696,-0.2295868960255947,
-0.05460444092750549,0.1944616198539734,1.027365493774414,0.20656421780586243,0.13626639544963837,-0.08055748045444489,-0.12307025342404397,-0.08238072674729968,-0.23599080200916164,
0.07522902488708497,0.19802623987197876,0.6680719375610352,0.3431178331375122,0.08866238594055176,-0.15312862396240234,-0.10393771647102115,-0.07258240779615982,-0.2508880430093107,
0.05394709706306458,0.16960915327072146,0.4230693340301514,0.3712807595729828,0.09552001953125,-0.16864153742790222,-0.08600468835191037,-0.06954006235257663,-0.26049035243583213,
-0.049995267391204835,0.08265544772148133,0.03286308348178864,0.34644678235054016,0.14745166897773743,-0.152329683303833,-0.044363805325027136,-0.06336327534229186,-0.2810762622456408,
-0.0800518274307251,0.03135761320590973,-0.07344119548797608,0.3345957100391388,0.0967184454202652,-0.13461965322494507,-0.022575267678632206,-0.05523725511215813,-0.29036084471258233,
-0.14639345407485962,-0.03804420828819275,-0.2715769767761231,0.28506091237068176,0.001177543425001204,-0.10372698307037354,0.01398425507094883,-0.04406072151678068,-0.30492882787072745,
-0.1801629424095154,-0.037079283595085145,-0.3663537979125977,0.2094271183013916,0.012096503749489784,-0.0637795701622963,0.030089916755338925,-0.042830144418655264,-0.3105881935593319,
-0.20797314643859866,-0.037741449475288395,-0.43262572288513185,0.12533780932426453,0.020818356424570084,-0.03847953677177429,0.04351515947465678,-0.04223773983178669,-0.3149202334326826,
-0.20599396228790284,-0.05800240635871887,-0.494260311126709,0.07313984632492065,0.014027295634150505,-0.040543489158153534,0.06023546077684251,-0.039737000110139295,-0.3194197919260113,
-0.2147308111190796,-0.0728857696056366,-0.4893737316131592,0.004964991007000208,-0.004814906045794487,-0.03954094275832176,0.0641920113912346,-0.03869535114072378,-0.3213112512048834,
-0.2392431974411011,-0.08896757364273072,-0.5165680408477783,-0.09004328399896622,-0.05308470129966736,0.007064377889037132,0.06614655772988162,-0.038228677030302416,-0.3234719142164771,
-0.33209431171417236,-0.1320849299430847,-0.633985185623169,-0.2914448380470276,-0.0563470721244812,0.10859739780426025,0.06011924982157491,-0.04172347074971908,-0.3249148373484585,
