-0.1904792666435242,0.023464840650558472,-0.26337728500366214,0.3052997291088104,0.08493415266275406,-0.08255704492330551,-0.004974376387931342,-0.07536166784727584,-0.2532584589075885,
-0.24142823219299317,-0.027450278401374817,-0.375378680229187,0.2467767894268036,0.0713520273566246,-0.04913436993956566,0.031337663590784846,-0.06339837842042431,-0.26319185616588475,
-0.2518072366714478,-0.04021620750427246,-0.4129371166229248,0.16275405883789062,0.06189780682325363,-0.019972754642367363,0.04571659981975098,-0.059408203629421924,-0.26606447131631017,
-0.22574663162231445,-0.05778172016143799,-0.4715563774108887,0.1030326634645462,0.03113829717040062,-0.013647746294736862,0.057325313091840475,-0.05548715032671881,-0.26733959400434115,
-0.20292577743530274,-0.06679020524024963,-0.44138770103454594,0.033124685287475586,0.023947760462760925,-6.562471389770508e-05,0.07128000490418761,-0.05030446887439614,-0.2680849221572603,
-0.21082980632781984,-0.07857394814491273,-0.46499433517456057,-0.03152355179190636,0.028941188007593155,0.033090729266405106,0.07462896893141861,-0.049279361854879127,-0.2681892461430286,
-0.23261609077453616,-0.08969397544860841,-0.45008311271667484,-0.10362864285707474,0.008701164275407791,0.0643162950873375,0.07500611861230372,-0.04796384394562159,-0.26734944443587944,
-0.23057780265808106,-0.09957287311553956,-0.47159757614135744,-0.16042055189609528,-0.02085992507636547,0.09547527879476547,0.07250061774437469,-0.04710748667354101,-0.2651229520130816,
-0.267797327041626,-0.0924398422241211,-0.4927715301513672,-0.2588243782520294,-0.03450862690806389,0.1298966407775879,0.05867608018952826,-0.048859823094184546,-0.25743337925807,
-0.26865904331207274,-0.08619359731674195,-0.5168888568878174,-0.34264737367630005,-0.05980865657329559,0.16105562448501587,0.04706339950516823,-0.05164995612416512,-0.25191436695616487,
-0.29736425876617434,-0.06472258567810059,-0.5024899482727051,-0.47806909680366516,-0.07145998626947403,0.2057301551103592,0.03178278890469922,-0.05426828378740926,-0.2455116085408672,
-0.23523621559143068,-0.008445436507463456,-0.3463650703430176,-0.664024293422699,-0.023456506431102753,0.2479412704706192,-0.012198583247274467,-0.06186197627256563,-0.2274341372117286,
-0.19770065546035767,0.014266572892665863,0.06392488479614258,-0.5341951847076416,-0.17925143241882324,0.24101704359054565,-0.043961639543306556,-0.06245492009793666,-0.2159142299021709,
-0.012054406851530076,-0.02791877388954163,0.9429916381835938,-0.0076882606372237206,-0.1921677589416504,0.13928428292274475,-0.08075185526634283,-0.062132006289041405,-0.20290468518332314,
0.2741421699523926,0.02679066061973572,2.263488578796387,0.37467509508132935,0.1959879845380783,0.19714146852493286,-0.12003496751867865,-0.07339866010853584,-0.17739151512199078,
0.15528407096862795,0.15783467292785647,1.7235002517700195,0.5770083069801331,0.2633660137653351,0.15792550146579742,-0.10909713097553121,-0.07112028428716294,-0.17089923406820628,
0.29916808605194095,0.20919804573059084,1.3313697814941408,0.737730085849762,0.13966219127178192,0.04320984333753586,-0.09020627341789228,-0.05752857693310644,-0.16484383323792565,
0.29066262245178226,0.03686790466308594,0.35775461196899416,0.7312053442001343,0.1238829642534256,-0.01604549214243889,-0.026532161572163634,-0.033702473209769844,-0.1578984092050213,
0.16001912355422976,-0.05853497385978699,-0.08687151670455934,0.6269425749778748,0.12747822701931,-0.0017975801602005959,0.01209245730135579,-0.027922245375653583,-0.1580754515104768,
0.05455729365348816,-0.1435643196105957,-0.33835649490356445,0.5429198741912842,0.06342920660972595,-0.0057257432490587234,0.04827854900176845,-0.021407196971988757,-0.15813053997810184,
-0.0034961972385644914,-0.24034686088562013,-0.5487519264221191,0.39870965480804443,0.020485732704401016,-0.011984171345829964,0.10905868056037119,-0.011098332369946224,-0.1559925843184357,
-0.029356989264488223,-0.24138774871826174,-0.6339013099670411,0.27780213952064514,0.04465391859412193,0.01711086370050907,0.1332701959784358,-0.009774278562923618,-0.15621378146829645,
-0.05505672097206116,-0.24445781707763672,-0.6200857162475586,0.22946575284004211,0.022349944338202477,0.021904554218053818,0.15221527347163818,-0.008311978434708343,-0.15584025942707921,
-0.02304745614528656,-0.21226391792297364,-0.544530200958252,0.1487719714641571,0.009833086282014847,0.0075234826654195786,0.17887117951737852,-0.006061021665922764,-0.15260237920911104,
-0.020523022115230563,-0.18203881978988648,-0.5647733688354493,0.06707950681447983,0.00630439817905426,0.0012650545686483383,0.18870219203532546,-0.00567274141864592,-0.15168889480500974,
-0.027424079179763795,-0.16104208230972292,-0.5706490993499757,0.0005670572281815112,0.027343371883034706,-0.00019968394190073013,0.19542749234667628,-0.00559570778426418,-0.1514019026971377,
-0.03054453432559967,-0.1421929955482483,-0.5930252552032471,-0.10149858891963959,-0.013136678375303745,-0.00985364243388176,0.19991392379330858,-0.004411638339047755,-0.1509414789640599,
-0.03862951993942261,-0.1438626527786255,-0.5941713333129883,-0.17180605232715607,-0.031579069793224335,-0.004394162446260452,0.19743602068732302,-0.0036574665723215012,-0.15102260467525458,
-0.0644193410873413,-0.14945746660232545,-0.5906894683837891,-0.263019323348999,-0.015333786606788635,0.0015979502350091934,0.19187111828908487,-0.004062616629730706,-0.15212891033720388,
-0.097482830286026,-0.2550226926803589,-0.7000832557678223,-0.4337279498577118,-0.05827726051211357,0.03016035445034504,0.17115269917044082,-0.00605169598803419,-0.15425248798680408,
-0.0889488697052002,-0.31674454212188724,-0.7408020973205567,-0.577738344669342,-0.1271199733018875,0.06012091785669327,0.15408851160845902,-0.007349840525007673,-0.15435000567783508,
-0.12291020154953003,-0.34821949005126956,-0.7338420391082764,-0.6828000545501709,-0.1842447817325592,0.09081384539604187,0.13120759665324183,-0.011125702496108855,-0.15463790007034683,
-0.2226043939590454,-0.37311131954193116,-0.43854737281799316,-0.8245468139648438,-0.24909275770187378,0.2017345130443573,0.06872143781302106,-0.027398746545205813,-0.1530193354681009,
-0.11074774265289307,-0.3220389366149903,-0.18901096582412721,-0.8640281558036804,-0.21999771893024445,0.19654133915901184,0.03029125587061039,-0.04005077947147651,-0.14785010213071081,
0.11345458030700684,-0.24072554111480715,0.3634391307830811,-0.622546374797821,-0.2087458074092865,0.09627268463373184,-0.016533441204750744,-0.05283333886919825,-0.13740656714072522,
0.28642892837524414,-0.1326655149459839,1.1587461471557619,-0.27899861335754395,-0.10834463685750961,0.06777685880661011,-0.062193260241882944,-0.0628760289683671,-0.12640481180488156,
0.10716958045959474,0.18254444599151612,1.8362855911254883,0.06188599765300751,0.10104641318321228,0.15412986278533936,-0.11696484863366094,-0.07753882054796807,-0.112737720485584,
0.0929867684841156,0.3286221265792847,1.6525386810302736,0.30216971039772034,0.11928906291723251,0.1104540154337883,-0.1237909993031875,-0.07510679331883316,-0.10757511976367774,
0.23897910118103027,0.4057273864746094,1.3816473960876465,0.4162861704826355,0.08420191705226898,0.010052843950688839,-0.12074063325898696,-0.06728015092663306,-0.10220573364207826,
0.2853524684906006,0.35116755962371826,0.4890330314636231,0.4170185327529907,0.1288098692893982,-0.0598551370203495,-0.0872000095910818,-0.054354477879775084,-0.09782220063497991,
0.1845303177833557,0.2465446710586548,0.18256037235260011,0.39198482036590576,0.11629300564527512,-0.06018803268671036,-0.06495021733222461,-0.050311352930369535,-0.1003340267554035,
0.10543156862258912,0.14367690086364746,-0.004612634330987931,0.3688819110393524,0.07594611495733261,-0.06351698189973831,-0.042618161881751195,-0.04460233285274063,-0.10432999772916476,
0.08524470925331117,0.026226270198822024,-0.2193889617919922,0.32320868968963623,0.07275032252073288,-0.0826917439699173,-0.00011013618381719094,-0.03577347076891789,-0.11175983132727801,
0.06761447191238404,0.0007804517168551684,-0.3022380113601685,0.2478412240743637,0.07541348785161972,-0.07863042503595352,0.01814476047239243,-0.03223214362775179,-0.11551826628186296,
0.039405280351638795,-0.019701890647411346,-0.39117116928100587,0.20076984167099,0.0208186823874712,-0.0707075223326683,0.034357838922163327,-0.0280469450644887,-0.11941559727751505,
0.0008075934834778309,-0.046208086609840396,-0.4485705852508545,0.12114132940769196,-0.03344322741031647,-0.07942937314510345,0.05873961775016573,-0.02116152279288943,-0.12628323002743536,
0.008255074173212052,-0.050856226682662965,-0.49718813896179204,0.02506779506802559,-0.03410901874303818,-0.0899488553404808,0.06752950299089072,-0.021115216831845564,-0.13005904556898817,
-0.004257019236683846,-0.05116309523582459,-0.5208486557006836,-0.05382835492491722,-0.03211164474487305,-0.08402332663536072,0.07326951057511318,-0.02193101301047519,-0.1345806035471097,
-0.04212058484554291,-0.07786415219306947,-0.5293191432952881,-0.13871662318706512,-0.07671959698200226,-0.0700417309999466,0.0739933817862721,-0.023127498935049163,-0.1442479890854351,
-0.04757979214191437,-0.08616035580635072,-0.5318020820617676,-0.23891805112361908,-0.12951675057411194,-0.05406276136636734,0.06968878791465641,-0.024587106063387144,-0.14891736218110174,
-0.05120598077774048,-0.08893334269523621,-0.5716102123260498,-0.3576950430870056,-0.161208376288414,-0.03542063385248184,0.06267729743581804,-0.027845030267679125,-0.15348269296624684,
-0.03794952332973481,-0.040923431515693665,-0.5666085243225097,-0.5019052028656006,-0.15135468542575836,-0.02083982527256012,0.03543538324078609,-0.040982176898365315,-0.16112173588093912,
-0.037593358755111696,-0.0062123056501150135,-0.46002912521362305,-0.6007750630378723,-0.17192760109901428,-0.04647275060415268,0.013619264641816758,-0.049145423984697484,-0.16325313919833784,
0.01550121158361435,0.011634815484285355,-0.29706382751464844,-0.6282719969749451,-0.20448479056358337,-0.07669924199581146,-0.012514985079582742,-0.056752570066608124,-0.16475318976294387,
0.09998331665992738,0.04504805505275727,0.3859764575958252,-0.47520679235458374,-0.2046179473400116,-0.16571539640426636,-0.07265898802838688,-0.07693195600512849,-0.16865059710422065,
0.15295286178588868,0.014142851531505586,0.9687517166137696,-0.09990083426237106,-0.06420277059078217,-0.17696726322174072,-0.10224727380467415,-0.0887750712472621,-0.17202781919942942,
0.0668939232826233,0.07558183670043946,1.4198704719543458,0.030793799087405205,0.12441562116146088,-0.1394832730293274,-0.12201899459712963,-0.10114061334436268,-0.17746932925387576,
-0.10307503938674928,0.20808274745941163,1.1173813819885254,0.22919930517673492,0.13966220617294312,-0.13249246776103973,-0.12387318157558098,-0.10816709463680733,-0.19522383325119402,
-0.07259181141853333,0.19101521968841553,0.9710581779479981,0.3531028926372528,0.15610723197460175,-0.15120117366313934,-0.11506690293740258,-0.1033578852890208,-0.2053435489160455,
-0.05423701405525208,0.13143526315689089,0.679961633682251,0.3686158061027527,0.1882649064064026,-0.13941669464111328,-0.09921902077987635,-0.09896278792350643,-0.2155212112905156,
-0.12170815467834473,0.05353423357009888,0.13821123838424684,0.36721763014793396,0.14885011315345764,-0.13156037032604218,-0.05715776903491715,-0.08597562323378888,-0.23629424231067944,
-0.13078566789627075,0.04229635000228882,0.007174453884363175,0.35530000925064087,0.09931532293558121,-0.13662037253379822,-0.033992298173484446,-0.07303943517700172,-0.2454595421504868,
-0.14693522453308105,0.0174155667424202,-0.11088432073593141,0.31302231550216675,0.08899557590484619,-0.11717928946018219,-0.013684466739818782,-0.0662113083913966,-0.25297764564287706,
-0.2279763698577881,-0.03554634153842926,-0.31992282867431643,0.23592378199100494,0.08127240836620331,-0.06831029057502747,0.02374078655793246,-0.05603626552917037,-0.26636456313229445,
-0.2539805889129639,-0.04541206061840058,-0.362469220161438,0.17773371934890747,0.05197763442993164,-0.019374702125787735,0.038619681933854476,-0.051077050005243284,-0.270925965262475,
-0.2507991075515747,-0.06321388483047485,-0.4272924423217774,0.09311176836490631,0.0324699766933918,-0.0021973117254674435,0.060270378869634586,-0.04363204576077268,-0.27431831857374117,
-0.22656121253967287,-0.06514617204666139,-0.4777733325958252,0.014681673608720303,0.014893114566802979,0.009520597755908966,0.06720468718380392,-0.041705524170666475,-0.2742361628746506,
-0.23846795558929446,-0.07887064218521118,-0.49341702461242676,-0.05103182792663574,0.0043736291117966175,0.04028011113405228,0.07088875963701358,-0.04022912297758164,-0.27392746191892653,
-0.2591129302978516,-0.09111874103546143,-0.5058661937713623,-0.12886270880699158,-0.01693166047334671,0.08029410988092422,0.07144811858438245,-0.03963061731850832,-0.27323771245350303,
-0.29499986171722414,-0.12346791028976441,-0.6170511722564698,-0.29244735836982727,-0.049289070069789886,0.13988234102725983,0.0635151404292385,-0.04092456743425103,-0.26816844693025194,
-0.2955955505371094,-0.12837817668914794,-0.6405678272247315,-0.4227425158023834,-0.09249885380268097,0.18522265553474426,0.05294973523841555,-0.04335264624449461,-0.26296292293099455,
-0.3161388635635376,-0.1491724729537964,-0.6304926872253418,-0.4742746949195862,-0.1564813107252121,0.2649177312850952,0.03687802844044784,-0.04688634969368298,-0.2562122517182607,
-0.4100827693939209,-0.12679016590118408,-0.35704874992370605,-0.6523064374923706,-0.20927856862545013,0.38695815205574036,-0.009969853090693518,-0.058545222134415424,-0.23569323525507502,
-0.2187581777572632,-0.077992844581604,-0.1499377131462097,-0.5345281362533569,-0.25042441487312317,0.27197614312171936,-0.040910399660787945,-0.0667838086111833,-0.2180117562486513,
0.13811771869659425,0.002640027366578579,0.5738210678100586,-0.003693587379530072,-0.3614116609096527,0.09327804297208786,-0.07950045451151823,-0.0728605930490213,-0.1965518195361062,
0.4150474548339844,0.01990426778793335,2.1926237106323243,0.3290683925151825,0.1057068258523941,0.18096262216567993,-0.12614628812500397,-0.09313176054544546,-0.16474411948859372,
0.3528418302536011,0.12607954740524294,1.7910385131835938,0.5168212652206421,0.3348052501678467,0.16065602004528046,-0.11862601520254869,-0.10180862793742251,-0.15521839735798793,
0.5007964611053467,0.1863851308822632,1.494584560394287,0.7377970814704895,0.1712205857038498,-0.0007315436378121376,-0.1031287247626372,-0.0913589137502162,-0.14862897409578005,
0.5979622840881348,0.14528496265411378,1.1676253318786622,0.7545750141143799,0.11549393832683563,-0.08555322885513306,-0.07871673267280051,-0.07308342208095994,-0.14508926358486565,
0.30724170207977297,-0.04531669318675995,0.04713223874568939,0.6719503998756409,0.1483173966407776,-0.11145246773958206,-0.004321391067708163,-0.055402220013334356,-0.14876724443448958,
0.14579877853393555,-0.13136810064315796,-0.23443241119384767,0.5794055461883545,0.10790392756462097,-0.11091983318328857,0.029781038770942854,-0.056113789031201726,-0.15326959298952159,
0.04461803734302521,-0.21713564395904542,-0.4283597469329834,0.4610280394554138,0.05497359856963158,-0.09980113804340363,0.06419497437079438,-0.04795860531882381,-0.15786889690427736,
-0.06477981805801392,-0.28446547985076903,-0.6218185901641846,0.35463473200798035,0.04032621160149574,-0.05565924197435379,0.12039960921377618,-0.03602518039757814,-0.16586680716874702,
-0.12271443605422974,-0.2734607219696045,-0.6217199325561524,0.23259538412094116,0.08287021517753601,-0.003328125923871994,0.1417101966239256,-0.032279117629728835,-0.16891554748054358,
-0.1335984468460083,-0.26476597785949707,-0.6703140258789063,0.14231422543525696,0.04685095697641373,0.012517682276666164,0.15934955503690482,-0.029046501004165448,-0.1701012789056371,
-0.06735166311264039,-0.23326735496520998,-0.6238409519195557,0.06162043660879135,0.0005119553534314036,-0.0023960196413099766,0.18064416940954126,-0.02289779815879817,-0.16650312679797227,
-0.053810232877731325,-0.208886981010437,-0.6154428958892822,-0.016743076965212822,0.008967491798102856,0.0007331948727369308,0.1861975909585416,-0.02205566671266735,-0.16559604150086998,
-0.07564994692802429,-0.19040601253509523,-0.6337843894958497,-0.10136502236127853,0.014560130424797535,0.01225136686116457,0.1892792198378217,-0.021928229316135868,-0.16589592298299632,
-0.11028283834457397,-0.17126432657241822,-0.6663697719573975,-0.24158045649528503,-0.02165886200964451,0.01571347564458847,0.18546608297197006,-0.021327988576005708,-0.1653492740822607,
-0.1117355227470398,-0.1852198600769043,-0.675380563735962,-0.3274674117565155,-0.0663999691605568,0.039215873926877975,0.17740674729314693,-0.021461357537062353,-0.16481584653031192,
-0.1447870135307312,-0.2117494583129883,-0.6461289882659913,-0.4170162081718445,-0.09036841243505478,0.0664466992020607,0.16515422735468388,-0.022841000525131685,-0.16498853059088983,
-0.1381801247596741,-0.27147550582885743,-0.6384527206420899,-0.5704825520515442,-0.13870450854301453,0.08402033895254135,0.12962641779115805,-0.031388246880706114,-0.16461666686928306,
-0.15994638204574585,-0.2989257574081421,-0.6114773750305176,-0.6867961287498474,-0.17658798396587372,0.16877543926239014,0.10524341417862527,-0.03762599291850376,-0.16340439538358195,
-0.20263390541076662,-0.31369030475616455,-0.45876326560974123,-0.7927899360656738,-0.13464319705963135,0.21111971139907837,0.07528130867582425,-0.0459383484179705,-0.16128939067373937,
0.04561713933944703,-0.16043870449066164,0.018044553697109222,-0.8311394453048706,-0.08244523406028748,0.11504616588354111,-0.0002396346294109125,-0.06463690687811403,-0.14587416760914013,
0.17375279664993287,-0.08692618608474732,0.681441354751587,-0.27247485518455505,-0.26640307903289795,0.04773477092385292,-0.04590781141764192,-0.06878563737189768,-0.13645737247788828,
0.20493731498718262,-0.023227459192276003,1.717101287841797,-0.01614558696746826,-0.08191260695457458,0.10286220908164978,-0.08753832095058395,-0.0727398220020228,-0.130164912806212,
0.13952875137329102,0.2376121520996094,1.541532611846924,0.15296515822410583,0.17415033280849457,0.14953410625457764,-0.1148856721765724,-0.090441599632437,-0.1165859617035918,
0.22153708934783936,0.33859281539916997,1.4163020133972168,0.38399437069892883,0.10537420213222504,0.04267476499080658,-0.11459685791547763,-0.08444414103512297,-0.11085636494162378,
0.332866907119751,0.374464750289917,1.1086616516113281,0.4450473487377167,0.07594627141952515,-0.04307902231812477,-0.10514858558742385,-0.07404090145756272,-0.10700068631368514,
0.2923762083053589,0.3568515062332154,0.6028809070587159,0.41169124841690063,0.14525504410266876,-0.07130853086709976,-0.08610767525747677,-0.06807462822126271,-0.10608978315407008,
0.10962015390396118,0.1730621933937073,0.0024127092212438586,0.3833285868167877,0.10963526368141174,-0.07650169730186462,-0.04066751197749012,-0.05922986306675879,-0.11203266452651843,
0.027426359057426453,0.06350157260894776,-0.10739576816558838,0.3415169417858124,0.05637204274535179,-0.07177458703517914,-0.011905946280432664,-0.05637736823253933,-0.11821187933901606,
-0.0023720799013972286,0.005675416067242623,-0.2128852367401123,0.2797981798648834,0.06755731254816055,-0.07676801085472107,0.008149732540214871,-0.05107187258007907,-0.12214779659265335,
0.006640327721834183,-0.01921791881322861,-0.3078040599822998,0.23026339709758759,0.07095284759998322,-0.07543642818927765,0.02641601036891463,-0.04771499280799667,-0.1256756583282673,
-0.010466263443231583,-0.04004366993904114,-0.4138260841369629,0.1546296328306198,0.029474113136529922,-0.0901503935456276,0.05537644328584385,-0.040079023357994965,-0.13249331277249443,
-0.0048938065767288215,-0.036786815524101256,-0.4402979850769043,0.08991480618715286,0.0001793409464880824,-0.09447803348302841,0.06604217625440494,-0.03640319721584795,-0.13598773890418597,
-0.012632261216640473,-0.03357522487640381,-0.45721535682678227,0.023868409916758537,-0.014001992531120777,-0.09061644971370697,0.07444808301856086,-0.03390963050921197,-0.14011751327531236,
-0.03225861787796021,-0.03438619375228882,-0.5292469501495362,-0.07919593155384064,-0.05208519473671913,-0.07849906384944916,0.08372791595485722,-0.03159932101430165,-0.14941720340685746,
-0.035472828149795535,-0.04259833097457886,-0.5220370769500733,-0.16295233368873596,-0.09050130099058151,-0.0769677460193634,0.08326672293128871,-0.0317940121839262,-0.1540008435097444,
-0.03826887011528016,-0.062714421749115,-0.5207483291625977,-0.24810416996479034,-0.13198047876358032,-0.0732341781258583,0.07978302956110146,-0.033295411551692924,-0.15866915612390714,
-0.05381280183792114,-0.09323763847351074,-0.5611892223358155,-0.3463748097419739,-0.131780743598938,-0.0683739110827446,0.06354788257115541,-0.041025478821575895,-0.16899584649943422,
-0.07258960008621217,-0.1016963839530945,-0.550995922088623,-0.47740232944488525,-0.17785343527793884,-0.03381939232349396,0.04933674571653412,-0.04705488881370742,-0.17403302331785642,
-0.08715324997901917,-0.07289944887161255,-0.45875325202941897,-0.5869914293289185,-0.15008997917175293,-0.036016497761011124,0.03020853293441586,-0.053629882697873124,-0.17820001958319956,
0.019626393914222717,0.019043079018592837,-0.23819794654846194,-0.6653549075126648,-0.10261912643909454,-0.0948057770729065,-0.01993090140717012,-0.07058412656811307,-0.18279433405300355,
0.045160287618637086,0.03719549179077149,0.1325063467025757,-0.4330607056617737,-0.22585691511631012,-0.15359507501125336,-0.05190500003783812,-0.0768371895977806,-0.18536198702987253,
0.16904429197311402,0.07185046672821045,1.3689204216003419,-0.05322735011577606,-0.04482853040099144,-0.22809700667858124,-0.11092113223636386,-0.0943756706541651,-0.19317514997162902,
0.12851094007492067,0.13822071552276613,1.5479687690734865,0.14298103749752045,0.17940963804721832,-0.18322274088859558,-0.12249680980332743,-0.10763947943998707,-0.19935450878382577,
-0.021404507756233218,0.13744832277297975,1.4142495155334474,0.33612680435180664,0.2045765072107315,-0.17962746322155,-0.12123450512037687,-0.1133431227839392,-0.2109025910867474,
-0.039755263924598695,0.03322296142578125,0.949434757232666,0.4678201377391815,0.21469652652740479,-0.18109220266342163,-0.09387176188432884,-0.1030659747431036,-0.23814723882407704,
-0.07816075086593628,-0.009452011436223984,0.4754346370697022,0.46748724579811096,0.19399043917655945,-0.16537955403327942,-0.06864209651714727,-0.0951598235910814,-0.25128451230701937,
-0.17820744514465334,-0.030156663060188296,-0.07678109407424927,0.405768483877182,0.10670533776283264,-0.14387452602386475,-0.014928608285890385,-0.07220356571378837,-0.27289965258100446,
-0.22024259567260743,-0.0566618025302887,-0.23974423408508302,0.3341960310935974,0.12335009127855301,-0.10559158027172089,0.009887969094855299,-0.06398353993590644,-0.281258033422308,
-0.265842080116272,-0.08069489598274232,-0.33048191070556643,0.2782696485519409,0.11216481775045395,-0.05132967606186867,0.03205152163582737,-0.057864510870058374,-0.28834949868499515,
-0.3123814105987549,-0.12820103168487548,-0.40671758651733403,0.18099766969680786,0.06209738925099373,0.007526184432208538,0.06658737862121215,-0.04436484321665253,-0.2961133007828553,
-0.2713726282119751,-0.13063329458236694,-0.4536192893981934,0.12726838886737823,0.04951395094394684,0.01871146261692047,0.07927756767979179,-0.039619201829982235,-0.296344061036915,
-0.21828577518463135,-0.12977888584136962,-0.45261144638061523,0.06721410900354385,0.04771631956100464,0.04547623172402382,0.09620141336642084,-0.03413678484826844,-0.29377379313934215,
-0.21782827377319336,-0.12327798604965211,-0.45892124176025395,-0.015343884937465191,0.025678658857941628,0.06851257383823395,0.10147805331871157,-0.03233737855025388,-0.2917201931848059,
-0.20341169834136963,-0.12659478187561035,-0.5013407230377197,-0.09450655430555344,0.01975315995514393,0.09594275057315826,0.10443977359217672,-0.030915438788586696,-0.288773664266756,
-0.20691335201263428,-0.12399585247039796,-0.5042820453643799,-0.18372245132923126,-0.01113950926810503,0.1214425191283226,0.1002267111946122,-0.030910513995323782,-0.2806377678192003,
-0.20883572101593018,-0.13781453371047975,-0.5134470939636231,-0.2935778498649597,-0.059409305453300476,0.1316956877708435,0.09333462949790493,-0.031653087467550266,-0.27509272266748064,
-0.2142269849777222,-0.15252671241760254,-0.5477901458740234,-0.34970396757125854,-0.08936986327171326,0.17537154257297516,0.08319714091045258,-0.03401275617145704,-0.2693439554430055,
-0.29743385314941406,-0.16835111379623413,-0.47446722984313966,-0.4897862374782562,-0.14995679259300232,0.25966060161590576,0.051214086611481316,-0.04325180736556158,-0.25655398831875065,
-0.2491175413131714,-0.14215621948242188,-0.49934954643249513,-0.644649088382721,-0.14110177755355835,0.28136536478996277,0.030409654581184952,-0.05056559256728504,-0.24669477046052268,
-0.12599639892578127,-0.0762988030910492,-0.38560147285461427,-0.7315347194671631,-0.1378394067287445,0.25779637694358826,0.0037915169876995545,-0.058783445205588,-0.23396642684164634,
0.20481553077697756,0.03967552185058594,0.5483645439147949,-0.3812624216079712,-0.16400496661663055,0.07743377983570099,-0.06909865804593851,-0.07009428586732956,-0.2044480574248203,
0.420515251159668,0.026040208339691163,1.575059700012207,0.1205437034368515,-0.07951616495847702,0.06704744696617126,-0.10644552386163848,-0.07449030217383706,-0.19237854296179863,
0.26943531036376955,0.020312567055225373,2.2659866333007814,0.3274713456630707,0.22668077051639557,0.15479861199855804,-0.12663954567267216,-0.08078108698271742,-0.18573913328061775,
0.16643192768096926,0.15652548074722292,1.836908531188965,0.7065722942352295,0.2419939488172531,0.08429142087697983,-0.11386096612715417,-0.07689022576287105,-0.17719490188863674,
0.3163711309432984,0.10009366273880005,1.49013729095459,0.8228192925453186,0.1836041510105133,0.000202106311917305,-0.09159228922850417,-0.061009748585983375,-0.1742324268327305,
0.3209664821624756,-0.013415522873401642,0.875775146484375,0.8105687499046326,0.17727914452552795,-0.02642950415611267,-0.057165154319499326,-0.04752235989345854,-0.17262246864660374,
0.1084367871284485,-0.18177917003631594,-0.055080294609069824,0.7315394282341003,0.08320298045873642,-0.03128977492451668,0.014937410558438497,-0.03645432238212713,-0.1723859428784562,
0.041668820381164554,-0.2753534555435181,-0.31460249423980713,0.5762105584144592,0.024347111582756042,-0.050664272159338,0.05566128559896381,-0.02792554569653648,-0.17277901369787804,
0.022115993499755862,-0.3324114799499512,-0.5545336723327637,0.44451725482940674,0.0638284832239151,-0.016775544732809067,0.0933725662204064,-0.022858262162414718,-0.1731756417004349,
-0.08882276415824891,-0.3180787324905396,-0.6997077465057373,0.2726767957210541,0.07428138703107834,0.025302398949861526,0.15082759924140968,-0.017863629253060967,-0.1756144599761262,
-0.05675526857376099,-0.3130662441253662,-0.7059513092041017,0.21701672673225403,0.004906036425381899,0.006527114659547806,0.17023227153887,-0.014392516548251074,-0.17339052684756517,
-0.014062826335430146,-0.303024959564209,-0.6212285041809082,0.15330059826374054,-0.011206088587641716,0.017579231411218643,0.1845165013548253,-0.01175073245193191,-0.17037098414341764,
-0.0696313738822937,-0.26596360206604003,-0.6320114612579346,0.03465689718723297,0.005105751100927591,0.02976345270872116,0.20563259864881214,-0.011793237322952958,-0.16919215131360968,
-0.056422984600067144,-0.24463493824005128,-0.6497972488403321,-0.03664924204349518,-0.01766427606344223,0.026967130601406097,0.21131697055836599,-0.012772561299458798,-0.16863549711448633,
-0.045605340600013734,-0.23075654506683352,-0.6147035121917725,-0.11461327970027924,-0.008676107972860336,0.024969760328531265,0.21306249873320984,-0.013575447018485965,-0.167670086677306,
-0.05078403949737549,-0.20611298084259033,-0.6441673278808594,-0.21960841119289398,-0.005347156431525946,0.019843176007270813,0.207670667675011,-0.016439030847675198,-0.1670074909956972,
-0.06854943037033082,-0.1965500593185425,-0.6664607524871826,-0.33066225051879883,-0.036173246800899506,0.014050801284611225,0.2001709992374577,-0.01734922098343559,-0.16641851817295622,
-0.10115058422088624,-0.2003426790237427,-0.6949320316314698,-0.4233402609825134,-0.0860409364104271,0.03102845326066017,0.1889591527815634,-0.018174592959799542,-0.16610124528037057,
-0.1508260488510132,-0.2589294910430908,-0.6062188625335694,-0.512289822101593,-0.13704046607017517,0.08888563513755798,0.1535668313058893,-0.02329608185058267,-0.16750677451546675,
-0.14929295778274537,-0.28077757358551025,-0.5443775653839111,-0.6853953003883362,-0.1408354789018631,0.10972487181425095,0.13071749961559634,-0.02925049081243314,-0.1679014049868091,
-0.09117220044136048,-0.2806240558624268,-0.5358260631561279,-0.7851972579956055,-0.12858493626117706,0.0769679844379425,0.10433433187075657,-0.037337109327509735,-0.16655288671573654,
0.0005139376968145371,-0.2699390649795532,-0.04848310053348542,-0.7391911149024963,-0.18677499890327454,0.09814012050628662,0.02469063119467495,-0.054832437328460666,-0.1588905932978519,
-0.029638403654098512,-0.21368849277496338,0.36348886489868165,-0.6305341720581055,-0.1697307676076889,0.13582384586334229,-0.015703109043971916,-0.06241727831793914,-0.15540045472905123,
-0.01392582505941391,-0.10524096488952638,0.7538993835449219,-0.3266674876213074,-0.14589548110961914,0.10839328914880753,-0.05458744191674738,-0.07118867147740794,-0.14964446176671475,
0.19308135509490967,0.14508172273635864,1.6523649215698244,-0.004691309295594692,0.012296286411583424,0.10180196166038513,-0.11637180053877402,-0.08405753429585305,-0.13266841441438046,
0.19439200162887574,0.2912511110305786,1.57854642868042,0.1936476230621338,0.10357613861560822,0.06864561140537262,-0.1289091687552033,-0.08739298273855439,-0.12548906286711653,
0.27330334186553956,0.44620876312255864,1.1915651321411134,0.35170620679855347,0.1071048229932785,-0.020037662237882614,-0.1258952837588302,-0.07989369639490516,-0.11773566647125723,
0.20675394535064698,0.3097488641738892,0.421893835067749,0.40696680545806885,0.10544034838676453,-0.10212960094213486,-0.09068393947721164,-0.07013644020256427,-0.1223200033953468,
0.1105160117149353,0.20676162242889407,0.1603250503540039,0.40709996223449707,0.11362957209348679,-0.12549884617328644,-0.06854437567882574,-0.06622494316464764,-0.12865427316895844,
0.02529601752758026,0.1146636962890625,-0.0288105845451355,0.37693968415260315,0.10863614082336426,-0.11131750792264938,-0.045130818676096605,-0.06194059628138911,-0.1362477004774248,
-0.01952008157968521,0.013706234097480775,-0.22341651916503907,0.35490041971206665,0.08173847198486328,-0.10512861609458923,-0.004247821143869428,-0.05204349959527958,-0.14880879573525754,
-0.02884798347949982,-0.01658066958189011,-0.31665606498718263,0.2933814227581024,0.05018001049757004,-0.10106730461120605,0.014542956115370926,-0.04783644084658774,-0.15415807570012396,
-0.04478787183761597,-0.03455706536769867,-0.42403264045715333,0.21242131292819977,0.03446735814213753,-0.09281149506568909,0.03147623657927376,-0.044467456816835754,-0.15917541078384728,
-0.0572875201702118,-0.04886586666107178,-0.5047415256500244,0.12819884717464447,0.005771799478679895,-0.0892828106880188,0.05478865589302716,-0.039717312691957295,-0.16813728224664234,
-0.045750084519386294,-0.054390746355056765,-0.5365152359008789,0.04164611175656319,-0.025187447667121887,-0.09041465818881989,0.06160757014246005,-0.03872218919294904,-0.17277408459976118,
-0.044845908880233765,-0.05385813713073731,-0.5500264644622803,-0.04437399283051491,-0.031379297375679016,-0.09514176845550537,0.06521795597728308,-0.03880437408183891,-0.17762196073985695,
-0.05911290645599365,-0.06846502423286438,-0.5722188949584961,-0.13485489785671234,-0.0697953999042511,-0.09614044427871704,0.06228470443738447,-0.040330808583661386,-0.18838553373045552,
-0.08137843608856202,-0.07087086439132691,-0.5632325172424316,-0.22560212016105652,-0.1089438647031784,-0.07623331248760223,0.0559373008562234,-0.04312403275157605,-0.19414534433204986,
-0.08351488113403321,-0.08195752501487732,-0.5980151176452637,-0.3457106947898865,-0.15035602450370789,-0.04846986383199692,0.04635698524047089,-0.047647110523055966,-0.19922942441466704,
-0.019437289237976076,-0.014194093644618988,-0.5415256977081299,-0.48805665969848633,-0.16260656714439392,-0.04720486328005791,0.012801470949882508,-0.06165876281512818,-0.2066972515369311,
0.04273116588592529,0.01016521528363228,-0.4759431838989258,-0.6596307754516602,-0.14010284841060638,-0.08502174913883209,-0.012049692998944516,-0.0700023015609996,-0.2095686720558554,
0.05730332136154175,0.048304381966590884,-0.19482766389846803,-0.7049045562744141,-0.13743969798088074,-0.134489968419075,-0.04309591003692556,-0.0780307341022267,-0.2129977886672695,
0.11360809803009034,0.04493437707424164,1.0034076690673828,-0.39071810245513916,-0.21893242001533508,-0.2452109009027481,-0.109136465738595,-0.09594504755105022,-0.22391994773059964,
-0.003015066683292389,0.09881199002265931,1.3522838592529298,-0.12446856498718262,-0.13011600077152252,-0.23529061675071716,-0.12757523766111567,-0.11054652989495381,-0.2321226423385027,
-0.14013572931289672,0.15290038585662843,1.3399414062500001,-0.004226839169859886,0.07261714339256287,-0.18209397792816162,-0.13386324008499817,-0.12415632293298755,-0.24147961831880366,
-0.16121078729629518,0.07900171875953675,1.1703423500061036,0.21222157776355743,0.17295174300670624,-0.14720657467842102,-0.1258486432107975,-0.12770400437607243,-0.26346331070251483,
-0.1398470640182495,0.03738638162612915,0.8406479835510254,0.34957411885261536,0.22361837327480316,-0.11511547863483429,-0.11046693066591289,-0.12211310613913164,-0.274465425840255,
-0.1079338312149048,0.022313442826271058,0.45827817916870117,0.3780033588409424,0.21103493869304657,-0.11837784945964813,-0.09014707980612396,-0.11377653885161505,-0.28438357520265317,
-0.10913599729537965,0.01211160719394684,0.04775117337703705,0.39711153507232666,0.16269856691360474,-0.14720657467842102,-0.04595783765903262,-0.09514742649694519,-0.30309966318245685,
-0.17008210420608522,-0.010950907319784165,-0.10373212099075318,0.36915123462677,0.13986147940158844,-0.12023665010929108,-0.022959244590465923,-0.0854039875081313,-0.31207470381913344,
-0.2276787281036377,-0.037997987866401677,-0.23284292221069336,0.314090371131897,0.10563987493515015,-0.0764276534318924,-0.001541137508649711,-0.07797254039610893,-0.31945793163081987,
-0.22724721431732178,-0.043139475584030154,-0.3868597507476807,0.20882895588874817,0.10663855820894241,-0.05039525032043457,0.032366380284529844,-0.06621881481074575,-0.3273497196043384,
-0.2169814109802246,-0.04870417416095734,-0.39696917533874515,0.1723436415195465,0.07141824811697006,-0.050728149712085724,0.04401273134109579,-0.060568356942359486,-0.32929335110866725,
-0.27190790176391605,-0.057571148872375494,-0.384900975227356,0.1410515010356903,0.034666627645492554,-0.016439948230981827,0.05355078529666057,-0.05561052816305761,-0.3313448958595993,
-0.3071612596511841,-0.08649350404739381,-0.5376022815704345,0.03632267937064171,-2.104749728459865e-05,0.027302471920847893,0.06777579907976854,-0.05152457873805954,-0.3325187474996381,
-0.3172035217285156,-0.10181500911712647,-0.56004376411438,-0.0798577219247818,-0.006346055306494236,0.06984647363424301,0.06918439787959134,-0.05180869022406447,-0.33109225406036297,
-0.3429752588272095,-0.11908423900604248,-0.5399263381958008,-0.15242886543273926,-0.05135347694158554,0.12723760306835175,0.06597891904551835,-0.05262645531388415,-0.3282163900059638,
-0.36481871604919436,-0.1264972686767578,-0.5081570148468018,-0.23891501128673553,-0.11114144325256348,0.19122004508972168,0.04892556340017326,-0.059830247012041406,-0.3166198316505718,
-0.3480562210083008,-0.13118011951446534,-0.4916214942932129,-0.31854355335235596,-0.17499074339866638,0.24275220930576324,0.035301021011832204,-0.06664676380111655,-0.307750152558799,
-0.37850301265716557,-0.13792905807495118,-0.4222004890441895,-0.4200765788555145,-0.20022419095039368,0.3315686285495758,0.017930054097878845,-0.07514249633692324,-0.2969856760881018,
-0.2198434352874756,-0.08640228509902954,-0.21485209465026855,-0.6062980890274048,-0.12399119883775711,0.43822821974754333,-0.03369845592951659,-0.09371842052064842,-0.26251149448578376,
0.055413234233856204,-0.01527557522058487,0.20070321559906007,-0.5765372514724731,-0.10781249403953552,0.33722785115242004,-0.07096000128485995,-0.0966404770482298,-0.238998304036398,
0.32645778656005864,0.0712911069393158,0.9066711425781251,-0.1917104870080948,-0.2214629054069519,0.18396292626857758,-0.10817570034034654,-0.09619915775466199,-0.21846131407302077,
0.4306339263916016,0.15497384071350098,1.6318315505981447,0.1301991194486618,-0.07372403144836426,0.08788938820362091,-0.1404580981242523,-0.10606588628043366,-0.19127423746822347,
0.34957051277160645,0.14031333923339845,1.5449215888977053,0.3841980993747711,0.22195342183113098,0.10173782706260681,-0.13585856952882752,-0.1070526436350299,-0.1857738854221213,
