0.13953492641448975,-0.0015132154338061811,0.23435010910034182,0.3933813273906708,0.12727881968021393,-0.052135057747364044,0.042843289785612734,-0.03114301174834246,-0.11511569769457297,
0.12488982677459717,-0.04623560905456543,0.13317178487777712,0.4011707305908203,0.138131245970726,-0.05206912383437157,0.06285470802426989,-0.02440231127059849,-0.11672696596902066,
0.11891772747039796,-0.06643642783164978,0.06269126534461976,0.40802839398384094,0.13606730103492737,-0.06418650597333908,0.08317920976075978,-0.01720699233957536,-0.1176641976494015,
0.06667227745056152,-0.1233138680458069,-0.04922895431518555,0.39524519443511963,0.1374654620885849,-0.06871388107538223,0.11944471817948553,-0.00711146549815391,-0.11899592838309106,
0.03782042860984802,-0.14486552476882936,-0.09863916635513306,0.38093072175979614,0.1339367777109146,-0.04481200873851776,0.13983046042838712,0.0007428274193930471,-0.11946943882594828,
0.011535729467868806,-0.16670902967453005,-0.13390586376190186,0.36941254138946533,0.1266130805015564,-0.011788809671998024,0.1595605318374783,0.008255596043088747,-0.11892485539473165,
0.0037054318934679033,-0.17689893245697022,-0.2192413091659546,0.3278006613254547,0.12295123934745789,0.013910696841776371,0.19765168792082824,0.0203445473760297,-0.11369122271169438,
0.02696632742881775,-0.1745457172393799,-0.2848040580749512,0.26714715361595154,0.09585357457399368,0.013977275229990482,0.21528790318495603,0.025013999237889196,-0.1094236585316117,
0.01552158147096634,-0.16353926658630372,-0.31477625370025636,0.22393734753131866,0.039061661809682846,0.025894921272993088,0.2307368097755739,0.028893113078052042,-0.10526072395882473,
0.006226304545998574,-0.14874026775360108,-0.3337955713272095,0.17133991420269012,-0.0036820743698626757,0.03767940774559975,0.25496271759244055,0.031125458692926482,-0.10000518208611911,
0.009229820221662521,-0.13865877389907838,-0.3662769317626953,0.10369563847780228,0.005439253058284521,0.04227336123585701,0.26441278621399966,0.029787494489670736,-0.09877642050117336,
0.010257740318775178,-0.1314715623855591,-0.39161219596862795,0.035851601511240005,0.013495314866304398,0.04167414829134941,0.27159274226433705,0.028253542722929417,-0.09739512280569164,
0.009334668517112732,-0.10364079475402832,-0.3928593397140503,-0.0514335036277771,0.005772147793322802,0.0506623201072216,0.27701204432616716,0.025744421812535966,-0.09367594228656573,
0.010925476998090745,-0.07712134718894958,-0.39029452800750736,-0.11255305260419846,-0.010672872886061668,0.055123113095760345,0.2755002659506628,0.024210673455917806,-0.09173610158173741,
0.021564383804798127,-0.04895941019058228,-0.3783346176147461,-0.16741417348384857,-0.02006051503121853,0.03927730396389961,0.2713579078152641,0.022011431406189507,-0.09004101648562066,
0.02020639479160309,-0.03580096960067749,-0.3526691198348999,-0.23339399695396423,-0.04975476115942001,0.01610780507326126,0.25559606574071464,0.017641319789828087,-0.08849028288079801,
-0.011653318256139756,-0.053815495967864994,-0.3061312437057495,-0.25569796562194824,-0.10135351121425629,0.03035571426153183,0.24424886803629678,0.015657551651927237,-0.08922712920886187,
-0.016306902468204498,-0.07683171629905701,-0.2770587921142578,-0.29957354068756104,-0.10348403453826904,0.04047572612762451,0.23173498275395493,0.012010411119309637,-0.09111849009836435,
-0.00304206982254982,-0.12506920099258423,-0.3100630044937134,-0.40803077816963196,-0.06060714274644852,0.06164785474538803,0.20188437035304804,0.0014457139461562327,-0.09466622102185893,
-0.0003304053330793977,-0.1273391366004944,-0.254250979423523,-0.5015743374824524,-0.050487130880355835,0.07123523950576782,0.1816180728750826,-0.0029379805735652953,-0.09399656105755633,
0.03563031554222107,-0.13051846027374267,-0.17113757133483887,-0.5320662260055542,-0.08064764738082886,0.046936340630054474,0.15775800335442738,-0.006925613059869851,-0.09204604499753949,
0.021198926866054537,-0.14750043153762818,0.07111103534698486,-0.47700533270835876,-0.16480353474617004,0.04780186712741852,0.10123656897081774,-0.01706743475200762,-0.08988798660783515,
-0.0220721036195755,-0.14191483259201051,0.1803466558456421,-0.44804346561431885,-0.14902430772781372,0.10599193722009659,0.07564131547972165,-0.024574539382112202,-0.09006495800098312,
0.012208503484725953,-0.10378954410552979,0.36982049942016604,-0.38119810819625854,-0.06393630802631378,0.1360856592655182,0.02878754320748678,-0.04103577877144632,-0.08348471564903374,
0.03979243040084839,-0.08063448667526246,0.5090076446533204,-0.2515021562576294,-0.03124600648880005,0.12443432956933975,0.008048415660668022,-0.04509453611942631,-0.07679543321219669,
0.04055505692958832,-0.03656777739524841,0.5793877124786377,-0.1570931226015091,-0.03237784653902054,0.1343546062707901,-0.0082196863063584,-0.046979422979554014,-0.07026853102577144,
0.07616012692451478,0.09572036266326905,0.5859903335571289,-0.04570640251040459,-0.02938179299235344,0.14613910019397736,-0.02659091902729618,-0.04944175763805422,-0.05630800243404185,
0.16314547061920168,0.16763564348220827,0.5523496150970459,0.054028984159231186,0.01316220685839653,0.10093192756175995,-0.029697214803004322,-0.05009891882675606,-0.04876943147021946,
0.23208723068237305,0.19547803401947023,0.5064663887023926,0.14064830541610718,0.04192434996366501,0.043940283358097076,-0.029166568356141728,-0.049482846504931816,-0.04267912164800873,
0.23853154182434083,0.1808114767074585,0.3368752479553223,0.21108891069889069,0.07288359105587006,-0.025168748572468758,-0.01731720108586783,-0.04530783880355624,-0.03747562588464951,
0.216179633140564,0.13571296930313112,0.24439542293548586,0.2515023946762085,0.08626598119735718,-0.07370486110448837,-0.007053052243348736,-0.041952805104369544,-0.03786599061325373,
0.12492592334747316,0.050829714536666876,0.061982303857803345,0.25836002826690674,0.09578678011894226,-0.08781961351633072,0.018816315925544877,-0.0331994635083646,-0.04367195110222381,
0.09763004779815675,0.025548365712165833,-0.027091485261917115,0.21947786211967468,0.11908943951129913,-0.09021646529436111,0.03388697876131119,-0.0330433501554949,-0.047721970807093804,
0.08868690729141236,0.014016136527061462,-0.09229754805564881,0.18445730209350586,0.12701234221458435,-0.0895506739616394,0.046693335399129524,-0.027654708621913975,-0.051484535638401815,
0.05574412345886231,-0.004182347282767296,-0.1119266152381897,0.17074202001094818,0.10584021359682083,-0.08881830424070358,0.06669090424842848,-0.013682354131335495,-0.05824031876233854,
0.043370798230171204,-0.009133890271186829,-0.12069661617279054,0.18119493126869202,0.05876884236931801,-0.09088224917650223,0.07550537763002371,-0.007488174620278362,-0.06151769343719807,
0.034032326936721806,-0.01829906851053238,-0.14672570228576662,0.17227333784103394,0.024081166833639145,-0.08728698641061783,0.08460738040541058,-0.0026143351960890913,-0.06499468850272305,
0.025031724572181703,-0.02577679753303528,-0.23596644401550293,0.10189930349588394,0.017889317125082016,-0.07350512593984604,0.10222674761528332,0.003107512187394112,-0.07260264828905495,
0.031471601128578185,-0.02915400564670563,-0.25967319011688234,0.046635888516902924,0.021551623940467834,-0.07091381400823593,0.10842058669825272,0.005196111284503642,-0.07597590134070803,
0.04061491489410401,-0.023586986958980562,-0.25334131717681885,0.019737962633371353,0.011564770713448524,-0.07264487445354462,0.11213420399384831,0.007344949119362462,-0.0790252127381634,
0.03215210735797882,-0.01925596445798874,-0.2370534420013428,-0.017812609672546387,-0.009607360698282719,-0.07597382366657257,0.11464450421265367,0.01120165549254247,-0.08540202845968732,
0.028650242090225223,-0.02081172913312912,-0.2505887269973755,-0.06108897924423218,-0.02565290778875351,-0.07910303771495819,0.11419997759323705,0.012258915282482737,-0.08909911307171557,
0.02664492428302765,-0.011926418542861939,-0.24120683670043946,-0.07913189381361008,-0.037836868315935135,-0.08782488852739334,0.11204379972936401,0.012801158948319936,-0.09320608266221832,
0.019835056364536287,-0.011057095974683762,-0.21757864952087402,-0.09357954561710358,-0.07665244489908218,-0.09188621491193771,0.10406339490371282,0.012274008293658212,-0.10257312360197154,
0.01415563076734543,-0.021813179552555087,-0.23605308532714844,-0.12706878781318665,-0.09016798436641693,-0.08682620525360107,0.09926766952811923,0.010491933068950956,-0.10816059786126629,
0.023769667744636538,-0.03348602652549744,-0.27017319202423096,-0.20523257553577423,-0.07751797139644623,-0.06805092096328735,0.09359742364105095,0.0074424405924599455,-0.11386799581041755,
0.012106467783451081,-0.027869367599487306,-0.2087127685546875,-0.250772625207901,-0.10075405240058899,-0.04581352323293686,0.07469720617024624,0.0014949386254017687,-0.12322357248243611,
0.045385497808456424,-0.01740611791610718,-0.12775405645370483,-0.24964077770709991,-0.16054202616214752,-0.06678591668605804,0.062125756893016075,-0.0025526646907728196,-0.12667493485726422,
0.09690723419189454,-0.0008056704886257649,-0.06470397710800171,-0.27267712354660034,-0.15754596889019012,-0.10060806572437286,0.04932683587139127,-0.0087559795667465,-0.13051398629606914,
0.09718765020370485,0.028881320357322694,0.03246157765388489,-0.31435561180114746,-0.10221879184246063,-0.12530888617038727,0.02538092859914535,-0.0347991400256738,-0.1424261106450626,
0.08270163536071778,0.02505323886871338,0.1657178044319153,-0.26115894317626953,-0.10155300050973892,-0.13536231219768524,0.010307228390986172,-0.04024198920482877,-0.1494956706854691,
0.0766442358493805,0.032208007574081425,0.29447920322418214,-0.18772228062152863,-0.1086769551038742,-0.17071577906608582,-0.0038662344729837386,-0.0451495603053831,-0.15688450120579933,
0.09209097623825074,0.04115345180034638,0.4186365604400635,-0.12360668927431107,-0.03743739426136017,-0.21006397902965546,-0.02269461059821628,-0.05659381129100956,-0.1750241257010212,
0.019916777312755585,0.0565341591835022,0.45794067382812503,-0.05576265975832939,0.051512185484170914,-0.17883841693401337,-0.027832784952767642,-0.06036161313673725,-0.18689533239340775,
-0.03184043169021607,0.07948126196861267,0.4477374076843262,0.0019613613840192556,0.07401590049266815,-0.16985024511814117,-0.030384727367743232,-0.06084608789386733,-0.19700954041168361,
-0.05504249930381775,0.08462078571319581,0.40768256187438967,0.09170988947153091,0.052244555205106735,-0.19215422868728638,-0.02842445800106066,-0.055754438659174343,-0.21548378786880404,
-0.05450288057327271,0.04944038093090058,0.33591125011444095,0.13884784281253815,0.05936851352453232,-0.19015684723854065,-0.02297750687600205,-0.05371598785298303,-0.22526274301623078,
-0.0979961633682251,0.009201333671808243,0.26531515121459964,0.1473046839237213,0.09798413515090942,-0.1560659408569336,-0.015235453195593274,-0.051716131076853,-0.2356413354973384,
-0.1647851586341858,-0.035962849855422974,0.1386928915977478,0.17293760180473328,0.11183257400989532,-0.09760956466197968,0.0021977943391395974,-0.043339146397332697,-0.2528759956741488,
-0.18013633489608766,-0.04526370167732239,0.11324139833450318,0.20649343729019165,0.0629635602235794,-0.075505331158638,0.010985990772453427,-0.03708886939363326,-0.258732091546251,
-0.16588414907455445,-0.0438095897436142,0.016431039571762087,0.22493582963943481,0.02028641104698181,-0.058194778859615326,0.031805879422943155,-0.028318811271346996,-0.2665427133353049,
-0.15336999893188477,-0.032328924536705016,-0.02864443361759186,0.21548160910606384,0.021085359156131744,-0.03242869675159454,0.04087270948944975,-0.01402173688433513,-0.26955855471970175,
-0.15419583320617677,-0.029237651824951173,-0.06464571952819824,0.20169974863529205,0.028142735362052917,-0.007062084507197142,0.05212299582137028,-0.012062943855406662,-0.2716560188420366,
-0.15331364870071412,-0.03842916786670685,-0.11239209175109864,0.1797286719083786,0.02334904484450817,0.024696113541722298,0.0730740531000138,-0.009241589878911924,-0.2725287296238531,
-0.14764504432678224,-0.0439727783203125,-0.1392574906349182,0.15675890445709229,0.0071703409776091576,0.048864297568798065,0.08257340241161852,-0.008196327286078858,-0.27141061909573794,
-0.1526523232460022,-0.04809848368167877,-0.1562879800796509,0.13618598878383636,-0.00721072917804122,0.0683053731918335,0.09117460837054203,-0.007850932675800715,-0.2694861747887782,
-0.14441341161727905,-0.03640974462032318,-0.17760820388793946,0.11747728288173676,-0.028915490955114365,0.0900101363658905,0.1055754851208663,-0.010139622971524011,-0.26356901238642255,
-0.13858189582824706,-0.03998295664787293,-0.1977785110473633,0.08871514350175858,-0.04303024709224701,0.1032593622803688,0.11172696127025691,-0.012649192783524754,-0.2598996580108595,
-0.12081063985824586,-0.04099296033382416,-0.22690258026123047,0.04963325709104538,-0.047224726527929306,0.11131542921066284,0.11706585299518088,-0.01609107343415586,-0.25593863377838616,
-0.09212176203727723,-0.04440423846244812,-0.24388837814331055,0.002828196855261922,-0.04189840331673622,0.13049019873142242,0.12284661847758403,-0.024552240705715673,-0.24734760492098204,
-0.08717154860496522,-0.052165555953979495,-0.24804913997650146,-0.04783844202756882,-0.02685154229402542,0.13188835978507996,0.12317856387234949,-0.02910294332215179,-0.24235393728153648,
-0.09479928016662598,-0.07577480673789978,-0.2838652849197388,-0.106095090508461,-0.033975496888160706,0.1442720592021942,0.12186457236308533,-0.03333900996777525,-0.23684699577797422,
-0.1402300238609314,-0.11467989683151246,-0.2433462142944336,-0.15096937119960785,-0.06719844043254852,0.2097192406654358,0.11146458234800256,-0.04168032591477608,-0.22448957709334946,
-0.08553304076194763,-0.0926975965499878,-0.19752038717269899,-0.20223522186279297,-0.014734160155057907,0.21304818987846375,0.10293523908356442,-0.048053094568251915,-0.21610578262582295,
-0.018491005897521975,-0.07572824954986573,-0.19745867252349855,-0.260292112827301,0.026677997782826424,0.2067231833934784,0.09268497445620263,-0.053804728307674236,-0.20610547295511342,
-0.05679873228073121,-0.07408325672149658,-0.0975476622581482,-0.33093494176864624,0.047850530594587326,0.24853017926216125,0.06433196032955049,-0.057793552519174125,-0.18479127042769697,
-0.0070852495729923255,-0.061174666881561285,0.0009186008945107461,-0.3155551850795746,0.03852946683764458,0.22549383342266083,0.045585806022902284,-0.05800277586555714,-0.1721738139738095,
0.06777029633522035,-0.004978976398706436,0.28243236541748046,-0.20090611279010773,-0.02811613865196705,0.1958661675453186,0.008631811511619517,-0.05577881380508447,-0.14820201989600656,
0.10147814750671387,0.0412058562040329,0.3314711093902588,-0.14011946320533752,-0.03570615127682686,0.17709088325500488,-0.005053495633295262,-0.05657803110610145,-0.13814150168630732,
0.12147667407989503,0.07355092763900757,0.3308642387390137,-0.12513917684555054,0.020286815240979195,0.17755693197250366,-0.015053081109929554,-0.05822710960642277,-0.12934352626340925,
0.21395702362060548,0.12694978713989258,0.4545280456542969,-0.05642961710691452,0.06702529639005661,0.13661083579063416,-0.03153081346997978,-0.0567344440980272,-0.11302254439703793,
0.26168336868286135,0.12576680183410646,0.5934841632843018,0.11507795751094818,0.04299025982618332,0.06077731028199196,-0.037081973422607085,-0.052651570781853646,-0.1065750815263896,
0.25101959705352783,0.15050565004348757,0.530830192565918,0.21115149557590485,0.06868977099657059,-0.013258565217256546,-0.03016456907933447,-0.04660966920395295,-0.10073387716312752,
0.209390664100647,0.12001937627792358,0.4550662994384766,0.28871607780456543,0.10224559903144836,-0.048944924026727676,-0.019854473945601605,-0.04343295885206946,-0.10106232277977528,
0.1663187384605408,0.06549947857856751,0.414784049987793,0.3726722300052643,0.11829114705324173,-0.06625547260046005,-0.006921997273991181,-0.03905657781164938,-0.10309842352230258,
0.12232205867767335,-0.029129725694656373,0.22967343330383302,0.4234054684638977,0.10317770391702652,-0.0701836347579956,0.028946989378051496,-0.027423280871064055,-0.10891865387416715,
0.1030735969543457,-0.05742343068122864,0.13181934356689454,0.44184786081314087,0.08992847800254822,-0.06971757858991623,0.05034420013708986,-0.02156967458473538,-0.11179724384806752,
0.07882270216941833,-0.06887497901916505,0.04924726188182831,0.43092888593673706,0.10717245191335678,-0.08316653966903687,0.07270017709339541,-0.016287094304106232,-0.11433230037086778,
0.07557011842727662,-0.08282224535942079,-0.0278551459312439,0.42134150862693787,0.11283166706562042,-0.0827670693397522,0.09209998122293338,-0.013991687134262076,-0.11643115271744194,
0.020216825604438785,-0.13301395177841188,-0.07723260521888733,0.4215412437915802,0.08659952878952026,-0.05620203912258148,0.13556535384921595,-0.0005847905906082445,-0.12022578997787466,
0.01867298036813736,-0.1560168981552124,-0.13157927989959717,0.3889175057411194,0.06482818722724915,-0.040755704045295715,0.15722548190803565,0.005328761089361264,-0.12097407563576737,
0.013955417275428773,-0.16820033788681032,-0.195689857006073,0.34064772725105286,0.05004763975739479,-0.028172269463539124,0.17820836508072221,0.010036699307675501,-0.12124796440047819,
-0.014723607897758485,-0.16647330522537232,-0.27756149768829347,0.2645478844642639,0.05064684897661209,-0.0038043437525629997,0.2146470217951263,0.01651586540923751,-0.12076593352885033,
-0.02976350784301758,-0.15918713808059692,-0.3008667707443238,0.20316201448440552,0.04325657710433006,0.013639361597597599,0.22939807736374185,0.018897712705269756,-0.11954198013744047,
-0.032509490847587585,-0.15525194406509402,-0.3380088806152344,0.13425318896770477,0.029674379155039787,0.02362711727619171,0.2418551746066068,0.020585877807621562,-0.11769587198123009,
-0.03989985287189484,-0.15131697654724122,-0.37423224449157716,0.06561022251844406,0.01516014989465475,0.04060477018356323,0.25839524401736164,0.02162871682939906,-0.11366895260366058,
-0.038166540861129764,-0.14334720373153687,-0.36936912536621097,0.01294621266424656,0.007436982821673155,0.053321365267038345,0.26267152542606725,0.020941657218105807,-0.1116942819019849,
-0.032616817951202394,-0.13721379041671752,-0.38539876937866213,-0.057294659316539764,0.007037508301436901,0.06210979446768761,0.26509888323418707,0.019567002186474284,-0.1097543621721646,
-0.01968035101890564,-0.0957676112651825,-0.4105207920074463,-0.15529899299144745,0.004707242362201214,0.07069848477840424,0.2621774002955228,0.015566506474676637,-0.10517460356842519,
-0.011520593613386155,-0.07285077571868896,-0.389490008354187,-0.2103598564863205,-0.01240356732159853,0.051323991268873215,0.2558499579532089,0.013206636276286491,-0.10252825955301172,
0.008836867660284043,-0.06679993271827699,-0.37105693817138674,-0.24977464973926544,-0.05488098785281181,0.039472926408052444,0.24695288221217612,0.010870738488039948,-0.10018480208068263,
-0.015587861835956575,-0.07877174019813538,-0.3095014572143555,-0.28040099143981934,-0.14303161203861237,0.04906030371785164,0.22304848026994792,0.004762992948738862,-0.0994444995929238,
0.0010784098878502846,-0.0766656517982483,-0.29119176864624025,-0.3637579083442688,-0.1395695060491562,0.043334510177373886,0.20914183823585958,-0.0015179140109170077,-0.1014376820127702,
0.02630273699760437,-0.0852779746055603,-0.3156960964202881,-0.47128304839134216,-0.09928920120000839,0.062043216079473495,0.19362012994641006,-0.009358492818463706,-0.1041335334960363,
-0.018443678319454194,-0.09451588392257691,-0.19543341398239136,-0.5765445232391357,-0.10042104125022888,0.11164459586143494,0.1497771738126248,-0.02215514285101809,-0.10539659213796056,
0.024324774742126465,-0.10341511964797974,-0.08439891338348389,-0.5832690000534058,-0.11373685300350189,0.09499983489513397,0.12145101555839517,-0.028809538494945663,-0.10267376878316081,
0.04551024436950684,-0.10632889270782471,0.11274187564849854,-0.46049726009368896,-0.16054190695285797,0.0795534998178482,0.08999626724021093,-0.035944725308670926,-0.09907719780222349,
0.03813548088073731,-0.0650270402431488,0.4215240001678467,-0.3257412910461426,-0.09476182609796524,0.08481323719024658,0.037769471413500434,-0.05199132906226619,-0.09342335181261845,
0.010365767031908037,-0.05194355845451355,0.43818335533142094,-0.2819322943687439,0.0003130268305540085,0.14653199911117554,0.018898812478027636,-0.05928344815729848,-0.09016332746005482,
-0.024103264510631564,-0.03702724575996399,0.46773843765258794,-0.2109590619802475,0.02041989378631115,0.19187231361865997,0.0021327308026682567,-0.062387602569136946,-0.08489768920590635,
0.07491466403007507,-0.000245664082467556,0.6414738655090333,-0.012686712667346,-0.036172281950712204,0.1468648910522461,-0.02549206675156396,-0.06037919307824228,-0.06694222840726406,
0.14294027090072634,0.03612424433231354,0.6421541213989258,0.10802106559276581,-0.04549334570765495,0.093934565782547,-0.030975393281853513,-0.060587083267470115,-0.05808458232479923,
0.13589361906051636,0.07253760099411011,0.5163901805877685,0.14916689693927765,0.012496989220380783,0.084946408867836,-0.0295132527536065,-0.06245153782665998,-0.0517156673962997,
0.1466371297836304,0.09762174487113953,0.3502708435058594,0.20096608996391296,0.09758487343788147,0.06430818885564804,-0.017559694924384493,-0.06252504066614874,-0.04248591945774333,
0.1441602110862732,0.07253441214561462,0.27950682640075686,0.2542293071746826,0.11116699874401093,0.03301604837179184,-0.008841724625647139,-0.05839854076022812,-0.03879242954742921,
0.11619738340377808,0.05041768550872803,0.20950069427490237,0.2782643437385559,0.10430935770273209,0.016903921961784363,0.002229945480550056,-0.05287157213485981,-0.036303461340197726,
0.08027098774909974,0.026831769943237306,0.04728520214557648,0.2687435448169708,0.09685250371694565,0.020299451425671577,0.029309305629111528,-0.042084071567090174,-0.03298082650628255,
0.07688277363777161,0.015750962495803832,-0.018941372632980347,0.23645269870758057,0.10364356637001038,0.0041873278096318245,0.0444579124180427,-0.042377095310229304,-0.0315682253252317,
0.0860482394695282,0.010588180273771286,-0.04758396446704865,0.24117982387542725,0.08373643457889557,-0.02264402061700821,0.05808218516088506,-0.04123290562320099,-0.03006690279273493,
0.08736649751663209,0.005948854982852936,-0.05931022167205811,0.2614864110946655,0.05271060764789581,-0.04388272762298584,0.08291782022143122,-0.03501486687007347,-0.029320493329600735,
0.09350462555885315,-0.0026155354455113414,-0.1166657567024231,0.24304403364658356,0.036398746073246,-0.065920390188694,0.09628666014816799,-0.031714622239046315,-0.030627658529974473,
0.08795296549797059,0.0009736187756061555,-0.16869219541549685,0.198835551738739,0.049248501658439636,-0.08389672636985779,0.10952853062375818,-0.028819547759635317,-0.03288239665217445,
0.08879307508468628,0.0008623464033007622,-0.20654637813568116,0.15689076483249664,0.054108768701553345,-0.09787832200527191,0.12145891849244485,-0.025637028216017602,-0.035606598016201634,
0.07232682704925537,-0.010546162724494934,-0.2358262300491333,0.1265307366847992,0.027876632288098335,-0.11192650347948074,0.13965329735046145,-0.017056270726386425,-0.042091823188060415,
0.06876447796821594,-0.022803550958633425,-0.2490602731704712,0.08964593708515167,0.011897665448486805,-0.13050204515457153,0.14663617413560306,-0.01291909923613995,-0.04614397379081494,
0.06211466193199158,-0.032896903157234196,-0.2906169652938843,0.022201385349035263,0.011964244768023491,-0.13942363858222961,0.15273140895939744,-0.009280388012890788,-0.051120347343868076,
0.011860727518796922,-0.06853761076927185,-0.3596951961517334,-0.07433820515871048,-0.01999368891119957,-0.13050204515457153,0.15807665526953935,-0.0016714216984627507,-0.06277372341904781,
-0.019462980329990387,-0.08004618883132936,-0.33946344852447513,-0.11654931306838989,-0.06366953253746033,-0.11099439114332199,0.1557918463602479,0.001519411712706138,-0.06901349026061294,
-0.012439005076885223,-0.08513793349266052,-0.32056918144226076,-0.1479080319404602,-0.0857737734913826,-0.10586781054735184,0.15119536643020384,0.002885420943989868,-0.0754327382296847,
0.028047919273376465,-0.10098942518234254,-0.3604514360427857,-0.2603600025177002,-0.09003482758998871,-0.10759886354207993,0.13744553713505617,0.0009271749683534288,-0.08872189708810431,
0.03936109840869904,-0.110101056098938,-0.3766685247421265,-0.36848434805870056,-0.09702562540769577,-0.07703909277915955,0.12663503405812787,-0.001113364211529905,-0.09563137481280921,
0.03412394523620606,-0.09734289050102235,-0.3553091049194336,-0.4252762496471405,-0.09449562430381775,-0.06778459995985031,0.11166683950142729,-0.003541450161754734,-0.10204394521050786,
0.09929863214492798,-0.05017000436782837,-0.18249548673629762,-0.4505116939544678,-0.08297712355852127,-0.13430078327655792,0.07104217878636714,-0.010661255931448989,-0.11179964732504132,
0.11896681785583496,-0.053435456752777104,-0.06817190051078796,-0.4163566529750824,-0.11679927259683609,-0.18696479499340057,0.048524389633128294,-0.01380455486686558,-0.11790065560479614,
0.08572660684585572,-0.07166892290115356,0.21492676734924318,-0.3037049472332001,-0.20621490478515625,-0.22345010936260223,0.004774571069992393,-0.025357912760779793,-0.13572955598070155,
0.060050398111343384,-0.060687828063964847,0.36645441055297856,-0.21395641565322876,-0.15488247573375702,-0.23676590621471405,-0.01234992919423441,-0.03468451167889524,-0.14713196423922897,
0.049226367473602296,-0.05880440473556519,0.4173252105712891,-0.226806178689003,-0.029980218037962914,-0.21972167491912842,-0.0246877692077165,-0.045762009696041245,-0.1588815698820118,
-0.09965482950210572,-0.062754625082016,0.4918726444244385,-0.14065290987491608,0.006505090277642012,-0.13649789988994598,-0.04328279615137915,-0.056766157814789,-0.18361963796303987,
-0.13514121770858764,-0.013999402523040771,0.6483380317687989,0.025861235335469246,-0.002216762863099575,-0.12251629680395126,-0.05155724132519528,-0.057566420135422666,-0.19200753883245467,
-0.1099218487739563,0.04635359942913056,0.6245566844940186,0.10009685158729553,-0.009274140000343323,-0.1256455034017563,-0.05404351145190278,-0.05851302684041304,-0.19830535962309423,
-0.08313225507736206,0.09270028471946717,0.41088004112243653,0.14370612800121307,0.05117962136864662,-0.13749657571315765,-0.04478292614780231,-0.06114539768460787,-0.21104187633092472,
-0.07789588570594788,0.06019879579544068,0.318039083480835,0.17186905443668365,0.09538809210062027,-0.11778918653726578,-0.03665578265021672,-0.06077809885386385,-0.21812939016624047,
-0.10521981716156006,0.016258110105991364,0.24529898166656494,0.2040267288684845,0.072684645652771,-0.0926888957619667,-0.027530681788667483,-0.057646138058197585,-0.22545126560724515,
-0.10368852615356446,-0.019741545617580417,0.12892074584960939,0.2515641450881958,0.02341616339981556,-0.09195652604103088,-0.006344160621742487,-0.049802918324497764,-0.23671356220195558,
-0.09433671236038209,-0.021080392599105838,0.06110488772392273,0.2552259862422943,0.008302723057568073,-0.09408705681562424,0.0064619712666616905,-0.04799750671032574,-0.241339006379146,
-0.10416607856750489,-0.018712881207466125,-0.017322637140750885,0.23451991379261017,0.0027766642160713673,-0.0739801898598671,0.01950509884594536,-0.04205981694779727,-0.2463048634172779,
-0.13899818658828736,-0.015955887734889984,-0.09385137557983399,0.2202054262161255,-0.0035483434330672026,-0.04881330952048302,0.045415518782383237,-0.04060717103244107,-0.2547667617583001,
-0.1381722092628479,-0.024430711567401887,-0.11198863983154297,0.20236223936080933,-0.013868093490600586,-0.027374863624572754,0.05706448267553552,-0.04019628871813843,-0.2576286578119588,
-0.1429613471031189,-0.029805681109428408,-0.15306395292282104,0.16061720252037048,-0.03404153510928154,-0.016256166622042656,0.06829374368074623,-0.04013078407214105,-0.259704479640159,
-0.13249361515045166,-0.04283784329891205,-0.19986029863357546,0.10868554562330246,-0.0458260253071785,-0.009065630845725536,0.08673180377402875,-0.04212805865565892,-0.2624240138482064,
-0.14931172132492065,-0.050006437301635745,-0.1980368733406067,0.08591628074645996,-0.05674511194229126,0.014837655238807201,0.09328642772955317,-0.044057907160303174,-0.2636076987508389,
-0.17197374105453492,-0.06154289245605469,-0.17955721616744996,0.06873888522386551,-0.06107274815440178,0.047394800931215286,0.09848134344764735,-0.04645155971689822,-0.26446965526638944,
-0.17900210618972778,-0.06925883293151856,-0.2044618606567383,0.007486181333661079,-0.03537324443459511,0.09579775482416153,0.106087779825223,-0.05321606697805488,-0.26327639091632243,
-0.16123197078704835,-0.06845120191574097,-0.22715373039245607,-0.05489836633205414,-0.006411365233361721,0.12828831374645233,0.10747295965918158,-0.057016111203722956,-0.2603863419552485,
-0.14341858625411988,-0.0773092269897461,-0.22104918956756592,-0.08039813488721848,-0.0032155716326087713,0.14160412549972534,0.10600520592645249,-0.05996712561307401,-0.25562021618979275,
-0.09507543444633484,-0.0760318398475647,-0.16728729009628296,-0.11208975315093994,-0.02112532965838909,0.13667728006839752,0.09649717951504622,-0.06476520855152967,-0.24245547395149397,
-0.1039920449256897,-0.07245483398437501,-0.1604457974433899,-0.12960004806518555,-0.04309641197323799,0.15199045836925507,0.09015160229309888,-0.06742819661628245,-0.23573647719104307,
-0.1328343152999878,-0.07754617333412171,-0.13167890310287475,-0.13399426639080048,-0.05002063140273094,0.18974076211452484,0.08271282967837905,-0.07054680832669552,-0.22923005135746688,
-0.10389964580535889,-0.053979706764221196,-0.0888174593448639,-0.21342304348945618,0.046119485050439835,0.21444158256053925,0.06543192150897431,-0.07900515454097097,-0.2130167903080759,
-0.09316731095314026,-0.04399551153182984,-0.0904768466949463,-0.2778715491294861,0.06542740762233734,0.24646608531475067,0.05427487263952004,-0.08110039510035508,-0.2023267256124009,
-0.0917469620704651,-0.046803542971611024,-0.013000640273094178,-0.26135993003845215,0.05850318446755409,0.26510822772979736,0.03967919416680448,-0.07999620640619103,-0.19048846014279472,
0.02176421731710434,-0.014429491758346558,0.30847289562225344,-0.17593905329704285,0.06409582495689392,0.2579842805862427,0.004660852757406853,-0.0729437694677695,-0.16359961708602228,
0.08931560516357423,-0.004190461337566376,0.4307929039001465,-0.09764210134744644,0.055640287697315216,0.23195186257362366,-0.009032108819861006,-0.06969262734917578,-0.15040280470376186,
0.15874060392379763,0.02789207696914673,0.5891562938690186,0.056088872253894806,0.04758422449231148,0.1888752281665802,-0.019996175785372494,-0.06589369722365379,-0.13813760216098955,
0.2258466720581055,0.07861146330833435,0.7572345733642578,0.18678349256515503,0.07341688871383667,0.14033912122249603,-0.026674185430275804,-0.06227151698984748,-0.12718242499209112,
0.31788353919982915,0.14946668148040773,0.677274227142334,0.3262665569782257,0.12042168527841568,0.05638297274708748,-0.01816950193999622,-0.05470914857244276,-0.11107237596596437,
0.313704514503479,0.12728502750396728,0.5656213760375977,0.42939746379852295,0.09924954921007156,-0.022912653163075447,-0.005082292213575769,-0.04895995401031278,-0.10659091224613207,
0.2561653137207031,0.01686169058084488,0.3109379053115845,0.523540198802948,0.04219132289290428,-0.0866953656077385,0.03436228476441141,-0.03772715438007239,-0.105106385073636,
0.17468512058258057,-0.03328729271888733,0.19505771398544314,0.5497058033943176,0.02281682938337326,-0.09681537747383118,0.05949197176810785,-0.03386011152885726,-0.10808904629965686,
0.12183194160461426,-0.07862226963043213,0.053467547893524175,0.5372561812400818,0.030406737700104713,-0.09188736975193024,0.08710326370626635,-0.031095646388044327,-0.1117632465433622,
0.0678471028804779,-0.10414280891418458,-0.056218796968460084,0.5012369155883789,0.06922231614589691,-0.08369814604520798,0.1132765543499166,-0.030937475948531277,-0.11538226731811503,
0.032677444815635684,-0.14046446084976197,-0.22318706512451172,0.4161488711833954,0.14605450630187988,-0.07151418179273605,0.16683044488394216,-0.02258100520377751,-0.12044993642690006,
0.022225464880466464,-0.1628561854362488,-0.2588910818099976,0.34497588872909546,0.13307160139083862,-0.0477454736828804,0.1896473978641781,-0.01532739146059186,-0.12038095314991316,
-0.02046778053045273,-0.18644261360168457,-0.2941701889038086,0.28305739164352417,0.050447024405002594,-0.025241762399673462,0.22739644193268388,-0.0002795947380910571,-0.11607626351243283,
-0.024725341796875,-0.18790416717529299,-0.3263211488723755,0.21095231175422668,-0.0022835663985460997,-0.024842288345098495,0.24322794677301246,0.004143678033875454,-0.11423580168948139,
-0.014999304711818696,-0.1659457325935364,-0.37345800399780277,0.11168298125267029,0.012496978044509888,-0.028370976448059082,0.267418867708107,0.007100587890371843,-0.11476589130184695,
-0.02476753890514374,-0.1615115284919739,-0.36996653079986574,0.032054461538791656,0.027410680428147316,-0.011726219207048416,0.27464016469712116,0.008370975377044931,-0.11557657225670666,
-0.03789176344871521,-0.1565951704978943,-0.3515636920928955,9.652892185840756e-05,0.010899080894887447,-0.0033372612670063972,0.27852879520446133,0.009946962159024238,-0.1154584615472514,
-0.045464062690734865,-0.15742563009262087,-0.32888469696044925,-0.041914839297533035,-0.03304307907819748,0.0013898499310016632,0.2800617117729688,0.01173894118149292,-0.11445138137233381,
-0.0538120448589325,-0.15057281255722046,-0.34704387187957764,-0.10296780616044998,-0.05048678442835808,0.01683618500828743,0.2789539339313249,0.011327223527906284,-0.11502019847058971,
-0.059227490425109865,-0.14361027479171753,-0.3655260562896729,-0.17960026860237122,-0.04176492989063263,0.034146733582019806,0.2760873187582321,0.009855796792504342,-0.11641060788774414,
-0.07816659808158875,-0.13284387588500976,-0.37045652866363527,-0.24957482516765594,-0.06540048122406006,0.05744939297437668,0.26177788662542845,0.0049262681039964175,-0.11828889108158486,
-0.0826391100883484,-0.13754962682724,-0.33160364627838135,-0.2744753956794739,-0.134908989071846,0.08021941781044006,0.25019216122939614,0.001546084054996125,-0.11821053265303422,
-0.06775797009468079,-0.1431547999382019,-0.29882349967956545,-0.3316667675971985,-0.14542847871780396,0.08800917118787766,0.23718535126080184,-0.003656556964126572,-0.11881807622937544,
-0.002061017043888569,-0.13312889337539674,-0.3333324909210205,-0.4769422113895416,-0.07498786598443985,0.07329520583152771,0.20657885311621801,-0.020013602884737705,-0.1214920147053061,
-0.03184349238872528,-0.15456786155700686,-0.28925836086273193,-0.5430551767349243,-0.0981573611497879,0.10978051275014877,0.18524570752731553,-0.026639931118863553,-0.12116110243951697,
-0.09303538203239442,-0.16758030652999878,-0.15370193719863892,-0.5445864796638489,-0.116799496114254,0.1604471504688263,0.1593083081082397,-0.03186190133703468,-0.11964262646813535,
-0.03460502922534943,-0.15127503871917725,0.1289585590362549,-0.5038397312164307,-0.06753107905387878,0.1732310950756073,0.10095640206201731,-0.04707235759281896,-0.11089032162651999,
-0.011655724048614502,-0.12006115913391113,0.24709763526916506,-0.4998449981212616,0.03080614283680916,0.16943609714508057,0.07366824970201098,-0.053465343195526704,-0.10367481622843029,
0.023130163550376892,-0.09370332956314087,0.3409732818603516,-0.4053027629852295,0.059368547052145004,0.15132659673690796,0.04668010115909005,-0.056946621519237274,-0.09508325322068538,
-0.020979350805282595,-0.028315964341163638,0.7471251010894776,-0.165218785405159,-0.044428158551454544,0.16697266697883606,-0.0025308371538035447,-0.05299886859131581,-0.07834750446855104,
0.018744710087776183,0.017287231981754303,0.787487268447876,-0.019344134256243706,-0.038169730454683304,0.15598712861537933,-0.016926884042633324,-0.05271338169819033,-0.07005995378576921,
0.09656292200088501,0.09046102166175843,0.7664675235748292,0.08764836937189102,0.045054055750370026,0.13488158583641052,-0.02448475138962598,-0.05496081558584554,-0.061369015329165125,
0.20905878543853762,0.19358661174774172,0.6311252593994141,0.20176482200622559,0.08939569443464279,0.07769018411636353,-0.024063649958861306,-0.05367553243970617,-0.04626835556946358,
0.25095970630645753,0.19463678598403933,0.5135539531707763,0.25642621517181396,0.10817097872495651,-0.006066229194402695,-0.017102222974198736,-0.049373506889400474,-0.04086547889913711,
0.2768352508544922,0.16936378479003908,0.3816380023956299,0.29311126470565796,0.12361731380224228,-0.05287128686904907,-0.006621939642129782,-0.04448380644272677,-0.0374422494706841,
0.15951690673828126,0.07696880102157594,0.13857613801956178,0.30802494287490845,0.14199312031269073,-0.06818446516990662,0.02149874510308795,-0.032570735196532724,-0.03883021593421887,
0.11548982858657837,0.03712847530841828,0.028738591074943545,0.278730183839798,0.12308467924594879,-0.06885025650262833,0.03734012974780005,-0.02532755860811255,-0.041052112838240305,
0.09244920015335084,0.005924545973539353,-0.07229081988334655,0.2312593311071396,0.09099359065294266,-0.06958262622356415,0.05397424815057749,-0.02189789796597169,-0.04318607548762954,
0.08152157664299012,-0.024370269477367403,-0.16285916566848757,0.1988353431224823,0.049315113574266434,-0.08695974946022034,0.0803918485292938,-0.009630683146064503,-0.04729293423477646,
