-0.1706971049308777,-0.0578787386417389,0.06977142691612244,0.21036894619464874,-0.011141159571707249,-0.03027217462658882,0.023359491941616187,-0.009873833277663509,-0.24806082276413224,
-0.155595600605011,-0.06042739152908325,0.0020182112231850627,0.21576184034347534,-0.04736015200614929,-0.00923320185393095,0.043772221933901685,-0.006150479649662661,-0.2512574611967276,
-0.1322770357131958,-0.05098599791526795,-0.013160951435565948,0.2148963212966919,-0.05055594444274902,0.004748393781483173,0.0505628417662348,0.004869688152153991,-0.25225621377099455,
-0.11803536415100098,-0.04376331567764283,-0.03941954374313355,0.21283236145973206,-0.053685158491134644,0.01267129834741354,0.05978482491808375,0.008053340440866431,-0.2527215995267272,
-0.11411458253860474,-0.06868075728416444,-0.08357703685760498,0.19785209000110626,-0.06633517146110535,0.04116712138056755,0.08160656514156638,0.00288138759596865,-0.2523920521554445,
-0.12128926515579225,-0.07850608825683594,-0.10862884521484376,0.1752150058746338,-0.06906488537788391,0.06826440244913101,0.09225549383346522,-0.0003832814016797497,-0.2516580819381099,
-0.12251664400100709,-0.09143366813659669,-0.13079408407211304,0.1529776155948639,-0.06267330050468445,0.09010232239961624,0.10222316128227149,-0.004299755310578527,-0.2502132060270887,
-0.1007745623588562,-0.09887658953666688,-0.1585149645805359,0.1138957217335701,-0.04150116443634033,0.10960997641086578,0.11924377617063267,-0.0132748020369362,-0.24488995563063148,
-0.08729687333106995,-0.09111728668212891,-0.17336539030075074,0.06256328523159027,-0.013005339540541172,0.11819867789745331,0.12593450244798202,-0.01774578147471497,-0.24115638410450177,
-0.07794240117073059,-0.09398581981658936,-0.18835982084274294,0.009965852834284306,0.023413389921188354,0.1272534281015396,0.13108578296307194,-0.02176836686986385,-0.2367208113885041,
-0.07950095534324647,-0.09304187297821045,-0.19287760257720948,-0.04589395225048065,0.05144315958023071,0.1517544984817505,0.13496544774979444,-0.026901745484611994,-0.22549855921296877,
-0.09426676034927368,-0.09427598118782043,-0.17526849508285525,-0.08178004622459412,0.06708922982215881,0.17545664310455322,0.13338568741180282,-0.027906320329268798,-0.21834298141054811,
-0.09310629963874817,-0.09069796800613404,-0.15345463752746583,-0.10501612722873688,0.062295541167259216,0.18717454373836517,0.1299594033047792,-0.028607002623189923,-0.20989908713135805,
-0.09201201796531677,-0.10467649698257447,-0.11392407417297364,-0.13031615316867828,0.02494470775127411,0.22312721610069275,0.11918609849900966,-0.02939127363621091,-0.19048180458741965,
-0.06628670692443848,-0.09744357466697694,-0.08197544217109681,-0.1454295963048935,0.020151017233729362,0.22732169926166534,0.11214354176393838,-0.030944922356816243,-0.17988953163917176,
-0.024858996272087097,-0.09040328860282898,-0.062286275625228885,-0.17865252494812012,0.05457237362861633,0.23857355117797852,0.10430894562783376,-0.033727152411791736,-0.16868975293771651,
-0.01902242749929428,-0.06845951676368714,-0.03990013897418976,-0.2188662588596344,0.11296217888593674,0.25754857063293457,0.08577527572593563,-0.03764554250260827,-0.14515655571077898,
0.006048321723937988,-0.05611838102340699,0.01411125659942627,-0.19729465246200562,0.0748123973608017,0.2397719770669937,0.07327282290304996,-0.036803012737836434,-0.13145979652362266,
0.02747291922569275,-0.053827095031738284,0.12329337596893311,-0.16487067937850952,-0.015934815630316734,0.22685565054416656,0.04887049877085799,-0.03145591973605119,-0.1044980246451478,
0.08836807608604431,-0.04065395593643189,0.14533562660217286,-0.12645457684993744,0.015157589688897133,0.18724112212657928,0.03829697906136443,-0.0319827816235847,-0.09223020742764085,
0.056993371248245245,-0.009290836751461029,0.19162846803665162,-0.08843794465065002,0.03546419367194176,0.20322009921073914,0.020750022740972884,-0.03440567710344347,-0.07189791357404095,
0.03848155736923218,-0.009385814517736436,0.18711315393447878,-0.0744563490152359,0.054106321185827255,0.21180878579616547,0.014403926737702119,-0.033392491203716915,-0.06305508936648181,
0.1338777184486389,0.025450557470321655,0.23390531539916992,-0.04309763386845589,0.06249528005719185,0.17665505409240723,0.003787772751460954,-0.029597802220028176,-0.04314424884578417,
0.1796372652053833,0.03765110671520233,0.28539586067199707,0.014160470105707645,0.061097096651792526,0.13091552257537842,-0.0003112451043232275,-0.026574177750290695,-0.03360920535987254,
0.1998862147331238,0.053117388486862184,0.34667766094207764,0.07900844514369965,0.07547816634178162,0.08431020379066467,-0.0028744421477875743,-0.023384561179121476,-0.025450973052432525,
0.21092026233673097,0.02930252552032471,0.4322245597839356,0.18606752157211304,0.06788815557956696,0.04522831737995148,-0.00035464045246151946,-0.016557786781782366,-0.013804824112444594,
0.1679908037185669,0.012517674267292023,0.42281432151794435,0.25584232807159424,0.07314790040254593,0.03371014446020126,0.005912295616678222,-0.012827758184316336,-0.010637961670220462,
0.15062973499298096,-0.007306179404258728,0.3579850196838379,0.2894647419452667,0.08459948748350143,0.01659933105111122,0.01583741217904511,-0.009450338060779963,-0.008277731460291449,
0.15761461257934573,-0.045535340905189514,0.22534255981445314,0.3331405818462372,0.07514526695013046,-0.005904379300773144,0.04268783134431273,-0.0019792120563330196,-0.004672960407252921,
0.14728975296020508,-0.06076271533966065,0.17472440004348755,0.3574419319629669,0.06482551991939545,-0.020152291283011436,0.058501304099263976,0.0021628447653763956,-0.0037389940027356913,
0.13336842060089113,-0.06681419610977173,0.1056333065032959,0.3585737943649292,0.06522499024868011,-0.02667703479528427,0.07586023566965637,0.005864717143517594,-0.003421996969567134,
0.08595836758613587,-0.07847282290458679,-0.014853812754154205,0.3399316668510437,0.08446633070707321,-0.025744929909706116,0.10734320844818102,0.0071518341150169015,-0.003988332754863362,
0.07679702639579773,-0.08967353701591492,-0.060685825347900395,0.323553204536438,0.07820790261030197,-0.022349398583173752,0.12521008701009698,0.011045181741051706,-0.003935569455191986,
0.05598496794700623,-0.09240402579307556,-0.09335550069808961,0.3030468821525574,0.042921021580696106,-0.020485185086727142,0.14243750851588485,0.015535699412211584,-0.0033415705747011594,
0.03595745861530304,-0.11282267570495606,-0.14317164421081544,0.2771476209163666,-0.009343515150249004,-0.02041860669851303,0.1748087361401545,0.022602352499927557,-0.0021084506008254462,
0.03462275266647339,-0.1207013726234436,-0.15098314285278322,0.26489707827568054,-0.0383719727396965,-0.028141774237155914,0.18956010395002873,0.024085020345724604,-0.00238769377703668,
0.030199691653251648,-0.12548958063125612,-0.166300630569458,0.2370004802942276,-0.02758616954088211,-0.028075195848941803,0.20354701553599439,0.024265335170858895,-0.003630785136458472,
0.01249089390039444,-0.12703744173049927,-0.23390257358551025,0.19325806200504303,-0.0034179817885160446,-0.020751502364873886,0.22941887332412914,0.023355521568102496,-0.007980128824413176,
-0.00508158951997757,-0.1223028063774109,-0.2491011142730713,0.14059405028820038,0.023679682984948158,-0.010098857805132866,0.2403971200992682,0.023567351453183595,-0.009631417619726553,
-0.015111212432384492,-0.12556616067886353,-0.27770798206329345,0.06389500200748444,0.017820728942751884,0.007744322530925274,0.24991179595126795,0.024243091418646563,-0.010351767499008782,
-0.039730277657508854,-0.14001152515411378,-0.31301813125610356,0.006104407832026482,-0.023524848744273186,0.020128019154071808,0.2617688869626327,0.02611242075943926,-0.009022205682906856,
-0.04599811434745789,-0.13848023414611818,-0.2836912155151367,-0.030447477474808693,-0.03930407762527466,0.03244514390826225,0.2634982718113724,0.025667234380214402,-0.008516271465613161,
-0.04558224380016327,-0.12905991077423096,-0.27622494697570804,-0.09869173914194107,-0.004150227177888155,0.04389531910419464,0.26359473256300164,0.02390165526352096,-0.008755205536493567,
-0.042141813039779666,-0.09149922728538513,-0.2944525957107544,-0.16586998105049133,0.022747699171304703,0.044827427715063095,0.25827111948951004,0.019309115599786524,-0.008285138855708456,
-0.03674593269824982,-0.07658515572547914,-0.2650985956192017,-0.2012234479188919,-0.001753382501192391,0.03211083263158798,0.2516936896046279,0.01799127304526424,-0.006150853248163281,
-0.03745299875736237,-0.07848633527755738,-0.24354939460754396,-0.23418006300926208,-0.033511579036712646,0.035972416400909424,0.24316437392237678,0.017258177486430465,-0.0037890134551202457,
-0.022390834987163544,-0.10297223329544068,-0.21766512393951418,-0.28025275468826294,-0.036041583865880966,0.03330925479531288,0.22192180533332556,0.014187015165780947,-0.0019223969563618938,
-0.003168170899152756,-0.09896891713142396,-0.20727427005767823,-0.3328501582145691,-0.02119445987045765,0.021724503487348557,0.20915922577289447,0.011369993433428588,-0.0017028643756459715,
-0.016888302564620972,-0.08944122791290283,-0.20995073318481447,-0.3997620940208435,-0.03451026603579521,0.03497372940182686,0.19487818155255168,0.008925742397597122,-0.0014406356570916047,
-0.01705714613199234,-0.0979566514492035,-0.12883617877960205,-0.43917688727378845,-0.03790579363703728,0.03211083263158798,0.15925838069926707,0.0053205187786537975,-0.0006653560694462929,
0.012467753887176514,-0.10716291666030885,-0.06012070178985596,-0.4539574384689331,-0.04443053901195526,0.024787139147520065,0.1378399429304895,0.00257125709642697,5.290865423346089e-05,
0.009656040370464325,-0.11141345500946045,0.011704277992248536,-0.4142097532749176,-0.08843927830457687,0.03577267751097679,0.11449892339872376,0.00015684997278434313,0.0007948746431783288,
0.007590804249048233,-0.09347384572029115,0.26586251258850097,-0.30621856451034546,-0.09423165023326874,0.04129873588681221,0.06788242439637376,-0.006421321436545887,0.0020133254827626166,
0.00879368782043457,-0.09091311097145081,0.29956440925598143,-0.2822501063346863,-0.06447082757949829,0.0628703385591507,0.0492468098083284,-0.011782704629913083,0.0030102344523253383,
0.004153760522603989,-0.07934923768043518,0.3146915912628174,-0.21167635917663574,-0.045229487121105194,0.06972797960042953,0.033479703157877114,-0.016752639651742236,0.004498559947265966,
0.02135024666786194,-0.0436091035604477,0.4845893383026123,-0.07572197169065475,-0.049024492502212524,0.0767187774181366,0.006121441828444133,-0.023275176735028897,0.010515788595246692,
0.003696177899837494,-0.019149307906627656,0.482091760635376,-0.003949783276766539,-0.05315239354968071,0.10601355135440826,-0.0020198013215844937,-0.025357655218515632,0.014022699266185788,
0.00237626601010561,0.0003518745768815279,0.4415425777435303,0.03819474205374718,-0.033378422260284424,0.11566750705242157,-0.006256510583220297,-0.027768627661552765,0.018008486660885916,
0.08660068511962891,0.054650652408599856,0.3636566877365113,0.09019296616315842,0.02134953998029232,0.09589353948831558,-0.0073147027144093825,-0.032493662402405574,0.028933475496309237,
0.13660460710525513,0.0672613501548767,0.3031308174133301,0.12248379737138748,0.06755538284778595,0.04456111043691635,-0.004710505898320409,-0.033029792941554795,0.03472823201408441,
0.16123147010803224,0.07063118219375611,0.24943501949310304,0.15131250023841858,0.09205646812915802,0.009607118554413319,-0.0004920208343221779,-0.031676469004313194,0.03944935455888836,
0.11746884584426881,0.053017681837081915,0.1619872570037842,0.1780107021331787,0.111231230199337,-0.004041581880301237,0.012218354096630468,-0.024308422836401757,0.04376815195623528,
0.0913283944129944,0.03524159789085388,0.10731236934661866,0.17927570641040802,0.10510595887899399,-0.011764749884605408,0.02052360132146495,-0.019118060551467447,0.0443529296088598,
0.09308711290359498,0.024239224195480347,0.05202558636665344,0.17508122324943542,0.08939331024885178,-0.023882132023572922,0.0295659489708367,-0.013448641028956508,0.04468825174981785,
0.09422518014907838,0.010817248374223709,-0.016511501371860506,0.16935542225837708,0.0654248595237732,-0.04232452064752579,0.04903863020185941,-0.011581760828042464,0.04442841075442085,
0.0919008493423462,0.010567337274551392,-0.041645741462707525,0.16269752383232117,0.04491851478815079,-0.06269770860671997,0.05831185437370184,-0.010307300591501084,0.043477911312680265,
0.09500645399093628,0.0121291421353817,-0.06880894303321838,0.14991435408592224,0.027408231049776077,-0.07987509667873383,0.06699206607535961,-0.006814114170226031,0.041921344721265304,
0.0899544894695282,-0.0015568844974040985,-0.12787774801254273,0.1039748266339302,0.02075032889842987,-0.09438932687044144,0.08332370560502171,-0.0011867151791425292,0.03633800823972683,
0.08057013154029846,-0.015291424095630647,-0.15305199623107912,0.06402740627527237,0.018486641347408295,-0.09352380037307739,0.09024566566256963,0.0011762726790236577,0.03235909850761318,
0.06854172945022584,-0.025454822182655337,-0.16053670644760132,0.03786184638738632,0.014758216217160225,-0.09592064470052719,0.09554671211124044,0.00360268902482255,0.028050441858843478,
0.059300005435943604,-0.03967162668704987,-0.1454957127571106,0.01768840104341507,-0.007079704664647579,-0.10324433445930481,0.10149268986908258,0.008273793077142799,0.01946817632707649,
0.05686120986938477,-0.04350601434707642,-0.13381890058517457,0.0046389116905629635,-0.016667084768414497,-0.11809146404266357,0.10288436442380236,0.01024255374284144,0.014867451333878753,
0.06716200709342957,-0.04744597673416138,-0.1295108437538147,-0.0173321682959795,-0.01680024340748787,-0.12281857430934906,0.10369383710012213,0.011668473120284488,0.00984984453107616,
0.047072634100914,-0.06439970135688781,-0.14545657634735107,-0.06114116683602333,-0.0031515422742813826,-0.11369724571704865,0.10332423479281799,0.013956307721008412,-0.0020127781363674067,
0.0369238555431366,-0.06464418768882751,-0.13458452224731446,-0.07159407436847687,-0.008544444106519222,-0.11010197550058365,0.10129604309378486,0.015324057486915704,-0.008014593008551825,
0.035588794946670534,-0.05932716727256775,-0.10647627115249635,-0.07365801930427551,-0.03524263575673103,-0.10783828794956207,0.09797160411254405,0.01696761114856061,-0.013655973508505387,
0.037442469596862794,-0.0483076274394989,-0.06607881784439087,-0.06799880415201187,-0.07645504921674728,-0.14192675054073334,0.08999862287170514,0.01875993261688746,-0.02476209010926264,
0.04288464486598969,-0.040761858224868774,-0.04955439567565918,-0.06946354359388351,-0.09662850201129913,-0.15344493091106415,0.08585422506485094,0.01794344146401741,-0.03124810635984332,
0.028351035714149476,-0.043599253892898565,-0.04571185410022736,-0.0813811868429184,-0.09889218211174011,-0.15084834396839142,0.0819038200696098,0.016213782466718486,-0.03906000402252666,
0.006943515688180924,-0.04807335436344147,-0.05997645854949951,-0.10501674562692642,-0.09176822751760483,-0.14205990731716156,0.07389155501593522,0.010561333994839115,-0.05640472219241938,
-0.005148230865597726,-0.052651047706604004,-0.04729274511337281,-0.10987701267004013,-0.10821324586868286,-0.12568145990371704,0.06890518380547797,0.007532470318523268,-0.06489373633638083,
0.00802028551697731,-0.027504271268844607,-0.01667032837867737,-0.1271209865808487,-0.1018216609954834,-0.14612123370170593,0.05764132169505753,0.0003020332261721887,-0.08024907883331112,
0.03579264283180237,-0.028079718351364136,-0.02403341680765152,-0.14496417343616486,-0.0747905746102333,-0.15897098183631897,0.0519608901323308,-0.004289229954646991,-0.08780247459047547,
0.03219113051891327,-0.0241803914308548,-0.0014425531029701234,-0.14136889576911926,-0.06533635407686234,-0.1513143926858902,0.045566650242041304,-0.008299051294933477,-0.09606347290224031,
0.011358600109815598,-0.035556620359420775,0.03907585144042969,-0.12738730013370514,-0.06979715079069138,-0.14811860024929047,0.03852592383754927,-0.01126959234366044,-0.10474122676700783,
0.014541979134082795,-0.025108182430267335,0.08574253916740418,-0.11520333588123322,-0.06307266652584076,-0.16469678282737732,0.025148929995232754,-0.0167307377850073,-0.12097554774699294,
0.015202219784259797,-0.017955482006072998,0.10602982044219972,-0.1121407002210617,-0.07019662111997604,-0.18879838287830353,0.01921402238981492,-0.019589561937689858,-0.1290049551961926,
0.003248904645442963,-0.007958868145942688,0.11307159662246705,-0.0946969985961914,-0.07945110648870468,-0.2132328897714615,0.013967823703437215,-0.022436481203719293,-0.13765985448252652,
-0.020231762528419496,-0.015847800672054293,0.1990816593170166,-0.05721300467848778,-0.0494905449450016,-0.21842606365680695,0.004521175891768856,-0.02926694437968995,-0.15755734066484886,
-0.06544511914253236,0.0016553871333599092,0.21493346691131593,-0.049489837139844894,0.04505167528986931,-0.18946418166160583,0.0016756909582404168,-0.033054802105686794,-0.16867839733077775,
-0.11334526538848877,0.0019553398713469507,0.2130746364593506,-0.030847711488604546,0.07760881632566452,-0.16289915144443512,-1.7297586310735474e-05,-0.03495060933771876,-0.1797585271781817,
-0.14775124788284302,-0.029870152473449707,0.2610779285430908,0.04045842960476875,0.049112994223833084,-0.1465872824192047,-0.002717318059927473,-0.030235850337629013,-0.1987686466532208,
-0.13171050548553467,-0.05848506689071656,0.2787626743316651,0.09838218986988068,0.03013797104358673,-0.14079490303993225,-0.0024584196884747844,-0.026713070998469254,-0.20660623151703697,
-0.12983883619308473,-0.062076449394226074,0.24567983150482178,0.12002037465572357,0.039059560745954514,-0.11955619603395462,0.0002821585334096142,-0.024269548089070888,-0.2138901871706088,
-0.15401849746704102,-0.0580597996711731,0.1319674253463745,0.12328274548053741,0.06735564768314362,-0.06875640153884888,0.01168718066426391,-0.020637552723680334,-0.2268520064987719,
-0.15429036617279054,-0.051170927286148075,0.10104541778564453,0.13859590888023376,0.05557116121053696,-0.04438847303390503,0.01817006886454376,-0.017862331998997776,-0.23152433289894303,
-0.13930673599243165,-0.04570860862731934,0.0897812306880951,0.16482804715633392,0.014625058509409428,-0.04685189574956894,0.024617648218610313,-0.01427228650620477,-0.23435846919130915,
-0.11493883132934571,-0.03766891658306122,0.04950771033763886,0.18919597566127777,-0.033511579036712646,-0.04631926491856575,0.03953244614859391,-0.009258751264796023,-0.2376793304112933,
-0.12139254808425903,-0.041726854443550114,0.014984466135501862,0.18440257012844086,-0.03497636318206787,-0.03366873413324356,0.04832917357231451,-0.008497390946015463,-0.23977241989277134,
-0.12280771732330323,-0.04555732011795044,-0.02356466054916382,0.17241834104061127,-0.03171398863196373,-0.006437912117689848,0.05528212049439192,-0.0007371810181220704,-0.2421722591618439,
-0.15709244012832643,-0.08151273727416992,-0.0770585596561432,0.14585331082344055,-0.04249979183077812,0.04296372830867767,0.07367691858417218,-0.002911251314397257,-0.24495823321041027,
-0.15779227018356323,-0.098184072971344,-0.09516230821609498,0.12714460492134094,-0.03657425940036774,0.07325717806816101,0.0820982909700504,-0.004784568456412407,-0.24453025731001923,
-0.14784784317016603,-0.10834174156188965,-0.10908814668655396,0.10770352184772491,-0.02166055701673031,0.0924319475889206,0.08961317730202964,-0.007403560798844471,-0.24277326101554145,
-0.1424269676208496,-0.11967772245407104,-0.13954895734786987,0.06888794898986816,0.0007765756454318762,0.13024884462356567,0.10216401524842912,-0.012976416002517524,-0.23661825757463245,
-0.1427999496459961,-0.11472160816192628,-0.14399864673614501,0.041390810161828995,0.01955186203122139,0.16147440671920776,0.10672762837752751,-0.015367492585729833,-0.2317519090506493,
-0.1370113253593445,-0.10876544713974,-0.14379565715789797,0.01728920266032219,0.023746339604258537,0.17632152140140533,0.10993855583019976,-0.017587836976671944,-0.2254629166539138,
-0.11442794799804688,-0.09880495071411133,-0.14483946561813354,-0.024322690442204475,0.030004769563674927,0.18471048772335052,0.11289629948616701,-0.02152875381565048,-0.20925183811611175,
-0.09383397102355957,-0.09397830963134766,-0.14777511358261108,-0.04982245713472366,0.03779451549053192,0.18843890726566315,0.11248899628584,-0.023577463941399368,-0.20015031723735216,
-0.0828199565410614,-0.08246456384658814,-0.1286675810813904,-0.05894378572702408,0.02394607663154602,0.20248708128929138,0.11051024543812012,-0.025403624386468215,-0.1907850234017124,
-0.10416048765182495,-0.09567250609397888,-0.11043349504470826,-0.0813809186220169,-0.013737652450799942,0.2446981966495514,0.10380632371351158,-0.0285200165971025,-0.17125594856115806,
-0.08302085399627686,-0.0892017662525177,-0.09888558387756348,-0.1108088493347168,0.00889921747148037,0.23770739138126373,0.09950484192081095,-0.03160125799191238,-0.1605752579051045,
-0.02366357296705246,-0.07703070044517518,-0.0912653148174286,-0.13897177577018738,0.023746339604258537,0.22945159673690796,0.09424930345662488,-0.035859249369753814,-0.14892976850318743,
0.0009539300575852395,-0.05624471306800843,-0.0416830450296402,-0.16393890976905823,0.029272399842739105,0.24150238931179047,0.0797587337514289,-0.041460588888212996,-0.12522494702401044,
0.014409473538398743,-0.048919609189033514,0.002785305865108967,-0.1680668145418167,0.039259254932403564,0.23524396121501923,0.07040460600833472,-0.04304994744819846,-0.11325933378658547,
0.040819677710533145,-0.04468010067939759,0.05643662214279175,-0.16460469365119934,0.05084400624036789,0.22412526607513428,0.06034034495240599,-0.044130961852943774,-0.10084343235331636,
0.07013481259346009,-0.021392889320850372,0.15894091129302979,-0.12392491847276688,0.0406574122607708,0.20894524455070496,0.03994634814467302,-0.04373443934831251,-0.07700182381730261,
0.08047673106193542,-0.015521417558193208,0.21251387596130372,-0.08810540288686752,0.04565083980560303,0.20295313000679016,0.03057139328373419,-0.04240784614079136,-0.06618843955480792,
0.1073907494544983,0.00027817497029900554,0.2353446960449219,-0.056147605180740356,0.06815457344055176,0.1875065267086029,0.02281578372634834,-0.041161691964077464,-0.055963845994762416,
0.15336244106292726,0.023825167119503023,0.2726814031600952,-0.021593088284134865,0.08360090851783752,0.16839835047721863,0.011908318481278768,-0.036974312841363315,-0.03683168434166409,
0.17788673639297486,0.03919998407363892,0.29917240142822266,0.035265401005744934,0.08712960034608841,0.13078120350837708,0.00852409590616119,-0.03337578747444271,-0.028023969311932483,
0.22120535373687744,0.03626373708248139,0.34321720600128175,0.11582602560520172,0.07241563498973846,0.0810466781258583,0.006827779896433258,-0.029260033164370595,-0.019889121397197902,
0.219759202003479,0.04355215430259705,0.37068650722503665,0.15131263434886932,0.0563700869679451,0.04256399720907211,0.007681957255547819,-0.024966810402055624,-0.012848367926268148,
0.16319087743759156,0.022395922243595125,0.2954322338104248,0.20877034962177277,0.05830087885260582,0.013002906925976276,0.018776881726659707,-0.018066241535398327,-0.004587767289499962,
0.12348399162292481,0.0005773609969764948,0.28991973400115967,0.25617462396621704,0.06908667832612991,0.020126860588788986,0.02705197649019963,-0.015409445504793336,-0.002905893019126656,
0.08594818711280823,-0.025633811950683594,0.25948233604431153,0.27308568358421326,0.07734248042106628,0.016797911375761032,0.0372871979643782,-0.012604256008970515,-0.0018881634928778763,
0.09193156957626343,-0.05094292163848877,0.14894614219665528,0.2931925654411316,0.07993905991315842,-0.0020439540967345238,0.06299601447889125,-0.005923961952716635,0.0011519213345892688,
0.09996008276939393,-0.05506868362426758,0.11105238199234009,0.30444440245628357,0.08479933440685272,-0.021684767678380013,0.07724280998904634,-0.0021105600979501263,0.002626556791824915,
0.09570043683052064,-0.05925788283348084,0.06641862988471985,0.32361915707588196,0.07714274525642395,-0.02774345874786377,0.09211045204007624,0.0018900689324949384,0.0036238393387302086,
0.040450990200042725,-0.07498444318771362,-0.0026915451511740685,0.3304768204689026,0.06609062850475311,-0.01908818632364273,0.1176909175577054,0.006337370967119714,0.004294272036930064,
0.030474573373794556,-0.0967158317565918,-0.05861303210258484,0.3190252184867859,0.03779453784227371,-0.015492917969822884,0.1344019064987467,0.01032523131986874,0.004568544231353242,
0.027142012119293214,-0.10483378171920776,-0.10841994285583496,0.3046441376209259,0.00024396587105002254,-0.023149505257606506,0.15126248278472812,0.013785620689626894,0.0050857516128885215,
0.03538639545440674,-0.11212525367736817,-0.1846015453338623,0.2638311982154846,-0.04502977430820465,-0.04671848192811012,0.1836271973064432,0.017639594479783548,0.005317082406573566,
0.030071237683296205,-0.11267235279083253,-0.22801287174224855,0.20217901468276978,-0.017599213868379593,-0.03926163166761398,0.19857525454626523,0.017858252576098542,0.003594594633118299,
0.00064060278236866,-0.11730811595916749,-0.26850285530090334,0.12747734785079956,0.033533480018377304,-0.009101331233978271,0.21212036633243123,0.017544589289647902,0.0005142340444936149,
-0.03854922056198121,-0.13271926641464235,-0.32018280029296875,0.047316208481788635,0.024145836010575294,0.014933698810636997,0.23179199129411485,0.018856791178836794,-0.0028381319434626247,
-0.03614371716976166,-0.13705214262008666,-0.30087716579437257,0.01808636076748371,-0.04130107909440994,0.014065083116292953,0.2370583242527929,0.02050651949460946,-0.0013334675550991746,
-0.015361520648002626,-0.1233033299446106,-0.27564773559570316,-0.03317949175834656,-0.03817186504602432,0.014930611476302147,0.24152476323410474,0.02023764678751017,0.0003356525477266972,
-0.01113460883498192,-0.10794663429260254,-0.2871324300765991,-0.10947906225919724,0.01142951287329197,0.031775105744600296,0.2416612582086339,0.017760609089578563,-0.0011420646394368658,
-0.02257145196199417,-0.09607803821563721,-0.3085293531417847,-0.14616408944129944,0.010763722471892834,0.034171950072050095,0.24000723150006353,0.015768982576054073,-0.0019898467269638016,
-0.011854455620050431,-0.059672182798385626,-0.24645607471466066,-0.18591177463531494,-0.018930524587631226,0.010536395013332367,0.2290710483298807,0.014193511611188949,0.0008091258466816637,
0.00637584924697876,-0.06432182788848877,-0.23806555271148683,-0.21687102317810059,-0.053351882845163345,0.003079543821513653,0.22113537427554905,0.013297753046418927,0.002065769835927098,
-0.016350248456001283,-0.07230855226516723,-0.2195192575454712,-0.23950789868831635,-0.092766672372818,0.01632877066731453,0.21174279404472504,0.012225997009655716,0.001964835343984501,
-0.03659316897392273,-0.0944065809249878,-0.17567007541656496,-0.3107474446296692,-0.055948466062545776,0.03583642467856407,0.18938279716856912,0.007008693551995489,-0.0010093916977499224,
-0.02262098342180252,-0.10186123847961426,-0.18581500053405764,-0.3741972744464874,-0.010807882994413376,0.03896563872694969,0.17628065298763346,0.0024487685090798387,-0.0025023676214492715,
-0.03110504448413849,-0.09901394844055177,-0.16603538990020753,-0.3885117471218109,-0.06913111358880997,0.05254776030778885,0.16061591324478777,-0.0010185287908901501,-0.0024979757762385664,
-0.02851608991622925,-0.10689738988876343,-0.010761442780494691,-0.3728656768798828,-0.11633564531803131,0.044891174882650375,0.12274638674669176,-0.005114091103710939,0.00021534022242140812,
0.012648501992225648,-0.10008947849273682,0.04461010694503784,-0.35129407048225403,-0.10015694051980972,0.03563668951392174,0.09718515724277757,-0.010148181567012684,0.0015045066222469927,
0.0014096866361796856,-0.09808229804039002,0.10209864377975464,-0.3106808662414551,-0.0952300950884819,0.06000461056828499,0.07809469525838816,-0.016411116372169528,0.0021264031651626503,
-0.018548773229122163,-0.07016355395317078,0.25570771694183353,-0.2463655322790146,-0.06380479037761688,0.062468040734529495,0.0428170442579281,-0.027266986755684796,0.004222481982273192,
0.00396433062851429,-0.058150410652160645,0.3104594707489014,-0.18591177463531494,-0.04409739747643471,0.06899277865886688,0.027701266549115217,-0.032072422134287674,0.006952329976793613,
-0.002467894181609154,-0.04160627126693726,0.34612154960632324,-0.11986538767814636,-0.028717640787363052,0.0829077959060669,0.01498249134120374,-0.03546606412270314,0.009954895159982869,
0.002829447761178017,0.0015996284782886505,0.3968432664871216,-0.06160873919725418,0.010430826805531979,0.09402649104595184,-0.003763552573922478,-0.03988006496164572,0.017220816039222896,
0.017779383063316345,0.027621498703956606,0.37741990089416505,-0.010342883877456188,0.03439927473664284,0.08397306501865387,-0.009373680373202888,-0.040781100664140604,0.021731333590785183,
0.052919781208038336,0.051998770236969,0.36287477016448977,0.047780606895685196,0.021150050684809685,0.069059357047081,-0.01302627525460331,-0.04007958203184933,0.026478818332851657,
0.09067654013633729,0.08527111411094666,0.3312323808670044,0.10291052609682083,0.03366650268435478,0.04702633246779442,-0.014210946955160994,-0.03658612693018223,0.0347741817116552,
0.11195048093795777,0.08873104453086854,0.2790457010269165,0.12488160282373428,0.06901996582746506,0.017332088202238083,-0.011226844389604107,-0.03544818782345433,0.037981453301544836,
0.12332823276519776,0.08349124789237977,0.2192455530166626,0.1471855789422989,0.07800813764333725,-0.0073021529242396355,-0.006402772714102391,-0.03377378494909705,0.04037939739059553,
0.10935133695602417,0.06047737002372742,0.1408443808555603,0.15777164697647095,0.0807378739118576,-0.024612702429294586,0.006361312503225609,-0.027010232537086624,0.042031019539966824,
0.09451588988304138,0.04160386621952057,0.08960008025169373,0.1586371660232544,0.08679656684398651,-0.03499902784824371,0.014194431655580177,-0.0230443108382715,0.04151325596060668,
0.08857538104057312,0.03232782185077667,0.05137004852294922,0.16802480816841125,0.07800813764333725,-0.04505246505141258,0.02228898852653816,-0.018908570541157983,0.04056652007108805,
0.09067274928092957,0.018229612708091737,0.002153623476624489,0.16875718533992767,0.061429958790540695,-0.07015275210142136,0.03894659944597747,-0.011033356286173409,0.03774941714348875,
0.08276072144508362,0.012708576023578645,-0.03287903070449829,0.15723900496959686,0.03925914317369461,-0.08000645041465759,0.04895127272182184,-0.013259089594075776,0.03534138419379597,
0.06943795680999756,0.003784264624118805,-0.06708221435546875,0.14072741568088531,0.032002028077840805,-0.07740987092256546,0.05768002240852464,-0.009704427508155998,0.03243865155651954,
0.05365743637084961,-0.016626642644405366,-0.12487314939498902,0.09951499104499817,0.03732835128903389,-0.06908749043941498,0.07378559465163723,-0.003966577560311921,0.02541711605110769,
0.06016171574592591,-0.026404765248298646,-0.14735180139541626,0.07008706033229828,0.028140444308519363,-0.08053908497095108,0.08048190214583137,-0.0014136906962869233,0.022139184153256115,
0.08290234804153443,-0.029956138134002688,-0.1536687970161438,0.057437047362327576,0.005436995532363653,-0.104707270860672,0.0856959871629923,0.00134418619559359,0.019243380817631422,
0.1043446183204651,-0.033009284734725954,-0.150253164768219,0.045452821999788284,-0.030449099838733673,-0.12914177775382996,0.09270296742610334,0.0061456904749449415,0.01170156584322402,
0.09404457807540895,-0.038817548751831056,-0.15704134702682496,-0.010007510893046856,-0.01114118192344904,-0.12601256370544434,0.09536699056597875,0.007651890271202164,0.006113101231138924,
0.07592073082923889,-0.044922959804534916,-0.19307552576065065,-0.054748617112636566,0.005903048440814018,-0.11948781460523605,0.09763533334807216,0.008345700711718626,-0.00048076364723831,
0.044453141093254094,-0.059685212373733525,-0.2009288787841797,-0.07565443217754364,-0.018598033115267754,-0.12414834648370743,0.09686236979990859,0.01092725094964232,-0.013285510436911195,
0.044496271014213565,-0.06187725067138672,-0.16900154352188113,-0.10261894017457962,-0.058012817054986954,-0.1433231085538864,0.09348887414134109,0.012919171176671218,-0.01894895462209421,
0.05673943161964417,-0.06139633059501648,-0.16543573141098022,-0.11267237365245819,-0.08990417420864105,-0.15211154520511627,0.08948774730150277,0.01404548530536875,-0.02503263460691672,
0.029360902309417725,-0.0605688214302063,-0.11991995573043823,-0.14130134880542755,-0.11220815032720566,-0.14006073772907257,0.07878034040467641,0.012429869824595631,-0.04035492583770651,
0.004001962766051292,-0.058226567506790165,-0.10983043909072876,-0.17692023515701294,-0.10295381397008896,-0.12194956839084625,0.07257126762250533,0.009341047836811903,-0.049046927544130314,
0.004236162081360817,-0.05104538202285767,-0.040621602535247804,-0.18770603835582733,-0.086309053003788,-0.12447956949472427,0.05716118542588955,0.0012588053375786083,-0.06499855957313048,
0.029585409164428714,-0.046675664186477665,0.0059501901268959045,-0.16486944258213043,-0.0797177329659462,-0.16183041036128998,0.04770708412365262,-0.002918385037075684,-0.0720624071109887,
0.048647221922874455,-0.030068162083625796,0.06721413731575013,-0.13111387193202972,-0.08411194384098053,-0.18866175413131714,0.038260333282452104,-0.00643845678444081,-0.07930894994549458,
0.01947370320558548,-0.02113490253686905,0.12518823146820068,-0.11007489264011383,-0.06879877299070358,-0.18966044485569,0.022368326005985456,-0.01311824346951107,-0.09759198162639844,
-0.01255178302526474,-0.026730337738990785,0.11984926462173462,-0.1111401617527008,-0.040569256991147995,-0.16282910108566284,0.016562761743903715,-0.016758534489677242,-0.10815679879708363,
-0.07319749593734741,-0.028426414728164675,0.11488795280456543,-0.07385590672492981,-0.06333929300308228,-0.1396595984697342,0.006517098547893083,-0.022508017568446493,-0.1283481846974253,
-0.07457091808319093,-0.00459301806986332,0.13905547857284548,-0.06666536629199982,-0.07186140865087509,-0.15257592499256134,0.0017370125754699213,-0.024520485116483057,-0.13638806576243395,
-0.047466108202934267,0.014735835790634156,0.12084106206893921,-0.09562724828720093,-0.02605503238737583,-0.18140465021133423,-0.0017022098116304884,-0.02755355164082,-0.14362227645831993,
-0.025440794229507447,-0.010262604802846909,0.1063442349433899,-0.06619931757450104,-0.01180711854249239,-0.15876777470111847,-0.007403162128680193,-0.03455023976530733,-0.1593917796620694,
-0.08289579749107362,-0.010984106361865998,0.17604130506515503,-0.017596624791622162,-0.017932390794157982,-0.1632285714149475,-0.011296882080228755,-0.03559052916936814,-0.1685602418009191,
-0.08477566242218018,-0.003270896524190903,0.21449985504150393,-0.010406089946627617,0.0032397413160651922,-0.18826228380203247,-0.0142409577196344,-0.036350904673288914,-0.17689655879115418,
-0.077224600315094,-0.004010407999157905,0.17273200750350953,0.016158942133188248,0.03033740445971489,-0.1648930460214615,-0.014666489640843237,-0.03858980302814366,-0.19382269440590164,
-0.12354497909545899,-0.026158043742179872,0.1939824938774109,0.05490793660283089,0.038926102221012115,-0.13819485902786255,-0.013931356562549074,-0.03852046536551424,-0.2035811073458205,
-0.15399352312088013,-0.06735001802444458,0.21374428272247314,0.09751851856708527,0.035796888172626495,-0.09352032095193863,-0.010109917674385108,-0.03628021329746052,-0.2203514163796354,
-0.15884015560150147,-0.07652198672294618,0.18570920228958132,0.11203274130821228,0.046316374093294144,-0.06096317991614342,-0.00595352686270291,-0.03447664098714459,-0.22674312555909362,
-0.15623794794082643,-0.06469025015830994,0.14787896871566772,0.12867750227451324,0.05723533406853676,-0.0524410642683506,-0.0006011866137006688,-0.0326888038926095,-0.23143962714788818,
-0.13038620948791504,-0.03923877179622651,0.09992560148239137,0.16423070430755615,0.025477135553956032,-0.04418526217341423,0.01150301352272443,-0.027870885333412945,-0.2372102701953713,
-0.140756094455719,-0.03289497792720795,0.07857852578163148,0.17827874422073364,0.005769766867160797,-0.03013734519481659,0.018663265016696948,-0.02509978263739403,-0.2393245665631951,
-0.1471637010574341,-0.03246153593063355,0.04306544959545136,0.1744171530008316,-0.011673938482999802,-0.014757588505744934,0.026918198642570237,-0.02329962831675789,-0.24129754511355223,
-0.14014462232589722,-0.049994707107543945,-0.03637731671333313,0.163498193025589,-0.03537607192993164,0.018332187086343765,0.04190808381558801,-0.010426968160338945,-0.24341540997213756,
-0.1520670294761658,-0.054654407501220706,-0.04987762272357941,0.15237949788570404,-0.030116330832242966,0.04483064264059067,0.05048551256638477,-0.010519395509931211,-0.2436073048702911,
-0.1463814616203308,-0.06038194298744202,-0.06648017168045044,0.13939659297466278,-0.02292579598724842,0.06686829775571823,0.05891146337811037,-0.01220647589718573,-0.24289266464526543,
-0.13098561763763428,-0.05517814159393311,-0.0927406668663025,0.11935630440711975,-0.008611302822828293,0.08304700255393982,0.07430682810987398,-0.01619515402684214,-0.23881428101137228,
-0.10585145950317383,-0.05945152640342713,-0.10552133321762086,0.09532127529382706,0.00343950092792511,0.09895939379930496,0.08106627918403568,-0.018107025582874657,-0.23547321634936738,
-0.0978053629398346,-0.06723381280899048,-0.12196050882339478,0.057371221482753754,0.01848636008799076,0.11387309432029724,0.08709110647105053,-0.019714561794531165,-0.23154678254200142,
-0.09056161642074585,-0.08638079762458802,-0.1612967848777771,0.007237214595079422,0.039392177015542984,0.1335139125585556,0.09604911513353748,-0.022307098368217565,-0.2217629538391968,
