-0.006658829748630524,-0.5192271709442139,-0.2620548963546753,-0.9453104734420776,-0.14429911971092224,0.00681118480861187,0.17047520355889054,0.0006627629861428996,-0.1955175633011334,
-0.025211027264595034,-0.4925665855407715,0.11817007064819336,-0.8381181955337524,-0.19057154655456543,-0.0021769837476313114,0.12462352228397573,-0.004243437194792034,-0.19727827665061323,
-0.18383965492248536,-0.3973558425903321,1.4260009765625001,-0.43611404299736023,-0.2397068738937378,0.15734636783599854,0.03700292063718317,-0.02210334747124392,-0.20066978955495698,
-0.13695614337921144,-0.27972528934478763,1.5536991119384767,-0.21620352566242218,-0.0736587643623352,0.24776069819927216,0.010485628532337813,-0.03457670835109559,-0.19544536234959597,
0.04951200485229493,-0.04690017998218537,1.7864984512329103,0.13859590888023376,0.04565088450908661,0.18910416960716248,-0.00867035637311392,-0.043476536596385826,-0.18378285233575828,
0.30996427536010746,0.3039951801300049,1.3209884643554688,0.38300755620002747,0.14758338034152985,0.05055322125554085,-0.009159420043816183,-0.04189669949551162,-0.16105761736459695,
0.3491113901138306,0.296370267868042,0.8005602836608887,0.4633018374443054,0.12314887344837189,-0.06129954382777214,0.007643720210669684,-0.03558782376980543,-0.1552038991994649,
0.266855525970459,0.18968915939331055,0.44823937416076665,0.4777494966983795,0.10670385509729385,-0.10324433445930481,0.028939008903552492,-0.028278303828119213,-0.1539149208708435,
0.06083564162254334,-0.06464946269989014,-0.13442151546478273,0.3969891369342804,0.09398726373910904,-0.09858380258083344,0.0774677183262912,-0.017402282438834092,-0.15861897443165554,
0.017152543365955352,-0.13476815223693847,-0.28589744567871095,0.328279584646225,0.05250852555036545,-0.08506826311349869,0.09899888345102414,-0.01105434839318974,-0.16127858949280136,
-0.004591420292854309,-0.16457556486129762,-0.357477068901062,0.2632984519004822,0.021083224564790726,-0.07148613780736923,0.11730588034896873,-0.006077510649608779,-0.16359142887107975,
-0.031621855497360234,-0.1894408941268921,-0.5157163619995118,0.15723803639411926,-0.01000918261706829,-0.04825005680322647,0.14592965734304797,-0.00034430089678054714,-0.16773190306231836,
-0.03397365212440491,-0.18946356773376466,-0.54332594871521,0.06329503655433655,-0.00268548890016973,-0.03686504438519478,0.15513086728757305,0.0004865979590261313,-0.16962982147941064,
-0.03439737856388092,-0.19753233194351197,-0.5687862873077393,-0.015534533187747002,-0.02239288203418255,-0.02008712664246559,0.16090958572243175,0.0012040552406990342,-0.17101321386990986,
-0.03476214110851288,-0.21080801486968995,-0.6198757648468018,-0.1566154956817627,-0.06713398545980453,-0.009767378680408001,0.1618722753684871,0.0009627029386707509,-0.17279198721668468,
-0.0010905097238719465,-0.21957428455352784,-0.6369015693664551,-0.25688350200653076,-0.08151505887508392,-0.030140560120344162,0.15650375313007306,-0.0010923971710859774,-0.17389030670892058,
0.019259008765220645,-0.2331484317779541,-0.5942593574523926,-0.3823849558830261,-0.09609586745500565,-0.030473455786705017,0.1333655136934976,-0.007375797780150195,-0.17872002301532297,
0.03385860025882721,-0.22593548297882082,-0.593783187866211,-0.5431733727455139,-0.06540293246507645,-0.031671877950429916,0.11618048444369351,-0.011346210958456348,-0.1816888705862535,
0.058271318674087524,-0.23519198894500734,-0.5738173007965088,-0.670871913433075,-0.03823868930339813,-0.05757112056016922,0.09385062597291112,-0.015109618340508892,-0.1840599087899178,
0.03989806175231934,-0.2142585277557373,0.03879557549953461,-0.6518968939781189,-0.08051637560129166,-0.10184618085622787,0.03031278409261154,-0.019176456148317846,-0.18943404609422734,
0.05209044814109803,-0.21045870780944825,0.5421541690826416,-0.4622797966003418,-0.14263460040092468,-0.13653385639190674,-0.003885719473263214,-0.02194144742855562,-0.19403408261963598,
0.1121567964553833,-0.1875317096710205,1.0958727836608888,-0.19489844143390656,-0.06666793674230576,-0.16482993960380554,-0.03362773094560703,-0.027757294285224735,-0.19946958473820245,
-0.021318818628787997,-0.025743916630744934,1.5026355743408204,0.0781434029340744,0.1215507760643959,-0.1095004454255104,-0.06127471045123193,-0.03948427024693803,-0.2135690063050511,
-0.11443436145782471,0.07517111897468567,1.3544474601745606,0.31676262617111206,0.1402594894170761,-0.08606462925672531,-0.05881323811050519,-0.03592836786070767,-0.22095748822476202,
-0.002402349188923836,0.08102618455886841,1.052413845062256,0.44545990228652954,0.10091127455234528,-0.15077944099903107,-0.04785393311710329,-0.029506030453064915,-0.22676614414723015,
0.0028219958767294884,-0.00943165346980095,0.42539792060852055,0.5363402366638184,0.08559810370206833,-0.1877308040857315,-0.006047958280331555,-0.018669566381377664,-0.24227299396157673,
-0.05543974041938782,-0.06955751180648805,0.1374840259552002,0.504382312297821,0.14904791116714478,-0.15590602159500122,0.021049871730385108,-0.014572658054055864,-0.25102737780267553,
-0.10180104970932008,-0.11294776201248169,-0.11799284219741822,0.404114305973053,0.15983371436595917,-0.09858148545026779,0.04454074871677728,-0.0033271284571159856,-0.2594159230825163,
-0.153650164604187,-0.1770403265953064,-0.3426151037216187,0.3210902810096741,0.050311215221881866,-0.04585089534521103,0.0890722495984605,0.014500421593495053,-0.26598799592814176,
-0.14506343603134156,-0.18549236059188845,-0.36136062145233155,0.28487128019332886,-0.008544646203517914,-0.023014288395643234,0.10625585817306377,0.01950226860065363,-0.2667506038351103,
-0.14164892435073853,-0.1924613118171692,-0.410266637802124,0.2177596092224121,-0.009676489047706127,-0.00011110305786132812,0.12189452004537521,0.021208684426187136,-0.26740133493666457,
-0.13605736494064333,-0.20539741516113283,-0.5475859165191651,0.07900892943143845,0.007767216768115759,0.028917351737618446,0.1463936892608597,0.020503580757684183,-0.26738420635293786,
-0.13403277397155763,-0.2124028205871582,-0.5621251583099366,-0.021725144237279892,-0.025389138609170914,0.038171835243701935,0.1527212650850566,0.020389844716947336,-0.2656920968460476,
-0.11129162311553956,-0.2149526834487915,-0.5886325359344483,-0.11060814559459686,-0.033578358590602875,0.045761846005916595,0.15496060155888153,0.01941828464287739,-0.26357097682005537,
-0.13185042142868042,-0.22185306549072267,-0.6043943405151367,-0.23038382828235626,-0.03650783747434616,0.07512319833040237,0.14707668334933327,0.01449070089581705,-0.25999868299204054,
-0.12603209018707276,-0.2369414806365967,-0.63621563911438,-0.3643408417701721,-0.06700102984905243,0.0975603312253952,0.13729381467114898,0.011371356493073905,-0.25714730250661255,
-0.14500409364700317,-0.24900751113891603,-0.6177070617675782,-0.45948225259780884,-0.12832032144069672,0.1523548811674118,0.1226406469434545,0.007540876876766157,-0.253726855802547,
-0.22312390804290771,-0.25706372261047367,-0.4322221279144287,-0.6159429550170898,-0.1168021485209465,0.2521568238735199,0.07931861341468759,-0.006765154368119723,-0.24341171772662884,
-0.1678885579109192,-0.22463786602020264,-0.3313020706176758,-0.817211389541626,-0.021727291867136955,0.29043975472450256,0.05041514398160701,-0.01582445192754844,-0.23320865061988494,
-0.028865525126457216,-0.2454746723175049,0.0722116231918335,-0.5166736245155334,-0.2082817256450653,0.2384415566921234,0.01292540296082033,-0.020579551276316378,-0.21954476424880648,
0.37979376316070557,-0.21935741901397707,1.778074073791504,-0.0016182777471840382,-0.3334503173828125,0.07132819294929504,-0.05358519309327413,-0.032402353852512035,-0.19202142784149404,
0.29914977550506594,-0.13242874145507813,1.8863594055175783,0.3035789728164673,0.06376034766435623,0.15668058395385742,-0.06059490842847675,-0.0499341671825618,-0.18346728357245445,
0.279636025428772,-0.040057608485221864,2.0394519805908202,0.5925319790840149,0.23759818077087402,0.12265869975090027,-0.056659415281545146,-0.05922427601728003,-0.17625656505831203,
0.5424987316131592,-0.18129043579101564,1.3256072998046875,0.85478675365448,0.16902178525924683,-0.03826281800866127,-0.009360602374411305,-0.04059494609655499,-0.16329359644106814,
0.4070310592651367,-0.28203370571136477,0.765951681137085,0.9257599711418152,0.16535994410514832,-0.08813051134347916,0.03095437729888393,-0.030702446792635802,-0.1621541367907457,
0.25206658840179447,-0.3941669464111328,0.23495230674743653,0.9037889242172241,0.2037094682455063,-0.06476126611232758,0.07705297808533203,-0.02222272785713041,-0.16360765889330328,
0.13110241889953614,-0.5529149055480957,-0.46924753189086915,0.7266221046447754,0.1015106588602066,-0.0847349762916565,0.1688150322936652,-0.0024371945013082,-0.16165345786866625,
0.11049042940139771,-0.5538956165313721,-0.6451900005340576,0.5717592835426331,0.08699642866849899,-0.06442837417125702,0.20875350907248716,0.005322613031225148,-0.15992555708987902,
-0.007758970558643341,-0.5415540218353272,-0.6851461410522461,0.4366704523563385,0.1315377950668335,-0.004706986714154482,0.24240809012530767,0.0112911710292118,-0.1597376020682433,
-0.07013685703277588,-0.49163050651550294,-0.7231443881988526,0.28047603368759155,0.060830868780612946,0.044095441699028015,0.29612965925396634,0.022857917406032584,-0.15173495890457464,
-0.01935333013534546,-0.4513898849487305,-0.647555446624756,0.18367011845111847,-0.012605798430740833,0.016997776925563812,0.3127379861915941,0.024076583632752453,-0.14602037850290112,
0.0197427436709404,-0.40546956062316897,-0.6921555519104005,0.05943365767598152,0.011162915267050266,0.015466458164155483,0.32562714274950266,0.022994013658799814,-0.14372421153059295,
-0.005272799357771874,-0.3911876440048218,-0.6052342891693115,-0.051753319799900055,0.04724874719977379,0.02751726284623146,0.3910171525794719,0.03262614035512282,-0.13606272810973452,
-0.009073208272457124,-0.38066058158874516,-0.5448116779327393,-0.2036200910806656,-0.01833159476518631,0.02631884068250656,0.39036279527750667,0.03208395185367806,-0.13261019809900532,
0.02082350105047226,-0.4077634334564209,-0.5951997756958008,-0.33404839038848877,-0.058012694120407104,0.01213750708848238,0.4117970135056412,0.03508052397412472,-0.12592734518301013,
0.028678554296493533,-0.48001694679260254,-0.49122385978698735,-0.4943041205406189,-0.06973060220479965,-0.0026430366560816765,0.3989791420461417,0.03380563421550099,-0.12464450822943283,
0.03317525386810303,-0.5481683254241944,-0.5279960632324219,-0.6846535801887512,-0.13111647963523865,-0.030273333191871643,0.3766960079743837,0.032568437872474106,-0.12636369172459222,
0.05457388758659363,-0.645872974395752,-0.35532460212707523,-0.8415137529373169,-0.1951655000448227,-0.004107775632292032,0.3126987357601884,0.028526865398905837,-0.13524052394860311,
0.06440014243125916,-0.6714054107666017,-0.29731643199920654,-1.1094944477081299,-0.0730595514178276,-0.02248358726501465,0.2729028056573039,0.02319717423168494,-0.14212325579213655,
0.06520316600799561,-0.6868429183959961,-0.04876061081886292,-0.9964431524276733,-0.14496490359306335,0.08304417133331299,0.2212807431669994,0.0174163865671562,-0.147901186848642,
-0.07628504037857056,-0.6066498279571534,1.8321462631225587,-0.31587114930152893,-0.31807059049606323,0.15428592264652252,0.11538355475205171,0.005463079632897605,-0.14823337392209396,
-0.03370131850242615,-0.4254182815551758,1.9156866073608398,-0.11120722442865372,-0.08930502831935883,0.2486284077167511,0.08879299768326755,-0.010816372563529148,-0.14613466227431637,
0.07736215591430665,-0.14973899126052856,1.7499879837036134,0.13886360824108124,0.0998459905385971,0.2162044197320938,0.07642802568022643,-0.02649813926810764,-0.13909171514980861,
0.3740356206893921,0.08994234800338746,1.4107409477233888,0.3985218405723572,0.15017972886562347,0.0578794926404953,0.07780157187773945,-0.030029692534029973,-0.11381410310437738,
0.3269986629486084,0.034887063503265384,0.9570302963256836,0.5088432431221008,0.10677020996809006,-0.013692967593669891,0.09434224180540998,-0.02414637411880392,-0.10550268367458694,
0.2222533464431763,-0.08166680932044984,0.5769272327423096,0.5246224999427795,0.13499970734119415,-0.045850642025470734,0.11708181198691292,-0.01824733338522754,-0.10114822372110277,
0.11850950717926026,-0.24438478946685793,-0.023773750662803652,0.4648345410823822,0.129273921251297,-0.051509857177734375,0.16676994977119383,-0.008496237851463986,-0.09573702599261905,
0.09135963320732117,-0.29593725204467775,-0.21739733219146729,0.3710912764072418,0.04245486855506897,-0.061962760984897614,0.19174794532397582,-0.0010490764850002213,-0.09295423622834144,
0.08325007557868958,-0.30778806209564213,-0.33047745227813724,0.3083072304725647,0.034132491797208786,-0.06123039126396179,0.2135916056981545,0.004265619464192934,-0.09129910245777843,
0.023252786695957185,-0.30530333518981934,-0.4480729103088379,0.1922599971294403,0.0721491128206253,-0.022880874574184418,0.24763619389640104,0.010968377962113161,-0.0912178886514667,
0.012429368495941163,-0.29635257720947267,-0.47869739532470706,0.09192539006471634,0.027008533477783203,-0.03166930377483368,0.25963529072341524,0.014573343333885339,-0.08911980464917922,
0.05507351160049439,-0.3024330615997315,-0.5134679317474365,0.0031755499076098204,-0.01486967597156763,-0.06835435330867767,0.2679923368849075,0.017321357317778615,-0.08644367721927056,
0.03875708878040314,-0.30959193706512456,-0.48124461174011235,-0.09955589473247528,-0.051088664680719376,-0.07194961607456207,0.2719485971059881,0.02119566422852027,-0.08764774481409777,
0.022774371504783633,-0.3233352661132813,-0.5063073635101318,-0.201288640499115,-0.06766684353351593,-0.05730222910642624,0.26880016134957,0.022472827005684683,-0.09067311757142041,
0.023198026418685916,-0.3261756896972656,-0.5105076313018799,-0.29543137550354004,-0.08517713099718094,-0.06455934792757034,0.2618344223364753,0.022934032080333875,-0.09404758633542791,
0.05592426061630249,-0.3340430498123169,-0.5078358173370362,-0.37925437092781067,-0.10528399795293808,-0.07401356846094131,0.2507071793806059,0.022491550152234217,-0.0976402901260647,
0.0727221667766571,-0.328596305847168,-0.4468704223632813,-0.5060874819755554,-0.13051745295524597,-0.06296145170927048,0.21557727230483886,0.019607080350768934,-0.10751915096442552,
0.08633471131324769,-0.31843070983886723,-0.413196611404419,-0.6608171463012695,-0.12752139568328857,-0.07075119763612747,0.19208866253090134,0.016530904365403633,-0.11313381901708645,
0.1086517333984375,-0.3400172233581543,-0.31610066890716554,-0.7525629997253418,-0.1348450928926468,-0.12048573046922684,0.16389782775650066,0.0125758373885165,-0.11856035849381664,
0.19236806631088257,-0.4287862777709961,0.5712911605834962,-0.604889988899231,-0.2062179297208786,-0.1920567750930786,0.09192710704371404,0.003630622635158756,-0.13152630984667701,
0.08468638062477113,-0.4255855560302735,1.29185266494751,-0.1664004921913147,-0.14742864668369293,-0.1486472338438034,0.05989457531703497,-0.0038863389558453465,-0.14218501202397574,
0.09103105664253236,-0.35696344375610356,1.3585621833801271,-0.022390039637684822,0.1091003492474556,-0.07001741230487823,0.043488959643347216,-0.015514407744825863,-0.15229602663761826,
0.01617005467414856,-0.0912987232208252,1.3797715187072754,0.20803996920585632,0.1476496011018753,-0.05590265989303589,0.03409251153050072,-0.01583760223717009,-0.1615390928304318,
0.08024297952651978,-0.03283592164516449,1.1063122749328613,0.3963920474052429,0.11835483461618423,-0.12121668457984924,0.04224353136239075,-0.008268258391781668,-0.16218238082945197,
0.12023429870605469,-0.04668513834476471,0.712235689163208,0.4402676224708557,0.0958511233329773,-0.16682331264019012,0.058801495275474826,-0.0011230391191417626,-0.16414803533521563,
0.038526213169097906,-0.14614742994308472,0.20080237388610842,0.45018789172172546,0.1337345838546753,-0.16682331264019012,0.10184121080618981,0.012895054182249769,-0.17377892634445694,
-0.010067686438560486,-0.2014565706253052,0.018248558044433594,0.42781734466552734,0.13226984441280365,-0.13872696459293365,0.1225424065412261,0.021253129371117566,-0.17915886121573085,
-0.041064128279685974,-0.2523570775985718,-0.10744900703430177,0.3457919955253601,0.04698212072253227,-0.10297402739524841,0.14494898808385726,0.030989030718882784,-0.18243914521259852,
-0.09328160881996156,-0.2854308128356934,-0.3118950128555298,0.2784140110015869,0.011295759119093418,-0.06841951608657837,0.18386329200593596,0.0448658088779684,-0.18663424815843613,
-0.0939100444316864,-0.2880640745162964,-0.327020001411438,0.19059626758098602,0.045317642390728,-0.028605254366993904,0.19817541129345057,0.04747512359516269,-0.18834936628665172,
-0.09116604328155518,-0.29823989868164064,-0.3684720516204834,0.11469618231058121,0.04431895911693573,-0.014889974147081375,0.2097702873359078,0.04964603796690091,-0.18854978066159328,
-0.0713417112827301,-0.31405296325683596,-0.3497745275497437,0.07228533923625946,-0.0046166288666427135,-0.004836541600525379,0.22461755515625378,0.05438975174468817,-0.18518242174830712,
-0.08049386739730835,-0.3227248191833496,-0.38786675930023196,-0.007476337254047394,-0.02831876277923584,0.0255900751799345,0.2291703313323677,0.05504761804612416,-0.18430272262853822,
-0.1011850118637085,-0.3249990463256836,-0.45109257698059085,-0.12825070321559906,-0.01759953983128071,0.06487170606851578,0.23146961934735946,0.0541618213885615,-0.1838207602647934,
-0.12293202877044679,-0.3362446308135987,-0.5411485195159912,-0.26367244124412537,-0.04076904058456421,0.09922648221254349,0.22406235778290262,0.04905471650150346,-0.1798723236211966,
-0.13164176940917968,-0.3349334716796875,-0.5185638427734375,-0.37499257922172546,-0.09982464462518692,0.1336478441953659,0.2131022416074273,0.04506618756401175,-0.17645274295985058,
-0.15539807081222534,-0.33883645534515383,-0.532130241394043,-0.5397756695747375,-0.08204804360866547,0.1877100169658661,0.19843382034307816,0.03915957067680324,-0.17313504730720877,
-0.218766450881958,-0.40263094902038576,-0.32957398891448975,-0.7113507390022278,-0.12485820800065994,0.3713998794555664,0.15239796846079756,0.022354349362834314,-0.16247340657901954,
-0.10987887382507325,-0.3931555509567261,-0.00012143570929765702,-0.6327874660491943,-0.12259452044963837,0.23810866475105286,0.11786426356354755,0.012646630561701865,-0.15048962591896933,
0.4787665367126465,-0.30117211341857913,1.4423690795898438,-0.04809043928980827,-0.33198556303977966,0.08118189126253128,0.049568900822628666,-0.00782416171210938,-0.12297271527906423,
0.40940370559692385,-0.20335333347320558,1.5673686981201174,0.052643630653619766,-0.0656694546341896,0.10781349986791611,0.0362652208804739,-0.022754438412132393,-0.11811811792209877,
0.3800128698348999,-0.1171472191810608,1.6276241302490235,0.42388829588890076,0.14185738563537598,0.10155507177114487,0.03833053079574471,-0.04085457227206747,-0.10872232881445894,
0.4530416011810303,-0.156843364238739,1.4239557266235352,0.5991243124008179,0.14791607856750488,-0.02893982268869877,0.05235953196780557,-0.03594346950419574,-0.10090337364505086,
0.4617917060852051,-0.21326558589935304,0.9711275100708008,0.7015228271484375,0.10384075343608856,-0.088394895195961,0.07720830801284907,-0.02922440152231925,-0.0953257757752662,
0.180209219455719,-0.39873380661010743,0.32239775657653813,0.7363436818122864,0.09665022045373917,-0.10810229182243347,0.14366288679529787,-0.015206522405302804,-0.09491507692940739,
0.09547073245048524,-0.469097375869751,0.07053987383842468,0.7077146768569946,0.10870102792978287,-0.09551884979009628,0.18050664734246138,-0.008878656860363238,-0.09635679750884615,
0.030965965986251832,-0.5161128997802734,-0.12462524175643921,0.6290848255157471,0.07814124971628189,-0.0727488249540329,0.2167449945936797,-0.0018475880272184688,-0.09669356740339931,
-0.023366627097129822,-0.5207553386688233,-0.35688738822937016,0.5009202361106873,0.07248203456401825,-0.022947710007429123,0.28480276074208905,0.010665908081482845,-0.09412232690365194,
-0.05672065615653992,-0.5158705711364746,-0.3891544103622437,0.3971235156059265,0.08519862592220306,0.021194186061620712,0.313138673943253,0.014320094544091748,-0.09214425809717978,
-0.014310199022293092,-0.46867070198059085,-0.34885358810424805,0.35690978169441223,0.07068439573049545,0.020794712007045746,0.35819290781026153,0.01766967426429159,-0.08295067787902231,
-0.010598084330558777,-0.4409792423248291,-0.38546829223632817,0.24592255055904388,0.05497174710035324,0.03743946552276611,0.3769417830443046,0.01807964916802026,-0.07822305252655397,
-0.0084880031645298,-0.40667500495910647,-0.47642288208007816,0.09838342666625977,0.08366730809211731,0.03444341570138931,0.39312478808136514,0.01770334288487643,-0.07414951918728048,
0.018587897717952728,-0.35947318077087403,-0.529730224609375,-0.023189883679151535,0.07734230160713196,0.02412366308271885,0.41078835487741056,0.016157465915233312,-0.06432056590682499,
0.019216990470886233,-0.3556609869003296,-0.539339828491211,-0.13231292366981506,0.05224200710654259,0.005015482194721699,0.41168313547842,0.015728149616456452,-0.05897279089757256,
0.012192288786172867,-0.35868587493896487,-0.5618835926055908,-0.2678012251853943,0.01489117182791233,-0.017022177577018738,0.40926461754777615,0.015973802887430125,-0.054484713209080285,
0.023933580517768862,-0.3969662666320801,-0.5644674301147461,-0.4045545756816864,0.003639316651970148,-0.04645010828971863,0.43532548720324404,0.021053894370222676,-0.04901797695870782,
0.03898748755455017,-0.533164644241333,-0.5992598056793214,-0.5710678696632385,-0.03131480887532234,-0.06855279952287674,0.4171838333428068,0.025843095359389064,-0.04529306724123698,
0.06418306827545166,-0.658382797241211,-0.5565717697143555,-0.8108855485916138,-0.17406024038791656,-0.08692861348390579,0.432810701275609,0.033148172597968595,-0.0401683375383693,
0.06322398781776428,-0.7935158729553223,-0.5314958572387696,-0.9538972973823547,-0.19276894629001617,0.008545714430510998,0.399847982457757,0.03604547992470121,-0.04384585375578543,
0.038981032371521,-0.8542130470275879,0.13951245546340943,-1.0791990756988525,-0.15648338198661804,0.0037520239129662514,0.3050610300019107,0.033225475866017894,-0.06149068608473659,
0.11191039085388184,-0.8296853065490724,1.0920269012451171,-0.6140779256820679,-0.36114731431007385,0.03604285418987274,0.24978484767765363,0.027137448250915474,-0.06584462010840185,
0.06064075827598572,-0.7105361938476563,2.087123489379883,-0.2706632912158966,-0.21547240018844604,0.14216981828212738,0.20237715455352817,0.017622892079734373,-0.07254030527135621,
0.16136344671249392,-0.18622497320175171,1.9932380676269532,0.06382973492145538,0.14372146129608154,0.17639143764972687,0.16321308398235593,-0.012130962859036637,-0.07727279988106288,
0.30276467800140383,-0.03247029781341553,1.896787452697754,0.36749669909477234,0.16895490884780884,0.04895918443799019,0.15928711791566208,-0.01366620368280817,-0.06617191376119268,
0.35532565116882325,0.0178122952580452,1.3112257957458497,0.4358067810535431,0.19512046873569489,-0.032533545047044754,0.16969976158750766,-0.009806089302729791,-0.05532264402369573,
0.16278452873229982,-0.15913119316101076,0.373054313659668,0.39339593052864075,0.2079036384820938,-0.04491724446415901,0.21094299346024853,0.005047534768867891,-0.04265117210705793,
0.09214326143264771,-0.26283793449401854,0.12037688493728638,0.3563114106655121,0.11782221496105194,-0.03286644071340561,0.22974597811086406,0.013389105721741531,-0.03647538146459289,
0.0604310691356659,-0.3615063428878784,-0.08661994934082032,0.3005181849002838,0.09139034152030945,-0.03113538771867752,0.2682851994395866,0.02723010973613389,-0.02614093750887463,
0.06950259208679199,-0.3596493244171143,-0.1938222050666809,0.21170175075531006,0.08273506909608841,-0.024677220731973648,0.28553230276705394,0.030773133273305466,-0.023157155908824084,
0.05658479928970337,-0.3483094453811646,-0.3232682943344116,0.11589453369379044,0.0182865671813488,-0.025875642895698547,0.31224761432346965,0.03810898327262858,-0.015554343209234626,
0.07859732508659363,-0.3406280517578125,-0.29983954429626464,0.06722526252269745,0.00031023044721223414,-0.040123555809259415,0.3198529569493734,0.03990288187668465,-0.013573792258327128,
0.07687963843345642,-0.34111871719360354,-0.2951260805130005,-0.008541670627892017,-0.010608729906380177,-0.03845908120274544,0.3249720715309232,0.041405913467805484,-0.013003998245269266,
0.06579816341400146,-0.37060687541961673,-0.347602391242981,-0.11020784825086594,-0.06527011096477509,-0.05044330283999443,0.3275891944205056,0.04432875630350806,-0.013602838038308107,
0.06410142183303834,-0.3825675487518311,-0.35772845745086673,-0.21453718841075897,-0.11140938103199005,-0.048911985009908676,0.3236248078894086,0.045062272948756865,-0.015666778966168318,
0.06895880103111267,-0.3974198341369629,-0.38895850181579594,-0.31487220525741577,-0.11347325891256332,-0.037660904228687286,0.3160046560702342,0.04481973290091538,-0.01970068601469366,
0.07490878105163574,-0.4255602836608887,-0.3738296508789063,-0.449761301279068,-0.14902646839618683,-0.014890875667333603,0.2878329858892396,0.04163494547010707,-0.02974984517778157,
0.11751739978790283,-0.4340550899505615,-0.3521495342254639,-0.5602824687957764,-0.1380409300327301,-0.04864644259214401,0.26723717158820004,0.03788284155498089,-0.0348316808019903,
0.17729295492172242,-0.4314164638519287,-0.2393126964569092,-0.5873135924339294,-0.17425991594791412,-0.08579754084348679,0.24170591190034413,0.033372600035975454,-0.040134453745821475,
0.14750235080718996,-0.43518915176391604,0.044847071170806885,-0.5247958898544312,-0.22619156539440155,-0.10537177324295044,0.21225168469184377,0.02953267102311995,-0.04599308651638197,
0.2167975902557373,-0.45893678665161136,0.9480359077453614,-0.24483105540275574,-0.13111671805381775,-0.1798071414232254,0.15366627646261163,0.017515045472093642,-0.06277086126976378,
0.18129816055297854,-0.4010361194610596,1.4712244987487795,0.05304351821541786,0.03053717501461506,-0.12181679159402847,0.13199444218395376,0.011326784769887454,-0.07374238507047508,
0.061036819219589235,-0.28724954128265384,1.5974559783935547,0.20597554743289948,0.13120466470718384,-0.0871291235089302,0.12293638192860701,0.009955509053702153,-0.08267747638937688,
0.06086220741271973,-0.12402759790420533,1.206036376953125,0.4407997727394104,0.13673071563243866,-0.12341468781232834,0.13488587990614892,0.021007195158441336,-0.08770118785903813,
0.1422784686088562,-0.17759761810302735,0.8538165092468262,0.5231580138206482,0.11043201386928558,-0.16449396312236786,0.15283531484913734,0.02978902234115855,-0.08801695488109884,
0.13373404741287231,-0.2319190263748169,0.5127432823181153,0.5073122382164001,0.12760938704013824,-0.15157762169837952,0.17657471046022014,0.03875977330531457,-0.09000616167578726,
0.010445194691419602,-0.31398935317993165,0.04477907419204712,0.4425308406352997,0.09478594362735748,-0.09358728677034378,0.21845670691255697,0.0568865340616304,-0.0964671033120322,
-0.01352522224187851,-0.3557044267654419,-0.029922330379486085,0.41989395022392273,0.045317720621824265,-0.0750783160328865,0.24230619210228688,0.06556882182547931,-0.09591002853811752,
-0.007258754223585129,-0.38147170543670655,-0.07584603428840637,0.3559781014919281,0.02441190555691719,-0.04604985937476158,0.26464855150693745,0.07173839335822328,-0.09509653870704414,
-0.04723640084266663,-0.38931705951690676,-0.27205796241760255,0.22308635711669922,0.01622268557548523,0.013937844894826412,0.3045126102955264,0.07885083388032925,-0.0943737912579442,
-0.04147335588932038,-0.38258953094482423,-0.29540400505065917,0.1483181118965149,0.008566097356379032,0.0064809927716851234,0.3190720521956838,0.07966766317032938,-0.0931236680915994,
0.00398995652794838,-0.38150689601898197,-0.29148197174072266,0.12275175750255585,-0.002552600344642997,-0.003505861386656761,0.32997125792644605,0.07944062224990765,-0.09108408734398935,
-0.008364856988191605,-0.3926470756530762,-0.3071592807769776,-0.021458415314555168,-0.009743135422468185,0.02285943552851677,0.3445000705471853,0.07926137699188861,-0.08863172018233559,
-0.0241929829120636,-0.40564932823181155,-0.4090605735778809,-0.16799886524677277,-0.02319210022687912,0.05548315495252609,0.34788541754893687,0.07888495988054402,-0.0876411259258615,
-0.034655576944351195,-0.41941533088684085,-0.41132721900939945,-0.3377753794193268,-0.01220655906945467,0.07186160236597061,0.3371210132777096,0.07401904046783302,-0.08560407580352758,
-0.04244678616523743,-0.445808219909668,-0.4627532482147217,-0.5482316613197327,-0.03817237913608551,0.12845376133918762,0.3245814134167856,0.070906385680714,-0.08323123267312324,
-0.12363364696502686,-0.567463731765747,-0.4294920444488526,-0.7427756190299988,-0.09456481784582138,0.23338231444358826,0.2802320306390328,0.06097704087274521,-0.07778329834581289,
-0.1201661229133606,-0.5725325107574463,-0.1333164930343628,-0.7609516978263855,-0.12219511717557907,0.3086831867694855,0.24637193738500412,0.05180826582604614,-0.07332901488506202,
0.09593300223350526,-0.47886147499084475,0.6977500915527344,-0.49170610308647156,-0.19869442284107208,0.2847147583961487,0.17014842266537888,0.026294735052344732,-0.05643765093476406,
0.29915585517883303,-0.395773720741272,1.2858593940734864,-0.16506938636302948,-0.2168039232492447,0.1668032854795456,0.1375446393695759,0.011760210895964398,-0.044985625848508765,
0.4435964107513428,-0.3223465919494629,1.5269270896911622,0.06875616312026978,-0.08790691196918488,0.10242137312889099,0.11756625275975263,-0.0034724207931048218,-0.03641897254925684,
0.3851866006851197,-0.3087722539901734,1.9573740005493165,0.5061138272285461,0.10024542361497879,0.08784056454896927,0.11001581391998436,-0.024132832330343367,-0.0269659731979636,
0.4061525344848633,-0.37488713264465334,1.7338678359985353,0.7295530438423157,0.14798258244991302,0.005482307635247707,0.12540625524467494,-0.025161444635616963,-0.02085046781179448,
0.3579903602600098,-0.5150594234466553,0.763788652420044,0.8424710631370544,0.11143069714307785,-0.09864728897809982,0.18836309024965114,-0.015870940923384227,-0.008409475094875458,
0.2594089269638062,-0.5867331027984619,0.3032353162765503,0.8570518493652344,0.0660237967967987,-0.13087154924869537,0.2295598195161631,-0.008529558178334078,-0.005501695107322509,
0.17761945724487305,-0.635911512374878,0.0143658384680748,0.7750265002250671,0.08320119231939316,-0.10610414296388626,0.27013200347421995,-0.0024742967778246983,-0.005067287976969068,
0.04766373932361603,-0.6560895919799805,-0.4829447746276856,0.5546498894691467,0.12035229057073593,-0.05963198095560074,0.3540260159585689,0.011527690003460024,-0.003950564359900473,
0.009196393191814423,-0.6112171649932862,-0.5733158588409424,0.3681620657444,0.12221650034189224,-0.02727457508444786,0.3874210275230938,0.017276648927042178,0.000388641721942583,
0.004488859698176384,-0.5626053810119629,-0.5273154735565185,0.2938598692417145,0.010696626268327236,-0.006768234074115753,0.41697759838136655,0.02247790793548652,0.00724757098666989,
-0.004725715145468712,-0.502401876449585,-0.39516391754150393,0.17574866116046906,-0.036574482917785645,-0.011761661618947983,0.4514665838882424,0.02571230358866518,0.015816694229811253,
0.017535680532455446,-0.47332372665405276,-0.451643705368042,0.043789032846689224,0.028539804741740227,0.00028914306312799454,0.46403518915058145,0.02563520997528826,0.014994615421233072,
-0.003852308914065361,-0.44141449928283694,-0.4478628158569336,-0.07984822243452072,0.052375100553035736,0.019463904201984406,0.4718434504577667,0.025955666975443305,0.01442469877701795,
-0.011314775049686433,-0.4312153339385987,-0.3971873283386231,-0.20434866845607758,-0.01806589588522911,0.029721446335315704,0.47176876664432754,0.025275667315877114,0.020100615904380705,
0.006643757969141007,-0.44318947792053226,-0.3881750345230103,-0.35827937722206116,-0.06726779788732529,0.008682474493980408,0.464334415335973,0.023822749556846178,0.022199485958557832,
0.030666524171829225,-0.4744463920593262,-0.45408086776733403,-0.47565820813179016,-0.05634883791208267,0.008083263412117958,0.4521946233838844,0.022143651505670752,0.021483429823867875,
-0.03671362698078156,-0.5994451522827149,-0.484589433670044,-0.7082187533378601,-0.1287868171930313,0.037511195987463,0.41074888271453075,0.019808824642380873,0.017207946214509207,
-0.002265505865216255,-0.6961830139160157,-0.5596829414367676,-0.877595841884613,-0.1889742612838745,0.07226544618606567,0.3870293709220815,0.018510761275198014,0.014795551768001285,
-0.005541105940937996,-0.7861048698425294,-0.371027684211731,-1.0824594497680664,-0.16147711873054504,0.14809896051883698,0.34965412993424977,0.013882997889065404,0.010000063801063103,
0.07225327491760254,-0.9113925933837891,0.2891812324523926,-1.0775326490402222,-0.14849421381950378,0.1728663593530655,0.2353338623141313,-0.0049889221333312035,0.0025467137718698674,
0.12963012456893921,-0.923125171661377,1.4833221435546875,-0.39130255579948425,-0.18684372305870056,0.11500918120145798,0.17583512753457997,-0.015266910350284373,0.0062597655414581115,
0.2525615930557251,-0.7167162895202637,2.3941850662231445,-0.008806059136986732,-0.003951142076402903,0.17453083395957947,0.13028618171453085,-0.027220096887066426,0.010071289017227593,
0.1811241388320923,-0.11872636079788208,1.979631805419922,0.34938913583755493,0.1764114499092102,0.1656758189201355,0.10710372715933299,-0.042613166750409555,0.020496459623812455,
0.4014441967010498,0.0036844596266746524,1.6370042800903322,0.5131069421768188,0.13573166728019714,-0.012090181931853294,0.11334985209654479,-0.04058771669574524,0.033634500884446715,
0.4831821441650391,-0.014849232137203218,1.0395325660705568,0.5434004068374634,0.11163005232810974,-0.08952159434556961,0.13131623726370192,-0.035208418957107676,0.04433631575296609,
0.16967052221298218,-0.24594945907592775,0.17703697681427003,0.48860588669776917,0.13919377326965332,-0.07627236843109131,0.1842543028748765,-0.021817898623052032,0.04851973185841156,
0.07451411485671998,-0.34156811237335205,-0.027378863096237185,0.43434396386146545,0.1017763614654541,-0.049707334488630295,0.21011274282532397,-0.014163754788651247,0.04957975490215603,
0.040013670921325684,-0.3847022771835327,-0.14432438611984252,0.3390693664550781,0.04312023147940636,-0.05829602852463722,0.2344652174657334,-0.006709737238162687,0.052134844775715,
0.02851206958293915,-0.39694378376007083,-0.3684459686279297,0.21889421343803406,0.029871003702282906,-0.04504680261015892,0.2750613681697081,0.0028174543898259667,0.05578302158460547,
-0.003950084373354912,-0.38611831665039065,-0.3732231140136719,0.13360647857189178,0.017154408618807793,-0.01615150272846222,0.28897639218618165,0.005925531567947903,0.056094633557370426,
-0.001956150494515896,-0.3783228635787964,-0.38088903427124027,0.06383165717124939,-0.009077726863324642,-0.01615150272846222,0.29918955813859954,0.008319209840948291,0.056981449196056466,
0.06680142283439637,-0.3626302719116211,-0.36854851245880127,-0.034174323081970215,-0.025256162509322166,-0.05536963790655136,0.30980965768692775,0.009870846041975639,0.05820406410850825,
0.06837769150733948,-0.36081688404083256,-0.3821064710617066,-0.12572048604488373,-0.027453269809484482,-0.05530305951833725,0.3108691905397982,0.010702918437705022,0.057031478955522234,
0.05294471383094788,-0.38360393047332764,-0.44909744262695317,-0.24962405860424042,-0.08497754484415054,-0.05337226763367653,0.3032368009290154,0.01382162385979096,0.05330279537046615,
0.08186227679252625,-0.39633941650390625,-0.4904943466186524,-0.38471290469169617,-0.11081021279096603,-0.0808694064617157,0.29362058966013727,0.014227581545979976,0.05029276798603988,
0.12600427865982056,-0.42291359901428227,-0.5285854816436768,-0.5161398649215698,-0.13677603006362915,-0.05090884491801262,0.27934195487577074,0.013600568692545625,0.04551948996978936,
0.07467212677001954,-0.443529224395752,-0.34123330116271977,-0.6639453172683716,-0.11593679338693619,-0.01901748776435852,0.23413266905089367,0.010168158324010343,0.033194864658951044,
0.1196912169456482,-0.4139914035797119,0.03128359317779541,-0.659284770488739,-0.058212779462337494,-0.07514360547065735,0.20294579607632154,0.0053752167218033406,0.028739030830572828,
0.0836542308330536,-0.4158059120178223,0.6218401908874512,-0.3000909686088562,-0.22579219937324524,-0.08859257400035858,0.16854351337944284,0.0022726515478424967,0.02540763527634261,
0.06213814616203309,-0.37530696392059326,2.0051034927368163,0.11329822987318039,-0.041967496275901794,-0.0297367125749588,0.11653223518300361,-0.00617781637102769,0.013129410475212449,
0.20398283004760742,-0.18171101808547974,1.944447708129883,0.3671640455722809,0.19538673758506775,-0.07754045724868774,0.1140989094464694,-0.014287612243274473,0.008656284473644308,
0.2897585153579712,-0.10169064998626709,1.6516265869140625,0.6064491271972656,0.16729038953781128,-0.18466611206531525,0.12397708648051776,-0.011012362767789424,0.00873751650608791,
