0.03485391438007355,-0.09767319560050965,-0.3140769958496094,0.1646837443113327,0.05504034459590912,-0.05053458735346794,0.20812198591620998,0.016856107738175787,-0.0976207401357517,
0.0118151992559433,-0.10120595693588258,-0.3197077751159668,0.12207316607236862,0.05763692781329155,-0.03855036199092865,0.21893880510691185,0.020534894465558295,-0.09825636653029296,
-0.0021894393488764764,-0.11630349159240723,-0.31705756187438966,0.09624050557613373,0.04818270727992058,-0.02363665960729122,0.2274857635554148,0.02429572637138502,-0.0984541998699113,
-0.004338008537888527,-0.13610808849334718,-0.31934933662414555,0.053430184721946716,0.010898452252149582,-0.012118487618863583,0.23962654892087382,0.03079055955037498,-0.09724598556114014,
0.0002713833702728152,-0.14214226007461547,-0.35846900939941406,-0.021071746945381165,-0.04043398052453995,-0.006392691284418106,0.2436814999177191,0.032500948932278596,-0.09667596222573786,
-0.036172470450401305,-0.14828556776046753,-0.395122504234314,-0.11568054556846619,-0.05268452316522598,0.02023892104625702,0.24494358507172204,0.031949305046605654,-0.09862935778447796,
-0.05144085288047791,-0.1480593800544739,-0.3882657051086426,-0.1868535280227661,-0.06347032636404037,0.051397908478975296,0.2413154574127085,0.029914299758606083,-0.10032617490674049,
-0.025215619802474977,-0.16729248762130738,-0.3509499788284302,-0.25516360998153687,-0.10042168200016022,0.06444739550352097,0.22604105537472263,0.023436570365544123,-0.10147531154633617,
-0.0013980631716549398,-0.1590737581253052,-0.3336947917938233,-0.3005705177783966,-0.13624119758605957,0.05712370574474335,0.2150464995986858,0.018358810873665816,-0.10167061356819716,
-0.013765406608581544,-0.1235244393348694,-0.25846931934356693,-0.3886551558971405,-0.1469603329896927,0.0755649283528328,0.18700427959176424,0.005143768514392047,-0.1036550463653959,
-0.003132477775216103,-0.12064268589019776,-0.22406854629516604,-0.47327712178230286,-0.10434973984956741,0.09407389909029007,0.17021620973295856,-0.0032796630840481863,-0.1052554436675185,
0.012271323800086976,-0.10366805791854859,-0.07208990454673768,-0.47753816843032837,-0.10601422190666199,0.08095782995223999,0.12759709180710468,-0.018950158126080037,-0.10399407360074023,
0.016748976707458497,-0.07857446670532227,0.09833979606628418,-0.38965386152267456,-0.15894454717636108,0.05858728662133217,0.10081834606522767,-0.02554168801447241,-0.10117216006681547,
0.0239731103181839,-0.07067919969558716,0.25321760177612307,-0.3162837624549866,-0.17492352426052094,0.06750886887311935,0.07646834309620591,-0.0319501327670931,-0.09880493401751593,
-0.03313768804073334,-0.015516497194766998,0.43793249130249023,-0.24357947707176208,-0.11666686087846756,0.10332838445901871,0.037618325231383684,-0.04908200013955949,-0.09536574013783793,
-0.02129279524087906,0.003876274451613426,0.49013662338256836,-0.1575593799352646,-0.07405628263950348,0.11724340170621872,0.02278689552400232,-0.05722439288777555,-0.09195332681254438,
0.03325569033622742,0.035841169953346255,0.5748581886291504,-0.027197638526558876,-0.033842552453279495,0.11458024382591248,0.009812603634601336,-0.06310789320301947,-0.08675327992970074,
0.0748123824596405,0.13074944019317628,0.600412940979004,0.06414878368377686,0.020086457952857018,0.1159118264913559,-0.004193900441715032,-0.06941703912267203,-0.07474922568994827,
0.1152269721031189,0.1724223494529724,0.5219684600830078,0.13625387847423553,0.061365459114313126,0.08441994339227676,-0.00464031947835721,-0.06982993091180274,-0.06863675053269679,
0.17732189893722536,0.1953979730606079,0.4646298408508301,0.18978340923786163,0.09525418281555176,0.033154092729091644,-0.0022843858374805306,-0.06849827075518525,-0.06273445640764956,
0.2018354654312134,0.16690298318862917,0.2815715789794922,0.22520345449447632,0.12474869191646576,-0.011054381728172302,0.011414221708220483,-0.061402069139529385,-0.05482724958200475,
0.17357770204544068,0.12481088638305665,0.17828630208969118,0.2196774035692215,0.13187263906002045,-0.02962993085384369,0.021983197748945586,-0.05595948257123849,-0.05344095567756616,
0.14753243923187256,0.08220722675323487,0.08960402011871338,0.22240713238716125,0.11948894709348679,-0.040682047605514526,0.03343173118600161,-0.049490032554104446,-0.05303277511692212,
0.1179003119468689,0.029371878504753115,-0.007801228761672974,0.22054292261600494,0.11036762595176697,-0.05466364324092865,0.056210563272419536,-0.03652114381577295,-0.05353861664316608,
0.10057961940765381,0.00952981635928154,-0.05779945254325867,0.20569580793380737,0.0955204963684082,-0.06265313178300858,0.06939536453159383,-0.03803715492673352,-0.05454853873953912,
0.09495110511779786,-0.009025213867425918,-0.10966975688934327,0.18745315074920654,0.06429493427276611,-0.06291944533586502,0.08074214308684713,-0.031974764637506266,-0.05557549767194543,
0.08504188656806946,-0.029347589612007143,-0.18834030628204346,0.16454996168613434,0.03406805545091629,-0.07730051875114441,0.10153622014950485,-0.021702461451610575,-0.05901596590708225,
0.0919651508331299,-0.03436381220817566,-0.2315452337265015,0.12014175206422806,0.027942784130573273,-0.09680817276239395,0.11074625625860329,-0.018253728964856854,-0.06146493106784724,
0.09036293029785157,-0.03998176157474518,-0.2892167568206787,0.053097907453775406,0.022283365949988365,-0.10472875833511353,0.11889486033848225,-0.015235521817366045,-0.06476461713879095,
0.07218347191810608,-0.060262882709503175,-0.3572587013244629,-0.020139019936323166,-0.0037490350659936666,-0.10772481560707092,0.12902932222297436,-0.008772588214258114,-0.07306477450941276,
0.06857471466064453,-0.0640634834766388,-0.3500623941421509,-0.05808907002210617,-0.02691853605210781,-0.120840884745121,0.12994262483449529,-0.0061346850555727755,-0.07775752511689081,
0.06401844620704651,-0.0651970386505127,-0.33342378139495854,-0.10622569918632507,-0.05255146324634552,-0.12403667718172073,0.12860838614258602,-0.00432155784541687,-0.08309775426784122,
0.03197964727878571,-0.07416821122169495,-0.36337873935699466,-0.19950293004512787,-0.07185938209295273,-0.12317115068435669,0.12138431526510166,-0.0027822246018862126,-0.09585977780875606,
0.031647196412086485,-0.07839173674583436,-0.36038284301757817,-0.2514345645904541,-0.08863729238510132,-0.11278482526540756,0.11431704275358313,-0.0034927815469265513,-0.10291534087856273,
0.015519015491008759,-0.07902846932411195,-0.3068124771118164,-0.28838592767715454,-0.11633417010307312,-0.1021987572312355,0.10432249670479006,-0.004839853106297282,-0.11007489160326556,
0.03362701237201691,-0.07587817907333375,-0.18308464288711548,-0.3249378204345703,-0.14309893548488617,-0.11644666641950607,0.07822034535798929,-0.010972744947054311,-0.12357026019038711,
0.06585072875022889,-0.06816864609718323,-0.10775731801986695,-0.34571048617362976,-0.11167363822460175,-0.1509346067905426,0.06297485754902553,-0.01633537119367934,-0.13018095086500847,
0.08450357913970948,-0.05864212512969971,-0.019405581057071686,-0.31788045167922974,-0.07272490859031677,-0.14467617869377136,0.045661305625669696,-0.023948112422953197,-0.13732241613727925,
0.021314074099063874,-0.039406690001487735,0.2164200782775879,-0.264217734336853,-0.05514804646372795,-0.15965646505355835,0.012405496019584298,-0.03347243156056244,-0.15332137471191046,
0.03386228680610657,-0.020590513944625854,0.2981977939605713,-0.1828581690788269,-0.05401620268821716,-0.18908439576625824,-0.0021087022123053344,-0.03639943840622122,-0.1610817577391861,
0.0401960164308548,-0.003444381430745125,0.4042236804962158,-0.10669175535440445,-0.018596157431602478,-0.1942109763622284,-0.014608891208172749,-0.03942496412663168,-0.1697947823006241,
-0.016357676684856416,0.06599888801574708,0.479494571685791,-0.019606387242674828,0.027210213243961334,-0.18908439576625824,-0.029101395315874634,-0.04537030122663363,-0.1908558445253274,
-0.04917625188827515,0.09165772199630738,0.4567882537841797,0.03152630478143692,0.051511555910110474,-0.1791641116142273,-0.031213840244292974,-0.0462253630020129,-0.2007134801195559,
-0.08014105558395386,0.09911823272705078,0.44025974273681645,0.09104795753955841,0.07361579686403275,-0.1665140986442566,-0.030833300403144175,-0.045812696876699865,-0.21054852737042232,
-0.09557014107704163,0.05633281469345093,0.4026658058166504,0.15702776610851288,0.08639897406101227,-0.1623861938714981,-0.02372476435351421,-0.041746472745168184,-0.229152411306178,
-0.09086288809776306,0.03388621509075165,0.3271266222000122,0.2173483669757843,0.0679565817117691,-0.16618120670318604,-0.016597804223598384,-0.03803873877938487,-0.2377037003172087,
-0.10381087064743043,0.015367728471755982,0.2609367370605469,0.24464577436447144,0.048515502363443375,-0.15373092889785767,-0.007414150342180734,-0.03399092070542045,-0.24619805630507144,
-0.15217983722686768,-0.012977121770381928,0.08695322871208191,0.23951856791973114,0.049913760274648666,-0.12703388929367065,0.016697129407858065,-0.027346463874516207,-0.26279652235032797,
-0.1548699975013733,-0.02797963619232178,0.012911085784435273,0.23226146399974823,0.04898165538907051,-0.103864386677742,0.029726138038335664,-0.023759383141109845,-0.26992738764967233,
-0.13718724250793457,-0.03872853219509125,-0.028377133607864383,0.226602241396904,0.03440084680914879,-0.0755683034658432,0.040037960372620696,-0.008735929810898106,-0.276098417413357,
-0.15710750818252564,-0.062220990657806396,-0.09483111500740052,0.21608275175094604,0.020618990063667297,-0.032624829560518265,0.06334070504875894,-0.0014283658289409524,-0.28447870996698377,
-0.16213884353637698,-0.07358855605125428,-0.13349517583847045,0.18665482103824615,0.017489776015281677,0.0028617940843105316,0.07474209401926567,0.0007080135662511136,-0.2870414613013188,
-0.16940003633499146,-0.08106393814086915,-0.1721375107765198,0.14584188163280487,0.026011891663074493,0.03082498535513878,0.0857387485143861,0.002189927161810599,-0.2883119640639175,
-0.155413818359375,-0.10055580139160157,-0.23693687915802003,0.05176571011543274,0.023481888696551323,0.09314295649528503,0.10393194386125172,0.003891657618321908,-0.28684922942026436,
-0.1621610999107361,-0.11384749412536621,-0.2674773693084717,0.02180514670908451,-0.00321630178950727,0.12756431102752686,0.10996308545186459,0.004500506779054172,-0.28402571665874915,
-0.1385647177696228,-0.12443044185638429,-0.2504075288772583,-0.010152786038815975,-0.027850542217493057,0.15293091535568237,0.1150442522965579,0.0026415451775013005,-0.2739744179026704,
-0.1065811038017273,-0.1265539288520813,-0.26315453052520754,-0.06441468745470047,-0.03943529352545738,0.1530640721321106,0.1157841622494559,-0.0005779640752851071,-0.26755955668961984,
-0.0728882908821106,-0.12970823049545288,-0.2973582983016968,-0.10396263003349304,-0.05561399832367897,0.17337067425251007,0.11523789448550667,-0.00462126769541219,-0.26082654811163386,
-0.09676967263221742,-0.12029105424880981,-0.2671876907348633,-0.1632845550775528,-0.06140637397766113,0.20779204368591309,0.10765274080042002,-0.01429044518465198,-0.24724570142212296,
-0.09328584671020508,-0.114091956615448,-0.2596381425857544,-0.25503045320510864,-0.0229902733117342,0.22863127291202545,0.10098366205374229,-0.020361134993034796,-0.23922382927524777,
-0.07274969816207887,-0.10532987117767334,-0.2524900436401367,-0.30030420422554016,0.007236605975776911,0.2409483939409256,0.09174261646892554,-0.026431376902831306,-0.230020260010633,
-0.029456356167793275,-0.05066075921058655,-0.07600524425506593,-0.31475186347961426,-0.002949985908344388,0.24354496598243713,0.06302412046726534,-0.03389273465396936,-0.20768702718073434,
-0.0013156923465430738,-0.03484076261520386,0.012646956741809845,-0.2811294496059418,-0.027051594108343124,0.22077494859695435,0.04602830253870203,-0.03555017688076583,-0.19529475632546253,
0.054304540157318115,-0.005030963942408562,0.14549280405044557,-0.20143432915210724,-0.036572396755218506,0.18422305583953857,0.028629783758094603,-0.03706257173443977,-0.18286452783818483,
0.14591165781021118,0.05673578381538391,0.43901629447937013,-0.10902263969182968,0.0117639796808362,0.1555275022983551,-0.0009589468615477442,-0.040807930927928344,-0.16129746062670577,
0.17068555355072024,0.09490645527839661,0.5191143035888672,-0.03764958307147026,0.07847610861063004,0.13568760454654694,-0.010426741114095979,-0.042025675769239795,-0.1529007080472294,
0.19073559045791627,0.1191220760345459,0.5847860336303711,0.09610769152641296,0.1047748252749443,0.09906913340091705,-0.01686818522430025,-0.04092720274181607,-0.14551309544806437,
0.2152322053909302,0.1467158317565918,0.7185451984405518,0.25496524572372437,0.08093953877687454,0.06045329570770264,-0.01879280190735451,-0.031452451159940255,-0.13413780272486117,
0.19816060066223146,0.13237519264221193,0.6270809173583984,0.32533928751945496,0.09964824467897415,0.022902723401784897,-0.010820555024250635,-0.02636315022407077,-0.1304698277745503,
0.19533140659332277,0.10285681486129761,0.5021600246429444,0.3708793520927429,0.12268459051847458,-0.009188367985188961,0.0020224802924971134,-0.022141994523020302,-0.12748624188854582,
0.14364668130874633,0.01704617142677307,0.31111741065979004,0.4334636330604553,0.10364298522472382,-0.015912849456071854,0.035677512278126225,-0.01171684422295899,-0.1250902199418567,
0.09288504719734192,-0.03326949775218964,0.22109041213989258,0.4524386525154114,0.07481426745653152,-0.010852843523025513,0.0557455298589332,-0.00542409258824903,-0.12491470027027782,
0.06622203588485719,-0.06729851961135865,0.11133377552032471,0.44731205701828003,0.05803634598851204,-0.010453369468450546,0.07769065558743163,1.974021535754445e-05,-0.12423490115200132,
0.058964025974273686,-0.11226086616516114,-0.07993971109390259,0.3880567252635956,0.08267059177160263,-0.02077311836183071,0.12049007882201106,0.005520226740604233,-0.12244974427919171,
0.059744310379028324,-0.1339755654335022,-0.16239124536514282,0.32900112867355347,0.11109983921051025,-0.014514690265059471,0.1426614824754153,0.008456925578004395,-0.1214773625274644,
0.031557592749595645,-0.163676917552948,-0.2895880460739136,0.2594260573387146,0.10191193222999573,0.0029955944046378136,0.18128799347406457,0.01711845086566808,-0.11845649217460867,
0.03489692509174347,-0.16755975484848024,-0.306732177734375,0.22407257556915283,0.06249714270234108,0.0021966462954878807,0.19662544847311575,0.02204955026575784,-0.1155129215000821,
0.032982274889945984,-0.16678326129913332,-0.3224308729171753,0.17167489230632782,0.027609732002019882,-0.009920736774802208,0.2098619058834387,0.025920691624342403,-0.1123689258921794,
0.03302885591983795,-0.16723178625106813,-0.3770102262496948,0.1101558655500412,0.01183050312101841,-0.006991259753704071,0.22161317191589017,0.028454016739778584,-0.1101395027666122,
-0.005575362220406533,-0.17036612033843995,-0.43379125595092777,0.007224684581160545,0.026078414171934128,0.007256652228534222,0.23824945489424293,0.03101284331170123,-0.10908244227157088,
-0.006425482034683228,-0.16713017225265503,-0.4467631816864014,-0.05709065869450569,0.011497607454657555,0.01817561313509941,0.24216673385912058,0.03166896000674028,-0.10863523313723833,
-0.012359398603439332,-0.1629218101501465,-0.43862400054931644,-0.11414888501167297,-0.02185848541557789,0.03169115632772446,0.24296358559714137,0.03235077433283854,-0.10755605097870727,
-0.012052051723003387,-0.14140256643295288,-0.4306774139404297,-0.19664029777050018,-0.047291677445173264,0.03928116336464882,0.23655803673390002,0.03137350725833864,-0.10567074944509243,
0.0036262083798646928,-0.11032583713531495,-0.42438673973083496,-0.2684790790081024,-0.043629828840494156,0.021105092018842697,0.2294085480062096,0.028772443601307048,-0.10539351196670121,
0.01897387206554413,-0.09998240470886231,-0.4078429222106934,-0.3311954140663147,-0.0834442675113678,0.014582404866814613,0.21933243807220165,0.025727087698240836,-0.10545770044166558,
-0.004986948519945145,-0.1256101369857788,-0.32138364315032963,-0.3793986439704895,-0.14329880475997925,0.0244361013174057,0.1904908073347384,0.02016107624764074,-0.1070964929234646,
-0.003939524292945862,-0.12107412815093994,-0.2532150983810425,-0.42187604308128357,-0.13710695505142212,0.016646355390548706,0.17270411192671486,0.015092969344948337,-0.10928907225206573,
0.015645606815814974,-0.11900355815887452,-0.19074970483779907,-0.4764042794704437,-0.118331678211689,0.019242936745285988,0.1534642064454268,0.008325114523071133,-0.11168135886168563,
0.004798141866922379,-0.14095642566680908,-0.04108301997184754,-0.4725427031517029,-0.1376395970582962,0.04174664989113808,0.10959243963738598,-0.004798405939174547,-0.11559752899473069,
-0.00527288019657135,-0.13360053300857544,0.12317404747009278,-0.35849282145500183,-0.1797175407409668,0.052132975310087204,0.07950924799305409,-0.01116462823421501,-0.11606823098149946,
-0.008072570711374284,-0.11027302742004395,0.3018956184387207,-0.2867206335067749,-0.15281961858272552,0.06012246385216713,0.055517576400581,-0.018450832074428002,-0.11547388204880633,
0.0033404890447855,-0.015404227375984193,0.4669862270355225,-0.2192760705947876,-0.050088174641132355,0.11305278539657593,0.019187497449551696,-0.036370660723018595,-0.11213481702792234,
-0.0034991182386875153,0.023076270520687104,0.5065418720245362,-0.13598570227622986,0.016157958656549454,0.13049650192260742,0.005456571838492564,-0.042782574598745945,-0.10863803223425011,
0.06272014379501344,0.09435859918594361,0.6386707305908204,0.03838476911187172,0.019553489983081818,0.11072252690792084,-0.016581818199482897,-0.04569056968780929,-0.09653705227065083,
0.08366549015045166,0.12964826822280884,0.6427358150482179,0.11721434444189072,0.04105851426720619,0.09414434432983398,-0.021615445624388552,-0.044147735344630616,-0.09020829126032331,
0.13697785139083862,0.1678343415260315,0.43966336250305177,0.17214204370975494,0.08473436534404755,0.05639403685927391,-0.016998398870959906,-0.04097119880494394,-0.07944001411480149,
0.17790729999542237,0.16008915901184084,0.3542559862136841,0.22700315713882446,0.10330991446971893,0.0093892402946949,-0.010436024782883004,-0.03790803541164723,-0.07526053084347785,
0.1843289613723755,0.14379277229309081,0.2765185356140137,0.2531687319278717,0.09372252970933914,-0.017242372035980225,-0.0017679664366234524,-0.03338959573183239,-0.07262319842719234,
0.1525553584098816,0.08198849558830262,0.08911245465278626,0.24817529320716858,0.0784093514084816,-0.03555160388350487,0.0217015457225954,-0.023107593933891717,-0.07153540873660226,
0.1413774371147156,0.05520589947700501,0.008212919533252717,0.24211660027503967,0.08107251673936844,-0.04826819896697998,0.0346632081239659,-0.018503795330654473,-0.07220530903048518,
0.11947040557861328,0.03290080428123474,-0.03232027888298035,0.2151520997285843,0.10377596318721771,-0.07057216763496399,0.050253285597922484,-0.0235742031263396,-0.07361879279781829,
0.1056496024131775,0.003208128735423088,-0.16094959974288942,0.16934572160243988,0.10544043779373169,-0.08881482481956482,0.07498033688078666,-0.015325678935128751,-0.07703269898095068,
0.0864381492137909,-0.014891193807125093,-0.20286414623260499,0.1460418850183487,0.05537319555878639,-0.10066808015108109,0.08523318890264939,-0.008786468430422132,-0.07939690097847366,
0.06127796173095704,-0.042297092080116276,-0.2499980926513672,0.09244577586650848,-0.004547927528619766,-0.09940307587385178,0.10185487752954203,0.0030216103802734435,-0.08567511598183981,
0.046190693974494934,-0.05591843724250794,-0.30378973484039307,-0.004027239978313446,-0.027584271505475044,-0.09214596450328827,0.10868260338982598,0.006489621893496929,-0.08996232869990206,
0.03678608536720276,-0.0617108702659607,-0.351018500328064,-0.05815599113702774,-0.0052137174643576145,-0.09760544449090958,0.11328385691616331,0.008134024746104284,-0.09469645236895295,
0.04220525920391083,-0.05489764213562012,-0.33106935024261475,-0.11308369040489197,-0.008143194019794464,-0.10326465964317322,0.11246466441643968,0.009494922042230309,-0.10430589836607061,
0.02010065019130707,-0.0633093535900116,-0.3329043865203858,-0.15349715948104858,-0.06560089439153671,-0.08974912017583847,0.10845263972783523,0.0112572129574195,-0.1090724446944743,
0.005285590142011643,-0.06968029141426087,-0.33339426517486576,-0.19251246750354767,-0.10907700657844543,-0.09554149210453033,0.10255659222098927,0.012548266625821668,-0.11410893931108437,
0.06894767880439759,-0.0691992998123169,-0.30376830101013186,-0.2653499245643616,-0.12891754508018494,-0.10353098064661026,0.0859069968639626,0.008320616952371991,-0.1251985686503065,
0.08459323048591615,-0.07783538103103638,-0.2784121513366699,-0.3050976097583771,-0.11327148228883743,-0.0856878012418747,0.07485901554701462,0.003866688440011937,-0.13154892863659062,
0.08519480228424073,-0.06943561434745789,-0.21487998962402344,-0.3515031933784485,-0.10668016225099564,-0.09440965205430984,0.06148331673766282,-0.0013608012124577053,-0.13801665705339256,
0.12126981019973755,-0.055261099338531496,-0.03630056977272034,-0.3521689772605896,-0.11893069744110107,-0.2006032019853592,0.029678630932749306,-0.012285860039064574,-0.14853082136787304,
0.1566415309906006,-0.04189419746398926,0.13949459791183472,-0.23698726296424866,-0.10148699581623077,-0.2572619616985321,0.011390099370424353,-0.017891872139046937,-0.15505507123313894,
0.116737699508667,-0.03394984006881714,0.34992427825927735,-0.17560139298439026,-0.015600046142935753,-0.23522429168224335,-0.005826997782663601,-0.02389540410628786,-0.16552407932850488,
-0.045524281263351445,-0.002496823109686375,0.4282805919647217,-0.13112661242485046,0.06615900248289108,-0.18429133296012878,-0.027583948753509058,-0.0342218561642688,-0.1920795208478642,
-0.09443379044532776,0.01905316859483719,0.4453173160552979,-0.014080673456192017,0.028675008565187454,-0.1688450127840042,-0.034864467388173365,-0.03428333944115988,-0.2043488339555149,
-0.12346055507659913,0.0549411952495575,0.5224069118499756,0.062485210597515106,0.006104717031121254,-0.1705760657787323,-0.040887799135220386,-0.03226433522394621,-0.21432084719823133,
-0.13534531593322754,0.11467925310134888,0.4496057987213135,0.12214002013206482,0.025545794516801834,-0.17750027775764465,-0.04049216664984374,-0.0315751509745975,-0.23206343542415625,
-0.12344597578048706,0.08126771450042725,0.39343109130859377,0.17387191951274872,0.06555978953838348,-0.16172105073928833,-0.03550778233972171,-0.03229042999135161,-0.2409278682731285,
-0.12632871866226197,0.035342031717300416,0.33501267433166504,0.20962485671043396,0.0722842738032341,-0.1392839103937149,-0.028481113774582654,-0.03195695658322199,-0.25006581973509917,
-0.14654500484466554,-0.01917068362236023,0.19193711280822756,0.23945149779319763,0.056305430829524994,-0.11012371629476547,-0.009059008578636054,-0.02651568483271444,-0.2667009524255448,
-0.14943979978561403,-0.02548419237136841,0.11307110786437989,0.23545676469802856,0.04831594601273537,-0.09547632932662964,0.002806418819132606,-0.023142817183964434,-0.27336624433750767,
-0.1437235713005066,-0.033950844407081605,0.03607956767082215,0.23905202746391296,0.03460066765546799,-0.08169447630643845,0.01529958668380804,-0.01999310469329911,-0.27903564042230267,
-0.1318509578704834,-0.04391207098960877,-0.03953349590301514,0.24983783066272736,0.0019103619270026684,-0.050801802426576614,0.03544272316837196,0.00237538531649116,-0.2883819164297443,
-0.1386104941368103,-0.04951103925704956,-0.07435277104377747,0.24397887289524078,-0.015067290514707565,-0.025967825204133987,0.047721470681989606,0.0044461526372829374,-0.29140039893275843,
-0.137128221988678,-0.05784726142883301,-0.11823116540908814,0.21907831728458405,-0.005213593598455191,0.0015958920121192932,0.06037318880630086,0.005094027581948553,-0.2934886220674438,
-0.14404202699661256,-0.0717733383178711,-0.20028629302978518,0.14850455522537231,0.03546619415283203,0.06291517615318298,0.08480136346573751,0.004498995906067512,-0.2953796370690551,
-0.1550851106643677,-0.07212839722633362,-0.2399054527282715,0.08498816192150116,0.05111226439476013,0.10446049273014069,0.09522697590927691,0.004428702026512905,-0.2940543241357356,
-0.14499772787094117,-0.07398652434349061,-0.2590437412261963,0.04983443766832352,0.017955908551812172,0.1237684041261673,0.10338689872264872,0.005052356885715794,-0.2907051347393486,
-0.10887451171875001,-0.09245845675468445,-0.23398392200469972,0.03292336314916611,-0.049355488270521164,0.1418779045343399,0.11228483720790963,0.00584756808756773,-0.2792254513114366,
-0.10382764339447022,-0.09663527011871338,-0.2234175205230713,-0.0066911582835018635,-0.07651973515748978,0.1634495109319687,0.11469944531024234,0.003421816578113694,-0.2731501195557328,
-0.09390915036201478,-0.0996761977672577,-0.23659698963165285,-0.06587991118431091,-0.05055391043424606,0.17410215735435486,0.11644773580904791,-0.0013183551518203566,-0.267292227069615,
-0.07019931674003602,-0.0808512032032013,-0.27349770069122314,-0.1392500102519989,-0.019261769950389862,0.157523974776268,0.11496828649559826,-0.013866865528442095,-0.2543668923332714,
-0.06429732441902161,-0.07888652682304383,-0.26275975704193116,-0.21102219820022583,-0.0586099736392498,0.20306403934955597,0.10978731607288286,-0.018666404018190093,-0.24696894722343454,
-0.10208629369735718,-0.07335360646247864,-0.2087644100189209,-0.25323331356048584,-0.0459599569439888,0.22403642535209656,0.10150736832232357,-0.022237912199083373,-0.23961615048982104,
-0.0840717613697052,-0.07435128688812256,-0.1414520263671875,-0.3005709946155548,-0.004680961836129427,0.24094749987125397,0.07875852384939172,-0.03257560267810837,-0.22154057284348502,
-0.07891142964363099,-0.06618899703025818,-0.09707090258598328,-0.3064965307712555,0.005572208669036627,0.3001362681388855,0.06397854443020008,-0.036979884137007285,-0.21062794704800372,
-0.03420018255710602,-0.01041935384273529,0.06197744607925415,-0.3108241558074951,0.01223011128604412,0.29627466201782227,0.028918698935482327,-0.03863751994291525,-0.1842375133560479,
0.08579052686691285,0.009095006436109544,0.15026779174804689,-0.2512345612049103,-0.011006194166839123,0.20313319563865662,0.011235308529816327,-0.03926506121116368,-0.1682518644468527,
0.20623655319213868,0.024517525732517243,0.2987877607345581,-0.09057935327291489,-0.05954230576753616,0.11844465881586075,-0.006375770681160449,-0.03877888589105063,-0.1536630756370092,
0.2706454277038574,0.04891311526298523,0.6431867122650147,0.06175345927476883,0.0026425067335367203,0.09001541137695312,-0.03172514954047771,-0.03955443601372712,-0.13525309139434674,
0.22589139938354494,0.07646221518516541,0.6483292102813721,0.12087564170360565,0.12774451076984406,0.101333849132061,-0.03454931766055482,-0.04193673207760975,-0.13056865590994135,
0.200327205657959,0.10303062200546265,0.5877351760864258,0.18472492694854736,0.146652951836586,0.07996197789907455,-0.03250168406180026,-0.04172080491075536,-0.12673262393106421,
0.24712941646575928,0.08195459842681885,0.5334600448608399,0.31268981099128723,0.08306997269392014,0.014914271421730518,-0.020709107045339417,-0.02906131879074888,-0.11857131037823218,
0.22949731349945068,0.04964290261268616,0.49381904602050786,0.40796440839767456,0.06196441873908043,-0.023834723979234695,-0.009417461397071098,-0.02226009860299354,-0.11599014554104534,
0.18918390274047853,0.02062404751777649,0.38164234161376953,0.42221230268478394,0.09318998456001282,-0.029493942856788635,0.0065112999445416184,-0.01792781308727704,-0.11520916780608757,
0.12314589023590089,-0.028552922606468203,0.1204840898513794,0.3905872702598572,0.14518821239471436,-0.036817632615566254,0.04757570633451927,-0.0107372513441851,-0.11623928494707746,
0.11100162267684938,-0.05059053897857666,0.022471775114536286,0.3829306662082672,0.12341687083244324,-0.02470025047659874,0.06862701026174207,-0.005168033068518064,-0.11627311223543421,
0.07200636267662049,-0.06518017649650575,-0.022172564268112184,0.3730769753456116,0.088263139128685,-0.027030516415834427,0.08562093738649879,-0.002415954477734174,-0.11587023254224163,
0.07213407754898071,-0.11316072940826416,-0.13038147687911988,0.35177168250083923,0.0636288970708847,-0.03968053311109543,0.12458503379835095,0.01014052658521306,-0.11399511800216608,
0.059701752662658696,-0.11591283082962037,-0.16245189905166627,0.3029692769050598,0.09139235317707062,-0.043275799602270126,0.14341769549279068,0.014429267004224058,-0.11380771722842482,
0.05329106450080872,-0.12422887086868287,-0.2189354658126831,0.26215633749961853,0.10077999532222748,-0.04154474288225174,0.1615708796970351,0.01822544887298809,-0.11409916038275472,
0.032060045003890994,-0.1351881504058838,-0.2712460994720459,0.22493866086006165,0.048648614436388016,-0.025033146142959595,0.19258157722876462,0.02812135866822095,-0.11292358770006049,
0.007691258937120438,-0.13354038000106813,-0.2810654640197754,0.17673544585704803,0.016024893149733543,-0.01797576993703842,0.20563825208845457,0.03313804125310485,-0.1116328810119569,
0.015203113853931428,-0.13072652816772462,-0.3336624383926392,0.10003640502691269,0.0033748759888112545,-0.0061247022822499275,0.22805501062253059,0.03850271893637792,-0.1104511172604431,
0.004676468670368195,-0.1269678831100464,-0.3439305067062378,0.023270782083272934,0.01709015667438507,0.003662414848804474,0.23618360034446823,0.03943392291749753,-0.11063423083302798,
0.001657199300825596,-0.12860671281814576,-0.3678004741668701,-0.014213211834430695,0.0004453987639863044,0.018909011036157608,0.24192593809871016,0.03984449916874354,-0.11080961441345218,
-0.010904932767152787,-0.12565137147903443,-0.36123352050781254,-0.07240425050258636,-0.03670554235577583,0.03548538684844971,0.2442518918883966,0.03931118075539971,-0.10903420901555719,
0.004983543977141381,-0.12064300775527954,-0.37985074520111084,-0.14470908045768738,-0.04922240227460861,0.03814854845404625,0.2411770270315847,0.0369253313601504,-0.10887817209894253,
0.014892293512821198,-0.11227840185165405,-0.3850589275360108,-0.20463019609451294,-0.05847688764333725,0.033554594963788986,0.23539798951486382,0.03393762303025922,-0.10905456487773206,
0.03291608393192291,-0.12180536985397339,-0.3373644828796387,-0.2689455449581146,-0.09656008332967758,0.01624405011534691,0.21539921613318772,0.027200707313234564,-0.11032928226559631,
0.023990918695926667,-0.12837437391281128,-0.2999342679977417,-0.29264768958091736,-0.14436383545398712,0.017975103110074997,0.20220177736138711,0.02325844881920482,-0.11212836257841304,
-0.021902370452880862,-0.11856964826583863,-0.21904330253601076,-0.33605721592903137,-0.15248647332191467,0.044140662997961044,0.17227117481846616,0.010689729651299188,-0.11824043001988101,
-0.004111374914646149,-0.11912873983383179,-0.20033185482025148,-0.42374178767204285,-0.12066169828176498,0.06704384088516235,0.15543269047822864,0.0028930398386630396,-0.12030597052972923,
0.013798731565475465,-0.10798023939132691,-0.09397742748260499,-0.42547282576560974,-0.10261877626180649,0.06577885150909424,0.1354974368719681,-0.00449123873958415,-0.12051944810841002,
-0.0017450965940952303,-0.05026022791862488,0.16737744808197022,-0.3986414968967438,-0.10794509947299957,0.06384804844856262,0.08963229827345293,-0.017553830691181674,-0.11792382218488501,
-0.019615536928176882,-0.03255142867565155,0.2691519737243652,-0.36488592624664307,-0.1460948884487152,0.07776306569576263,0.06914417932861998,-0.023547033772829004,-0.11610594409005412,
-0.01027151420712471,-0.015892349183559418,0.4120965003967285,-0.28539055585861206,-0.11193984001874924,0.09973415732383728,0.049517922987170004,-0.03094351146300279,-0.11375723759890322,
0.011595389246940613,0.0631478488445282,0.5355820655822754,-0.19337834417819977,-0.011472090147435665,0.12250418961048126,0.01823869672629683,-0.043536353124837474,-0.10527919639232093,
0.04872815608978272,0.08564333319664003,0.5745187282562256,-0.10429560393095016,0.0024429268669337034,0.12183839082717896,0.006985258870022906,-0.044761860897117776,-0.09917040131396651,
0.10771794319152833,0.12318284511566163,0.5952336311340333,0.009088483639061451,0.0009781882399693131,0.08988045156002045,-0.0007854184564480207,-0.044720048162879236,-0.09271839443966985,
0.13020985126495363,0.17106373310089112,0.5063464641571045,0.12027546018362045,0.033202435821294785,0.068508580327034,-0.0028783510527120946,-0.04428609187655808,-0.0828422715147904,
0.14607912302017212,0.16842591762542725,0.3940358638763428,0.1657489389181137,0.08313671499490738,0.03701670467853546,0.00225798706858257,-0.042855743575455525,-0.07924484338803121,
0.17763713598251343,0.14812250137329103,0.31891200542449955,0.20223423838615417,0.10211173444986343,0.0015300838276743889,0.009512301207879492,-0.03956064077217802,-0.07650034680146958,
0.13277239799499513,0.08513554334640504,0.17192609310150148,0.2361229658126831,0.11436227709054947,-0.02616679109632969,0.029308429534848218,-0.029524991212481182,-0.07510076716727573,
0.10714983940124512,0.05601345300674439,0.09403865933418275,0.24104981124401093,0.12374991923570633,-0.031493112444877625,0.04131769210653356,-0.023614413816512823,-0.07530833636018615,
0.09253889322280884,0.03663505017757416,0.019952344894409182,0.23345981538295746,0.11076700687408447,-0.03801786154508591,0.05364525019562972,-0.01721830242928777,-0.07578582227236387,
0.09092956781387329,0.010000406205654145,-0.10227543115615845,0.2114887237548828,0.07414854317903519,-0.05073445290327072,0.07892172111718586,-0.009708878011021146,-0.07686278861680818,
0.09265751838684083,0.0023510305210947993,-0.13574001789093018,0.20017029345035553,0.04718403145670891,-0.06431657075881958,0.08989479934121183,-0.00503083155510739,-0.07806597111249317,
0.09022640585899354,-0.017980536818504336,-0.2298604726791382,0.1602894514799118,0.025013217702507973,-0.07643395662307739,0.11031774749514037,0.0017996814397403709,-0.0825967034289632,
0.09216990470886231,-0.03209576308727265,-0.2729739427566528,0.10349754244089127,0.020685581490397453,-0.08748607337474823,0.11878635720008486,0.004479016298144551,-0.08570652969097255,
0.08408307433128358,-0.04252955913543702,-0.30496082305908206,0.04344326630234718,0.02241663634777069,-0.09600819647312164,0.12505932777139767,0.007079976083336275,-0.08923188866654855,
0.0713344931602478,-0.06383357048034669,-0.3034825325012207,-0.015479177236557007,0.002376347780227661,-0.09647424519062042,0.13020327062859888,0.01275597266938267,-0.09717812246681308,
0.07732993364334106,-0.061939692497253424,-0.3008232116699219,-0.05828949064016342,-0.006345504894852638,-0.10579530894756317,0.12955876427717034,0.014948906935102048,-0.10161494422351444,
0.0786841630935669,-0.06179971098899842,-0.3043037176132202,-0.10742481797933578,-0.005346819292753935,-0.1161816418170929,0.1271384262836783,0.016775578731886294,-0.10649109555535724,
0.04856744706630707,-0.05814292430877686,-0.30309829711914066,-0.16601435840129852,-0.04402923583984375,-0.12144137918949127,0.11628286543436238,0.02052231315011128,-0.11753294636808628,
0.027775949239730837,-0.04937310814857483,-0.2675580739974976,-0.19437703490257263,-0.08877033740282059,-0.11205373704433441,0.10789751283778247,0.0212039629426986,-0.12390381258033298,
0.04590986967086792,-0.04658914208412171,-0.24945807456970215,-0.23425786197185516,-0.09516192972660065,-0.11285269260406494,0.09824603954209939,0.01972781797678556,-0.13063027847703643,
0.07579735517501832,-0.03599943518638611,-0.21516387462615968,-0.3146853446960449,-0.055547408759593964,-0.1330927163362503,0.07434115192733236,0.013794593231632391,-0.14430845370153014,
0.06834999918937683,-0.03903662264347077,-0.16728225946426392,-0.38452672958374023,-0.03603975474834442,-0.1529332548379898,0.058680556517398653,0.012034194615838933,-0.1514251369487711,
0.07518885731697084,-0.05377190709114075,-0.06060359477996827,-0.3535009026527405,-0.05987504497170448,-0.18975146114826202,0.03985231903894926,0.011102209512072218,-0.15905177310767363,
0.029189157485961917,-0.05604429841041565,0.17705447673797609,-0.28286054730415344,-0.11433668434619904,-0.2095254361629486,0.0021796549841182193,0.005589360970614652,-0.17791382362945982,
-0.0140510693192482,-0.046274092793464665,0.2118006944656372,-0.2325933873653412,-0.10787852108478546,-0.17710144817829132,-0.0119869439756597,-0.0005087014318945643,-0.1884029394842023,
-0.046738401055336,-0.02382391542196274,0.2552112102508545,-0.19011597335338593,-0.046825554221868515,-0.14481061697006226,-0.024178749196950206,-0.006952333424998004,-0.19771435633930787,
-0.04503697454929352,0.009748756140470506,0.2931323289871216,-0.15769170224666595,-0.024921098724007607,-0.1317606121301651,-0.03464271467968213,-0.011698507316621181,-0.2058543651964393,
-0.051994460821151736,0.05889440178871155,0.39805934429168705,-0.07986082136631012,-0.027118206024169922,-0.13449035584926605,-0.05050773945079592,-0.01659429117852869,-0.2204022930370676,
-0.044897755980491644,0.07623481154441834,0.4263084411621094,-0.009020736441016197,-0.02585320547223091,-0.13748641312122345,-0.054508451034277844,-0.019086973134317835,-0.22695601710788116,
-0.055881780385971073,0.09053690433502198,0.4289839267730713,0.043110646307468414,0.012829210609197617,-0.13548904657363892,-0.055481465710312185,-0.021610682238591295,-0.23362793936246062,
-0.053332704305648806,0.08513312935829163,0.4030164241790772,0.08159331977367401,0.0524437315762043,-0.1306287795305252,-0.054085763394952725,-0.02339126418247877,-0.24038807470828216,
