-0.03744926154613495,0.03587922751903534,0.2664118528366089,0.15323036909103394,0.13952942192554474,-0.15080595016479492,-0.028113165736883966,-0.055992947417281544,-0.22476083215673034,
-0.056729632616043094,-0.004483510553836822,0.2239649772644043,0.21448306739330292,0.08560041338205338,-0.14974068105220795,-0.020205867517833976,-0.04929388025216349,-0.23346588168635837,
-0.08112959861755371,-0.0343123346567154,0.19480407238006592,0.24850495159626007,0.04598589241504669,-0.1404196172952652,-0.011325481611165481,-0.042559504631270464,-0.2416177638878736,
-0.14723290205001832,-0.06747193932533264,0.06440242528915406,0.24657416343688965,0.03653167188167572,-0.09195008873939514,0.012211440392566848,-0.033947965291501486,-0.25691767636497836,
-0.16502002477645875,-0.06688044667243957,-0.015882433950901033,0.2120196521282196,0.041258782148361206,-0.03688923269510269,0.021940584704560267,-0.020853972453924306,-0.2632598170272494,
-0.18198094367980958,-0.06823260188102723,-0.0755960762500763,0.1890498846769333,0.039261411875486374,-0.0008033979684114456,0.034177239496766425,-0.01625599833449987,-0.2681606670344053,
-0.15605386495590212,-0.05233895182609558,-0.1137543797492981,0.18678618967533112,0.020020071417093277,0.018770836293697357,0.05598477122086051,-0.01166594783095848,-0.2713965629457606,
-0.1319451928138733,-0.04541068375110627,-0.12028117179870607,0.17247170209884644,0.007503213826566935,0.023231633007526398,0.06548821781098724,-0.009955300102058839,-0.2706523876721538,
-0.11890369653701782,-0.03924880623817444,-0.18484259843826295,0.11907531321048737,0.0030424189753830433,0.053791407495737076,0.08404560184718941,-0.008737210485698555,-0.268252894656834,
-0.12694687843322755,-0.04289054274559021,-0.22325260639190675,0.06474682688713074,0.0037747882306575775,0.0840182825922966,0.0922017053442859,-0.008898581559220199,-0.26665401341611494,
-0.13293648958206178,-0.05185307860374451,-0.25461292266845703,0.025731520727276802,0.005572421941906214,0.10778699815273285,0.09862113986296073,-0.009503465352008435,-0.26414333078111824,
-0.13481607437133789,-0.07101848721504211,-0.28581035137176514,-0.04943620041012764,-0.0050802226178348064,0.13122281432151794,0.10538833804964093,-0.01177555096245887,-0.2560234513522499,
-0.11609803438186646,-0.07836517691612244,-0.2975842237472534,-0.08505598455667496,-0.032710518687963486,0.13082334399223328,0.10556859646600429,-0.013354426876486959,-0.2503619351878404,
-0.1036192774772644,-0.08902738094329835,-0.2685853958129883,-0.12333893030881882,-0.07838373631238937,0.15645626187324524,0.09964702589924086,-0.018451843745146582,-0.23810159473448114,
-0.13606622219085693,-0.09380087852478028,-0.25701730251312255,-0.17959819734096527,-0.07026109099388123,0.20173001289367676,0.09447317927113794,-0.022609591663893192,-0.23229506360602872,
-0.1464685082435608,-0.08465384840965272,-0.23078906536102295,-0.24045142531394958,-0.026318931952118874,0.22809530794620514,0.08783745629969081,-0.02843345596066819,-0.2258554012344539,
-0.09613366723060608,-0.047285360097885136,-0.1595805287361145,-0.2885880768299103,-0.027717091143131256,0.2320234626531601,0.06738839257223928,-0.039877110054300224,-0.20769385938443338,
-0.052089101076126104,-0.03805548846721649,-0.05644367337226868,-0.26382067799568176,-0.06193871423602104,0.22390082478523254,0.05270822371282763,-0.0430533703728461,-0.19619253312487045,
-0.03056122958660126,-0.020552892982959748,0.08062018752098084,-0.22054484486579895,-0.058609671890735626,0.23415297269821167,0.03641653486195618,-0.04589826612278911,-0.1845149758260719,
0.019352430105209352,0.01936781257390976,0.3604259490966797,-0.11335262656211853,-0.02185804769396782,0.23874692618846893,0.006229899797361394,-0.05324938750720719,-0.16206491463526493,
0.08649653196334839,0.05326813459396362,0.5154522895812989,0.0475023128092289,-0.00021986369392834604,0.18548369407653809,-0.006141721370482353,-0.05588754858242517,-0.1502663236181841,
0.2852062702178955,0.12852220535278322,0.7784027099609375,0.2046288251876831,0.07701180875301361,0.12190072238445282,-0.01877752967873268,-0.05685982303003419,-0.1281742473949445,
0.32652456760406495,0.17268285751342774,0.732706356048584,0.27240628004074097,0.15424348413944244,0.06177986413240433,-0.015364732484426824,-0.0556704923542925,-0.12027892930614026,
0.32749056816101074,0.17509138584136963,0.5832006931304932,0.34284690022468567,0.15297847986221313,0.019102701917290688,-0.006140148267747785,-0.05156846443933682,-0.11460904973729234,
0.23354644775390626,0.07738017439842225,0.3424643754959107,0.3858569264411926,0.08892945200204849,-0.019313396885991096,0.021582076789795828,-0.036427490030641586,-0.10820142193118357,
0.18220986127853395,0.021011611819267275,0.19720423221588135,0.39091694355010986,0.051645200699567795,-0.030631830915808678,0.03967127675656622,-0.029438283657418466,-0.10708177861644994,
0.12489430904388428,-0.01959526836872101,0.08212503790855408,0.36421874165534973,0.07195179909467697,-0.036823682487010956,0.05918484573975953,-0.024549739582798175,-0.1071659718440644,
0.07999954819679261,-0.04907943308353424,-0.016559717059135438,0.3416484594345093,0.07927549630403519,-0.023041822016239166,0.07786970394432129,-0.023625941714673273,-0.1078282091718313,
0.032371592521667485,-0.11327339410781861,-0.1769960165023804,0.30789288878440857,0.07401575148105621,-0.0026686396449804306,0.13246131274646328,-0.012139605172036784,-0.10827534658989685,
0.04283599257469178,-0.11109832525253296,-0.2290449857711792,0.26035547256469727,0.061565473675727844,-0.009193385019898415,0.1484545371783844,-0.008610139216951328,-0.1067954045523339,
0.029076251387596133,-0.1025205969810486,-0.294520115852356,0.1950414478778839,0.05903547257184982,-0.014852602034807205,0.17535532642914312,-0.0025663605526081755,-0.10432963758674339,
0.014958444237709046,-0.0989244818687439,-0.30752894878387455,0.1479700654745102,0.050446778535842896,-0.01258891448378563,0.18564568783765847,0.00030151963084825594,-0.1033481034794697,
-0.0019078472629189493,-0.09221934080123902,-0.2967902660369873,0.11887502670288086,0.030805964022874832,-0.01079128123819828,0.19385702234873037,0.0029722861398161476,-0.10234820796323013,
0.0016151949763298036,-0.09011501669883729,-0.28871109485626223,0.08851499110460281,0.015359628945589066,-0.014386548660695553,0.20630350853426002,0.006400617413867429,-0.10132453798044681,
-0.004303400963544846,-0.09888455271720886,-0.30894596576690675,0.04590441659092903,0.010632517747581005,-0.008993647992610931,0.21096532979181978,0.0075222534231532134,-0.101367933711036,
-0.010216907411813737,-0.10643396377563477,-0.33552300930023193,-0.008690387941896915,0.009833569638431072,0.0004605744034051895,0.2142200635632602,0.00836196389778419,-0.1014580877847212,
-0.038516297936439514,-0.11135081052780152,-0.3709272861480713,-0.07952868193387985,0.0007119507063180208,0.012980776838958263,0.21404247730480527,0.009122611552102084,-0.10101993872031735,
-0.05581441521644592,-0.10216737985610963,-0.3456425666809082,-0.12586767971515656,-0.021125970408320427,0.032688166946172714,0.20984925898992807,0.008676424477843317,-0.10043685551179478,
-0.05905248522758484,-0.09640540480613709,-0.32935447692871095,-0.16428378224372864,-0.045360736548900604,0.04746871069073677,0.20397811946881347,0.007274999588502476,-0.09971973416494677,
-0.04020788371562958,-0.11127637624740601,-0.35106730461120605,-0.24544362723827362,-0.0712599828839302,0.05938636139035225,0.18766781232196753,0.0011878355172812035,-0.09835123134420533,
-0.02672632932662964,-0.11553363800048828,-0.337490439414978,-0.2994392216205597,-0.08271157741546631,0.05619056150317192,0.17621685222357156,-0.0031981288705496703,-0.09768747119229342,
-0.07506009340286256,-0.11462606191635133,-0.2447058439254761,-0.34065163135528564,-0.13417714834213257,0.07663033157587051,0.14652176442130674,-0.01354992265628253,-0.0967550519356625,
-0.07892457842826844,-0.10689034461975098,-0.1779774308204651,-0.37267613410949707,-0.14775927364826202,0.11391458660364151,0.129298796279641,-0.020984178848549414,-0.09616435144985158,
-0.029071015119552613,-0.1083567500114441,-0.12840088605880737,-0.42627227306365967,-0.11526872217655182,0.10998642444610596,0.11077745626213671,-0.03002774197449181,-0.09408614465695225,
-0.007104141265153885,-0.08176939487457276,0.12006094455718995,-0.41968095302581787,-0.14170058071613312,0.1258988082408905,0.06666291170481478,-0.045371022460759115,-0.08642939990223085,
0.020619501173496247,-0.06975399255752564,0.293931245803833,-0.3429153263568878,-0.15142112970352173,0.1475369930267334,0.0442207976415743,-0.05328125696839028,-0.08143356746721343,
0.05870150923728943,-0.038102450966835025,0.4333966255187989,-0.25389915704727173,-0.10594765841960907,0.15565963089466095,0.024075344523283988,-0.06176046163321435,-0.07502954854326226,
0.1429842233657837,0.052688777446746826,0.5575516700744629,-0.17140774428844452,-0.015599912032485008,0.14953435957431793,-0.006588801332537419,-0.07345694655454449,-0.05942660738618181,
0.17908161878585815,0.10011223554611207,0.5910178661346436,-0.08032763004302979,0.03859541937708855,0.1300266981124878,-0.017631101478430028,-0.07449031321277282,-0.051559572854746626,
0.21892879009246827,0.1464411735534668,0.6120889186859131,0.01934117265045643,0.04944780096411705,0.0880153477191925,-0.025457015478304094,-0.07297949681145058,-0.04426178376646388,
0.25350499153137207,0.18790738582611086,0.5112378597259521,0.13239236176013947,0.04625200852751732,0.028493687510490417,-0.02734037750153319,-0.06733838712997842,-0.03401763952498271,
0.24104049205780032,0.1776334047317505,0.39327459335327153,0.18805243074893951,0.07075309008359909,-0.01817820966243744,-0.02156194580187502,-0.0648337782987933,-0.03179167790072326,
0.22231147289276124,0.16127625703811646,0.28095803260803226,0.20549613237380981,0.09445521980524063,-0.048671405762434006,-0.012964622119652328,-0.06195252269526829,-0.031242316222539538,
0.15060336589813234,0.08994512557983399,0.09695898294448853,0.20889167487621307,0.1008468046784401,-0.0679127424955368,0.00836546338511835,-0.052943753812543876,-0.03436919535370393,
0.12800568342208862,0.053574055433273315,0.038100364804267886,0.20915798842906952,0.0960531160235405,-0.07683432847261429,0.01951576002848208,-0.04768664470956146,-0.0370620109107513,
0.10728974342346193,0.029272571206092834,-0.009795166552066803,0.20729294419288635,0.07308349013328552,-0.08415956795215607,0.030857762987391794,-0.0431619351915161,-0.040074667007369336,
0.08749083280563355,0.008784878998994827,-0.057231247425079346,0.19444318115711212,0.06409531831741333,-0.09228220582008362,0.04341502635825537,-0.04505843331491925,-0.04341388903819529,
0.06266055703163147,-0.004874962940812111,-0.13964225053787233,0.17040815949440002,0.04791661724448204,-0.10087090730667114,0.06448877200969497,-0.03692427559857538,-0.05111650015991624,
0.05078273415565491,-0.012260790169239045,-0.16507755517959596,0.14843708276748657,0.024880273267626762,-0.10446617007255554,0.07384384906979172,-0.03312463112773846,-0.05547381307277893,
0.04130179584026337,-0.019833178818225862,-0.19686191082000734,0.11641257256269455,0.020219741389155388,-0.10706275701522827,0.08243021761061141,-0.030045714942754896,-0.06016612398566395,
0.022102789580821992,-0.03406043350696564,-0.2532998085021973,0.05382828041911125,0.027610013261437416,-0.10040485858917236,0.09553153762982314,-0.024896341974503078,-0.069928499493912,
0.014999525249004365,-0.03620988130569458,-0.24118688106536867,0.020405611023306847,0.010033149272203445,-0.10206933319568634,0.09900128629406872,-0.022043590781032452,-0.07442491368681235,
0.019667482376098635,-0.04091265797615051,-0.23165128231048585,-0.004228629171848297,-0.009208190254867077,-0.10446617007255554,0.10097047804348554,-0.019584046546336206,-0.0790166983202352,
0.004235919192433358,-0.04266710281372071,-0.23408896923065187,-0.03884972631931305,-0.021192414686083794,-0.10260196030139923,0.10161383901049834,-0.016798948892615677,-0.08930944538760496,
0.00032874839380383494,-0.039944654703140264,-0.23769307136535645,-0.06714580953121185,-0.03337637707591057,-0.10426643490791321,0.10017943123229134,-0.016156544417287796,-0.09465045203349998,
-0.008640798181295395,-0.04374845921993256,-0.24311819076538088,-0.09484268724918365,-0.05841008946299553,-0.09960590302944183,0.09756631765304455,-0.015849015221646414,-0.10008535805991707,
-0.026210266351699832,-0.07559726834297181,-0.26106712818145755,-0.14164775609970093,-0.0835103914141655,-0.08269482851028442,0.08893760227000132,-0.018121781334765375,-0.11145330104405113,
-0.008261508494615556,-0.0884306013584137,-0.2613973140716553,-0.20316676795482635,-0.0871056541800499,-0.06585033237934113,0.0824486329769149,-0.02091901363445782,-0.11680090344348568,
0.013694100081920624,-0.07263124585151673,-0.2504812240600586,-0.2655513286590576,-0.08703907579183578,-0.0651179701089859,0.07390342866889427,-0.02437075311567441,-0.12148229119975132,
0.040469187498092654,-0.062465357780456546,-0.22353286743164064,-0.30123767256736755,-0.0919659286737442,-0.08089719712734222,0.06275078440468501,-0.028010566316353232,-0.1256572548802518,
0.07909075021743775,-0.02492765486240387,-0.08151230812072754,-0.32960033416748047,-0.07012800127267838,-0.10772854089736938,0.03401040947386493,-0.035817625504523005,-0.13476283091705124,
0.07789151072502137,-0.0009532197378575802,-0.022595109045505525,-0.3483756184577942,-0.06872984766960144,-0.13455988466739655,0.018284488062143996,-0.042483282006779324,-0.14018589209953455,
0.09339162707328796,0.018297527730464936,0.2660086154937744,-0.2757379114627838,-0.06386957317590714,-0.2076636701822281,-0.014443812426237617,-0.05015138235449882,-0.15469170926974588,
0.06546885371208191,0.021383748948574068,0.4040557861328125,-0.17313963174819946,-0.057477984577417374,-0.23456159234046936,-0.028025017714573153,-0.05397084146440513,-0.16507356517406765,
0.02097448855638504,0.03397169411182404,0.49409332275390627,-0.10769298672676086,-0.004747305065393448,-0.22118023037910461,-0.0374778824190211,-0.05850893133302853,-0.17734573989977762,
-0.09850896000862122,0.05407670736312867,0.5135077953338624,-0.018477093428373337,0.053109873086214066,-0.17097964882850647,-0.04550504632290215,-0.06327462366823101,-0.2014370782924666,
-0.123272705078125,0.06526676416397095,0.5471456050872803,0.08005987107753754,0.0689556747674942,-0.1518714725971222,-0.04616340675659781,-0.06244843906986879,-0.21129595585872762,
-0.10483143329620362,0.06841824054718018,0.5272962093353272,0.1429770439863205,0.0815391093492508,-0.16046015918254852,-0.04338936637294385,-0.06059017691538592,-0.21997053677919023,
-0.08282278776168824,0.026709049940109253,0.34844996929168703,0.20329764485359192,0.10217861086130142,-0.1567317396402359,-0.027352353514281794,-0.05445120877082525,-0.23719039940501907,
-0.11688799858093263,0.011963948607444763,0.24001777172088623,0.23738610744476318,0.10837046056985855,-0.12151143699884415,-0.01582126884718549,-0.04992239480002001,-0.2456918534764962,
-0.1359580159187317,0.0036620400846004487,0.14575088024139404,0.25170060992240906,0.07268410176038742,-0.09934061765670776,-0.0032896599760390156,-0.04453146111267503,-0.25294069744990993,
-0.12560216188430787,-0.026365703344345095,-0.002960379421710968,0.2536314129829407,0.053043290972709656,-0.0856919214129448,0.02199372244213775,-0.027537313558447223,-0.2635775110507154,
-0.12541338205337524,-0.039970189332962036,-0.05788025856018067,0.23465636372566223,0.05024697259068489,-0.05846109241247177,0.03491558341168786,-0.022303247326046997,-0.2678403891229192,
-0.13809391260147094,-0.0515803873538971,-0.09921302795410157,0.21142028272151947,0.06030040606856346,-0.02956579625606537,0.04761202031822687,-0.019295926705153472,-0.2711176187095515,
-0.1606076955795288,-0.0541687548160553,-0.1660304069519043,0.16914260387420654,0.057970140129327774,0.021833213046193123,0.06951556137194813,-0.012983536718584508,-0.27319863176171044,
-0.14643145799636842,-0.054559755325317386,-0.18332875967025758,0.12533360719680786,0.054374873638153076,0.057120099663734436,0.0781027501173574,-0.010317139774011847,-0.2714518889143528,
-0.12004309892654419,-0.05372944474220276,-0.19370338916778565,0.10256358236074448,0.027343787252902985,0.05485641211271286,0.08520447044461996,-0.008084475125118347,-0.26834392260878953,
-0.115083646774292,-0.054181492328643804,-0.1750599265098572,0.09364199638366699,-0.02545338310301304,0.06690721213817596,0.09601872508539414,-0.00650191519949282,-0.2619575264558083,
-0.11900171041488648,-0.0628471612930298,-0.19216285943984987,0.07992671430110931,-0.0604073740541935,0.08561591804027557,0.1008852462049077,-0.008312938170398528,-0.2591338928085953,
-0.1096794605255127,-0.06350103616714478,-0.20809967517852784,0.04823509603738785,-0.0640692189335823,0.09507014602422714,0.10518765117955894,-0.011929686628075394,-0.2561842738243499,
-0.08877633810043335,-0.06768049597740174,-0.25508077144622804,-0.018410513177514076,-0.04855630546808243,0.11384543031454086,0.11044474453616854,-0.021190683871313294,-0.24941536040294385,
-0.08659066557884217,-0.06982954144477845,-0.2615744829177857,-0.06421688199043274,-0.04063339903950691,0.12962466478347778,0.11006802011115163,-0.0256101646145819,-0.24512157255676595,
-0.09226805567741395,-0.0627271831035614,-0.24446840286254884,-0.09597507864236832,-0.04482787847518921,0.13954494893550873,0.10747396548820141,-0.029771840292248546,-0.24006748253098414,
-0.11041780710220338,-0.06870630979537964,-0.21095111370086672,-0.1306612342596054,-0.07678606361150742,0.16298359632492065,0.09726213464946458,-0.03851007744121689,-0.22813877187744885,
-0.1046603560447693,-0.053340256214141846,-0.16677180528640748,-0.15882417559623718,-0.06147288158535957,0.18648599088191986,0.09005099643018015,-0.044230188381758385,-0.2215340780968112,
-0.06532440781593322,-0.02776671051979065,-0.1393151879310608,-0.2028994858264923,-0.024055469781160355,0.1867523044347763,0.081514819945182,-0.05033902148815739,-0.2137029580401582,
-0.052825731039047245,-0.006871358305215836,-0.03806373775005341,-0.23785348236560822,-0.004348078276962042,0.19687232375144958,0.05890232868098563,-0.057744795238848144,-0.19562071759700597,
-0.026497831940650942,0.0025125674903392794,0.0489206999540329,-0.24158190190792084,0.01216352079063654,0.20426258444786072,0.045253136479313325,-0.05963681588108933,-0.18582292984060478,
0.021975241601467133,0.02043285369873047,0.1594889760017395,-0.22040976583957672,0.040992241352796555,0.16597965359687805,0.03087370062298345,-0.06074265270847825,-0.17528668349045345,
0.09725889563560486,0.007515369355678559,0.39725584983825685,-0.16461654007434845,0.07002069801092148,0.15386226773262024,0.004477164732640144,-0.05838519425097046,-0.15676141347937037,
0.1299810528755188,0.03628635108470917,0.5491514205932617,-0.04524034634232521,0.13679945468902588,0.12583249807357788,-0.006200892675224052,-0.05520430304700594,-0.14882624135448674,
0.14595633745193481,0.06935863494873047,0.6365948677062989,0.07486821711063385,0.10936889797449112,0.09533929079771042,-0.012820990166842289,-0.04961385301026465,-0.14203019429570454,
0.05052894353866577,0.11405155658721924,0.6472723007202149,0.23006393015384674,0.07401543855667114,0.11577904969453812,-0.009842551303275531,-0.03721711542620878,-0.1317588841439411,
0.08956025838851929,0.10495525598526001,0.545598030090332,0.29224875569343567,0.09884941577911377,0.12037300318479538,-0.00036886864198243076,-0.03334771858609503,-0.12623344797598712,
0.16119704246520997,0.05185219645500183,0.382224178314209,0.3520367443561554,0.11143285036087036,0.0868171751499176,0.026961667053738914,-0.024273532043411025,-0.11359948953836466,
0.16763254404067995,0.01886674463748932,0.29580829143524173,0.408628910779953,0.0852007120847702,0.05865424871444702,0.04363651170728475,-0.019122052319679707,-0.10800729899899959,
0.15439652204513551,-0.017659269273281097,0.18870712518692018,0.42334288358688354,0.06882227212190628,0.03342079371213913,0.06267011819523416,-0.014655199616832508,-0.10347381135186669,
0.14844694137573242,-0.07436124682426452,-0.09494227766990662,0.37394124269485474,0.07920859754085541,0.006589447148144245,0.10408751077095797,-0.010863305214114948,-0.09730216461208036,
0.13029659986495973,-0.08519722819328308,-0.172273325920105,0.3467104136943817,0.08313676714897156,0.003460233099758625,0.12386810479360075,-0.0075664096656445886,-0.09539426689867933,
0.10793863534927368,-0.09836773276329042,-0.2088840961456299,0.31255537271499634,0.07042016834020615,-0.002398721408098936,0.1421392155280974,-0.003827446627781589,-0.093483631368242,
0.08161840438842774,-0.11239334344863892,-0.31369924545288086,0.23545683920383453,0.056638315320014954,-0.022106114774942398,0.17493663689254205,0.00281663280274795,-0.08997797797407023,
0.062338089942932134,-0.1231865406036377,-0.34477124214172367,0.18805132806301117,0.040060337632894516,-0.024238958954811096,0.18814403098808055,0.005794469781174476,-0.08898602426045257,
0.02222430408000946,-0.12182284593582154,-0.332714056968689,0.15802419185638428,0.026012161746621132,-0.012054996564984322,0.198942323772694,0.008614819757384769,-0.08858479807531221,
-0.004640773683786392,-0.13190313577651977,-0.35376269817352296,0.0979699045419693,0.0007787094218656421,0.0007947562262415886,0.21590750064525072,0.011970111492921017,-0.08808549612486997,
0.0007384583819657564,-0.13493109941482545,-0.35613412857055665,0.06348197162151337,-0.016531838104128838,-0.0004036668688058853,0.22176592880655702,0.01235692886702458,-0.08782673818770953,
-0.000755503959953785,-0.1294148802757263,-0.35032081604003906,0.026796922087669373,-0.021991318091750145,-0.0018684053793549538,0.22591657609939908,0.011990363264490836,-0.08805288760364924,
-0.037774094939231874,-0.11578855514526368,-0.37634642124176027,-0.04630684852600098,-0.012603675946593285,0.02176715061068535,0.22966873129108645,0.010489083097308668,-0.08944209057219092,
-0.04643515646457672,-0.10248591899871827,-0.3787159681320191,-0.12626826763153076,-0.011471832171082497,0.04560244455933571,0.22843451996597633,0.009373716354547737,-0.08951199071140184,
-0.04476522207260132,-0.09047436714172363,-0.3785223722457886,-0.17054331302642822,-0.024521321058273315,0.03874480351805687,0.22442295254366917,0.007883126773461393,-0.088558085327184,
-0.031173533201217653,-0.07669593691825867,-0.29147064685821533,-0.19104965031147003,-0.07931586354970932,0.02755952626466751,0.20848105168077358,0.0035367100911568817,-0.0866465241703567,
-0.04730782508850098,-0.08437474370002747,-0.2581312417984009,-0.20030413568019867,-0.12512223422527313,0.036680854856967926,0.19891494800345125,0.00011721865268951867,-0.08743587708164995,
-0.050614154338836675,-0.07637529969215394,-0.23900666236877444,-0.24957261979579926,-0.09276483207941055,0.05332561209797859,0.1890432841109632,-0.0052804673157695005,-0.08926124685394636,
-0.03769659101963044,-0.09151670932769776,-0.23174376487731935,-0.3363916873931885,-0.04296371340751648,0.07150167971849442,0.1649872275359555,-0.016710577318274147,-0.09067287544284948,
-0.021130450069904327,-0.11494123935699463,-0.17004410028457642,-0.3814656734466553,-0.07039427757263184,0.08115564286708832,0.14858626305541964,-0.020497503658853874,-0.08878507645889834,
0.006582021713256836,-0.10693613290786744,-0.09228119254112244,-0.36874908208847046,-0.10175299644470215,0.05192745104432106,0.13007479603994307,-0.024594162212097648,-0.08627045639613798,
-0.004515444859862328,-0.0821416974067688,0.12481772899627686,-0.3303995728492737,-0.10674642771482468,0.059650618582963943,0.08983979192244759,-0.036328095781179466,-0.08330159437084153,
-0.024952939152717592,-0.05765475630760193,0.14136790037155153,-0.34331589937210083,-0.06034083664417267,0.08634880185127258,0.07283332542888386,-0.04233035396586058,-0.08235168701997561,
0.009735243022441865,-0.01798142194747925,0.22226595878601074,-0.2913176715373993,-0.0316452756524086,0.0864819660782814,0.055127798955507845,-0.04766152222028892,-0.07952714785863174,
0.03518751859664917,0.0421543300151825,0.4269347667694092,-0.1938459724187851,-0.05534740909934044,0.09294012933969498,0.02248298120619694,-0.05299943533385465,-0.07115072644440674,
0.0759943187236786,0.07524879574775696,0.4516804695129395,-0.1493711918592453,-0.017397364601492882,0.08488406240940094,0.010621500736895441,-0.055993081721764086,-0.06649326666179355,
0.10311782360076904,0.10156923532485962,0.4914310455322266,-0.0791962742805481,0.0156257301568985,0.07636310905218124,0.0009269637636823558,-0.058214952847673605,-0.06191299934189532,
0.15018575191497804,0.15403313636779786,0.6182468414306641,0.0808597132563591,0.037463653832674026,0.04220806807279587,-0.01078076098891739,-0.057542985677541916,-0.05378333329301918,
0.1669789791107178,0.16608794927597048,0.5732517719268799,0.15889032185077667,0.06329631805419922,0.012180928140878677,-0.009579456217036576,-0.05576222552011287,-0.050996561840948675,
0.1707285761833191,0.16656097173690798,0.4735175609588623,0.2108885496854782,0.0981171503663063,-0.019111216068267822,-0.003905059108890822,-0.05341881065687509,-0.04918509864799453,
0.14192250967025757,0.10284371376037599,0.2901963710784912,0.28519076108932495,0.1017124131321907,-0.04940467327833176,0.01596249099115725,-0.04467116657388782,-0.04888744449223397,
0.10643590688705445,0.06420047283172607,0.17568137645721438,0.29124945402145386,0.10670584440231323,-0.0508694127202034,0.029744495572493264,-0.03925989727313699,-0.05021157852080036,
0.07809551358222962,0.03843773305416107,0.05206860899925232,0.2626204788684845,0.11749164760112762,-0.051868095993995667,0.04488667094680714,-0.03387629494557092,-0.05163499806941769,
0.05839300751686097,-0.0076879717409610755,-0.06789156198501588,0.23891831934452057,0.10317715257406235,-0.054864153265953064,0.07446355713741287,-0.026728177689683275,-0.0541377814712247,
0.05984817147254944,-0.019275987148284913,-0.10208516120910645,0.23385831713676453,0.07860949635505676,-0.0671146959066391,0.0869903355477555,-0.02062913984335621,-0.05534166433594565,
0.06037777066230774,-0.03187827169895172,-0.13769228458404542,0.2180790901184082,0.05084604024887085,-0.07643575966358185,0.09915707277350472,-0.015225090556850344,-0.0568675383851731,
0.054825073480606085,-0.059760946035385135,-0.23641574382781982,0.1662140190601349,0.028608640655875206,-0.08342655748128891,0.12203675668767959,-0.00683320301588407,-0.06177009771355605,
0.050055968761444095,-0.0654355823993683,-0.2892796993255615,0.08338971436023712,0.03699760138988495,-0.08369287103414536,0.13144736980918978,-0.0037599726796309625,-0.06508825207634009,
0.03600398302078247,-0.06924365758895874,-0.32429018020629885,0.024067802354693413,0.03326917439699173,-0.08082997053861618,0.13814381423172414,-0.0005082309709918208,-0.068345650956844,
0.022725979983806613,-0.07384408712387085,-0.30030422210693364,-0.029661472886800766,-0.0024171851109713316,-0.08122944831848145,0.14260043030133,0.006216788000231371,-0.07444560450799492,
0.013643725216388703,-0.06745594143867494,-0.29630651473999026,-0.08725233376026154,-0.015932727605104446,-0.08569024503231049,0.14005856339602868,0.01000341064451513,-0.08193186224007593,
-0.0057704787701368335,-0.06548736095428467,-0.30586769580841067,-0.14684057235717773,-0.02938169240951538,-0.07730128616094589,0.13634551720110571,0.01122677888363153,-0.08623372697900299,
-0.014161872863769532,-0.05660936236381531,-0.28691649436950684,-0.17886509001255035,-0.056545935571193695,-0.06791364401578903,0.13020551567264652,0.011966009347690145,-0.09042463156806661,
0.0031137565150856973,-0.03988801240921021,-0.20836942195892336,-0.20449800789356232,-0.08277807384729385,-0.05919179320335388,0.11266755310768055,0.01014684326082884,-0.09883182466708126,
0.04684182405471802,-0.03102022111415863,-0.1852473020553589,-0.2239397019147873,-0.09529483318328857,-0.07577113062143326,0.10248368743266643,0.007431622857650675,-0.10300915356132845,
0.07891870141029358,-0.019101189076900484,-0.15421921014785767,-0.23825418949127197,-0.10494878888130188,-0.10233616083860397,0.09148617630098636,0.0040958856129313164,-0.1076299060194308,
0.09942228198051453,0.0008325747214257718,-0.07332901954650879,-0.26109078526496887,-0.11839775741100311,-0.12457355856895447,0.06760983430984772,-0.003615690692456582,-0.11944716073201897,
0.10447826385498048,0.0014389177784323694,-0.04588201940059662,-0.2857916057109833,-0.11679986119270325,-0.1451464742422104,0.054851586100335574,-0.00838778074830647,-0.12656583366104152,
0.10127739906311035,0.006031837314367294,0.005964361503720284,-0.2919168770313263,-0.1116732731461525,-0.16698439419269562,0.041675015713856574,-0.020557383547028595,-0.1341545980690227,
0.09130203127861024,0.03171114027500153,0.16891578435897828,-0.25203603506088257,-0.16214017570018768,-0.19954153895378113,0.013513035787704363,-0.030806920138873834,-0.1515029423951453,
0.12335200309753419,0.039337208867073065,0.25878372192382815,-0.1897180825471878,-0.14096803963184357,-0.26392343640327454,0.000973064412104294,-0.03812218506588686,-0.16171598925980044,
0.1075861930847168,0.03687223792076111,0.33471839427948,-0.1463751345872879,-0.07052743434906006,-0.273444265127182,-0.008768368340887431,-0.04642869537688287,-0.1742534342388958,
-0.06606948375701904,0.02755582928657532,0.44146413803100587,-0.0681447684764862,0.003641607705503702,-0.206665500998497,-0.020418263504324623,-0.057399999292400875,-0.20402029044515127,
-0.07987360954284668,0.03345671594142914,0.4633485317230225,0.005092158913612366,0.035599540919065475,-0.20220470428466797,-0.023231180252276624,-0.059229490441598545,-0.21554336829195664,
-0.07692360281944276,0.03116593658924103,0.473254919052124,0.0817246213555336,0.04405507817864418,-0.2048012912273407,-0.02341266813655179,-0.0589377073369898,-0.22603094430398696,
-0.11673550605773926,0.007605411857366563,0.393468713760376,0.16221867501735687,0.08253775537014008,-0.18749074637889862,-0.014183186101604435,-0.05597455603305159,-0.24728380120488191,
-0.1483148455619812,-0.004883472621440888,0.29166972637176514,0.18059447407722473,0.10417594015598297,-0.1458122730255127,-0.005283344342841986,-0.05277989705913645,-0.2575010161881107,
-0.18011348247528078,-0.023421311378479005,0.20088269710540774,0.1936439722776413,0.09864988178014755,-0.10559853166341782,0.004894493143567452,-0.04802083481408113,-0.2665514406724362,
-0.17091214656829834,-0.04228691756725311,0.10057210922241211,0.23538902401924133,0.06336299329996109,-0.08515877276659012,0.025749115746019034,-0.03734008050824901,-0.2785322071090489,
-0.1655610203742981,-0.05048184990882874,0.050030392408370976,0.24937061965465546,0.03227059170603752,-0.07497218251228333,0.03748368454930466,-0.03300418971402884,-0.28268954247307,
-0.1590373754501343,-0.04917871952056885,-0.012558592855930329,0.24570876359939575,0.020619260147213936,-0.05706241726875305,0.047567215223182156,-0.019749105939908442,-0.28668366991526617,
-0.17582828998565675,-0.07476317882537842,-0.12269259691238404,0.21042189002037048,0.0015110787935554981,-0.012654207646846771,0.07254366176648087,-0.014310349469386321,-0.292565306575548,
-0.18681458234786988,-0.0829184353351593,-0.15798193216323853,0.18012842535972595,0.002709501190111041,0.03388453274965286,0.08396815949261818,-0.013682602829810408,-0.29377442104364965,
-0.19000482559204102,-0.08862528800964356,-0.16663748025894165,0.15842337906360626,-0.002084143925458193,0.07502985745668411,0.09386924814465995,-0.013684336174422064,-0.2932630594987916,
-0.18524972200393677,-0.10242750644683839,-0.22009644508361817,0.1045609563589096,-0.010339943692088127,0.11817307025194168,0.11052408989513944,-0.015678678998973145,-0.2873718653820527,
-0.17047462463378907,-0.09828600883483887,-0.25580730438232424,0.0509648360311985,-0.013935210183262825,0.13495099544525146,0.11675929143284357,-0.017927015920763,-0.28249303211665433,
-0.1502715826034546,-0.08793407082557679,-0.2709033727645874,0.013347682543098927,-0.024721013382077217,0.14913232624530792,0.12077010418772424,-0.02080052642184864,-0.2767470253362731,
-0.13250255584716797,-0.08919453024864198,-0.26276161670684817,-0.036320269107818604,-0.03677181899547577,0.1677078753709793,0.12268974934749506,-0.028232239759435323,-0.2639249210708815,
-0.11353025436401368,-0.09239926934242249,-0.2693061113357544,-0.09996981918811798,-0.023522591218352318,0.16870655119419098,0.12114366329625735,-0.033016792991916795,-0.25691732189997085,
-0.11456749439239503,-0.08773229122161866,-0.23909485340118408,-0.15389883518218994,-0.03730444982647896,0.20086422562599182,0.11138358212649577,-0.04194269633399859,-0.24184961333407118,
-0.11013646125793458,-0.07772667407989503,-0.1942411541938782,-0.1711428165435791,-0.03563997521996498,0.2127818763256073,0.10316782577952537,-0.046548936461420644,-0.233317289845985,
-0.08885844945907594,-0.06429347395896912,-0.14727575778961183,-0.2168826013803482,-0.0012851955834776163,0.21184976398944855,0.09351652198408535,-0.05171655220209646,-0.22376733578508948,
-0.07077324390411377,-0.06526299715042115,-0.09572230577468872,-0.26169028878211975,0.006371392868459225,0.24440692365169525,0.06975855640321424,-0.058880324277358925,-0.20301977658534837,
-0.03163086771965027,-0.0372055858373642,0.00796990916132927,-0.2539671063423157,0.035466428846120834,0.23175689578056335,0.05439701414447297,-0.060910393692270644,-0.19101432326323836,
0.009050701558589936,-0.0329411655664444,0.08585580587387086,-0.23718920350074768,0.014427455142140388,0.22816163301467896,0.038752942381131826,-0.06177644138661586,-0.17841653838605648,
0.048762071132659915,-0.0005382750649005175,0.28876485824584963,-0.17027728259563446,-0.0006194052402861416,0.2217700481414795,0.009352143426354952,-0.061058406750719635,-0.15464554246014237,
0.12558833360671998,0.031966909766197205,0.3742709636688233,-0.1295974999666214,0.04532012343406677,0.19926632940769196,-0.002647377842454588,-0.06129123037326667,-0.14341371677261336,
0.17436594963073732,0.06660645008087158,0.4480000495910645,-0.06355109065771103,0.0816056951880455,0.15851996839046478,-0.012429951558184164,-0.060312328320194675,-0.13305573526606804,
0.25267481803894043,0.0951210618019104,0.7474338531494141,0.16994155943393707,0.02647826075553894,0.07682748883962631,-0.024529328067067466,-0.052257873760967896,-0.1167874835869777,
0.251690936088562,0.09256174564361573,0.7873915672302246,0.30889201164245605,0.023548781871795654,0.039543233811855316,-0.02146841579066209,-0.049507027374353606,-0.11185074947896231,
0.23863964080810549,0.06941183805465699,0.6920619010925293,0.40150341391563416,0.07028725743293762,0.014975573867559433,-0.01071721168321154,-0.04826199456860047,-0.10871731577967078,
0.24138445854187013,-0.000799853913486004,0.4273709774017334,0.4766063690185547,0.14365705847740173,-0.029362713918089867,0.025741923493851234,-0.043152035708689335,-0.10585169837858872,
0.20276412963867188,-0.040377876162529,0.2553490400314331,0.4851950407028198,0.12701229751110077,-0.03635351359844208,0.04910702749504242,-0.03679106776491211,-0.1058225121055913,
0.1506591558456421,-0.08260970115661621,0.1118489146232605,0.4759405851364136,0.08413540571928024,-0.035421404987573624,0.07367159115931,-0.029236639454608682,-0.10600406013407111,
0.08698924779891969,-0.12818926572799683,-0.1034998893737793,0.44491472840309143,0.04998036101460457,-0.06697986274957657,0.11928855893203946,-0.021400071365477332,-0.1055673285622024,
0.06162825822830201,-0.15251258611679078,-0.17590157985687258,0.4111591875553131,0.04951430857181549,-0.07064171135425568,0.14257710655823994,-0.01762015733703298,-0.10698529915866384,
0.02472386658191681,-0.17444893121719363,-0.236846399307251,0.3705459535121918,0.04645167291164398,-0.044209837913513184,0.16471934639770006,-0.013736596632133528,-0.10909140399224503,
-0.03548292815685272,-0.17899796962738038,-0.34908728599548344,0.2786669135093689,0.01895453780889511,-0.015580855309963226,0.2042540212132205,-0.006649609822215798,-0.11114535510906447,
-0.019394883513450624,-0.16157180070877075,-0.38065986633300786,0.2112889289855957,0.022350067272782326,-0.02949587255716324,0.220039800926533,-0.004981047318429625,-0.11124237009565588,
-0.018177860975265504,-0.14670356512069702,-0.38505239486694337,0.15263280272483826,0.022949278354644775,-0.0352882482111454,0.23282428287682808,-0.0036477292548781344,-0.11145884188242745,
-0.05658799409866333,-0.14280321598052978,-0.3304555177688599,0.12127407640218735,0.015292691066861153,-0.0053276848047971725,0.2507752839402217,0.000374496958038171,-0.11237623586199577,
-0.05164778232574463,-0.14046226739883425,-0.30208935737609866,0.0915132537484169,0.022150330245494843,0.009852334856987,0.2573195184830372,0.001611255396085141,-0.11240562577957837,
-0.03552822172641754,-0.1390697717666626,-0.32041516304016116,0.027930280193686485,0.03147139400243759,0.007854962721467018,0.26317193509129794,0.002147539343847813,-0.11177171923001047,
-0.03167870342731476,-0.1202181100845337,-0.39090516567230227,-0.09464170783758163,0.012562950141727924,0.008321017026901245,0.26888890504099083,0.0033302976636674655,-0.1091273182677112,
-0.050342464447021486,-0.11360546350479127,-0.375253176689148,-0.1456412374973297,-0.011272341944277287,0.01624392159283161,0.26614451332619377,0.0037771908849775653,-0.10812972562634171,
-0.05618959069252014,-0.09404078722000123,-0.3102224588394165,-0.16514889895915985,-0.018928930163383484,0.01111733540892601,0.25993385815956277,0.003410763476905142,-0.10764854391339895,
