0.02905366122722626,-0.14066753387451172,-0.3658430814743042,0.1180117055773735,0.02707717940211296,0.02057155780494213,0.24582105243382862,0.04448579465210935,-0.0480989152416934,
0.047063332796096806,-0.13910399675369264,-0.3755137205123902,0.07353691756725311,0.016757428646087646,0.011383650824427605,0.25412222575266213,0.044676568189340245,-0.04626234244854399,
0.04987118840217591,-0.14109991788864137,-0.3817067384719849,0.03066002018749714,0.013694793917238712,0.011050757020711899,0.260302706476152,0.04488720424278656,-0.04455933210615181,
0.03127726912498474,-0.17090784311294557,-0.41602563858032227,-0.03671795502305031,0.0288082342594862,0.032622359693050385,0.2669100594815381,0.04510703599771398,-0.04249921735895544,
0.02510424554347992,-0.1835297465324402,-0.43359241485595706,-0.09810382127761841,0.03253665566444397,0.047070011496543884,0.2671531193253592,0.04503199447754237,-0.041090506649759106,
0.03020419478416443,-0.17548848390579225,-0.4348883152008057,-0.1391821801662445,0.017755968496203423,0.04194509983062744,0.2653067198019933,0.044776585846269326,-0.03868404560502986,
0.04588197469711304,-0.1357978343963623,-0.42100300788879397,-0.22853124141693115,-0.00601274473592639,0.022171126678586006,0.25510086044583746,0.043333924688664004,-0.033426680872593866,
0.054476261138916016,-0.15604175329208375,-0.4494029521942139,-0.33559030294418335,-0.09476258605718613,0.0155132245272398,0.2468002108432184,0.042373676433710844,-0.03172190649209389,
0.0398894876241684,-0.1810287117958069,-0.4641724586486817,-0.4002385437488556,-0.1903700828552246,0.06451538950204849,0.23507411814388554,0.04127934868765847,-0.03123785009081917,
-0.022370129823684692,-0.17200419902801514,-0.3102590084075928,-0.4869244396686554,-0.1837787628173828,0.08355699479579926,0.1988081797087593,0.029794502059316347,-0.03645593832160772,
0.04234811961650849,-0.1715062975883484,-0.2573200464248657,-0.5810006260871887,-0.1474931836128235,0.06504802405834198,0.17692906678399561,0.01887907800589277,-0.03896759777879737,
0.09030557274818421,-0.20294480323791506,-0.16630964279174806,-0.5624250769615173,-0.18171480298042297,0.07496830075979233,0.15193175248226126,0.008698101718962825,-0.04029772994019696,
0.03152185380458832,-0.20544123649597168,0.3343357086181641,-0.40370064973831177,-0.22851985692977905,0.12323809415102005,0.09308370081866636,-0.009084506664342039,-0.04063596534851889,
0.029751312732696534,-0.17572379112243652,0.4839032649993897,-0.3678145706653595,-0.14929081499576569,0.16971024870872498,0.06783627948727053,-0.020651717373937943,-0.03919877791386234,
0.04959938228130341,-0.11105488538742066,0.5149065494537354,-0.311888188123703,-0.04868990182876587,0.1830926388502121,0.046828498577329826,-0.033052824307266915,-0.035379645914077586,
0.13954834938049318,0.022165681421756747,0.7072643280029297,-0.15855666995048523,0.009966221638023853,0.1613878756761551,0.00867747013866939,-0.04716197668574802,-0.01924659833175958,
0.14979442358016967,0.09302781224250795,0.7783028602600098,0.003696409286931157,0.0023762129712849855,0.15033574402332306,-0.005297011247451523,-0.047653482205337654,-0.010449757088528995,
0.15992900133132937,0.15474570989608766,0.7575472354888917,0.08805203437805176,0.024080976843833923,0.1217067763209343,-0.012881851787571005,-0.04700960376057263,-0.002221050330879769,
0.24348034858703616,0.23184609413146973,0.5636867046356201,0.16741424798965454,0.0763455182313919,0.06118644028902054,-0.012058247387659371,-0.04541501617532277,0.012189754717729548,
0.2844022989273071,0.22497708797454835,0.4883767127990723,0.2472424954175949,0.10084659606218338,0.006192159838974476,-0.006646083692860531,-0.043035821731790325,0.017224978456535922,
0.2760908126831055,0.1901353120803833,0.40505609512329105,0.2714107036590576,0.11809056997299194,-0.024767087772488594,0.0019240396462497044,-0.03902952091799559,0.020066968486359037,
0.22156217098236086,0.08369253277778627,0.1540948033332825,0.2665504217147827,0.13060741126537323,-0.05139870196580887,0.02735067847187351,-0.028344368808917126,0.02066087046723016,
0.1892417907714844,0.0410556972026825,0.0759432315826416,0.26188987493515015,0.1160266175866127,-0.06225108355283737,0.041165248012544176,-0.02174741205760006,0.01935058759732379,
0.1708842754364014,0.006693745404481888,0.012351442128419876,0.2580282986164093,0.10444186627864838,-0.07343635708093643,0.05481431370044347,-0.014830173080391897,0.017715376324788285,
0.14570316076278686,-0.03721278607845307,-0.10259809494018556,0.23299472033977509,0.09465472400188446,-0.09041375666856766,0.08104653681307229,-0.012828813022916458,0.013436398795775597,
0.1455494999885559,-0.052308255434036256,-0.16012378931045534,0.20975863933563232,0.07268364727497101,-0.1008666604757309,0.0938914288741572,-0.006767808928284837,0.010898744584583635,
0.14719223976135254,-0.06534118056297303,-0.20573332309722903,0.17433859407901764,0.0341343879699707,-0.11691220849752426,0.10583142158809444,-0.0007539739092399295,0.008007285747886232,
0.1470694661140442,-0.08324209451675416,-0.28762454986572267,0.11188746988773346,0.016091471537947655,-0.13855038583278656,0.12597449355750953,0.008839768340953822,0.00019340399927914278,
0.1393796443939209,-0.09394328594207764,-0.33841586112976074,0.04044817015528679,0.0013109261635690928,-0.1519993543624878,0.1337602561564034,0.012605882849455189,-0.005165251129529401,
0.12465987205505372,-0.10815283060073853,-0.3868379831314087,-0.014013474807143211,-0.019062256440520287,-0.14853723347187042,0.13920917056620674,0.01626728555943363,-0.01128665754100532,
0.09139807224273683,-0.12384625673294068,-0.3885241270065308,-0.06834196299314499,-0.04549413174390793,-0.13921616971492767,0.1413366120330941,0.02251672114477571,-0.025302307557240927,
0.08186859488487244,-0.12196022272109985,-0.3869731664657593,-0.13831651210784912,-0.06606704741716385,-0.13129328191280365,0.1389421421523427,0.024261342878372064,-0.03264257658512548,
0.07647151350975037,-0.1311213493347168,-0.40992054939270023,-0.1923121064901352,-0.08930312842130661,-0.1274316906929016,0.1346200933151137,0.02499576055869243,-0.04009994642132805,
0.056622123718261724,-0.12901424169540407,-0.37927858829498295,-0.2435779571533203,-0.15135478973388672,-0.10319692641496658,0.11827677950831675,0.023560552487881137,-0.05530539964981263,
0.04385887980461121,-0.11502404212951661,-0.34501888751983645,-0.3204101622104645,-0.16194084286689758,-0.086419016122818,0.10689784192228287,0.02034389078542235,-0.06302375147842688,
0.0676515281200409,-0.09528380632400513,-0.32733793258666993,-0.38958579301834106,-0.13178054988384247,-0.1117190420627594,0.09383488211887515,0.014537582370819944,-0.07032244494593903,
0.15097568035125733,-0.059686481952667236,-0.17316527366638185,-0.43039873242378235,-0.12099474668502808,-0.17869754135608673,0.05944179156223409,0.0015708006129161855,-0.08355156305226265,
0.12833565473556519,-0.05840390920639038,-0.019814616441726687,-0.41055819392204285,-0.13690713047981262,-0.21145442128181458,0.03574984178196602,-0.009528058980615935,-0.09141292118638115,
0.09577295780181885,-0.07891747951507569,0.1515321969985962,-0.30230069160461426,-0.13224659860134125,-0.1966072916984558,0.014166054614472512,-0.01511027706333572,-0.10137310778758162,
-0.021656979620456696,-0.04577295780181885,0.5194643497467041,-0.21208608150482178,-0.04123307392001152,-0.17596779763698578,-0.023498077807828067,-0.029320912318235293,-0.12315915006915733,
-0.012761850655078889,0.0014913912862539293,0.5198008060455322,-0.17020787298679352,0.0308054368942976,-0.16325120627880096,-0.035552624356905926,-0.03553262459340653,-0.13283674462556444,
-0.023848514258861545,0.04103122651576996,0.5405601978302003,-0.060552217066287994,0.05883520469069481,-0.15712593495845795,-0.04520023972226073,-0.03845347894787118,-0.14240587536666424,
-0.039741337299346924,0.1127853035926819,0.591008996963501,0.04697098955512047,0.028542062267661095,-0.17104455828666687,-0.056867357265813864,-0.0368939183103825,-0.16049986293138688,
-0.048443529009819034,0.13696845769882202,0.5556431293487549,0.12639975547790527,0.033535491675138474,-0.1844935268163681,-0.05640163375996437,-0.035963570452870956,-0.16910413159810073,
-0.06202605366706848,0.12605342864990235,0.4772661685943604,0.1602884829044342,0.0818718671798706,-0.17390745878219604,-0.05181638228277616,-0.03629783637057647,-0.17818274963870917,
-0.07371322512626648,0.04234064221382142,0.315439248085022,0.202965646982193,0.08520081639289856,-0.1500721573829651,-0.03596423240383249,-0.03388837203675785,-0.1971995862384549,
-0.09230261445045472,0.026416632533073428,0.2513466835021973,0.2348569929599762,0.07734449207782745,-0.13862057030200958,-0.026129958862832547,-0.030272828207760786,-0.2060273595982671,
-0.09312544465065004,0.01595013290643692,0.17779548168182374,0.2451101690530777,0.06003394350409508,-0.13236214220523834,-0.01496639702804574,-0.026433440146174932,-0.21393641891553192,
-0.11996638774871826,-0.005532742664217949,0.03065188825130463,0.23831911385059357,0.060433417558670044,-0.11751502007246017,0.010054024456637008,-0.018982434320564803,-0.22825860670275644,
-0.12938007116317748,-0.019201317429542543,-0.033754351735115054,0.2174132913351059,0.0451202429831028,-0.07783392071723938,0.022228594693897305,-0.007522325570888201,-0.23457510441804097,
-0.15722769498825073,-0.04571958482265473,-0.08732143044471741,0.20216669142246246,0.016557836905121803,-0.037353869527578354,0.034235570246717396,-0.003734274658490362,-0.2399236504043131,
-0.18545299768447876,-0.07198076248168946,-0.1624890923500061,0.16341769695281982,0.016557836905121803,0.005389866419136524,0.05602737302236676,0.0008987821219159364,-0.2462862651725418,
-0.18650468587875368,-0.0823296070098877,-0.21949374675750732,0.11434896290302277,0.006437825504690409,0.03808017075061798,0.06567738793362227,0.001832546275272469,-0.2471363787859109,
-0.18341158628463747,-0.09371209740638733,-0.2669617891311646,0.08285708725452423,-0.019594574347138405,0.06750810146331787,0.07364343518936893,0.0024915464889432417,-0.2464703246785206,
-0.1835452437400818,-0.10288676023483277,-0.28214077949523925,0.05662494897842407,-0.04556039348244667,0.10492551326751709,0.07963128724317935,0.002397353430055595,-0.24461636515881446,
-0.1804581165313721,-0.11509813070297242,-0.32518174648284914,-0.01394882332533598,-0.03537380322813988,0.14021240174770355,0.08769814553594645,-0.0019894944702479713,-0.23788471405392025,
-0.15519301891326906,-0.11497894525527955,-0.3492980718612671,-0.06108677387237549,-0.053416721522808075,0.15699031949043274,0.0894040490865976,-0.005796826627988399,-0.23271037721946014,
-0.14014941453933716,-0.11398179531097413,-0.34395976066589357,-0.09610734134912491,-0.06626646965742111,0.16731005907058716,0.08873188095421033,-0.009552809976837601,-0.22644000867505096,
-0.15859888792037966,-0.11133688688278198,-0.3079225063323975,-0.1586916446685791,-0.056545935571193695,0.22143881022930145,0.08139504650529207,-0.019148846085190276,-0.21244016035829785,
-0.1721631407737732,-0.11208864450454713,-0.28268482685089114,-0.22520408034324646,-0.03304353728890419,0.2561264634132385,0.07513587838012913,-0.024919047512247314,-0.2042652926536025,
-0.15116673707962036,-0.10718183517456055,-0.19549634456634524,-0.2571620047092438,-0.05721172317862511,0.2994694113731384,0.05518157411552236,-0.034802102103087415,-0.1824451199952143,
-0.1203166961669922,-0.0894199550151825,-0.07561408281326294,-0.24324719607830048,-0.07145960628986359,0.2919456362724304,0.04122650753150619,-0.03872719451446284,-0.168950666913415,
-0.0338447242975235,-0.05939179062843323,0.055544108152389526,-0.2187461107969284,-0.06140616908669472,0.2786964178085327,0.024986375133680398,-0.041796819036453554,-0.15395534489430515,
0.11394410133361817,-0.00010208110325038433,0.3387950658798218,-0.13945049047470093,-8.688532398082316e-05,0.2700411081314087,-0.003615453673862337,-0.04974536349469694,-0.12487932655825561,
0.20460126399993897,0.0509926974773407,0.5173940181732178,-0.03225826472043991,0.07914215326309204,0.20858867466449738,-0.01608830903391442,-0.05178380167054856,-0.11076471038092849,
0.3270548105239868,0.09265137910842897,0.6693607807159424,0.09763742238283157,0.111366406083107,0.144939124584198,-0.025710259048938797,-0.05111135785449169,-0.09725552694391719,
0.39652805328369145,0.1403458833694458,0.7789719104766846,0.23958390951156616,0.11163271963596344,0.07762772589921951,-0.029830250395438407,-0.04108541947279684,-0.0785555292971842,
0.36500482559204106,0.1364435911178589,0.6721976280212403,0.3276014029979706,0.12181930989027023,0.030223459005355835,-0.022656179515628594,-0.034958667233390514,-0.07308148216236761,
0.3265000343322754,0.10833895206451416,0.5432878017425538,0.3781348764896393,0.12261825799942017,0.0014613177627325058,-0.010767206521560326,-0.02903884989501536,-0.06943943390148546,
0.22278144359588625,0.019720259308815005,0.2670210361480713,0.40263596177101135,0.09046059101819992,-0.007526850793510675,0.022922511072970508,-0.016681963070016816,-0.0663437902792518,
0.15855396986007692,-0.021788489818573,0.14043376445770264,0.39604464173316956,0.07241767644882202,-0.0016013169661164284,0.042925099590538175,-0.010876881204942141,-0.06599416138425586,
0.11168519258499146,-0.044930425286293034,0.031390219926834106,0.3778019845485687,0.06802345812320709,0.003924742341041565,0.06339876019005211,-0.006493276477576579,-0.06559308887142008,
0.060484522581100465,-0.07044312357902527,-0.11884274482727052,0.35316774249076843,0.06875582784414291,0.0014613177627325058,0.10198768959338168,-0.0017346246777211487,-0.06365080340705834,
0.0555123507976532,-0.07845453619956971,-0.1738938331604004,0.3203442692756653,0.05237739160656929,-0.004730531480163336,0.12065675026385728,0.0015417556158616678,-0.06226816033129781,
0.048983013629913336,-0.07801815271377564,-0.20807423591613772,0.28519055247306824,0.04525343328714371,-0.006794481538236141,0.13817779303581332,0.004692366116224628,-0.060967094585424854,
0.041712823510169986,-0.08088566660881043,-0.23799238204956055,0.2530994713306427,0.05344265326857567,-0.007327113300561905,0.15462674335281978,0.007309844325791669,-0.05990651010847109,
0.019328710436820985,-0.09441060423851014,-0.27910492420196537,0.20516255497932434,0.04791659489274025,-0.0018676333129405975,0.1833189152613941,0.011854653272028115,-0.05805591586465203,
0.005746518447995186,-0.10138022899627686,-0.298912787437439,0.15869039297103882,0.04212421923875809,-0.003931582905352116,0.19541103133959217,0.01422006620414219,-0.0568097215942089,
0.013070426881313324,-0.10379302501678467,-0.3060283422470093,0.11534744501113892,0.02727709524333477,-0.007060797419399023,0.20569821235094482,0.016210711857581665,-0.05543117888582698,
0.01311452090740204,-0.12459048032760621,-0.33895788192749027,0.07546660304069519,0.011497865431010723,-0.005995532963424921,0.22104156166882005,0.019572907358677696,-0.053339058117462756,
0.01380862444639206,-0.13505990505218507,-0.3670611143112183,0.007488935254514217,-0.0016181243117898703,-0.004598273895680904,0.22605454714946255,0.020521953186189646,-0.052923028423742836,
0.006661240756511689,-0.1441176176071167,-0.3938329696655274,-0.04144665226340294,-0.016065772622823715,0.008384636603295803,0.22915153803543212,0.021106561740352255,-0.0529043595458787,
-0.009273935854434968,-0.15549341440200806,-0.41338615417480473,-0.10396435111761093,-0.019993934780359268,0.026227816939353943,0.23005693935036622,0.021321857194699114,-0.05306938668456564,
-0.02504637837409973,-0.14710781574249268,-0.46248455047607423,-0.20403264462947845,-0.042364489287137985,0.043272048234939575,0.2249587631028096,0.019323274757412152,-0.053299366120200635,
-0.03349888324737549,-0.13879854679107667,-0.474279260635376,-0.28033220767974854,-0.06666583567857742,0.05106179416179657,0.21804955725740957,0.01739495351722717,-0.052774173227976305,
-0.02340987175703049,-0.14147571325302125,-0.4596246719360352,-0.3276033103466034,-0.10388351231813431,0.06424444168806076,0.20776207880712635,0.014350298469461047,-0.052374477973184085,
-0.04215754866600037,-0.14597913026809692,-0.37732059955596925,-0.3950478732585907,-0.1628725379705429,0.10445817559957504,0.17884887088785967,0.00526872259324186,-0.05211934103957982,
-0.012435410171747208,-0.13288835287094117,-0.33153486251831055,-0.4931853413581848,-0.11054141074419022,0.08102235943078995,0.1612423338936991,-0.002525526556461089,-0.052023159388555645,
0.061271136999130255,-0.1241261124610901,-0.2749828577041626,-0.5265414714813232,-0.09283139556646347,0.07343234866857529,0.14110427214392102,-0.012178477039409517,-0.05131882541977275,
0.028235173225402834,-0.16059589385986328,0.08583468198776245,-0.3855936527252197,-0.20208758115768433,0.11764081567525864,0.08339184411901543,-0.027826955637197174,-0.047955485875454056,
0.0038726918399333956,-0.1598599672317505,0.3285940885543823,-0.34051963686943054,-0.1838449388742447,0.1409434825181961,0.05808749250796238,-0.03497485520155832,-0.04557287925278904,
0.03685421347618103,-0.1340045690536499,0.3927581310272217,-0.3175498843193054,-0.08058085292577744,0.14773455262184143,0.03761529292833192,-0.04579829749692847,-0.041625878418304216,
0.0924813210964203,-0.024295400083065036,0.5717991828918457,-0.19357973337173462,0.0058387271128594875,0.162581667304039,0.0008836380944517598,-0.06359182387955051,-0.02892042642249485,
0.09679417610168457,0.052160251140594485,0.6820879459381104,-0.06235246732831001,0.004573725629597902,0.14440560340881348,-0.015362522153634737,-0.06576329489894964,-0.020852878125025932,
0.134124231338501,0.12114130258560181,0.7385413646697998,0.053361885249614716,0.0006455625989474356,0.11910555511713028,-0.027602433138043857,-0.06520612442641993,-0.012461981938902748,
0.21130568981170655,0.21903750896453858,0.7021386146545411,0.1591559648513794,0.07621276378631592,0.06171444058418274,-0.03590294846821811,-0.06331928865629154,0.00213215164150766,
0.25628576278686527,0.23676910400390627,0.6028387069702149,0.23658737540245056,0.11329727619886398,0.0036575254052877426,-0.032486028497079884,-0.06179515299376967,0.007523639934836584,
0.28513598442077637,0.21578350067138674,0.5175942897796632,0.29018351435661316,0.12148649990558624,-0.03955226391553879,-0.025487954230365085,-0.0580002202379853,0.01076630736799089,
0.2310532569885254,0.10816256999969483,0.2793940782546997,0.3062290549278259,0.12368360906839371,-0.06505203247070312,-0.0010294067180993702,-0.0465841267426026,0.010308757283033525,
0.19727679491043093,0.06258481144905091,0.1596656680107117,0.30456647276878357,0.13959567248821259,-0.078830286860466,0.014537995799912034,-0.040294557409181316,0.007853476209148388,
0.17940953969955445,0.017138168215751648,0.07220927476882935,0.2980417311191559,0.14418962597846985,-0.08915003389120102,0.030439634754537946,-0.03376445321591439,0.004985680463655958,
0.1419366717338562,-0.0411364883184433,-0.06646533012390136,0.2778683006763458,0.11655934154987335,-0.09993583709001541,0.060448928587050456,-0.02736484486038813,-0.0014396611023761985,
0.1385429859161377,-0.05666631460189819,-0.1293355703353882,0.2547653615474701,0.06782349199056625,-0.1137176975607872,0.07558694142401484,-0.01942589782886146,-0.004591783587211751,
0.12681899070739747,-0.06777678728103638,-0.18040688037872316,0.22993139922618866,0.03493344783782959,-0.12976324558258057,0.08992735640118497,-0.012332359843265696,-0.007959023157725021,
0.11905839443206788,-0.07711646556854249,-0.2723274230957031,0.17134185135364532,0.029540546238422394,-0.1384185254573822,0.11581200946918895,-0.0021973126973681544,-0.016958169381080208,
0.09577301144599915,-0.08356111645698548,-0.3268328666687012,0.09430991113185883,0.013495001010596752,-0.131094828248024,0.12681591232706416,0.0019026030036269302,-0.022690638653611157,
0.07772509455680848,-0.09657501578330994,-0.3791576385498047,0.029129046946763992,0.007103413809090853,-0.13582193851470947,0.13555322245356444,0.0061021633667695755,-0.028478184362563358,
0.06825286746025086,-0.10402270555496217,-0.393787431716919,-0.03858182206749916,-0.024854520335793495,-0.13522273302078247,0.14383263116798098,0.013207324985825393,-0.040048734714129036,
0.05078104734420777,-0.10856945514678956,-0.4007431983947754,-0.09197820723056793,-0.07778484374284744,-0.1233716532588005,0.14406869809661788,0.01633802330838397,-0.046317166041875565,
0.020144233107566835,-0.10764192342758179,-0.4131131172180176,-0.138783261179924,-0.10361751168966293,-0.10546189546585083,0.14210444360941255,0.01840876619476771,-0.0530165861991461,
-0.0030122047290205957,-0.08940139412879944,-0.4125115394592285,-0.23265968263149261,-0.10648040473461151,-0.0836239755153656,0.13168683572992973,0.016499393396048178,-0.06757950343320016,
0.02416401952505112,-0.08078227639198304,-0.41803455352783203,-0.3024345338344574,-0.11407041549682617,-0.0884176641702652,0.1229941550265405,0.01346811254581871,-0.07433934599927083,
0.0702753484249115,-0.07958990931510926,-0.39009799957275393,-0.3444458842277527,-0.1329122930765152,-0.11052190512418747,0.11118474064104365,0.009978550631547444,-0.0803547219804485,
0.10731157064437867,-0.04606601595878601,-0.26419756412506107,-0.3961777985095978,-0.1558820605278015,-0.13828536868095398,0.07970399612457617,0.0013678936444457353,-0.09367517474679951,
0.129993736743927,-0.038058903813362126,-0.19194397926330567,-0.3630214333534241,-0.1480257213115692,-0.1643177717924118,0.061419239864046474,-0.004401354190662876,-0.1013706547191802,
0.13247917890548708,-0.03646071553230286,-0.0271401584148407,-0.3644861876964569,-0.1479591429233551,-0.18009699881076813,0.04054521049148231,-0.015093174863983492,-0.10996674655944046,
0.12243901491165161,-0.053376758098602296,0.18311679363250732,-0.34850722551345825,-0.10434987396001816,-0.20839308202266693,0.004201742355523248,-0.029317717319478496,-0.12871440317629707,
0.0952924370765686,-0.05009162425994873,0.3265669345855713,-0.20449675619602203,-0.07412299513816833,-0.20905886590480804,-0.013691531559134633,-0.03633462664411564,-0.13893217788889953,
-0.013850684463977815,-0.00687243714928627,0.6402911186218262,-0.08998172730207443,-0.013535939157009125,-0.20712974667549133,-0.04286263074308939,-0.04856949522515201,-0.1607264292266,
-0.047992587089538574,0.026055359840393068,0.6319558143615723,-0.021804803982377052,0.052710194140672684,-0.18362735211849213,-0.04977405890552489,-0.05286444447330847,-0.1719660377360141,
-0.09294946789741516,0.06003159880638123,0.6162799835205078,0.06354951113462448,0.08999444544315338,-0.15985864400863647,-0.05294496080972533,-0.0553535466037201,-0.18238945376783988,
-0.15422503948211672,0.08451516628265382,0.5825218200683594,0.15948989987373352,0.11363000422716141,-0.14574389159679413,-0.0504887797391321,-0.052854461464404305,-0.201691763536626,
-0.1543263077735901,0.057894480228424076,0.4916747570037842,0.21328575909137726,0.1051744669675827,-0.12676885724067688,-0.044318476416811546,-0.04910055955925234,-0.21046899309817918,
-0.15729464292526246,0.03545002639293671,0.375283694267273,0.2394513040781021,0.0907268151640892,-0.10746094584465027,-0.035248389614312564,-0.044357016063757936,-0.21872267190693767,
-0.1566153645515442,0.019458757340908052,0.16961660385131838,0.2598910629749298,0.10783762484788895,-0.10240093618631363,-0.011929151021623716,-0.03483608353084369,-0.23243294334606143,
-0.14673887491226198,0.011817413568496705,0.08233428001403809,0.26315343379974365,0.07601284980773926,-0.08109565079212189,0.0011116743517525678,-0.030075346256068367,-0.2379724593356509,
-0.15783717632293703,-0.026705002784729006,-0.057258546352386475,0.23831947147846222,0.04012675955891609,-0.05386482551693916,0.027812330120161866,-0.0104732855729425,-0.24743484530666332,
-0.15285239219665528,-0.04107933044433594,-0.1151615858078003,0.21208733320236206,0.03792965039610863,-0.027499530464410782,0.04108118244795472,-0.006900126226283332,-0.2508722192287498,
-0.16273688077926637,-0.060403913259506226,-0.19004632234573365,0.16694675385951996,0.021018575876951218,0.015710260719060898,0.06504890109896326,-0.0018974546715861936,-0.2551946977700791,
-0.16761955022811892,-0.07116258144378662,-0.22715065479278565,0.1335240751504898,-0.008009879849851131,0.04587055742740631,0.07536898190544652,6.338509363398512e-05,-0.2556234398959478,
-0.16098676919937135,-0.06937247514724731,-0.24560019969940186,0.12247195094823837,-0.03337648883461952,0.06105057895183563,0.0840632508958065,0.0009999064822051374,-0.2547169739049579,
-0.14037444591522216,-0.07909477353096009,-0.2637199640274048,0.0516318641602993,-0.04223150014877319,0.09520561993122101,0.09786678374449374,-0.0011770721651875762,-0.2505511016327699,
-0.15249834060668946,-0.0885438621044159,-0.321344542503357,-0.02353585883975029,-0.021192528307437897,0.14194409549236298,0.10337419610678064,-0.004036451498436155,-0.247920213042423,
-0.1643070459365845,-0.09431721568107605,-0.348474669456482,-0.09863700717687607,-0.009274881333112717,0.17303650081157684,0.10651708781431721,-0.0075135074521869285,-0.24431282741376636,
-0.15277775526046755,-0.09991055130958558,-0.3914065837860108,-0.17680077254772186,-0.044095709919929504,0.18801678717136383,0.10350239156409696,-0.014434330567949618,-0.23149502525305712,
-0.13501639366149903,-0.10677949190139771,-0.3632500410079956,-0.22007714211940765,-0.08058102428913116,0.2041289061307907,0.09691716612953089,-0.017882244971469043,-0.2230134892947864,
-0.13847602605819703,-0.11910448074340821,-0.3159383058547974,-0.2624211311340332,-0.09968924522399902,0.24294500052928925,0.08782669544948082,-0.022328529328121485,-0.21439823049315865,
-0.19856940507888796,-0.13607733249664308,-0.2150484323501587,-0.30363354086875916,-0.10461609810590744,0.3124535083770752,0.06398875785664651,-0.034844705274514595,-0.19580330096023113,
-0.17321476936340333,-0.12883479595184327,-0.10755420923233033,-0.2930474877357483,-0.07498843222856522,0.312320351600647,0.04839681482004801,-0.04242995824196361,-0.18356418819612183,
-0.0785016417503357,-0.11002044677734375,0.032804811000823976,-0.24750743806362152,-0.09369713813066483,0.3047303259372711,0.026384120202330778,-0.045672398306975975,-0.16784975954868964,
0.05096068382263184,-0.06442880630493164,0.3481047868728638,-0.16108785569667816,-0.04982155188918114,0.2966742515563965,-0.008109540061750247,-0.055052049184407106,-0.13671182310184252,
0.12841155529022216,-0.023566637933254243,0.48320646286010743,-0.0740690678358078,0.028475383296608925,0.2733050286769867,-0.02239512165591867,-0.05892998436150425,-0.12134378495455114,
0.21979098320007326,0.014806902408599854,0.621522331237793,0.054495036602020264,0.09685204178094864,0.214981809258461,-0.03386641876281285,-0.0604585182363098,-0.10631783108995695,
0.3768223285675049,0.12062122821807862,0.8142077445983887,0.22700129449367523,0.1158936470746994,0.13994725048542023,-0.044716737164515456,-0.053531146210846106,-0.08060048184217922,
0.38954901695251465,0.14430718421936037,0.7942614078521729,0.32999905943870544,0.16995581984519958,0.07609795033931732,-0.041160937953521146,-0.04688181081941395,-0.07180913251111969,
0.3905875444412232,0.14590492248535156,0.6714618682861329,0.3929828405380249,0.19026242196559906,0.02283473126590252,-0.03127049938308674,-0.04016055815893766,-0.06504974427635549,
0.384746527671814,0.1205884337425232,0.5117615699768067,0.42221102118492126,0.15430974960327148,-0.011719785630702972,-0.016741436937278455,-0.03230741253351736,-0.060404804915847876,
0.1895547866821289,-0.009794212877750397,0.028840529918670657,0.42261049151420593,0.10723837465047836,-0.03901718556880951,0.043626853690709684,-0.00635920679259273,-0.05737168334118034,
0.1257656216621399,-0.041677540540695196,-0.07681130170822144,0.40536653995513916,0.08766413480043411,-0.04021561145782471,0.06456520017569183,-0.00500328746773838,-0.0583044688084476,
0.05703325271606446,-0.09079738259315491,-0.24212017059326174,0.3518369793891907,0.07095280289649963,-0.028297962620854378,0.10580888316751787,0.0050250144247972785,-0.05971251892145644,
0.042722281813621525,-0.09051309227943422,-0.2701328039169312,0.30483219027519226,0.04685119539499283,-0.020574796944856644,0.12375210345201645,0.008892000636255965,-0.0597992585443029,
0.04964099526405335,-0.08742294311523438,-0.2835124492645264,0.2635532021522522,0.04432119429111481,-0.02157348021864891,0.1398637103720042,0.011795759050396542,-0.05969490404798263,
0.04122111797332764,-0.08449888825416565,-0.335705828666687,0.1949102133512497,0.05057962238788605,-0.024835854768753052,0.16712662881602544,0.016888957042779488,-0.059477070018603154,
0.0281572699546814,-0.09247680306434632,-0.33693315982818606,0.15056857466697693,0.014826682396233082,-0.025035591796040535,0.17743527952347385,0.019752209937913087,-0.059193439282774804,
0.011851058900356294,-0.0970155954360962,-0.3227486848831177,0.12679986655712128,-0.013802300207316875,-0.018311109393835068,0.18567477614206693,0.021673699401588552,-0.05951144554161706,
-0.0029979366809129715,-0.10202490091323853,-0.3557620525360108,0.0761338397860527,-0.02944847196340561,0.001397441141307354,0.1986366959653085,0.02191393352558747,-0.06165648092265441,
0.004358774051070213,-0.10997037887573242,-0.3908554792404175,0.008090074174106121,-0.024188729003071785,0.003394811414182186,0.2030038603690539,0.02081908007963034,-0.06251663862663254,
0.007201221585273743,-0.11629310846328736,-0.42690725326538087,-0.053295787423849106,-0.03071347437798977,0.010452189482748508,0.20499503165702584,0.0195998516145934,-0.06327602171366012,
-0.015621493756771089,-0.11852301359176637,-0.41555037498474123,-0.10629270225763321,-0.06573404371738434,0.016976933926343918,0.2006035501869866,0.01650469983435771,-0.06450309049825138,
-0.027464759349823,-0.11891433000564576,-0.414470911026001,-0.14550773799419403,-0.08590748906135559,0.020771939307451248,0.1953834362322827,0.0134528158290675,-0.0656939595638356,
-0.049924987554550174,-0.12706282138824462,-0.426926326751709,-0.20709334313869476,-0.0727248415350914,0.04294275492429733,0.18863623359663745,0.009473185861392173,-0.06732903765240973,
-0.052237898111343384,-0.14819072484970094,-0.4318753719329834,-0.3019684851169586,-0.10707961767911911,0.07576622068881989,0.16826205175350933,0.0006565271762671778,-0.06809539552823213,
-0.027263787388801575,-0.15314868688583375,-0.407884168624878,-0.38106435537338257,-0.18391183018684387,0.10166545957326889,0.15346836716143372,-0.005576137119297053,-0.06744391848699181,
-0.003960264474153519,-0.12329709529876709,-0.3174724102020264,-0.4124230742454529,-0.21140895783901215,0.10699178278446198,0.1354454207436477,-0.01456848138670803,-0.0670206129013698,
0.0815812349319458,-0.13591915369033813,-0.15406813621520998,-0.4855268597602844,-0.16999681293964386,0.08515386283397675,0.0936077049772468,-0.037625980383919344,-0.06536614763555844,
0.07834252715110779,-0.15019811391830445,-0.030384060740470887,-0.5355276465415955,-0.1436980962753296,0.08834965527057648,0.06835427984107165,-0.04791698495983115,-0.06371910358232333,
0.05606557130813599,-0.15565611124038697,0.21679430007934572,-0.4208786189556122,-0.15688073635101318,0.10046704113483429,0.04052874256761708,-0.05630035882135663,-0.061041973086810315,
0.0706603765487671,-0.08067276477813722,0.5746281147003174,-0.2704765796661377,-0.13211333751678467,0.1215725913643837,-0.006395657591283947,-0.07238862315921571,-0.051930867709872784,
0.10569053888320923,-0.0005576461087912322,0.6465332508087158,-0.20775912702083588,-0.026252679526805878,0.12949548661708832,-0.023321582759312048,-0.07971836806740275,-0.045249759249494384,
0.16050618886947632,0.13869202136993408,0.7901506423950195,-0.09077978134155273,0.04312266781926155,0.12922917306423187,-0.04865443824698421,-0.08283517189097747,-0.03138219584302131,
0.2233808994293213,0.19841902256011965,0.8324182510375977,0.062485143542289734,0.07428165525197983,0.08135885745286942,-0.05520293474629073,-0.07969798372759695,-0.02504298556074305,
0.2578683376312256,0.23099892139434816,0.7389920711517335,0.16734711825847626,0.09944853186607361,0.023501675575971603,-0.0550147491163591,-0.07549763308954742,-0.020598069259902256,
0.22463829517364503,0.20676827430725098,0.4504323959350586,0.244046151638031,0.12388303130865097,-0.019042320549488068,-0.0397892974609186,-0.06532641895920291,-0.018350687760492215,
0.21526644229888917,0.1642958760261536,0.30271434783935547,0.2692791819572449,0.14445601403713226,-0.0572594553232193,-0.027540609742638066,-0.05929968136986911,-0.01928957088666555,
0.18070685863494873,0.11131045818328858,0.1826593279838562,0.2832607626914978,0.14618706703186035,-0.073504738509655,-0.013788511375213839,-0.05240542957093823,-0.0215855152815257,
0.12186909914016725,0.027554601430892944,0.004285355284810066,0.28113025426864624,0.12148625403642654,-0.08149421960115433,0.015732291339704173,-0.037646806521634185,-0.028579222300758763,
0.09601043462753296,0.0007013699505478144,-0.0750065565109253,0.25816047191619873,0.10590676218271255,-0.08149421960115433,0.0311559275883535,-0.0348322728050464,-0.032450690595523135,
0.0791931688785553,-0.01136549785733223,-0.14125463962554932,0.23106282949447632,0.08120594173669815,-0.07656737416982651,0.04526345642487292,-0.028660730650865905,-0.03592766632457551,
0.08139009475708009,-0.02017260789871216,-0.2199779272079468,0.18658803403377533,0.052643537521362305,-0.09141449630260468,0.06976367374425052,-0.018564468816568567,-0.04222898196262695,
0.07873305082321168,-0.020435555279254915,-0.2549431085586548,0.1491706222295761,0.04185773432254791,-0.1006024032831192,0.08007944008367666,-0.014711104916260495,-0.04579530268514039,
0.06830450892448425,-0.030165687203407288,-0.28424785137176517,0.11281847208738327,0.021417971700429916,-0.10206714272499084,0.0889510283102718,-0.010972187623523056,-0.04985168116948676,
0.05056456923484803,-0.04249956607818604,-0.3280344009399414,0.041179440915584564,0.003974266815930605,-0.10140135139226913,0.1013889810368057,-0.005365547343980857,-0.05901329019619597,
0.04267864525318146,-0.055231505632400514,-0.3239488124847412,-0.004094300791621208,-0.013269701041281223,-0.10386477410793304,0.10426406406691532,-0.0033996872225837767,-0.06381392097277383,
0.043536981940269476,-0.0702694594860077,-0.3270878553390503,-0.051498569548130035,-0.023722609505057335,-0.10639477521181107,0.10520519486699752,-0.0019824573318306324,-0.0688025605099431,
0.041109046339988714,-0.08100576996803284,-0.3380800247192383,-0.0837893933057785,-0.032244723290205,-0.10366503894329071,0.10419328241049333,-0.001112189801905771,-0.07418307739454219,
0.015178713202476503,-0.0983234465122223,-0.31104154586791993,-0.10556074231863022,-0.05980844050645828,-0.09860502928495407,0.09673720449593617,-0.0007160916376361257,-0.0853289381771821,
0.009877094626426698,-0.10200006961822511,-0.3264732599258423,-0.16042186319828033,-0.08783821016550064,-0.0800960585474968,0.0914754230812465,-0.0020042129036485393,-0.09101709636121827,
0.02223504185676575,-0.08269659280776978,-0.31556286811828616,-0.23152826726436615,-0.1020195409655571,-0.050734709948301315,0.07562874680751362,-0.00824995820829773,-0.10120178011363332,
0.06061099767684937,-0.05791670083999634,-0.28305008411407473,-0.2955772876739502,-0.11307166516780853,-0.05093444883823395,0.06423169233182308,-0.012675251577877498,-0.10490088394303396,
0.08064280152320863,-0.02378625273704529,-0.21557316780090333,-0.3365899920463562,-0.1327124834060669,-0.08142764121294022,0.05037698324676735,-0.01762190674486313,-0.1083752465006025,
0.1379311800003052,0.01241963729262352,0.035840994119644164,-0.3172820508480072,-0.1381053775548935,-0.14121562242507935,0.017943203530252017,-0.03273913506582097,-0.11796396004127677,
0.11373076438903809,0.014905905723571778,0.18425153493881227,-0.29045072197914124,-0.10548165440559387,-0.16451826691627502,0.002288697513335579,-0.03953016173362104,-0.12546650108047006,
0.10136123895645142,0.0367490291595459,0.28919122219085697,-0.25050419569015503,-0.019461406394839287,-0.18036575615406036,-0.011984814930485893,-0.04646521526072384,-0.1338809689009229,
0.0724324643611908,0.08168939352035523,0.5122246265411378,-0.1684788167476654,0.012563107535243034,-0.20366841554641724,-0.03637339230748409,-0.053368747956707395,-0.15285804705326125,
0.07079929113388062,0.11065976619720459,0.532093620300293,-0.05189894139766693,-0.008209548890590668,-0.27364298701286316,-0.04312506391027139,-0.054183810709320206,-0.1643631032076521,
0.011621277779340744,0.1273849368095398,0.5027679920196534,-0.013216523453593254,0.016158374026417732,-0.2679837644100189,-0.04537954143352848,-0.05593433880163609,-0.17712322747438522,
-0.20507495403289797,0.08942748904228211,0.5339366912841798,0.07127226889133453,0.09119293838739395,-0.17470653355121613,-0.04249518707426259,-0.05853608163819395,-0.20450987803474163,
-0.19114265441894532,0.04054665863513947,0.48646206855773927,0.1469060480594635,0.10004794597625732,-0.1312970072031021,-0.037840968894373016,-0.05574829181616845,-0.21486339589864797,
-0.14998533725738525,0.014570462703704835,0.3938022136688233,0.1979721635580063,0.09485478699207306,-0.13289490342140198,-0.030715205142283267,-0.05126727558961759,-0.2228337055279304,
-0.1647447943687439,0.00642172247171402,0.16816586256027222,0.2275998294353485,0.07994107902050018,-0.10386644303798676,-0.009722066560293443,-0.04241623271682515,-0.23687361318758807,
