-0.01432381421327591,0.03936150372028351,0.23079366683959962,-0.06646308302879333,-0.02791965939104557,0.08012254536151886,-0.009575096178097379,-0.02621594722886593,-0.019233083383794043,
0.005565143749117852,0.06186009049415589,0.2395425319671631,-0.03949857875704765,-0.032646771520376205,0.0821199119091034,-0.014719799423664649,-0.027723655823105424,-0.014981378591723962,
0.035573610663414,0.08585261106491089,0.2840683221817017,0.007705952972173691,-0.005882001016288996,0.07093463838100433,-0.021697291362695267,-0.030254913248142012,-0.006521345237184543,
0.05970176458358765,0.08852093815803529,0.29661633968353274,0.04818600416183472,0.031934887170791626,0.05622066929936409,-0.023159162694239094,-0.03145891708245147,-0.0022626542528663487,
0.06885395646095276,0.0783281922340393,0.30296700000762944,0.10311370342969894,0.040057528764009476,0.051560141146183014,-0.023124686723605254,-0.03149114440510059,0.001451252363332145,
0.06306846141815185,0.046690168976783755,0.2735141754150391,0.14599059522151947,0.05450517684221268,0.036047227680683136,-0.01741212944259133,-0.027889801223362144,0.006959324447036627,
0.07026042342185974,0.03896211683750153,0.20931456089019776,0.16370061039924622,0.06316045671701431,0.02752511203289032,-0.011268373557418936,-0.025563701754429746,0.009270083700673363,
0.06505520939826966,0.03424455225467682,0.16240962743759157,0.176883265376091,0.06828703731298447,0.021399840712547302,-0.0039968759021595255,-0.022776051289324462,0.011179875776563207,
0.07927099466323853,0.03744676113128662,0.0887412965297699,0.1912643313407898,0.06355992704629898,0.0008934997022151947,0.012768455778525029,-0.01631068384131699,0.01401059323032096,
0.08511269092559814,0.03753239214420319,0.04732257425785065,0.1949927657842636,0.04651569202542305,-0.014219939708709717,0.022092883704858766,-0.012823549672698775,0.014976771088816558,
0.08637571930885315,0.03119505047798157,0.008794330805540086,0.1942603886127472,0.02347934991121292,-0.028534431010484695,0.03197023374912742,-0.010014269297081187,0.015326672963325037,
0.07528319358825684,0.01628362834453583,-0.05842341184616089,0.1822095811367035,0.0063685402274131775,-0.04950682446360588,0.054752612012630014,-0.014590319893229446,0.01368828197070147,
0.07662392854690553,0.006248724088072777,-0.10190747976303101,0.15923982858657837,-0.008012529462575912,-0.06089183688163757,0.06462237731352963,-0.013490210273377542,0.01196910781729162,
0.06765295267105102,-0.0035490553826093675,-0.14012659788131715,0.12568399310112,-0.011674376204609871,-0.06735000014305115,0.07390837532782776,-0.012699577932190767,0.009499165086936915,
0.06121390461921692,-0.021144531667232513,-0.2045006036758423,0.05897180736064911,-0.004017788451164961,-0.0791344940662384,0.08947152882693994,-0.011979256769328974,0.003144874331231683,
0.06176767945289612,-0.03130076825618744,-0.21974763870239258,0.027413345873355865,-0.009344110265374184,-0.08366186916828156,0.09479331297182814,-0.011308632898478013,-0.0004596398418538033,
0.057030397653579715,-0.036317411065101626,-0.20417435169219972,0.007772532291710377,-0.02099544182419777,-0.09251688420772552,0.0980139202705572,-0.010307049374072579,-0.004281571916144126,
0.04364952147006989,-0.0387054055929184,-0.19274390935897828,-0.019458290189504623,-0.04150178283452988,-0.10150504112243652,0.10070248296169104,-0.008746848742796503,-0.013005186803654726,
0.04631238281726838,-0.03685588538646698,-0.19859200716018677,-0.06226860731840134,-0.036308616399765015,-0.11968111991882324,0.1007289375259741,-0.008695954697373876,-0.018159243716802585,
0.05817667245864869,-0.037524145841598515,-0.21332132816314697,-0.10680997371673584,-0.01733359508216381,-0.13293035328388214,0.09982673719657809,-0.009075475988239105,-0.0237865328714388,
0.056183481216430665,-0.04530763030052185,-0.22100565433502198,-0.12944753468036652,-0.010742157697677612,-0.13486243784427643,0.0974179057408962,-0.009146240855234005,-0.029967355467479074,
0.007946325093507766,-0.05892693400382996,-0.16807760000228883,-0.14669150114059448,-0.040303248912096024,-0.13306479156017303,0.08696468060468561,-0.007064210936132522,-0.043373178716693814,
0.004394635558128357,-0.06580998301506043,-0.14405127763748168,-0.17552021145820618,-0.0401700884103775,-0.1377253234386444,0.08013172389022899,-0.006287908666414605,-0.05016893208752925,
-0.003725280985236168,-0.07675569653511048,-0.1038413405418396,-0.2051478922367096,-0.021994013339281082,-0.12793821096420288,0.06438337249904424,-0.007235396157208312,-0.06449610047646744,
-0.026582109928131106,-0.07364472150802613,-0.05604511499404907,-0.20734499394893646,-0.007612943649291992,-0.09531448036432266,0.05476775759045861,-0.0075313675113962255,-0.07154739359359973,
-0.027761006355285646,-0.06117457151412964,0.008608882129192353,-0.16759730875492096,-0.021661117672920227,-0.11648660898208618,0.04142036241165675,-0.006188262313755696,-0.07741390831213235,
0.003205211088061333,-0.04333594143390656,0.07726227045059204,-0.14269675314426422,-0.03943771868944168,-0.15170691907405853,0.03063784181655605,-0.005940205834702832,-0.08254030641840066,
0.0333493709564209,-0.009639015793800354,0.09947882294654847,-0.13450753688812256,-0.05714774131774902,-0.16741958260536194,0.013815001354979598,-0.007566976707828334,-0.09574643538208889,
0.010235568135976793,0.0038208458572626114,0.10102143287658692,-0.13264332711696625,-0.04576272889971733,-0.1659548431634903,0.00698838564899974,-0.009758328632112111,-0.10466025156622974,
0.000777483731508255,0.009966766834259034,0.12771072387695312,-0.10368144512176514,-0.005815309938043356,-0.17274589836597443,-0.006030723033590028,-0.015253551384500562,-0.12302300218520451,
-0.010913290828466416,0.014203225076198579,0.154727041721344,-0.0860380083322525,-0.008478471077978611,-0.17534248530864716,-0.01208192040181477,-0.017286540308966838,-0.13227783270726454,
-0.04577697217464447,0.02273094803094864,0.15395174026489258,-0.06985929608345032,-0.025322964414954185,-0.1762080043554306,-0.021240407323538258,-0.01902747254310171,-0.14991379856308867,
-0.06497688293457031,0.041600951552391054,0.17196799516677858,-0.04216242581605911,-0.029850337654352188,-0.1816674917936325,-0.024756976068867564,-0.020541553372539167,-0.15873168357231887,
-0.08206745982170105,0.03359816372394562,0.2369543790817261,-0.004412118345499039,-0.00994320958852768,-0.19518303871154785,-0.029722561876454875,-0.024785079904692565,-0.1766149003966298,
-0.07501069307327271,-0.0006677845027297735,0.23232154846191408,0.028211604803800583,0.012893397361040115,-0.18872486054897308,-0.030243798828206464,-0.026878958876188568,-0.1859255541419138,
-0.0993498980998993,-0.04167788028717041,0.23938326835632326,0.07255323231220245,0.00883207656443119,-0.15590140223503113,-0.02958759142109187,-0.028211430896165995,-0.19584085798606382,
-0.1452616810798645,-0.09707244038581848,0.2424631118774414,0.11396539211273193,0.032800525426864624,-0.1124252900481224,-0.024176349927615887,-0.02889994899733883,-0.21443294829076295,
-0.14672211408615113,-0.09768350124359132,0.22163844108581543,0.14785411953926086,0.04611632972955704,-0.06914892792701721,-0.018973031468322722,-0.028579884054964845,-0.22162625863806457,
-0.15412883758544924,-0.08499147295951844,0.196246874332428,0.1744198352098465,0.0552375465631485,-0.04091813042759895,-0.012596493748308273,-0.027149666980607876,-0.22727925236305008,
-0.1303868055343628,-0.046209084987640384,0.12957909107208251,0.20378118753433228,0.04338647797703743,-0.0306649599224329,0.0035533722236471173,-0.02228758111012672,-0.23305323594786648,
-0.12835724353790284,-0.035372406244277954,0.09160852432250977,0.2123033106327057,0.021814873442053795,-0.023274686187505722,0.013098286411122232,-0.019463467177956287,-0.2343993982695282,
-0.1305469036102295,-0.031961810588836674,0.04070251882076264,0.2015840858221054,0.007500383537262678,-0.007761773653328419,0.023558581317052702,-0.017195037627918994,-0.23538870014392813,
-0.1251460075378418,-0.02931484580039978,-0.05416677594184876,0.1702253669500351,0.027340933680534363,0.021000366657972336,0.0430885190196029,-0.004683669722183278,-0.2364653598558155,
-0.12099297046661378,-0.02943387031555176,-0.0788899302482605,0.16196955740451813,0.030004095286130905,0.032784853130578995,0.05279427975489008,-0.00420311640398602,-0.2359531266621208,
-0.11887990236282349,-0.03375648558139801,-0.10655664205551148,0.1449919044971466,0.01216091588139534,0.04889697954058647,0.07004093349572366,-0.001935523220715649,-0.23240709210047764,
-0.10875067710876465,-0.03589923083782196,-0.13635001182556153,0.1124347671866417,-0.0004890997079201043,0.05435645952820778,0.0780810518017531,-0.0011868188386018803,-0.22977785573087783,
-0.10479978322982789,-0.04148722589015961,-0.1679490923881531,0.0775473564863205,-0.010143058374524117,0.06853778660297394,0.08539135020306876,-0.0012366203805397014,-0.226968673920816,
-0.10707422494888306,-0.04805073738098145,-0.1877552628517151,0.05271337553858757,-0.013871484436094761,0.07905727624893188,0.09143292447736398,-0.0019208764213303289,-0.22424599857049046,
-0.1011330008506775,-0.055824661254882814,-0.19385071992874148,0.020023074001073837,-0.014404116198420525,0.09696704149246216,0.09926334384833606,-0.004901527188794849,-0.21785568403536051,
-0.10282015800476074,-0.060696047544479374,-0.19813225269317628,-0.0050772204995155334,-0.026854395866394043,0.11381153762340546,0.10129837394773361,-0.006916270965498174,-0.21395952464866616,
-0.0993030846118927,-0.06569689512252808,-0.19174563884735107,-0.028180142864584923,-0.04676152393221855,0.12879182398319244,0.10215890585741016,-0.009188732444990739,-0.20944437147220984,
-0.07776669263839722,-0.07909402251243591,-0.18864104747772217,-0.06353360414505005,-0.049624424427747726,0.1399770975112915,0.10090502754075478,-0.01585589640835064,-0.1990814563542839,
-0.06660090684890747,-0.0768982470035553,-0.17440270185470583,-0.08963258564472198,-0.051355477422475815,0.15389211475849152,0.09850714744991243,-0.0204123131288374,-0.19336731064445042,
-0.07598881125450135,-0.07981428503990173,-0.16777936220169068,-0.11413367092609406,-0.06467127799987793,0.1784597784280777,0.09495048763359702,-0.024979849690207764,-0.18728995576709537,
-0.08091629743576051,-0.07652709484100342,-0.12247468233108522,-0.13457342982292175,-0.058812327682971954,0.1851176768541336,0.08414783305263702,-0.0348615741524437,-0.1733243567760352,
-0.061547970771789556,-0.07646781206130981,-0.10573310852050782,-0.15461371839046478,-0.07212813198566437,0.19703532755374908,0.07702152259020746,-0.04041315906272644,-0.16498242697619858,
-0.06039909720420838,-0.07637728452682496,-0.08584901690483093,-0.16812926530838013,-0.0717286542057991,0.21314744651317596,0.0690783999792409,-0.04549140572260779,-0.15634871003586545,
-0.010447976738214494,-0.05244426727294922,0.003412950411438942,-0.17532020807266235,-0.01746668480336666,0.19843271374702454,0.04987774721676248,-0.05628526652578535,-0.13743285423738258,
0.020172479748725894,-0.03685353994369507,0.04379138946533204,-0.17525362968444824,0.004704131744801998,0.19004374742507935,0.03938472286363478,-0.06067686369938955,-0.12705747712882684,
0.037657275795936584,-0.027793046832084656,0.09523955583572388,-0.1286483108997345,0.014091774821281433,0.17260004580020905,0.028572932921773708,-0.06287560656178531,-0.11692952939966522,
0.06580972075462342,0.006004789099097252,0.23270418643951418,-0.09728959202766418,0.023612575605511665,0.15116159617900848,0.007850845656662643,-0.0634200205582734,-0.09854706027103038,
0.0697827935218811,0.017158499360084536,0.21921770572662355,-0.07458614557981491,0.05583682656288147,0.14916422963142395,0.000551744971497369,-0.06275144790976456,-0.09095915824931132,
0.08168756365776063,0.026663935184478762,0.2524526834487915,-0.04915295168757439,0.08839397132396698,0.14656764268875122,-0.0059265388656383495,-0.06150958704597951,-0.08412457790046478,
0.12078510522842408,0.0407886415719986,0.3122759342193604,-0.009005796164274216,0.10850083827972412,0.13238631188869476,-0.016008773466701806,-0.05494586409366503,-0.07168896886454733,
0.14997025728225707,0.041890797019004826,0.3570726394653321,0.08906511217355728,0.06941895186901093,0.10102758556604385,-0.019282502036208432,-0.04942577940827353,-0.06600535002433487,
0.17486250400543213,0.0343345582485199,0.42524328231811526,0.16003835201263428,0.04391917958855629,0.0741962417960167,-0.020629105064162368,-0.04359362263744257,-0.06093453516818378,
0.1614013910293579,0.03624570369720459,0.36530909538269046,0.19758892059326172,0.0632271021604538,0.06254491209983826,-0.012191804949059125,-0.03611262517904788,-0.05330976314726973,
0.1383293628692627,0.033488121628761296,0.2939253330230713,0.22948028147220612,0.07154948264360428,0.04503462463617325,-0.003562482233690804,-0.033775788569862145,-0.05045686398579474,
0.1348002314567566,0.026386538147926332,0.26212372779846194,0.2672971785068512,0.05343997851014137,0.025993023067712784,0.006107066656594599,-0.030773715242034247,-0.047305156329180975,
0.1122518301010132,0.013678981363773346,0.20593252182006838,0.3047811686992645,0.0421881228685379,-0.006297806277871132,0.029520457428846146,-0.024085448202871028,-0.0425148230723009,
0.09805724024772644,-0.006240548193454743,0.14986016750335693,0.3195617198944092,0.051708925515413284,-0.020279401913285255,0.04379007199602445,-0.021825136963144587,-0.041495830909964976,
0.07940747141838074,-0.027782207727432253,0.09203090071678162,0.31949514150619507,0.057301562279462814,-0.030332835391163826,0.059234763761815495,-0.019649044141162694,-0.041403448982196285,
0.03171795904636383,-0.05635166764259339,-0.024878595769405366,0.3131701350212097,0.02015046589076519,-0.032862838357686996,0.08990162744282756,-0.015765467592165083,-0.04210588020443969,
0.002655385248363018,-0.0796970844268799,-0.07302358150482179,0.2945280075073242,-0.023458797484636307,-0.030798889696598053,0.10615317422468262,-0.012712790173756271,-0.04292689486124704,
-0.008750052005052567,-0.08881239891052246,-0.11706036329269409,0.26822927594184875,-0.030116701498627663,-0.036058634519577026,0.12218938121992079,-0.010864820905170734,-0.04403202997650616,
0.0018229538574814797,-0.09976457953453065,-0.20579206943511963,0.2047794610261917,0.009963874705135822,-0.036058634519577026,0.15217760225770016,-0.011279659968267224,-0.04775337198002466,
-0.00862099751830101,-0.10073580741882325,-0.23806207180023195,0.16270014643669128,0.009165151044726372,-0.029336724430322647,0.16509214382612633,-0.011251610695645564,-0.04995182217931442,
-0.016221398115158082,-0.10258380174636841,-0.2513275146484375,0.1375332772731781,-0.016800669953227043,-0.030268829315900803,0.17591741333593452,-0.010038892833849112,-0.05142690697148243,
-0.030224120616912844,-0.10808807611465454,-0.25586035251617434,0.10843823850154877,-0.03158121183514595,-0.02187987230718136,0.1924900904618108,-0.007917512078332658,-0.053742387317557594,
-0.03323242962360382,-0.11074496507644654,-0.26861712932586673,0.04405631124973297,0.008765676990151405,-0.008430908434092999,0.19914212440148352,-0.008197383341576731,-0.05564308620141113,
-0.035788148641586304,-0.11442841291427613,-0.3008945465087891,-0.014999285340309143,0.026808593422174454,0.0042191073298454285,0.20451477076065952,-0.008750743416475191,-0.05735466091162178,
-0.04004528522491455,-0.11550015211105347,-0.29017109870910646,-0.048421960324048996,-0.00767934275791049,0.016003593802452087,0.2079959382249743,-0.00745969047186969,-0.05721305020693784,
-0.04416064620018006,-0.10676525831222534,-0.2656998872756958,-0.08763699978590012,-0.022593045607209206,0.025923870503902435,0.20657346325847448,-0.006929612827120339,-0.056323585538464255,
-0.0341110646724701,-0.09197983145713806,-0.26633942127227783,-0.13657258450984955,-0.0033517060801386833,0.026057027280330658,0.20414750645343413,-0.007637977008083238,-0.05586430711976497,
-0.01917814165353775,-0.06013397574424744,-0.270960259437561,-0.1801818460226059,-0.009277239441871643,0.01860017701983452,0.19468380114413622,-0.010580187667579403,-0.05490270954865903,
-0.040770068764686584,-0.057728332281112675,-0.24725749492645266,-0.20841136574745178,-0.05768018960952759,0.028320714831352234,0.1869380737584079,-0.011207463572588247,-0.05390035375860747,
-0.06320269107818603,-0.06951845288276673,-0.21936066150665284,-0.23777271807193756,-0.04602885991334915,0.04350073263049126,0.1778354026404747,-0.012111847316454117,-0.05339485754470227,
-0.00013586534187197687,-0.07484546899795533,-0.18236340284347535,-0.3000241219997406,0.028073595836758614,0.027055714279413223,0.1563990645639593,-0.01810825550172181,-0.053291985683769305,
0.010930112749338151,-0.08521720170974732,-0.16190812587738038,-0.31527072191238403,-0.005415656138211489,0.020198073238134384,0.14333428326428194,-0.020148889350455487,-0.05201215887031781,
-0.026102012395858767,-0.0904399037361145,-0.11614328622817993,-0.28817304968833923,-0.078785739839077,0.02818755805492401,0.12826191510177223,-0.019790867665438427,-0.05015863949428597,
-0.05016865134239197,-0.07195409536361695,0.014801093935966493,-0.29835963249206543,-0.09416549652814865,0.03191598132252693,0.09089654947825018,-0.018029493173753547,-0.04798868893643665,
-0.004878193885087968,-0.06765522956848145,0.014235571026802063,-0.31487125158309937,-0.05148834362626076,0.04429968073964119,0.066067570296646,-0.019831711247027265,-0.047093165765144426,
0.0006024539005011321,-0.050008815526962284,0.06833340525627137,-0.28650858998298645,-0.01793251372873783,0.05335443094372749,0.05081522279191818,-0.02498551509839119,-0.04636603351526555,
0.00020139527041465046,-0.028126993775367738,0.24174113273620607,-0.18224580585956573,-0.04722728580236435,0.04995889961719513,0.019014656053471805,-0.030576752244920395,-0.04262242530701851,
-0.00015207412652671338,-0.011186651885509491,0.31270334720611576,-0.15807569026947021,-0.03803969547152519,0.06314514577388763,0.005444100066586593,-0.03176177644367602,-0.03995952172920233,
-0.00679115429520607,0.011905678361654282,0.28728489875793456,-0.1411646157503128,-0.004417284857481718,0.07959017157554626,-0.004737900023046315,-0.03391574684539322,-0.037374840281552225,
0.01033407524228096,0.055584180355072024,0.3054368495941162,-0.06799426674842834,-0.0014878076035529375,0.07546226680278778,-0.02151683970759032,-0.037073867583079796,-0.03065839573097912,
0.022656093537807467,0.07079576253890991,0.32331032752990724,-0.03443843498826027,-0.021128620952367783,0.07912411540746689,-0.02835929486666666,-0.036713388375311476,-0.026538780163616753,
0.026708078384399415,0.09088841676712037,0.27348639965057375,-0.0053433990105986595,0.006501676049083471,0.08371806889772415,-0.03592801842838884,-0.03649499735069554,-0.018671905243644066,
0.056346637010574345,0.09891034960746765,0.26648845672607424,0.022819532081484795,0.04478461667895317,0.06947015970945358,-0.0377563497103489,-0.03697843322910834,-0.014349207341211923,
0.07925174832344056,0.1038299322128296,0.26570413112640384,0.06203458085656166,0.056302789598703384,0.05349119007587433,-0.03863411243766573,-0.03626144818105768,-0.010114443157285772,
0.10425746440887451,0.08511234521865846,0.27114994525909425,0.12521807849407196,0.06402596086263657,0.03152010962367058,-0.03670044488209839,-0.031095163624050775,-0.0036408932644356974,
0.09999896883964539,0.07766312956809998,0.24910850524902345,0.15164995193481445,0.06375963985919952,0.02033483237028122,-0.03294516223457784,-0.027823525773180816,-0.0016011476336918425,
0.08770229816436768,0.06838493943214417,0.197338604927063,0.1573757380247116,0.07334702461957932,0.007085607387125492,-0.027112535253856783,-0.02442464485733525,-0.0002059030883059797,
0.09650872945785523,0.05264747142791748,0.08750877380371094,0.16616417467594147,0.07660939544439316,-0.009026517160236835,-0.011877891445736135,-0.017739762346910822,0.0014460925488803708,
0.09454792737960815,0.049895095825195315,0.05554928779602051,0.17282207310199738,0.06822043657302856,-0.022475481033325195,-0.003822680644385363,-0.013830289313881503,0.00148563940968987,
0.10258833169937134,0.045910203456878663,0.021405483782291415,0.17728286981582642,0.049378570169210434,-0.03918681666254997,0.0046014896859964,-0.009940081779546606,0.0011463334021044602,
0.09764766693115234,0.03248592913150788,-0.04863538146018982,0.16316811740398407,0.032534074038267136,-0.06035894900560379,0.026369118348473254,-0.012493444407299794,-0.0018063960727745768,
0.09852598905563355,0.023944155871868135,-0.09664700031280518,0.12768149375915527,0.03346618264913559,-0.06628447771072388,0.03546662112411814,-0.010128701814641388,-0.0038930211665898027,
0.09055878520011902,0.012216100841760636,-0.14064007997512817,0.1013827845454216,0.02094932459294796,-0.06595158576965332,0.043937491812446564,-0.008065808479826426,-0.006624606174010081,
0.06575368046760559,-0.009259174019098282,-0.1540752172470093,0.07262063771486282,-0.0087449224665761,-0.06754948198795319,0.05684124736769686,-0.0038327091812675722,-0.012697353926209035,
0.06528744101524353,-0.012618871033191682,-0.16248276233673098,0.031607963144779205,-0.009543870575726032,-0.08319555968046188,0.06174285146935123,-0.0025730320069662304,-0.015840994885445922,
0.07916924953460694,-0.014560221135616303,-0.18448474407196047,0.0011813461314886808,-0.008278869092464447,-0.09557925164699554,0.06571475500786328,-0.002168695013346795,-0.019251963538709067,
0.08018962144851685,-0.004762205854058266,-0.16347738504409792,-0.009339035488665104,-0.012073727324604988,-0.10916304588317871,0.06898431986880232,-0.0013627106757769971,-0.027734588734757183,
0.07404035329818726,-0.0017204059287905693,-0.1512169122695923,-0.033507220447063446,-0.021261632442474365,-0.11914990097284317,0.06891166640804516,-0.0007117530210912137,-0.032746940972865304,
0.07105827927589417,-0.00394413061439991,-0.16404726505279543,-0.05321461334824562,-0.025456111878156662,-0.1241433247923851,0.06845229446644632,-9.775087297069292e-05,-0.038271229087497874,
0.050823920965194704,-0.0036378227174282077,-0.15865731239318848,-0.08424044400453568,-0.03364533185958862,-0.11728569120168686,0.0648794330176769,0.00041424519460230507,-0.05066139012419887,
0.03813301622867585,-0.013609923422336578,-0.15952348709106445,-0.12818260490894318,-0.030782433226704597,-0.13486255705356598,0.061842137096583524,0.0002930056823951468,-0.057098542339933785,
0.04813811182975769,-0.025732988119125368,-0.15596476793289185,-0.11400126665830612,-0.07119590789079666,-0.1439172923564911,0.0577044181850388,-0.0002230724791217028,-0.0633277181909674,
0.007524947822093964,-0.028991615772247317,-0.024311353266239167,-0.05521198362112045,-0.13111703097820282,-0.11861726641654968,0.04546326815119182,-0.0017136284449765398,-0.0773514543678966,
-0.02023613899946213,-0.028246778249740603,0.01130666732788086,-0.07731622457504272,-0.10082357376813889,-0.10317093133926392,0.04058884073444487,-0.005461420698710358,-0.08511019284699751,
-0.015269359946250916,-0.022107127308845523,-0.019255684316158296,-0.15035341680049896,-0.06846616417169571,-0.10816436260938644,0.03774700900207642,-0.011190458678792238,-0.09211102756046882,
0.027924710512161256,-0.026609256863594055,-0.040659493207931524,-0.15820974111557007,-0.07479117065668106,-0.12008200585842133,0.029585430104357432,-0.02037433479181206,-0.10410432649417085,
0.020911118388175966,-0.020976608991622927,0.03500561118125916,-0.13723735511302948,-0.08477802574634552,-0.11801805347204208,0.021833287860006625,-0.023334802924750944,-0.11053702186448955,
0.007502540200948715,-0.0012830831110477448,0.07241145968437195,-0.15514710545539856,-0.03031638078391552,-0.13819150626659393,0.007310195825403817,-0.030557658782773577,-0.12440335956417252,
0.030778464674949647,0.006375423818826676,0.047861373424530035,-0.16000737249851227,0.010563142597675323,-0.16189363598823547,0.0009586313444555619,-0.03453875621518126,-0.13133952535828305,
0.0332648366689682,0.014311783015727997,0.06840955018997193,-0.11440074443817139,-0.013804782181978226,-0.16475653648376465,-0.0059976844838491965,-0.036558463230692125,-0.13897986266847062,
-0.006393323093652726,0.028510996699333192,0.15419968366622927,-0.0856386050581932,-0.03744033724069595,-0.18419760465621948,-0.01949290773887431,-0.03689731187895421,-0.15677696192629179,
-0.007948932051658631,0.02638237774372101,0.15220032930374147,-0.07019226998090744,-0.014537150971591473,-0.18686076998710632,-0.023879712859750768,-0.03854566004830502,-0.1653532520158149,
-0.025496196746826173,0.019555045664310457,0.17045332193374635,-0.06007225438952446,0.01715446636080742,-0.17494311928749084,-0.02723196593002612,-0.04109602542347498,-0.17448854422190224,
-0.08831638097763062,0.02736734449863434,0.22276897430419923,-1.7971411580219865e-05,0.027141321450471878,-0.1680854856967926,-0.03191637894319109,-0.04430910662384204,-0.19333938179315652,
-0.09189031720161439,0.02631603181362152,0.27948000431060793,0.049718696624040604,0.029404660686850548,-0.17720283567905426,-0.03326666092777868,-0.044128232909065444,-0.20220552789157983,
-0.09413366913795472,0.01941206455230713,0.2848177194595337,0.09053164720535278,0.03140202909708023,-0.17180992662906647,-0.03247584746932052,-0.04365441345137303,-0.21094033959382405,
-0.14380236864089965,-0.01213742047548294,0.24563360214233398,0.12954694032669067,0.02900518663227558,-0.12726855278015137,-0.024934099133539667,-0.04225821794035014,-0.22908493335959695,
-0.17060610055923464,-0.03069877922534943,0.19912890195846558,0.15118512511253357,0.026142287999391556,-0.09244772046804428,-0.01860937698437925,-0.04116587570592564,-0.2371568450268093,
-0.1720543384552002,-0.031463253498077395,0.16591342687606814,0.17235726118087769,0.028405973687767982,-0.08459139615297318,-0.011287722414660285,-0.03990521649797764,-0.24365623511816645,
-0.13542726039886474,-0.021046921610832214,0.11829382181167603,0.2140357345342636,0.010695951990783215,-0.0751371756196022,0.005350518449437123,-0.0372532797604146,-0.2525525052077565,
-0.14967062473297119,-0.022154863178730014,0.08902113437652588,0.22269101440906525,-0.004683803301304579,-0.05176793783903122,0.015103327986555516,-0.03580364297807804,-0.2563879659790599,
-0.1605023741722107,-0.03382659256458283,0.032488185167312625,0.20025387406349182,-0.004950119182467461,-0.02107500657439232,0.026190369843637276,-0.0347864780025287,-0.2599771794033947,
-0.15950683355331421,-0.05580780506134034,-0.07379027009010315,0.16390173137187958,-0.0011551144998520613,0.0157431960105896,0.047359712367881,-0.027535478580568134,-0.26404692564007753,
-0.16189675331115724,-0.06941296458244324,-0.09901687502861023,0.13740327954292297,-0.00554933026432991,0.04057717323303223,0.0572690052226842,-0.027606923348889666,-0.2643495177163422,
-0.158793306350708,-0.07403718233108521,-0.11910054683685303,0.12748299539089203,-0.010476179420948029,0.057355090975761414,0.06592165249304735,-0.027688126940498527,-0.2635812392378779,
-0.13749780654907226,-0.05655902624130249,-0.12058404684066773,0.10611113905906677,0.0025067320093512535,0.07559774070978165,0.07984744573621788,-0.02919556271666594,-0.2595985447339712,
-0.13068665266036988,-0.05882362127304078,-0.135361385345459,0.07868057489395142,0.021282019093632698,0.09883382171392441,0.08589081801195586,-0.03047071340626027,-0.2566996789365415,
-0.12860549688339235,-0.06339366436004638,-0.1450675368309021,0.04765474423766136,0.032400716096162796,0.11700990051031113,0.0911077606000446,-0.03148137269610205,-0.2531096031452755,
-0.10751944780349731,-0.07692713737487794,-0.16871979236602785,0.0011825853725895286,0.03952467069029808,0.1427759826183319,0.09812807314986181,-0.03256343518170395,-0.24295434315929715,
-0.10610315799713135,-0.07601572871208191,-0.1686505675315857,-0.02172059938311577,0.032866768538951874,0.1570904701948166,0.09940558023464414,-0.03281514090019891,-0.2365069118451262,
-0.09560711383819581,-0.05592058897018433,-0.15457541942596437,-0.03690062090754509,0.004171207547187805,0.17380180954933167,0.09790824482727953,-0.033576834801419306,-0.2213171562861205,
-0.09582527279853821,-0.04896110892295838,-0.14898492097854615,-0.06439775228500366,-0.018465662375092506,0.19284340739250183,0.09570149889645013,-0.03465471492172921,-0.21298030041219826,
-0.09702563881874085,-0.04886021614074707,-0.1535635828971863,-0.10221464186906815,-0.015136711299419403,0.20329631865024567,0.09296577488048649,-0.03677919781838095,-0.20445536180695736,
-0.06291524171829224,-0.045839658379554754,-0.1538480281829834,-0.14123085141181946,-0.010409453883767128,0.2034943848848343,0.08413662095747271,-0.04364668212738548,-0.18615173299960405,
-0.04361546635627747,-0.04558961391448975,-0.12354040145874023,-0.14822165668010712,-0.030383162200450897,0.20189648866653442,0.07700910347942928,-0.04686868670294423,-0.17606633211879508,
-0.01447034478187561,-0.03488173186779022,-0.03175005614757538,-0.13976611196994781,-0.05255397781729698,0.20908701419830322,0.05962089670686919,-0.05259683065798175,-0.15586490795828062,
0.014009650051593782,-0.013053087890148163,0.027293139696121217,-0.13796848058700562,-0.017067356035113335,0.17686277627944946,0.050393929601130254,-0.056257295518732375,-0.1458058584739715,
0.07467234134674072,0.017079521715641022,0.0725605845451355,-0.1600727140903473,0.03786034137010574,0.11887243390083313,0.041324573449732206,-0.06037257238168892,-0.13554968982658558,
0.14528217315673828,0.06110408902168274,0.1427088975906372,-0.1089400202035904,0.03972455486655235,0.1132798045873642,0.02337467068198072,-0.06343467061545191,-0.11889556584890618,
0.08399572968482971,0.07649645209312439,0.23958411216735842,-0.038965463638305664,0.03965797647833824,0.1163424402475357,0.014206780866317855,-0.06155781237371149,-0.11347967879389537,
0.07480019330978394,0.07811731696128846,0.28439624309539796,-0.04861942306160927,0.08866014331579208,0.104890838265419,0.007298029470386626,-0.059649741183829395,-0.10836185559017414,
0.11782712936401368,0.09006054997444153,0.23074934482574463,-0.024850711226463318,0.12434650212526321,0.09603583812713623,0.0001921974478680233,-0.055545752962699035,-0.09859501033915079,
0.10298819541931153,0.09033887386322022,0.27513647079467773,0.03400515019893646,0.0953846201300621,0.09110897779464722,-0.0031114460998420894,-0.05070441057426133,-0.09458495524008331,
0.09642099142074585,0.06148074269294739,0.3535786151885987,0.12468579411506653,0.050377197563648224,0.06927105784416199,-0.0059705381470386695,-0.038573383788910835,-0.08702610291647857,
0.09244197607040405,0.048819178342819215,0.34966881275177003,0.15491266548633575,0.07447880506515503,0.056687626987695694,-0.0034102748697965634,-0.034433292599323324,-0.08353620895632427,
0.0871888816356659,0.04225256741046906,0.29919846057891847,0.17308874428272247,0.10949937999248505,0.06028289720416069,0.0022372207915151644,-0.031702099663215334,-0.08053212819267609,
0.07449055314064026,0.0356872707605362,0.2547997713088989,0.23540671169757843,0.10663647949695587,0.05841867998242378,0.017494578882391008,-0.024182636431420972,-0.07445992977239387,
0.09254533052444458,0.026241597533226014,0.20262224674224855,0.28780442476272583,0.06928564608097076,0.013477837666869164,0.03777852240148289,-0.013440487454877461,-0.06734753720525899,
0.08919012546539307,0.006525668501853943,0.0645652174949646,0.2838762700557709,0.08559750765562057,0.007752042263746262,0.0653286747766087,-0.006075616516551935,-0.06254705857770242,
0.06630800366401672,-0.014743024110794069,0.012798361480236053,0.28307729959487915,0.08732856065034866,0.00761888362467289,0.07974744060363069,-0.003138927707108436,-0.061334053284181934,
0.050770926475524905,-0.03499900698661804,-0.01904463917016983,0.26889556646347046,0.0618288591504097,-0.00090400455519557,0.09345683296084432,-0.0008382776495754874,-0.05986239245863559,
0.04648096263408661,-0.044608032703399664,-0.06982508897781373,0.2602402865886688,0.03060329519212246,-0.014752442017197609,0.1079229156927749,0.003348256905851228,-0.058046187846477124,
0.04827184081077576,-0.0557138741016388,-0.13080189228057862,0.24312947690486908,-0.007479908876121044,-0.03113088384270668,0.13549322245037437,0.009475884723229237,-0.055643898997848065,
0.037495875358581544,-0.06127170324325562,-0.16535871028900148,0.19013257324695587,-0.003085693111643195,-0.031397201120853424,0.14870714283562272,0.01099194696683196,-0.05597907640944932,
0.029211223125457764,-0.06790562868118287,-0.22332799434661865,0.13413959741592407,0.029205136001110077,-0.025737982243299484,0.16144778974920332,0.011653848753945949,-0.05727966273394382,
0.0034130804240703584,-0.09220354557037354,-0.27103610038757325,0.1030471920967102,0.01568959280848503,-0.011689807288348675,0.1811787295220073,0.01314065290212922,-0.0600371733484492,
-0.011247289180755616,-0.10433861017227174,-0.24510622024536133,0.09132928401231766,-0.044830743223428726,-0.0039000604301691055,0.1875785288750249,0.015155299907303793,-0.0601700392450377,
-0.027787235379219056,-0.10602809190750123,-0.2327080011367798,0.050649493932724,-0.05208785831928253,0.007751270197331905,0.19294558553473753,0.016483672106413386,-0.060104641969937,
-0.022322531044483188,-0.11247340440750123,-0.2961503267288208,-0.04009772092103958,0.014224854297935963,0.027591820806264877,0.20186109168384636,0.013544259908145877,-0.06267810660303097,
-0.009304133802652359,-0.10376055240631105,-0.31034924983978274,-0.061003535985946655,0.0028398404829204082,0.02579418569803238,0.20368981050692866,0.011491479609374222,-0.06345473563911913,
-0.008278273791074754,-0.08051151037216187,-0.25099365711212157,-0.08983225375413895,-0.0263217743486166,0.021333392709493637,0.20049053871414427,0.010377488707370592,-0.060971806756542436,
-0.014570143818855286,-0.0645570993423462,-0.25040056705474856,-0.13989967107772827,-0.012806231155991554,0.031852878630161285,0.1972836306524653,0.009444493888007091,-0.06006902634411699,
-0.02705442011356354,-0.05417185425758362,-0.2652894496917725,-0.16786286234855652,-0.0036849044263362885,0.029988665133714676,0.193200318098636,0.00780579945516002,-0.0598821064881414,
-0.022892121970653535,-0.05471744537353516,-0.2310415029525757,-0.21147213876247406,-0.02938441000878811,0.02273155003786087,0.17978928995003346,0.004954619980168805,-0.05830947532653355,
-0.03369281888008118,-0.06345266699790955,-0.22795443534851076,-0.2255868911743164,-0.05648207291960716,0.04663342237472534,0.17095628982013478,0.004005500595979572,-0.0572590042914482,
-0.06043880581855774,-0.05691635012626648,-0.1813062906265259,-0.2484900802373886,-0.04256705567240715,0.05488922446966171,0.16060431729951505,0.002510468004557889,-0.05680182772665793,
-0.005324901267886162,-0.044206202030181885,-0.13692951202392578,-0.3153354227542877,0.00530326459556818,0.04596763104200363,0.137642449923415,-0.004110683287195346,-0.05523160415705301,
0.028292208909988403,-0.04234839379787445,-0.11930773258209229,-0.30408355593681335,0.0005095744854770601,0.010880484245717525,0.1244587652185592,-0.006930543819097254,-0.0533846532089552,
0.0458249568939209,-0.035857385396957396,-0.03907013535499573,-0.22838321328163147,-0.07372604310512543,0.0064862677827477455,0.1089737103874342,-0.008059404187812962,-0.05107597135736381,
-0.013248273730278017,-0.03609520196914673,0.10866070985794068,-0.22032728791236877,-0.08710840344429016,0.03538130968809128,0.06728700192580432,-0.013572757268391134,-0.05017852078475684,
0.03448963463306427,-0.021428364515304568,0.11211382150650025,-0.2397017925977707,0.004637496545910835,0.036446571350097656,0.05621682294465688,-0.018544874847326878,-0.04952853917317989,
0.042666023969650274,-0.019016285240650178,0.14584259986877443,-0.2277175635099411,0.023479361087083817,0.040174998342990875,0.044241091409978776,-0.020781413469705676,-0.04787942880860056,
0.021315716207027435,0.022883476316928865,0.24413371086120605,-0.17385512590408325,-0.0010882997885346413,0.03464893996715546,0.0205901430051348,-0.019246743043119362,-0.043724550776456934,
0.031014451384544374,0.04613963961601258,0.2709654808044434,-0.12172374129295349,-0.013938051648437977,0.009681804105639458,0.010757182734048139,-0.0192120280358484,-0.041625953271901515,
-0.040297833085060124,0.052512323856353765,0.25463404655456545,-0.0916966050863266,-0.0032188284676522017,0.03684604912996292,-0.002643090305696685,-0.02049994352247458,-0.039838240719496716,
-0.05089609026908875,0.06451315879821777,0.2676520586013794,-0.06033788248896599,0.03559674322605133,0.060215286910533905,-0.007770791090452598,-0.021183182321802545,-0.038429335428163666,
-0.01581811308860779,0.05683773159980774,0.2830432176589966,-0.011602033860981464,0.028872262686491013,0.06787186861038208,-0.014620445273855745,-0.01814904585757282,-0.03273587337266683,
0.009943388402462006,0.05587989687919617,0.28634214401245117,0.04332566261291504,0.015090404078364372,0.05801817774772644,-0.015688613356010232,-0.016392880013631022,-0.029373408181749185,
0.025989326834678653,0.06372515559196472,0.2668867588043213,0.07009043544530869,0.03699490427970886,0.05628712475299835,-0.014735185703600462,-0.015379644023926295,-0.02625999496937668,
0.05019997358322144,0.066497141122818,0.19721373319625857,0.09325993806123734,0.06868652254343033,0.05036158859729767,-0.008353902037362809,-0.012051101018892616,-0.020620318335248636,
0.07233241796493531,0.06651052832603455,0.17479469776153567,0.1075078472495079,0.08140311390161514,0.04183947294950485,-0.003989068519873825,-0.008888302512999293,-0.0178955968545396,
0.0878178894519806,0.0597429633140564,0.15452405214309695,0.12714865803718567,0.08726207166910172,0.02972208894789219,0.0010465722651009017,-0.0049981877749340825,-0.015574279242314996,
0.12913837432861328,0.06270623207092285,0.11453700065612793,0.1645660698413849,0.07554416358470917,-0.0027684750966727734,0.013516840419367349,0.0034822667444393595,-0.012099098454428041,
