-0.09528310298919679,-0.07796580195426941,-0.25240228176116947,-0.014537501148879528,0.024279287084937096,0.166597381234169,0.09918880419613425,-0.008353900158252393,-0.19419745677772,
-0.0707673192024231,-0.07915832400321961,-0.2684018135070801,-0.06993125379085541,0.038593776524066925,0.16759607195854187,0.10071004615827903,-0.011061847878525688,-0.1868315233245474,
-0.08616180419921876,-0.08510971069335938,-0.2555132627487183,-0.11220845580101013,-0.009942412376403809,0.18357592821121216,0.09624644408889405,-0.013282134706758786,-0.16963727379167917,
-0.09031442403793336,-0.08689110279083252,-0.21511025428771974,-0.1210634708404541,-0.0375727117061615,0.19203145802021027,0.09104901046192586,-0.014766776027905689,-0.16085968022337443,
-0.0716153085231781,-0.08095250129699708,-0.18097132444381714,-0.15308797359466553,-0.03930376470088959,0.20328332483768463,0.08482842721120651,-0.017997217364683942,-0.15191979300253966,
-0.0384296715259552,-0.09203653931617738,-0.17405930757522584,-0.2371772825717926,0.02700894884765148,0.2307138741016388,0.07005243837209603,-0.026599317590916126,-0.13347803849613177,
0.003028369322419167,-0.07841182351112366,-0.11206326484680176,-0.24836255609989166,0.062229253351688385,0.2265859842300415,0.05926999178665473,-0.030023570500731234,-0.1227635967880721,
0.013986855745315552,-0.05571469068527222,0.030510285496711732,-0.24030649662017822,0.017288411036133766,0.23584046959877014,0.029614379556252415,-0.03004090225659985,-0.0991027155837006,
0.055241310596466066,-0.02330305576324463,0.11083450317382813,-0.21294252574443817,0.022681312635540962,0.2084764838218689,0.015832831056018598,-0.02854572995810349,-0.08714427048926084,
0.15393553972244264,0.03444754481315613,0.24090297222137452,-0.1697327345609665,0.028074214234948158,0.17645196616649628,-0.009436019797234263,-0.02695916545238237,-0.06419104290941179,
0.17875657081604004,0.05728593468666077,0.3262872934341431,-0.10694871097803116,0.04059106856584549,0.14915457367897034,-0.020360782901443417,-0.024973221146235666,-0.05449982408158387,
0.2619491577148438,0.085204815864563,0.47976388931274416,0.002906686393544078,0.07760901004076004,0.09622424840927124,-0.03624941340659516,-0.020039367769776106,-0.038000217556917605,
0.2736543893814087,0.09318832159042359,0.5219539165496826,0.0955846905708313,0.08666376024484634,0.04988524317741394,-0.03969772434094492,-0.016559019958391895,-0.03192651438464588,
0.2758857011795044,0.09117456078529358,0.5434556484222413,0.18919481337070465,0.06662347167730331,0.015264147892594337,-0.03969718740807335,-0.012067204730761403,-0.027580391889178362,
0.22014961242675782,0.05243109464645386,0.48731718063354496,0.3027120530605316,0.07414690405130386,-0.02648090198636055,-0.02749117232691851,-0.0035876874378005467,-0.024317209612903512,
0.18086867332458498,0.033748370409011845,0.3711077928543091,0.33060866594314575,0.08513244241476059,-0.034869857132434845,-0.01484885938154962,-0.00043724944385066923,-0.024699165805792473,
0.09451731443405152,-0.032239288091659546,0.19832384586334229,0.3688915967941284,0.06396031379699707,-0.03034248575568199,0.01681822980866317,0.007554625661076435,-0.027355223778600883,
0.08344177007675171,-0.05251044631004334,0.13145110607147217,0.374750554561615,0.061030831187963486,-0.04072881489992142,0.034451596610451475,0.01174302093471458,-0.028453980014429447,
0.06611814498901368,-0.07258293032646179,-0.019244718551635745,0.3417273461818695,0.05583766847848892,-0.04139460623264313,0.06948048522293333,0.016078714648613133,-0.030844938783541664,
0.0456760048866272,-0.08368041515350343,-0.09167156815528871,0.29392239451408386,0.06336130201816559,-0.022155581042170525,0.08809870350145263,0.019558992745125434,-0.032310353496525265,
0.026419025659561158,-0.08205427527427674,-0.16726750135421753,0.2599005103111267,0.06036524474620819,-0.004245821852236986,0.12088297190625633,0.026216499215950397,-0.033576676812720134,
0.024552303552627566,-0.08329945206642152,-0.184061074256897,0.22654440999031067,0.04325443506240845,-0.0017823977395892143,0.13495613592359365,0.029667200688768904,-0.032851359360608415,
0.033647620677948,-0.07852516770362855,-0.225485897064209,0.17594434320926666,0.04445285722613335,-0.014232676476240158,0.1481741377849055,0.032417379563944734,-0.03169455702180805,
0.04391141533851624,-0.07831810116767884,-0.2820793151855469,0.11848664283752441,0.029938627034425735,-0.019625578075647354,0.1697216063341728,0.036704534942760464,-0.03011663277856316,
0.018775114417076112,-0.08040335178375245,-0.26396257877349855,0.08553002029657364,0.019818615168333054,-0.006642667111009359,0.17719181846839605,0.039145892461775855,-0.029878882215272917,
0.013405276834964753,-0.07823694944381715,-0.27563278675079345,0.041587863117456436,0.008433601818978786,-0.007508194539695978,0.18804953017812576,0.04221805162361456,-0.029660689632854245,
0.03094189465045929,-0.07696443796157837,-0.2753924369812012,0.007699137087911367,-0.00541483610868454,-0.016096889972686768,0.19137575674641222,0.042846571700174335,-0.029395655130702164,
0.02429301291704178,-0.0824895977973938,-0.2866612672805786,-0.025057746097445488,-0.026520388200879097,-0.007508194539695978,0.19335273647495108,0.04339902734540471,-0.029526116910090473,
-0.020730294287204742,-0.09115418791770935,-0.30813059806823734,-0.08531176298856735,-0.05361805111169815,0.02078789286315441,0.19288652084186061,0.04313048954483527,-0.03133291457398823,
-0.015359266102313996,-0.08416032791137695,-0.30701646804809574,-0.13464681804180145,-0.04482961818575859,0.03576817363500595,0.19019252008444967,0.0411681677031419,-0.03236707008112189,
0.00012909882934764028,-0.07570009827613831,-0.30367033481597905,-0.1800537109375,-0.04209987819194794,0.03736606985330582,0.1855722658884053,0.03832135246788788,-0.03294664089816269,
0.05614346265792847,-0.10925537347793579,-0.3015056133270264,-0.25309091806411743,-0.06686727702617645,0.022918421775102615,0.17052999398769686,0.032592813597117944,-0.032151930303197754,
0.0765242874622345,-0.11383330821990967,-0.2886988401412964,-0.29044175148010254,-0.07465702295303345,0.012798409909009933,0.1597757701906298,0.029423999061154657,-0.03202504553732821,
0.07090740203857422,-0.09667757153511047,-0.24085922241210939,-0.3171399235725403,-0.06746648997068405,0.005008663050830364,0.14670223563079737,0.025842424732143283,-0.03255431908027215,
0.045603287220001225,-0.09585369229316712,-0.2020707130432129,-0.41008424758911133,-0.05654752999544144,0.01073445938527584,0.11617071854708895,0.018718081885890706,-0.03461621262938724,
0.07467100620269776,-0.09500356912612916,-0.15849562883377077,-0.4075542688369751,-0.06486991047859192,-0.024086372926831245,0.09823114566611733,0.015498019936846078,-0.03522219293511542,
0.061576044559478765,-0.04492395222187043,0.08755627870559693,-0.3498302400112152,-0.13624262809753418,-0.037801653146743774,0.05289562272423865,0.0056302655127693285,-0.037044360320149315,
0.04983780980110169,-0.05017148852348328,0.16173260211944582,-0.33924680948257446,-0.1154695451259613,-0.03514338284730911,0.03341561384236522,0.0012043329187369455,-0.03961076757437709,
0.05469263195991517,-0.006479645520448685,0.2989423990249634,-0.2983672618865967,-0.04249892756342888,-0.0058486079797148705,-0.001881702971821635,-0.011444978154062927,-0.04401137520322046,
0.052495223283767704,0.0039769824594259266,0.41204328536987306,-0.20382505655288696,-0.015134947374463081,-0.005648870952427387,-0.01870140276375094,-0.01545418382906305,-0.045258221282479624,
0.09648240208625794,0.026308634877204896,0.5262496948242188,-0.1101483553647995,0.007435343228280544,-0.03194758668541908,-0.03391545975157376,-0.01775557987183205,-0.045432840219321556,
0.1557161569595337,0.06233600974082947,0.5814546108245849,0.024141540750861168,0.024679310619831085,-0.07043026387691498,-0.05265030973166777,-0.018973459018845777,-0.04652653346278426,
0.11218221187591554,0.09351401925086976,0.5065435409545899,0.0835966169834137,0.02241562493145466,-0.08474475145339966,-0.054956314386374716,-0.018493664372070246,-0.04932099928319779,
0.0528734564781189,0.11054584980010987,0.37782015800476076,0.1539706438779831,0.03000563383102417,-0.09533081948757172,-0.04986079325399227,-0.017423483975426708,-0.05726265135809917,
0.04038440883159638,0.08342870473861695,0.33649885654449463,0.2069009691476822,0.02261536195874214,-0.09266766160726547,-0.04401522430467497,-0.016844254498004706,-0.06195775890760594,
-0.01627144068479538,0.041694268584251404,0.21942801475524903,0.24698154628276825,0.010830873623490334,-0.07928527146577835,-0.02595047080666293,-0.015157520851342901,-0.07185116286348013,
-0.046702986955642706,0.019208583235740664,0.06392489075660705,0.2322010099887848,0.009565872140228748,-0.07249421626329422,-0.0012748093007957032,-0.014348174471950073,-0.08058556822172136,
-0.05204589366912842,0.002335856296122074,0.027575787901878358,0.2364620566368103,0.007169026881456375,-0.06590288877487183,0.011173517330654251,-0.013708696071179683,-0.08444625684227561,
-0.06124425530433655,-0.009445126354694367,0.015381406247615815,0.23845943808555603,0.0020424420945346355,-0.055982619524002075,0.02311623994712434,-0.012842717981856466,-0.08803996557469568,
-0.08353108167648315,-0.038265800476074224,-0.05039612650871277,0.2201502025127411,-0.00394967058673501,-0.031015481799840927,0.04608773641984104,-0.006331084769664071,-0.09412987065090417,
-0.09225420355796815,-0.049680072069168094,-0.09292264580726624,0.19385148584842682,-0.0034836174454540014,-0.006514398381114006,0.05812853130287774,-0.006097864216217362,-0.09653251976781468,
-0.10346429347991944,-0.0559485673904419,-0.1294499397277832,0.16622118651866913,-0.010141519829630852,0.014657732099294662,0.06944984506395288,-0.005956115559190946,-0.09818027431629431,
-0.11305516958236694,-0.08162197470664978,-0.1927281618118286,0.118550606071949,-0.01892995275557041,0.05726831406354904,0.08864639377147877,-0.0064065542522390995,-0.09868073472552313,
-0.11986573934555055,-0.0907976508140564,-0.2089460849761963,0.08046740293502808,-0.01686600223183632,0.07637649029493332,0.09619141438599312,-0.00744347449833527,-0.0975148560219359,
-0.09284678101539612,-0.09573027491569519,-0.2843136548995972,-0.002822965383529663,0.0009105984354391694,0.10473915934562683,0.10712980123651897,-0.011224076726051394,-0.0921454500680241,
-0.10073175430297852,-0.09542921185493469,-0.2893133878707886,-0.05242069438099861,0.007967380806803703,0.13637101650238037,0.10939428169746918,-0.012932297674529698,-0.08827933584489453,
-0.04881240725517273,-0.0919277846813202,-0.2774395227432251,-0.1324486881494522,0.04645005613565445,0.1528160274028778,0.1069139537021098,-0.01665416482460886,-0.07702278523517363,
-0.027913233637809755,-0.08895231485366822,-0.286740779876709,-0.18724322319030762,0.03386662155389786,0.14875471591949463,0.10236167783182079,-0.017972518312099305,-0.06958809740544293,
-0.02154512107372284,-0.0847791075706482,-0.249247407913208,-0.20009297132492065,0.00051052903290838,0.1552128791809082,0.09509335875927327,-0.018090224429160216,-0.06144386074282748,
-0.049224719405174255,-0.05897218585014344,-0.1378260374069214,-0.21940089762210846,-0.02419028989970684,0.18324264883995056,0.07520487134843773,-0.019460548513712445,-0.045859968624416804,
-0.022227920591831207,-0.05223679542541504,-0.10176657438278199,-0.24390198290348053,-0.007811849471181631,0.18803635239601135,0.06420106864102032,-0.022116464435891815,-0.03777557835335223,
0.0070603534579277046,-0.037770801782608034,0.0031262483447790147,-0.21693746745586395,-0.05175400897860527,0.1985558271408081,0.03949084182120217,-0.026956872634485617,-0.019451750903400247,
0.018022209405899048,-0.034026238322258,0.1009467363357544,-0.17765584588050842,-0.06487008184194565,0.20141872763633728,0.026159959697735474,-0.028601658630531334,-0.009802772064339237,
0.05979986190795899,-0.007903633266687393,0.20440435409545898,-0.1311171054840088,-0.025788186118006706,0.20887556672096252,0.003140241796753078,-0.035040962759801585,0.010304539919970542,
0.08243022561073304,-0.004030256718397141,0.24368338584899904,-0.08790731430053711,0.002108425833284855,0.20408189296722412,-0.0062614704092583085,-0.037776290149750355,0.020770466261577053,
0.1462575912475586,0.02353671044111252,0.32706713676452637,-0.007346690632402897,0.02461213804781437,0.18024659156799316,-0.021047060155546655,-0.03886045142590516,0.042014372669203465,
0.18442134857177736,0.041405126452445984,0.3319682598114014,0.04405231773853302,0.042455315589904785,0.15001970529556274,-0.025367030861228806,-0.03766024012843576,0.05228823166311345,
0.23340845108032227,0.06538642644882202,0.3135441303253174,0.11529187858104706,0.08053851872682571,0.09868728369474411,-0.026808296205129836,-0.03329172595257007,0.06964229208650016,
0.2524824619293213,0.07101722359657288,0.28853228092193606,0.17008642852306366,0.09445353597402573,0.055144600570201874,-0.023883540163448725,-0.02986848595796982,0.07617889610856629,
0.25659377574920655,0.07179821133613587,0.26600036621093753,0.18539959192276,0.09798222780227661,0.02418535202741623,-0.018684398036474377,-0.025565523231589237,0.08116983081800642,
0.22708630561828613,0.0492175042629242,0.1276615858078003,0.19032645225524902,0.08593142032623291,-0.02155444025993347,-0.0018393535508260254,-0.015750621034479096,0.08612207864377876,
0.20863919258117677,0.03912430107593537,0.08320899605751038,0.19651830196380615,0.0774093046784401,-0.040529463440179825,0.007725645408956974,-0.010762160046894197,0.08736569035915767,
0.18199090957641603,0.024352915585041046,0.05392569303512573,0.20177672803401947,0.07088477909564972,-0.049786392599344254,0.017438884958120557,-0.0062387015221686375,0.08735130709698424,
0.14657777547836304,0.005706855282187462,-0.019939489662647247,0.19385382533073425,0.048580802977085114,-0.07302246987819672,0.03786512584700912,-0.00401213885711388,0.08468699407812316,
0.13599623441696168,0.002026614733040333,-0.07037230134010315,0.17634354531764984,0.03213578090071678,-0.0927964448928833,0.04848876542378779,-0.005389445150448126,0.08227624675032633,
0.13578058481216432,-0.011824567615985871,-0.13235656023025513,0.14325375854969025,0.019352607429027557,-0.116831474006176,0.06782327292493465,0.0005571315231551985,0.07543190829447792,
0.12230532169342041,-0.022984111309051515,-0.15487483739852906,0.10790029913187027,0.010297860018908978,-0.11523357778787613,0.07624413760240206,0.003012278656422888,0.07063523273648763,
0.09568090438842775,-0.04427641034126282,-0.20983288288116456,0.051973916590213776,0.012628125958144665,-0.11549989134073257,0.08976538142879331,0.007714411935727489,0.05977320963416296,
0.09270417094230653,-0.04888786673545838,-0.21459338665008545,0.0050357007421553135,-0.0024187348317354918,-0.1234893724322319,0.09404614048572603,0.009922618746103624,0.05435128647777122,
0.10284451246261597,-0.054243904352188115,-0.24226524829864504,-0.04463225603103638,-0.011806377209722996,-0.13946835696697235,0.09746734186071457,0.014314383539159958,0.043171138182617676,
0.10354284048080445,-0.05240126252174378,-0.22186882495880128,-0.06001201272010803,-0.01873059757053852,-0.15990811586380005,0.09633217667654817,0.015950871825952312,0.036818051567567525,
0.10626846551895142,-0.05936808586120606,-0.21893386840820314,-0.09137073159217834,-0.06806565821170807,-0.18886998295783997,0.09055480783695537,0.019017310853096384,0.02233411683521693,
0.09662829637527466,-0.06223716735839844,-0.2405089855194092,-0.13790947198867798,-0.10688123106956482,-0.19412973523139954,0.08656449223934955,0.019700757280638973,0.01352620179713679,
0.04802157580852509,-0.0672878384590149,-0.24794495105743408,-0.22452878952026367,-0.1085457056760788,-0.17655286192893982,0.07424834059655623,0.016337268802727088,-0.007456475676510464,
0.040950119495391846,-0.0625629484653473,-0.21875422000885011,-0.26181304454803467,-0.09669464081525803,-0.18274471163749695,0.06493426071934612,0.012894370327301294,-0.018130517358407792,
0.0671455442905426,-0.053390133380889895,-0.16020519733428956,-0.2613469660282135,-0.11533676832914352,-0.20791159570217133,0.05326372815499738,0.00917400023709666,-0.02802405007161689,
0.10540763139724732,-0.01891901642084122,0.009085851907730104,-0.24689935147762299,-0.1332465261220932,-0.26883140206336975,0.025265380302537097,-0.004563203393789436,-0.04829317167348748,
0.1115835189819336,-0.0204521045088768,0.07649100422859192,-0.2565532922744751,-0.06313880532979965,-0.26823219656944275,0.012471738910874209,-0.010554298473486446,-0.06031450792074927,
-0.018218433856964113,-0.04848535358905792,0.19629623889923098,-0.23811091482639313,0.016822604462504387,-0.21909686923027039,-0.011529747787352962,-0.021970106084909756,-0.08803046357304918,
-0.052938234806060795,-0.06592571139335633,0.30454931259155277,-0.13897474110126495,0.0011099536204710603,-0.21363738179206848,-0.02379859110071044,-0.023738557123985777,-0.10092690613520566,
-0.06381505727767944,-0.048037472367286685,0.4150460243225098,-0.060211747884750366,-0.013803748413920403,-0.222226083278656,-0.034727342831150323,-0.024004495137356946,-0.1129353681170851,
-0.11131000518798828,0.03143458366394043,0.48506217002868657,0.06262656301259995,0.0021086393389850855,-0.22129397094249725,-0.04571846154071969,-0.026972905902975776,-0.13715509700393583,
-0.11277208328247071,0.034964317083358766,0.4561637401580811,0.09771370887756348,0.04964606836438179,-0.1987236887216568,-0.045486757828269164,-0.029564090260319118,-0.14826180175766798,
-0.14716873168945313,-0.06045083403587342,0.3562569379806519,0.16309431195259094,0.0978492796421051,-0.1283496469259262,-0.036558502719219364,-0.03118657200587155,-0.17033476769419775,
-0.168778133392334,-0.06986535787582397,0.2909036159515381,0.1947193592786789,0.0762111023068428,-0.08900143951177597,-0.02944474629218067,-0.028373646529607503,-0.17966794865729674,
-0.16334387063980105,-0.06510618925094605,0.20579028129577637,0.2230820208787918,0.04345421865582466,-0.08507327735424042,-0.020640016214094975,-0.024022982143564464,-0.18676108210298953,
-0.1279858708381653,-0.03632798492908478,0.08590005040168763,0.24971362948417664,0.0156907606869936,-0.072356678545475,0.00035196514688119393,-0.01722397058017193,-0.1962832837173992,
-0.12485300302505493,-0.036624595522880554,0.02566688358783722,0.232669398188591,0.03652999922633171,-0.047389548271894455,0.012566932797196928,-0.015599837951608183,-0.20049268808009935,
-0.1360573410987854,-0.04179903566837311,-0.0932039201259613,0.17860722541809082,0.034932103008031845,0.001679196022450924,0.03604435735826021,-0.006534532079010873,-0.2072507374699573,
-0.1335657835006714,-0.04384190142154694,-0.11588324308395387,0.17174959182739258,0.020417870953679085,0.019722111523151398,0.04693747271844471,-0.004315575623566887,-0.20845225211857618,
-0.13573352098464966,-0.06308279633522033,-0.13282080888748168,0.14984509348869324,-0.016932964324951172,0.05554163455963135,0.06517618064937192,-0.0012038755202781251,-0.20743049039217118,
-0.14835219383239748,-0.06460050344467164,-0.16297918558120728,0.12987138330936432,-0.03131403401494026,0.08636771887540817,0.07367722991213484,-0.001106942133784815,-0.20585779934252607,
-0.14282791614532472,-0.06256888508796692,-0.1806504726409912,0.09871239215135574,-0.024056918919086456,0.11013643443584442,0.08139089488175318,-0.002530890766294156,-0.2034022939254834,
-0.12188838720321656,-0.07677780985832215,-0.23770658969879152,0.024543356150388718,-0.019795861095190048,0.15614253282546997,0.09390387744815068,-0.007882870207841857,-0.19545209761580282,
-0.10312384366989136,-0.07998140454292298,-0.2561997652053833,-0.007880630902945995,-0.018464282155036926,0.16759413480758667,0.09777183616728621,-0.010869825437485358,-0.18974496917274553,
-0.04631996154785156,-0.06553474664688111,-0.23732993602752686,-0.06846754997968674,-0.007944794371724129,0.15381227433681488,0.09923052855358666,-0.017677520095916475,-0.17513201230054,
-0.04268381297588349,-0.06860629916191101,-0.24652886390686035,-0.10961338877677917,-0.028451135382056236,0.16646228730678558,0.0975070694467618,-0.020864853434546898,-0.16732871972845775,
-0.07554420232772828,-0.06260064244270325,-0.1985446810722351,-0.15115904808044434,-0.023657388985157013,0.17485059797763824,0.08833498343712094,-0.026842373835062383,-0.1523944118083085,
-0.04598937034606934,-0.05068216919898987,-0.17702044248580934,-0.1923714578151703,-0.01280500739812851,0.1764484941959381,0.08151299890987734,-0.030850670231633372,-0.14433174076824612,
-0.04140751659870148,-0.04118665158748627,-0.12043217420578003,-0.22879019379615784,0.006569490302354097,0.19409194588661194,0.06351802079646021,-0.03716127764342974,-0.12738457693584776,
-0.03654055297374725,-0.03232548236846924,-0.049828290939331055,-0.24317125976085663,0.02714240923523903,0.20514406263828278,0.051831162039598755,-0.03930632388877866,-0.1183464283954454,
-0.024840623140335083,-0.025617706775665286,0.0036504629999399188,-0.24889706075191498,0.03999216482043266,0.2126009166240692,0.03908765445544635,-0.0405644563771852,-0.10860156738259524,
0.03981823027133942,-0.0028105083853006366,0.13632816076278687,-0.22785808145999908,0.058900605887174606,0.19122904539108276,0.011674118548537627,-0.03953663950340263,-0.08741638918005287,
0.09057381749153137,0.009203710407018662,0.2278515100479126,-0.14869561791419983,0.023214247077703476,0.15993690490722656,-0.002286228904519702,-0.037093088738800524,-0.07682379235800778,
0.16845649480819702,0.035164919495582585,0.4144981384277344,-0.05481918901205063,0.015757394954562187,0.11765921115875244,-0.025027852847229484,-0.03150870898285391,-0.05956134512847216,
0.19909170866012574,0.04852095842361451,0.4614282131195069,0.04205329716205597,0.06049850583076477,0.08996234834194183,-0.03145457483108409,-0.030065000879162657,-0.052914976348298386,
0.2082742214202881,0.06810237765312195,0.4787575721740723,0.0897904634475708,0.11036619544029236,0.06459572911262512,-0.03421417464258388,-0.02853554664099273,-0.04777990075651515,
0.21198015213012697,0.07805922627449036,0.44719939231872563,0.15277421474456787,0.10843539983034134,0.030573852360248566,-0.03347833609228452,-0.02572606314248567,-0.043320188331036825,
0.1754406213760376,0.0455485075712204,0.4360384941101074,0.2692209482192993,0.0540403388440609,-0.0086411964148283,-0.02411465648866713,-0.01471526058641304,-0.037987829467039484,
0.12121248245239258,0.022595767676830292,0.3905336618423462,0.3393952250480652,0.027541883289813995,-0.013168570585548878,-0.01429008895276924,-0.010087662956050542,-0.037547329171587686,
0.05274026989936829,-0.004607343673706055,0.19472620487213135,0.3346681296825409,0.05297507345676422,-0.011038041673600674,0.015980333508182478,-0.00572311770749411,-0.038725155486089353,
0.046257057785987855,-0.0033702246844768526,0.09582314491271973,0.3323378562927246,0.057635605335235596,-0.022622792050242424,0.03356209339753608,-0.004061853351491513,-0.03919126892858608,
0.06574249863624573,-0.032172849774360655,0.0503463089466095,0.38387003540992737,0.022082403302192688,-0.04226360470056534,0.06752950976301525,0.0015630308395632021,-0.03968826697609905,
0.05048235654830933,-0.06543212532997132,-0.04628114700317383,0.3575713038444519,0.036263737827539444,-0.04359518736600876,0.10048716609847945,0.0022809092884021193,-0.04203099991450472,
0.03761245310306549,-0.07448982596397401,-0.12431899309158326,0.298982173204422,0.07467976957559586,-0.032808613032102585,0.11991155677984193,0.004192914693290032,-0.04385250137991427,
0.029280903935432437,-0.07525811195373536,-0.17075525522232057,0.266025573015213,0.09125794470310211,-0.022821757942438126,0.13800735355714777,0.006781137216565596,-0.04513228009100266,
0.01338212788105011,-0.08159050941467286,-0.188652241230011,0.2431223839521408,0.06622423231601715,-0.006975948810577393,0.16822263709775453,0.015029342416292134,-0.04444920932427089,
0.015785156190395357,-0.0834627389907837,-0.2104256868362427,0.1967168003320694,0.03506524860858917,-0.00025146640837192535,0.1814289603936925,0.019196276962019743,-0.04285736237933043,
0.02436695843935013,-0.07616960406303407,-0.26413271427154544,0.1286730319261551,0.03240208700299263,-0.008507266640663147,0.19373168697855125,0.02202267498489561,-0.04136656075504632,
0.03209613263607025,-0.07129914164543152,-0.30429217815399173,0.07534322142601013,0.030737610533833504,-0.020291753113269806,0.20413261500947305,0.02361913627771912,-0.040245529433542045,
0.004165015742182732,-0.07352370619773865,-0.3038637399673462,0.030602116137742996,-0.000820849381852895,-0.006443316582590342,0.21683488231341205,0.026873229759582735,-0.039075345327793484,
-0.013469506800174714,-0.08101325035095215,-0.29710681438446046,-0.004684768617153168,-0.02845114655792713,0.0036101164296269417,0.21988525227919514,0.028336886341877594,-0.03904042310755863,
-0.01833576411008835,-0.08899869322776795,-0.3104757785797119,-0.053886670619249344,-0.05514933541417122,0.0044756438583135605,0.2215622901631879,0.028673502272483057,-0.03931013207158019,
-0.010537151992321015,-0.09560201764106752,-0.36587412357330323,-0.16347575187683105,-0.041833531111478806,0.01100038830190897,0.22026303952495085,0.026000385777382694,-0.04124524483570787,
-0.005801467597484589,-0.10314196348190308,-0.3689364194869995,-0.21214501559734344,-0.046893537044525146,0.016126975417137146,0.21579733203788176,0.02366561570708065,-0.04283935409153917,
-0.011451590806245804,-0.10611528158187866,-0.3383009195327759,-0.24689927697181702,-0.05661407485604286,0.02258513867855072,0.20816753952855854,0.02157747355809673,-0.04387868404460728,
-0.016592073440551757,-0.11431347131729126,-0.3078022480010987,-0.33445069193840027,-0.07705383747816086,0.01572750136256218,0.18631161377222488,0.016561043047463735,-0.04530238386619022,
0.010156924277544022,-0.12719589471817017,-0.30296285152435304,-0.38491758704185486,-0.07179409265518188,0.014063023962080479,0.17267412887683753,0.013274478560829124,-0.046119427873548266,
0.027468883991241456,-0.11633168458938599,-0.21318316459655762,-0.43718212842941284,-0.06367145478725433,0.0009469557553529739,0.13808437886788258,0.005819407320055339,-0.04834747363044885,
0.03438656628131866,-0.11054141521453859,-0.16144868135452273,-0.469406396150589,-0.08144805580377579,-0.01862727850675583,0.11779134504103207,0.0022813166947508127,-0.04902949568388948,
0.03678299188613892,-0.0814100742340088,0.0054509881883859634,-0.4127476215362549,-0.1482934057712555,0.0076714372262358665,0.06999545129242954,-0.005652065545777077,-0.05104051530913354,
0.014918151497840882,-0.07558277249336243,0.17195967435836793,-0.37652865052223206,-0.13184837996959686,0.01699250191450119,0.046045788263869736,-0.010479350784655091,-0.05276924053964712,
0.0984746515750885,-0.0364711731672287,0.36128876209259037,-0.30475643277168274,-0.07226014882326126,0.0044756438583135605,0.003988483103480238,-0.02476711965809331,-0.05314258535908726,
0.1268646836280823,-0.012708285450935365,0.48466262817382816,-0.19283780455589294,-0.006213638465851545,0.006405149586498737,-0.014318202040063451,-0.030669561689041145,-0.05239472724707047,
0.12220954895019531,0.01735947132110596,0.5931746006011963,-0.08617819100618362,0.009698749519884586,-0.016098562628030777,-0.029906090209701974,-0.03442040737551653,-0.05191886626223274,
0.1353684186935425,0.09051409959793091,0.6491662025451661,0.055901460349559784,-0.00494863698258996,-0.06749756634235382,-0.04857948808139288,-0.035334366544354456,-0.05168840337460957,
0.11663795709609986,0.11704769134521485,0.5977936267852784,0.13832628726959229,-0.003949951380491257,-0.08287732303142548,-0.050572215424047995,-0.03527784805217178,-0.0532887479412169,
0.07410868406295777,0.11665652990341187,0.5231100559234619,0.18792766332626343,0.019286129623651505,-0.08813707530498505,-0.048037187407346534,-0.03593028002067164,-0.056441466666099026,
0.012809380888938904,0.0815981686115265,0.31697094440460205,0.22854086756706238,0.0403251014649868,-0.07455494999885559,-0.03281890174546529,-0.03704910125280379,-0.06490952333341068,
-0.015317748486995698,0.05476439595222474,0.22713160514831543,0.24445326626300812,0.029805617406964302,-0.06430177390575409,-0.02213091363923139,-0.035980184539089896,-0.06944221164152949,
-0.04306524097919465,0.015811251103878023,0.09908837080001831,0.25304198265075684,0.02907324768602848,-0.06370256841182709,0.002010963258576599,-0.03242066746377744,-0.07713928290616134,
-0.04522143602371216,0.002709049731492996,0.04005449712276459,0.24278879165649414,0.04292168468236923,-0.05398203060030937,0.014991135860702125,-0.030955324663650096,-0.08032122288000115,
-0.05263994932174683,-0.014036475121974945,-0.009665924310684205,0.22787508368492126,0.05164353922009468,-0.03813622146844864,0.028133870240775866,-0.029111909890554236,-0.08345709904645465,
-0.07888705134391785,-0.036075031757354735,-0.07741078734397888,0.2046390026807785,0.05903381109237671,-0.012769609689712524,0.05321451543958502,-0.024203830036253128,-0.08833639927761397,
-0.07551105618476868,-0.046257573366165164,-0.10509285926818848,0.17707528173923492,0.04478589817881584,0.0017446177080273628,0.06452618634554057,-0.021174564812691393,-0.08928672583468517,
-0.07436819672584534,-0.054696351289749146,-0.17121182680130007,0.14032365381717682,0.019152972847223282,0.003941725939512253,0.08471080201301853,-0.015468724963659392,-0.08888395995603812,
-0.07876062989234925,-0.06277963519096375,-0.19869062900543213,0.10803283751010895,-0.003816793207079172,0.017856743186712265,0.09319982306536702,-0.013670879428127608,-0.08830284882003217,
-0.09677073955535889,-0.07234049439430237,-0.22373168468475343,0.06941699981689453,-0.019462864845991135,0.03803018853068352,0.10053572011973619,-0.01264719403808652,-0.08780005765663369,
-0.11180493831634522,-0.09145894050598145,-0.27255795001983646,-0.009345988743007183,-0.0042828465811908245,0.07484839856624603,0.11114436062066074,-0.013716369449854115,-0.08609884377808012,
-0.10536857843399049,-0.09949418902397156,-0.29401354789733886,-0.06500605493783951,0.0051047964952886105,0.09562104940414429,0.11377069275700087,-0.015522059933751395,-0.08421660818081939,
-0.09068552255630494,-0.09838687777519227,-0.2702554941177368,-0.11747033149003983,-0.014735754579305649,0.11333106458187103,0.11159815377035069,-0.018688471238576518,-0.07689361929993616,
-0.09436928033828736,-0.09604102969169617,-0.2600147008895874,-0.1529565453529358,-0.04449664428830147,0.13343872129917145,0.10731491502453962,-0.020219914058223355,-0.0720043363724965,
-0.10173883438110352,-0.08069489598274232,-0.23416750431060793,-0.18271736800670624,-0.031713470816612244,0.1482192575931549,0.10131236944998516,-0.022516702839756722,-0.06681767666294916,
-0.09826720356941224,-0.050802725553512576,-0.19055726528167727,-0.2318526953458786,-0.014802400022745132,0.18417192995548248,0.08482307455589051,-0.03019701113081987,-0.05504906433449553,
-0.0950814723968506,-0.04992353022098542,-0.14659107923507692,-0.2708679735660553,-0.0037502816412597895,0.195024311542511,0.07405261902113026,-0.033540891196229584,-0.04750915782092267,
-0.05835903882980347,-0.048309072852134705,-0.1003735899925232,-0.2589503526687622,-0.03843795508146286,0.208939328789711,0.06138179350284332,-0.03632413633051333,-0.038574113196073435,
-0.01964237838983536,-0.034101009368896484,0.08711062669754029,-0.2138097733259201,-0.04735954478383064,0.20727485418319702,0.03169369763770789,-0.04011564098093308,-0.01863406837234641,
0.00909649133682251,-0.024396294355392457,0.14604004621505737,-0.1830502599477768,-0.029316630214452744,0.21905934810638428,0.017683424760653287,-0.04342542207702509,-0.008040685236103053,
0.020112457871437076,-0.01931496858596802,0.18531508445739747,-0.14769679307937622,-0.013337661512196064,0.23111015558242798,0.0050068837881415635,-0.046375646125657206,0.002588675945482224,
0.058023059368133546,-0.002139883860945702,0.2888213157653809,-0.08298198133707047,0.01542447879910469,0.22431908547878265,-0.016998831507921263,-0.04898435384862645,0.02509772972643126,
0.10747382640838624,0.009411239624023439,0.3107020854949951,-0.015537424944341183,0.029339494183659554,0.20507775247097015,-0.02554182378437614,-0.04844403558589946,0.037087357813636146,
0.18622953891754152,0.03547522127628327,0.3939332723617554,0.08140163868665695,0.05437321215867996,0.1764487624168396,-0.036318036049100895,-0.04442930149126836,0.05959589378665003,
0.21754217147827148,0.050725442171096806,0.3837039947509766,0.13799381256103516,0.07967323809862137,0.14602215588092804,-0.037020707475630237,-0.04137623353958248,0.06950437363436532,
0.24854860305786133,0.059787201881408694,0.3437337636947632,0.16575726866722107,0.09871484339237213,0.0982184037566185,-0.03427022245483486,-0.037651472192057715,0.07828475321623801,
0.25294415950775145,0.09065168499946595,0.2815147876739502,0.1803380697965622,0.1105659082531929,0.048417288810014725,-0.028770541827214047,-0.033193451179879346,0.08579712277295089,
0.26442828178405764,0.07897612452507019,0.1871988654136658,0.221350759267807,0.10490669310092926,-0.00477935466915369,-0.013103668901389276,-0.0226724618808144,0.09551582527913678,
0.22462382316589358,0.0655910074710846,0.15024147033691407,0.22401390969753265,0.10077878832817078,-0.03334175795316696,-0.003549095903811424,-0.01701091773275294,0.09707311646497535,
0.18236114978790285,0.033471086621284486,0.000336695765145123,0.21209627389907837,0.07780902832746506,-0.07322259992361069,0.01905177885201645,-0.006388428784988975,0.09820747802828657,
0.1613775968551636,0.029807239770889282,-0.03366349339485169,0.20823468267917633,0.043187934905290604,-0.10677842795848846,0.03229803317450734,-0.011017490893012318,0.0965178465834048,
0.12277410030364991,0.0056851435452699665,-0.09523944854736328,0.17853975296020508,0.016756171360611916,-0.12475605309009552,0.05553332080170999,-0.010427054235847931,0.09015050957941198,
0.09869257211685181,-0.0026278147473931313,-0.14641860723495484,0.12467732280492783,0.03653014451265335,-0.12841789424419403,0.06619808835040955,-0.007747653840966537,0.08492899760124296,
0.09388758540153504,-0.017174528539180757,-0.1920588254928589,0.08346489816904068,0.03253540024161339,-0.11989578604698181,0.07597280187152652,-0.005626450394611876,0.07910771540631198,
0.05253869295120239,-0.030975243449211123,-0.20079042911529543,0.058298029005527496,0.00623668497428298,-0.12235920876264572,0.08931822033116532,0.0008433977425624875,0.06751771346885305,
0.05785920023918152,-0.03313620686531067,-0.1813079595565796,0.031266942620277405,-0.013537286780774593,-0.13467632234096527,0.09306597724994897,0.0037971175246213277,0.0621342030368449,
0.05506730079650879,-0.04476956129074097,-0.2111372947692871,-0.01906680315732956,-0.032179415225982666,-0.14479634165763855,0.09816308050411957,0.007739206687086902,0.04997959279406601,
0.047445639967918396,-0.05219172835350037,-0.2094536304473877,-0.04043867066502571,-0.048424698412418365,-0.1468602865934372,0.09878397495357039,0.008987989212331793,0.042909931475480556,
0.037642675638198855,-0.05591884851455689,-0.19376000165939333,-0.05415394902229309,-0.07605499774217606,-0.15158739686012268,0.09792293430767618,0.009799951408902418,0.03543485276593701,
0.037457925081253056,-0.07454996705055238,-0.17359588146209717,-0.07745660841464996,-0.13604269921779633,-0.15012265741825104,0.09339635147171199,0.009413118504729319,0.019659416948043587,
0.0389472097158432,-0.0744868814945221,-0.17019349336624146,-0.13291694223880768,-0.1166016235947609,-0.14845818281173706,0.09033770160657838,0.007172076291008868,0.010883555822442444,
0.05502119064331055,-0.06206923723220825,-0.19392272233963015,-0.19124017655849457,-0.07965026795864105,-0.1565142571926117,0.0814800471731705,-0.0014023963974611124,-0.007421088537136614,
0.057103788852691656,-0.05798876881599427,-0.15730687379837038,-0.17133304476737976,-0.13837295770645142,-0.1812816560268402,0.07391703567448216,-0.00469054781877421,-0.016099764662456866,
0.06918095946311952,-0.037925738096237185,-0.017332059144973756,-0.15462170541286469,-0.188240647315979,-0.22415854036808014,0.055015448275305794,-0.01166085777958339,-0.034094570537945165,
0.07945131063461304,-0.02413851022720337,-0.029824456572532656,-0.22479599714279175,-0.10028976202011108,-0.20458431541919708,0.04644622233311186,-0.02201901070234491,-0.04488451395967132,
0.04534469842910767,-0.010053771734237672,-0.05880484580993653,-0.27486342191696167,-0.03564152494072914,-0.17382480204105377,0.039667059299914695,-0.030222239209919784,-0.05738960821164499,
0.02431501001119614,-0.0034070231020450594,0.0702013373374939,-0.23851127922534943,-0.059077341109514236,-0.18281297385692596,0.019374625890878298,-0.03868181146590488,-0.0792549266679369,
0.03710388541221619,-0.009421567618846894,0.20946753025054932,-0.15508775413036346,-0.08670764416456223,-0.22901880741119385,0.006508883908120442,-0.040030483120045444,-0.08820448842762245,
0.050297290086746216,-0.011691355705261232,0.28541719913482666,-0.11600586771965027,-0.058944184333086014,-0.2678343951702118,-0.004407972931261157,-0.04296153584529821,-0.09829388595682163,
0.037137177586555485,0.008106089383363725,0.3025152444839478,-0.14110581576824188,-0.00042127410415560007,-0.24632872641086578,-0.011720471487948012,-0.04744484727091919,-0.11042529161773074,
-0.13796695470809936,0.05813284516334534,0.30260620117187503,-0.06094466894865036,0.0692203938961029,-0.21596868336200714,-0.020103847137169572,-0.05422588921264604,-0.1397396685800987,
-0.13687740564346315,0.04895310699939728,0.4265621662139893,0.05863126739859581,0.027342181652784348,-0.2428000271320343,-0.025189505547628145,-0.05359420730456625,-0.15159080847288975,
