0.1606121897697449,0.036162593960762025,0.20248537063598634,-0.13032269477844238,0.057835813611745834,0.1617957204580307,0.024359327751110663,-0.018246388110249787,-0.05688850847753765,
0.22960186004638672,0.06646103262901307,0.34526824951171875,-0.07186631113290787,0.06502635031938553,0.11678829044103622,0.009711986569503941,-0.013066456340290774,-0.03951565039821677,
0.26311464309692384,0.07548146843910218,0.42951169013977053,0.03798908367753029,0.08313585072755814,0.06751980632543564,0.0048797596334709745,-0.010090869535233978,-0.03287678398771582,
0.26794278621673584,0.08542341589927674,0.5037260055541992,0.13533009588718414,0.09698387235403061,0.025579653680324554,0.0032281406879335352,-0.006559901258423223,-0.02807238651713304,
0.2406960964202881,0.06422550082206727,0.4475552082061768,0.2284075766801834,0.09711703658103943,-0.027217518538236618,0.013586101960681584,0.0027025101655184015,-0.023903928307731487,
0.1796893358230591,0.03914638459682465,0.38836412429809575,0.28766292333602905,0.0885283350944519,-0.04359595850110054,0.02389613076020778,0.007811698173130394,-0.024314869050266058,
0.13393542766571045,-0.0019901420921087268,0.3383408308029175,0.3319379687309265,0.08140438050031662,-0.04539358988404274,0.03664955309303641,0.012760843176818071,-0.02556155678812936,
0.08937330842018128,-0.07273110151290894,0.20170512199401858,0.36695852875709534,0.07188358157873154,-0.03414173796772957,0.06874108064547328,0.02188648667107643,-0.02770185199539207,
0.08168637752532959,-0.09257073998451233,0.12779439687728883,0.3642953634262085,0.0728822648525238,-0.024421196430921555,0.08696407628290827,0.025969526083931004,-0.0282237158596695,
0.05907288193702698,-0.11023941040039063,-0.00491914339363575,0.3516453504562378,0.06329488754272461,-0.017164085060358047,0.12003636817102792,0.03132395979354702,-0.02842595000769658,
0.05361992716789246,-0.11727069616317749,-0.030111515522003175,0.349381685256958,0.039859071373939514,-0.02222409099340439,0.1379955253814655,0.03486318082346069,-0.027680595282942654,
0.06938339471817016,-0.13004047870635987,-0.08234134912490845,0.3278100788593292,0.03659670054912567,-0.03567305579781532,0.1559220675492984,0.03757752537860751,-0.02684083889680772,
0.05002233982086182,-0.14805452823638918,-0.18938899040222168,0.2602323591709137,0.04132381081581116,-0.01103881374001503,0.18997620871335102,0.0424965992618775,-0.027143827098309398,
0.04170770645141602,-0.14666327238082885,-0.2292346715927124,0.21249519288539886,0.04904697835445404,0.0017443597316741943,0.2046433303875583,0.04481736103427318,-0.02671809707254964,
0.04163247048854828,-0.13843513727188111,-0.24559626579284669,0.19085700809955597,0.03280169516801834,0.012064109556376934,0.21727199587006804,0.04675442560030742,-0.02556025678138004,
0.039452350139617925,-0.14051388502120973,-0.27893302440643314,0.1314019411802292,-0.0038833499420434237,-0.0015180124901235104,0.23814154095281465,0.04918756489186646,-0.022399905744088736,
0.04333658516407013,-0.14017164707183838,-0.3244880437850952,0.06761922687292099,0.0013098142808303237,0.004474099725484848,0.2465795734457207,0.04910787822145527,-0.021869029096906446,
0.025248438119888306,-0.16017189025878908,-0.35147547721862793,-0.03983931988477707,0.015557725913822651,0.026045706123113632,0.2558298552464449,0.048891247610462304,-0.021537091330178115,
0.049584516882896425,-0.15674797296524048,-0.31962223052978517,-0.09023965150117874,-0.014136520214378834,0.01699095591902733,0.25428413171191,0.0480153016892857,-0.018906455064521707,
0.055583620071411134,-0.13803964853286743,-0.3002630949020386,-0.13038679957389832,-0.03996918350458145,0.004074625670909882,0.2504282413887536,0.04721667958796967,-0.0183189971077741,
0.06004231572151184,-0.11377264261245729,-0.2979689836502075,-0.1815194934606552,-0.0384378656744957,-0.0020506447181105614,0.24484859852944713,0.04575297053949951,-0.019039762003358225,
0.06065543293952942,-0.10571370124816895,-0.2947950124740601,-0.22559763491153717,-0.029116341844201088,-0.005451450124382973,0.23735842176826982,0.04415780005865582,-0.020427730344405703,
0.06813428997993469,-0.11998754739761353,-0.28103487491607665,-0.3014977276325226,-0.044629257172346115,-0.01410672441124916,0.21592810089503034,0.041787609378997746,-0.022962619489374468,
0.08215135335922241,-0.11332367658615113,-0.2312640428543091,-0.3292611837387085,-0.07878429442644119,-0.03947333246469498,0.20141427166547968,0.040600383181576265,-0.024575027201625077,
0.09227069020271302,-0.12220466136932373,-0.16338200569152833,-0.33312278985977173,-0.12312593311071396,-0.05471992865204811,0.1848473677757922,0.03886597411173462,-0.027233184962462315,
0.061798846721649175,-0.11167744398117066,-0.10516871213912965,-0.3947083652019501,-0.11833224445581436,-0.0372096449136734,0.14995752252067773,0.03201912307827644,-0.036916393483795204,
0.08183162808418275,-0.10553159713745118,-0.055384850502014166,-0.4249352514743805,-0.07166033983230591,-0.03947333246469498,0.13077152736242936,0.0266864262073233,-0.04197763939962292,
0.09301291704177857,-0.11614643335342408,0.15919038057327273,-0.388916015625,-0.09882458299398422,-0.04739623889327049,0.08533660720155745,0.017569971471820628,-0.0491134154247059,
0.11325956583023072,-0.1059086561203003,0.25978894233703614,-0.33259013295173645,-0.10095511376857758,-0.057449668645858765,0.06449584583693639,0.013694780967611083,-0.052276276175236724,
0.07831596732139588,-0.032750338315963745,0.45755672454833984,-0.21887314319610596,-0.06693322956562042,-0.04226965084671974,0.028604601483686567,0.004227161980852932,-0.05922308660925882,
0.0887760877609253,0.01724359542131424,0.4901477813720703,-0.16521045565605164,0.00756870349869132,-0.04360123351216316,0.015387899258734149,8.760287907209256e-05,-0.06201536108969319,
0.07791582942008973,0.08549590706825257,0.5467428207397461,-0.04157320037484169,0.03965979442000389,-0.03854122757911682,-0.002965680327145674,-0.0016956014574767923,-0.06648047225277362,
0.07692174315452577,0.11372554302215576,0.5713413715362549,0.06595193594694138,0.01948634907603264,-0.06224336102604866,-0.008129513504647,0.00018955627119998268,-0.0683961965811815,
0.08611009120941163,0.12754448652267455,0.5140101909637451,0.12374252825975418,0.003773698816075921,-0.08135154098272324,-0.008780770418074593,0.001971645788069181,-0.07063518901393404,
0.06207689642906189,0.09382736086845399,0.3325335502624512,0.16575390100479126,0.05037901550531387,-0.09227050095796585,0.001010701484482958,0.0030894349077089994,-0.07803197972347423,
0.026591563224792482,0.05414702892303467,0.2510500192642212,0.18679286539554596,0.07001983374357224,-0.07542600482702255,0.008933576115383089,0.0042685899388007695,-0.08280110124574362,
-0.03143859207630158,-0.009610427916049958,0.16662260293960574,0.23120108246803284,0.045518748462200165,-0.05085834488272667,0.02688310129591547,0.011102350171561713,-0.09076551123320245,
-0.032813000679016116,-0.027338051795959474,0.10486444234848023,0.23972320556640625,0.029273467138409615,-0.04386754706501961,0.03770574601932308,0.014466642134836708,-0.09340899822533497,
-0.05862113833427429,-0.05189560651779175,-0.015922896564006805,0.21755237877368927,0.05131112411618233,-0.012042773887515068,0.05882302274168691,0.021608484384148835,-0.09776570591035778,
-0.06582273244857788,-0.06652329564094543,-0.06759296655654908,0.18160191178321838,0.0706852599978447,0.01718953624367714,0.07048948685676192,0.02391620436669588,-0.09874994219788036,
-0.05127416849136353,-0.08099544644355774,-0.10707362890243531,0.16395847499370575,0.055105771869421005,0.03603140264749527,0.09057887547112792,0.0299838258646596,-0.0964605226354925,
-0.051878273487091064,-0.08541800975799561,-0.12079548835754395,0.15570266544818878,0.023280994966626167,0.044553518295288086,0.09930424331927584,0.0327307288117021,-0.09398501242809666,
-0.05593855381011963,-0.09172649383544923,-0.15603963136672974,0.1318008005619049,-0.000354560324922204,0.05480669066309929,0.10785709222984564,0.03425148558529892,-0.09136117860868673,
-0.09244894981384277,-0.10817567110061646,-0.23258605003356936,0.05363701656460762,0.009299399331212044,0.08989383280277252,0.12282559493453547,0.033369434805036076,-0.08625016187965319,
-0.07914352416992188,-0.11969619989395142,-0.2698103189468384,-0.010212273336946964,0.031936269253492355,0.1156599223613739,0.12796212710427812,0.03176286237261005,-0.08278078798650697,
-0.04365090727806092,-0.11901063919067384,-0.21604435443878175,-0.038641516119241714,0.01855388469994068,0.13929547369480133,0.13042111254939048,0.029642752181612494,-0.07190308214376416,
0.005161843821406365,-0.09706556200981141,-0.2053494691848755,-0.07639183104038239,-0.006879305001348257,0.12278388440608978,0.12803116852474045,0.02651877941226754,-0.05812479198145021,
-0.008057665824890137,-0.09637303948402405,-0.23069703578948975,-0.11627266556024551,-0.02032826840877533,0.1408933699131012,0.12592917140903687,0.024086283911226157,-0.051922110132562614,
-0.028265202045440675,-0.08458386659622193,-0.1861554026603699,-0.15781797468662262,-0.016999317333102226,0.1721855252981186,0.11663246228567176,0.017689398041975137,-0.03977180331217167,
-0.003745419904589653,-0.08044699430465699,-0.17205663919448855,-0.20082803070545197,-0.010807467624545097,0.17498183250427246,0.10972657141016438,0.013786276025362698,-0.03237168521653868,
0.017457801103591918,-0.08193026781082154,-0.155075478553772,-0.23518280684947968,-0.01653326489031315,0.17238526046276093,0.10134750751336527,0.010248155596201418,-0.02423753351741335,
0.022115127742290498,-0.07386378049850464,-0.021125026047229767,-0.22532911598682404,-0.04909040778875351,0.18203921616077423,0.07926145863666774,0.003927882597737564,-0.007636098778038382,
0.0289903461933136,-0.06902384161949159,0.04506809413433075,-0.21860462427139282,-0.04855777695775032,0.17305104434490204,0.06501656505339398,-0.0004660572902680013,0.0004741769904745594,
0.055912899971008304,-0.06049895882606507,0.1561634182929993,-0.17492878437042236,-0.06473647803068161,0.17924289405345917,0.042261732399639484,-0.008422432470388616,0.017378339934893145,
0.06002051234245301,-0.06469975709915161,0.22093846797943117,-0.1257268786430359,-0.06247279420495033,0.19295817613601685,0.032048131005137884,-0.012262873588786258,0.02588795080581363,
0.07239038348197938,-0.052910029888153076,0.25799615383148194,-0.0945013239979744,-0.02671985514461994,0.20014871656894684,0.02353389625905017,-0.016485477235847805,0.0349161444577745,
0.14908015727996826,-0.02010871320962906,0.31879630088806155,-0.038241904228925705,0.021882813423871994,0.194556325674057,0.011300535887447083,-0.021913362443997858,0.054699262373973316,
0.19215105772018434,0.005144818127155304,0.35148601531982426,0.01582026481628418,0.055638380348682404,0.1759141981601715,0.007376642545810432,-0.02188964488593123,0.06485203033417099,
0.23767139911651614,0.029703593254089358,0.35727617740631107,0.07407691329717636,0.07814209163188934,0.14249151945114136,0.00560570963494826,-0.020473331564101603,0.0746483712218551,
0.28665072917938234,0.07046287655830384,0.3310014963150025,0.14398489892482758,0.10290949046611786,0.07065275311470032,0.009511618330956784,-0.01389559822792262,0.09081917228808152,
0.2888505935668945,0.07116606235504151,0.27813348770141605,0.175410196185112,0.10590554773807526,0.036031659692525864,0.015342992578000775,-0.009247663343313504,0.09628479072894224,
0.2803165435791016,0.051231735944747926,0.21407618522644045,0.22614341974258423,0.10783633589744568,-0.022291570901870728,0.031669589688736295,0.0010509731414173054,0.10237174625802013,
0.2783571720123291,0.03377273976802826,0.16688446998596193,0.24511843919754028,0.11176449805498123,-0.057711612433195114,0.042196104588152684,0.006420042938248463,0.10377964099758978,
0.2547637701034546,0.0009631622582674027,0.03796233832836152,0.24079079926013947,0.10896818339824677,-0.09859113395214081,0.066283604042794,0.018289188279200903,0.10261888249839189,
0.23114516735076907,-0.023428754508495332,-0.018074272572994234,0.23399974405765533,0.07514603435993195,-0.1202293187379837,0.07833836575641949,0.022763408524556075,0.10020911759394749,
0.1800084948539734,-0.047548633813858036,-0.06742890477180481,0.22554419934749603,0.0417899414896965,-0.13088196516036987,0.08938675667417126,0.02175216360917959,0.09646943399306318,
0.1367737054824829,-0.09304501414299012,-0.16458505392074585,0.19318680465221405,0.009033060632646084,-0.1316143274307251,0.11185009379862686,0.031350258972171696,0.08679803814066366,
0.12911925315856934,-0.10365815162658693,-0.21105656623840333,0.1489783227443695,0.006503057200461626,-0.13274617493152618,0.12185505887386469,0.03462929344306161,0.08088255951707879,
0.11393628120422364,-0.11068493127822876,-0.25166428089141846,0.0935845673084259,-0.0057474845089018345,-0.12162747979164124,0.1303702166244441,0.03758036053331786,0.07478120855892433,
0.08660398721694947,-0.1133545994758606,-0.2809296607971192,0.015553947538137436,-0.025055402889847755,-0.1226261630654335,0.14076551952952246,0.0429794454149398,0.06296808111314797,
0.10718563795089722,-0.10498728752136231,-0.2562947988510132,-0.017469249665737152,-0.03457620367407799,-0.13434407114982605,0.14236647872473868,0.04465080817191644,0.05722423438120683,
0.07684184312820436,-0.09646705985069276,-0.2308517932891846,-0.06274298578500748,-0.03604094311594963,-0.13381144404411316,0.1400633419077212,0.047486187991436314,0.04383732292298446,
0.05900679230690003,-0.0896902620792389,-0.2215205430984497,-0.09683144837617874,-0.0520864874124527,-0.12342511117458344,0.13672667500907582,0.04875646681500382,0.03671228568211231,
0.04844930171966553,-0.0832158386707306,-0.21117999553680422,-0.12765754759311676,-0.06746624410152435,-0.13134801387786865,0.13198590911409855,0.049665882261194276,0.029751755931620102,
0.07034892439842225,-0.08553391695022583,-0.20392408370971682,-0.15069621801376343,-0.08237956464290619,-0.14453504979610443,0.12584340021678056,0.049641385023323305,0.02281377131678326,
0.05289584398269653,-0.09069477915763856,-0.16381115913391114,-0.19197522103786469,-0.12265987694263458,-0.15618637204170227,0.10915563671964196,0.04749272794886149,0.006762615524965002,
0.02549235224723816,-0.08572164177894592,-0.11401654481887818,-0.21021787822246552,-0.1317146271467209,-0.14686530828475952,0.09857924182717852,0.04463554803788441,-0.002615417077935847,
0.0800781786441803,-0.08718297481536866,-0.0568048357963562,-0.23252184689044952,-0.07911719381809235,-0.1636432260274887,0.0752561384581294,0.03613945617195486,-0.02109896284221138,
0.06890013813972473,-0.07614861130714418,-0.012488510459661484,-0.25675663352012634,-0.06913033872842789,-0.17402955889701843,0.06233902467974832,0.03294699110751408,-0.03019293244058727,
0.05463896989822388,-0.04935064017772675,0.014357034862041474,-0.25435978174209595,-0.08058193325996399,-0.20319117605686188,0.04528956119723101,0.0271800910032062,-0.03966041094277328,
0.06830019354820252,-0.039721935987472534,0.09211742877960205,-0.20615655183792114,-0.10634801536798477,-0.2172393500804901,0.03116368879274843,0.02451493190662461,-0.04917241519439826,
0.03261772096157074,-0.027114638686180116,0.18054399490356446,-0.19357311725616455,-0.0697961300611496,-0.21304486691951752,0.005878720543964005,0.01641110541311701,-0.07096014837937822,
0.0023030167445540427,-0.001727367751300335,0.17408611774444582,-0.17007072269916534,-0.018796591088175774,-0.19333747029304504,-0.004433356109152854,0.011752076691276946,-0.08194208978085082,
0.004524395987391472,0.024859565496444705,0.24805769920349122,-0.12905803322792053,-0.04189951717853546,-0.2027251124382019,-0.023435305970536287,0.00789540320583516,-0.10287407773627391,
0.013509400188922882,0.04823025465011597,0.28625309467315674,-0.1024264320731163,0.03899400308728218,-0.20924986898899078,-0.030894147354378905,0.00515064275242942,-0.11351894358490956,
0.018884383141994476,0.06846169829368591,0.312399959564209,-0.0650755912065506,0.15577362477779388,-0.2219664603471756,-0.03695605357339678,0.002581704781840874,-0.12467677871462345,
-0.024075436592102054,0.02965890169143677,0.4445065498352051,0.07560589164495468,0.11396198719739914,-0.22729277610778809,-0.04583560496440169,0.009523676785570973,-0.14876258707485662,
-0.0812093198299408,-0.04018805921077728,0.3883969783782959,0.13878938555717468,0.051710598170757294,-0.1997290551662445,-0.04540996075154252,0.015650976437675167,-0.16145325230986435,
-0.13296806812286377,-0.07642191648483276,0.29504730701446535,0.15723177790641785,0.07061903923749924,-0.1436695158481598,-0.04126114556760068,0.018855369784256153,-0.17333946169450445,
-0.22121796607971192,-0.0942610502243042,0.14413805007934571,0.17281126976013184,0.07780957967042923,-0.041204389184713364,-0.027398034994329665,0.023122105160786093,-0.1914959793821283,
-0.20222711563110352,-0.08597654700279236,0.12431930303573609,0.20556816458702087,0.028873993083834648,0.0007403995841741562,-0.019554947082117868,0.027031975114433268,-0.19600158694780584,
-0.15759347677230837,-0.07128213047981262,0.09025802612304688,0.22454318404197693,-0.01786448433995247,0.0062664588913321495,-0.01045568328316419,0.030453496642710028,-0.19767042155813855,
-0.10269780158996583,-0.036505216360092164,0.0028228895738720895,0.22787213325500488,-0.024389229714870453,0.02038121223449707,0.011289050619740443,0.031436145248230164,-0.19736189818102925,
-0.10710891485214234,-0.039064338803291326,-0.04919171035289765,0.20556911826133728,-0.021260173991322517,0.04202119633555412,0.0212473887195986,0.03589000101848584,-0.19694104342187327,
-0.08269374370574951,-0.05637391209602356,-0.11871212720870972,0.1840640902519226,-0.03138018399477005,0.06059674546122551,0.043457662578197304,0.03321676653315643,-0.19380371283364745,
-0.08301392197608948,-0.06642600893974304,-0.13994064331054687,0.15803168714046478,-0.04755888879299164,0.07770755887031555,0.053369416631913365,0.03158540340476846,-0.19123958888090625,
-0.08188019394874574,-0.0740268051624298,-0.1817834258079529,0.12174612283706665,-0.035508085042238235,0.09568389505147934,0.06275638592960239,0.02910788889749031,-0.18830534416015396,
-0.06775937080383301,-0.08599213957786561,-0.2372232437133789,0.061958152800798416,-0.006612786557525396,0.12744209170341492,0.07770938827885043,0.022978690185158628,-0.18064959974287018,
-0.04575646817684174,-0.08572933077812195,-0.24945387840270997,0.0032354509457945824,-0.005547522101551294,0.13416656851768494,0.08256038652410486,0.020620872566698818,-0.17525616654048082,
-0.028364822268486023,-0.07303265929222107,-0.2533447742462158,-0.04616618901491165,-0.01713227480649948,0.13969263434410095,0.08629082462245016,0.01651964014003524,-0.16246199850271706,
-0.04504780173301697,-0.0745233952999115,-0.24345810413360597,-0.0825849175453186,-0.019129645079374313,0.1549392193555832,0.0852352731591447,0.014191612774823397,-0.15606708683137632,
-0.04516275227069855,-0.07797011137008668,-0.23657488822937012,-0.111480213701725,-0.0058138384483754635,0.16059844195842743,0.08274448753664414,0.011376138146983754,-0.14929878635630975,
-0.035314565896987914,-0.0678728997707367,-0.2030040502548218,-0.17333213984966278,-0.009142789989709854,0.18243636190891266,0.07335841222609905,0.0062068754367588155,-0.13406360041740908,
-0.04563108682632447,-0.07609934210777283,-0.1788187026977539,-0.19423796236515045,-0.05654706060886383,0.1982821673154831,0.06636190670508367,0.004514557339595038,-0.1257630818370854,
0.019838456809520722,-0.053194427490234376,-0.03313075602054596,-0.19716742634773254,-0.06400390714406967,0.18077188730239868,0.04778419998448053,-0.002163058108063931,-0.10733445320541088,
0.044880959391593936,-0.03709782063961029,0.02816501557826996,-0.18558268249034882,-0.06646733731031418,0.16978634893894196,0.037100600717453136,-0.007337777289322099,-0.09795991012569713,
0.049960231781005865,0.006456887722015381,0.15234214067459106,-0.16820555925369263,-0.05008889362215996,0.17398083209991455,0.0169742511567919,-0.01532364830961149,-0.08084825336001905,
0.1128747820854187,0.03801969587802887,0.23198840618133545,-0.12459628283977509,-0.020527804270386696,0.14581790566444397,0.007332299596044214,-0.01905798584031852,-0.0719114655960361,
0.1380046248435974,0.05857086777687073,0.31726031303405766,-0.09203913807868958,-0.005680680274963379,0.13303472101688385,-0.0013853012965721404,-0.021272034567496968,-0.06387166158853694,
0.21790237426757814,0.09605429768562318,0.45322790145874026,0.011025196872651577,0.024080144241452217,0.09029099345207214,-0.013524826122177704,-0.02235060884331248,-0.05074271757559919,
0.27691588401794437,0.1152617335319519,0.5394625186920167,0.10843018442392349,0.06229652836918831,0.030569348484277725,-0.016692598045778523,-0.021748624632456748,-0.04521388493357653,
0.22326583862304689,0.07698679566383362,0.47656183242797856,0.19584843516349792,0.0917244628071785,0.009730112738907337,-0.010364191143120816,-0.01680079238039101,-0.0405770511665927,
0.1981255888938904,0.05104252099990845,0.3888551235198975,0.23712743818759918,0.09938104450702667,-0.01137543935328722,-0.001751130594542594,-0.012618660204856242,-0.03994595070291172,
0.1891916632652283,0.02045758664608002,0.33697509765625,0.28320011496543884,0.08127155154943466,-0.029418356716632843,0.008619381221098225,-0.00774427858354003,-0.03955881946092643,
0.10690567493438721,-0.019204415380954742,0.20313038825988772,0.3077012002468109,0.07740996778011322,-0.028153356164693832,0.03493663550669704,0.001712197971235705,-0.04101198901065675,
0.0912114679813385,-0.024452811479568484,0.12545969486236572,0.3120288550853729,0.09585236012935638,-0.04113626480102539,0.05039245109792132,0.005517126938214182,-0.0420778152694258,
0.05670173764228821,-0.06265984773635865,0.027243879437446595,0.3204177916049957,0.06855496019124985,-0.0424012690782547,0.08130920423865395,0.01421606814568198,-0.043758140106773015,
0.027106520533561707,-0.07193932533264161,-0.017953480780124664,0.3179543912410736,0.05976652726531029,-0.03847310319542885,0.09354966597149927,0.016370003371173402,-0.04518053155235009,
0.014146402478218079,-0.08492828607559205,-0.06912797093391419,0.2986464500427246,0.03626412898302078,-0.023958876729011536,0.10978973327900528,0.020252442675488813,-0.04622410387264435,
-0.007229740172624588,-0.09651365280151368,-0.17386766672134402,0.25130876898765564,0.03380070626735687,-0.004118325654417276,0.14126698070163723,0.02610614906050741,-0.04729970266980956,
0.006005363911390305,-0.10197190046310425,-0.20614235401153566,0.2112947702407837,0.03053833171725273,-0.01164175570011139,0.15526413810516562,0.027739863274491298,-0.04708482041901121,
0.01776493787765503,-0.11295213699340821,-0.28423917293548584,0.15889707207679749,0.002841457724571228,-0.029618091881275177,0.1790161924567485,0.03095272673944244,-0.04610981786288535,
-0.020024196803569795,-0.1260319471359253,-0.2816411733627319,0.11761809140443802,-0.026053842157125473,0.006800634786486626,0.18810701511441458,0.032531478180457964,-0.04662132974655427,
-0.053288936614990234,-0.1320657253265381,-0.29950842857360843,0.06974776834249496,-0.014402510598301888,0.03336566686630249,0.19582001030097643,0.03315650385137392,-0.04778477240689575,
-0.007888574898242951,-0.13556238412857055,-0.3327765226364136,-0.0012254818575456738,0.0016430350951850414,0.04042304307222366,0.20601182125054318,0.030566582693503028,-0.04775676956917647,
0.02780439853668213,-0.13450241088867188,-0.32634954452514653,-0.03078657016158104,-0.019329359754920006,0.02883829176425934,0.2078768360940251,0.02924513305023097,-0.04593884862291889,
0.019016544520854953,-0.11451538801193238,-0.3313399076461792,-0.08837742358446121,-0.018730148673057556,0.04035646468400955,0.20653194872322375,0.026474241121559005,-0.04362114177008781,
0.012843073904514314,-0.09489587545394898,-0.33096766471862793,-0.14210671186447144,-0.00035433570155873895,0.04894515872001648,0.2035314613424188,0.024499773233208115,-0.043097311502930565,
0.02077169418334961,-0.08423744440078736,-0.3336343050003052,-0.18152031302452087,-0.01107375044375658,0.029506271705031395,0.19858672057645604,0.02262936181684585,-0.041770049147896775,
0.06933089494705201,-0.0975378155708313,-0.30274457931518556,-0.23631486296653748,-0.03324456512928009,-0.0031840312294662,0.18266816608614533,0.01985380333271159,-0.03860254978225315,
0.06006134152412415,-0.10180038213729858,-0.27155399322509766,-0.265409916639328,-0.03910352289676666,-0.004515612032264471,0.17201168649322957,0.018493751121013667,-0.03882655293343262,
0.03166821599006653,-0.10638622045516968,-0.2290386199951172,-0.310017853975296,-0.03950299695134163,0.01292809285223484,0.15981175039463288,0.017118885671984316,-0.039821157446163685,
0.055585783720016484,-0.10809049606323243,-0.16694310903549195,-0.3676087260246277,-0.024722451344132423,0.008999930694699287,0.13099448290499754,0.013487903991167473,-0.04131704543532422,
0.06596572399139404,-0.09419221878051759,-0.03360831439495087,-0.3363165855407715,-0.06839829683303833,-0.012638254091143608,0.11292079485216529,0.01177478619813042,-0.04089365617752326,
0.07000297904014588,-0.07547568082809449,0.12957912683486938,-0.3039591610431671,-0.09003648161888123,-0.02515511028468609,0.07317488247488958,0.005136420044766939,-0.0423006401547964,
0.08715468049049378,-0.047100532054901126,0.1816984534263611,-0.2745312452316284,-0.042299315333366394,-0.03667328506708145,0.05686396479399538,0.0004031883292787319,-0.04424432540826094,
0.05704917907714844,0.005312417075037957,0.24617321491241456,-0.2509622573852539,-0.035441674292087555,-0.03980249911546707,0.027344045934318616,-0.005947082593019044,-0.048357176845155045,
0.0815887451171875,0.020246878266334534,0.30832269191741946,-0.17879058420658112,-0.056680385023355484,-0.048258036375045776,0.013795801103155059,-0.007674548583800609,-0.05021343944364097,
0.06749309897422791,0.0442134290933609,0.37238233089447026,-0.11207839101552963,-0.08471015840768814,-0.04326460510492325,0.0015992626897868673,-0.009568479339581144,-0.052414724691416205,
0.06577863097190857,0.09815071821212769,0.359531307220459,-0.06008017435669899,-0.044296685606241226,-0.035674598067998886,-0.01366978326323969,-0.016690701251058614,-0.05694309575287962,
0.07449866533279419,0.11384537220001222,0.34407093524932864,-0.03677751496434212,-0.014669017866253853,-0.030414853245019913,-0.01785697520611372,-0.020696111928662494,-0.05885094909213465,
0.08817887902259827,0.11972082853317262,0.34685556888580327,0.03306388854980469,-0.0064797974191606045,-0.05478277802467346,-0.022811491621967443,-0.024260109470021142,-0.06271997552970064,
0.0982142448425293,0.10551517009735108,0.3477954387664795,0.0848623737692833,-0.010607697069644928,-0.06443674117326736,-0.023049510230668948,-0.024824091847607473,-0.06519713108096323,
0.0400288850069046,0.06466383934020996,0.3146180391311646,0.13519611954689026,0.03180314227938652,-0.053051725029945374,-0.0171118413852755,-0.026101319226803827,-0.07252321413165533,
0.005132919177412987,0.04978247880935669,0.25642855167388917,0.16176114976406097,0.049712903797626495,-0.03081432916224003,-0.010992682384236672,-0.02606235119632026,-0.07643549551772222,
-0.03231185376644135,0.021383167803287507,0.18624329566955566,0.20983120799064636,0.021083921194076538,-0.017298784106969833,0.004286381921815648,-0.021951922098708648,-0.08145775180875564,
-0.026636776328086854,0.00836188942193985,0.14044045209884645,0.2209514081478119,0.012162083759903908,-0.025019124150276184,0.013773420484625194,-0.01980842001739442,-0.08251117321264864,
-0.023198069632053377,-0.014425003528594972,0.03293392062187195,0.21129745244979858,0.027541838586330414,-0.023021752014756203,0.03577897578454441,-0.01798308932947289,-0.08445963171107754,
-0.031440913677215576,-0.031432411074638365,-0.007364840805530549,0.20390717685222626,0.04305475577712059,-0.01663016527891159,0.04688458276239566,-0.01688040805260349,-0.08559374359268412,
-0.04049725830554962,-0.044175490736961365,-0.04050178527832032,0.20517218112945557,0.031203685328364372,-0.006310415454208851,0.057575186612467084,-0.015100630595050188,-0.08638348389573042,
-0.0598716676235199,-0.06901039481163025,-0.12054287195205689,0.1849321573972702,-0.005148463882505894,0.008536708541214466,0.07840399131007932,-0.011002694149634454,-0.08678089929258109,
-0.05110845565795899,-0.0731784999370575,-0.17806358337402345,0.13899263739585876,0.001908913254737854,0.010467500425875187,0.0886759210636495,-0.010464177088133941,-0.08651790248603668,
-0.053917801380157476,-0.08190882802009583,-0.2788808107376099,0.04737989604473114,0.03419974446296692,0.029309362173080444,0.10551240213148964,-0.010934068034609055,-0.0856552260969354,
-0.07959312796592713,-0.08418002724647522,-0.29054367542266846,0.00017536283121444285,0.045185282826423645,0.05607413128018379,0.11043536019475059,-0.010236818653733918,-0.08467123093331123,
-0.07530986666679383,-0.09394138455390931,-0.2802942991256714,-0.05082417279481888,0.024346044287085533,0.07444994896650314,0.11298563519885903,-0.007928627676908055,-0.07930758091054774,
-0.06545639634132386,-0.094400292634964,-0.2929299831390381,-0.10495292395353317,0.01043102890253067,0.08729970455169678,0.11176331348669205,-0.007270289185901395,-0.0754491457001708,
-0.06138409972190857,-0.08869647979736328,-0.2920362949371338,-0.13631165027618408,0.007967605255544186,0.10101497918367386,0.10877897795383676,-0.007511225608418533,-0.07144180415232392,
-0.04816299974918366,-0.06673617959022522,-0.23621020317077637,-0.1918385624885559,-0.002884776797145605,0.10674078017473221,0.0970605852867727,-0.009523761513600671,-0.0623106015937873,
-0.032537803053855896,-0.06379597187042237,-0.19210432767868044,-0.20428884029388428,-0.021793222054839134,0.10281261801719666,0.08861425660307896,-0.010943378897219682,-0.05713151952899086,
-0.046035826206207275,-0.061918610334396364,-0.06511113047599792,-0.20029409229755402,-0.07352513074874878,0.12465053796768188,0.06803652877075808,-0.014619412570088744,-0.047032620328345744,
-0.05148664116859436,-0.05515040755271912,-0.014477705955505371,-0.19390250742435455,-0.06486985832452774,0.14196108281612396,0.057263895098745625,-0.017770259210152756,-0.04213997717810408,
-0.024123023450374606,-0.03362900614738464,0.10831325054168701,-0.16367563605308533,-0.04909062013030052,0.17059007287025452,0.034646517944108446,-0.025267121572494878,-0.02975878778407714,
-0.02171931117773056,-0.03544580638408661,0.14740633964538574,-0.1370440274477005,-0.03903718665242195,0.1890324503183365,0.024822372224122927,-0.028631853456695326,-0.022305488307368098,
0.03442310392856598,-0.007212162017822266,0.22931456565856934,-0.09709646552801132,-0.031713515520095825,0.18936561048030853,0.0074070780415462865,-0.03417663095543373,-0.004189992031308125,
0.040495488047599795,-0.0029123863205313683,0.2427705764770508,-0.06527169048786163,-0.014203233644366264,0.19795429706573486,0.0005963192210391653,-0.03592668076394376,0.005381678442078039,
0.07437360286712646,0.016249486804008485,0.2645979166030884,-0.02605663798749447,0.027808131650090218,0.19868667423725128,-0.0050120295736906855,-0.03736958564763792,0.015244713306154426,
0.14669002294540406,0.04374722838401795,0.2733006000518799,0.019150523468852043,0.061563700437545776,0.1771150678396225,-0.012038673572702675,-0.03601856479647424,0.03556892645684471,
0.19388320446014407,0.06181476712226868,0.268198299407959,0.056767676025629044,0.0840008333325386,0.13723422586917877,-0.013187423532605892,-0.033214589878670306,0.04533560620578933,
0.21781909465789795,0.07524073123931885,0.25974810123443604,0.09465114027261734,0.09911426901817322,0.1055426076054573,-0.012711308436644362,-0.02949010869197666,0.053846340410534946,
0.24412574768066408,0.07922513484954835,0.23620965480804446,0.14585041999816895,0.09638453274965286,0.05580807477235794,-0.006656084499331567,-0.019971485001842603,0.0665567339433877,
0.24414112567901614,0.07185610532760621,0.19152035713195803,0.1660238653421402,0.09405426681041718,0.01412960421293974,-0.0006498767221688776,-0.01482225893660261,0.07056623705943277,
0.23063578605651858,0.06122344136238098,0.13343411684036255,0.172615185379982,0.09212347120046616,-0.008041213266551495,0.006904064336890961,-0.010000179864931081,0.07300215078382562,
0.19155590534210207,0.029177901148796082,0.04457217156887055,0.17161650955677032,0.0857984647154808,-0.036670196801424026,0.023955150031647696,-0.0005792164332213927,0.0746491488349076,
0.18267722129821778,0.015016648173332215,0.013319467008113862,0.18007203936576843,0.06702318042516708,-0.05444679781794548,0.03270642484810714,0.004073521736112036,0.07408979698897883,
0.14612890481948854,-0.004198184609413147,-0.036539888381958006,0.17534492909908295,0.0484476312994957,-0.07608497887849808,0.05070193312870447,-0.0008583751080970747,0.06942050689963047,
0.1376185417175293,-0.0026617225259542468,-0.07503262162208557,0.16795465350151062,0.027075763791799545,-0.08727025985717773,0.05983310970136963,0.0022426617666005816,0.06675334271943324,
0.12743476629257203,-0.01552441567182541,-0.14409464597702026,0.12188196182250977,0.019685490056872368,-0.1063118577003479,0.0773276039045696,0.008082107119447655,0.059698352119569066,
0.11895052194595337,-0.023017218708992006,-0.1860147476196289,0.07261347770690918,0.016223382204771042,-0.1105063408613205,0.08500973603549689,0.010274100461342995,0.055212185415154616,
0.09914807081222535,-0.037895587086677555,-0.21761698722839357,0.021281052380800247,0.0005773102166131139,-0.11669819056987762,0.09507405939869769,0.015197630447817122,0.045215224336136436,
0.10238404273986818,-0.043050560355186465,-0.21964113712310793,-0.014871359802782536,-0.0028847993817180395,-0.13034687936306,0.09735546587422193,0.017232940025064213,0.039916281577156654,
0.09897729754447937,-0.04790994822978974,-0.21692187786102296,-0.050890613347291946,-0.036107733845710754,-0.1460595428943634,0.09733190341808053,0.020925733866033178,0.028134338174327037,
0.0762624442577362,-0.0526959240436554,-0.21524415016174317,-0.07912218570709229,-0.07259270548820496,-0.14632971584796906,0.09531668908862054,0.022322700536392064,0.021095593598418342,
0.058953589200973516,-0.07810039520263673,-0.19969552755355835,-0.1237301379442215,-0.09289930760860443,-0.14612998068332672,0.08796350381262542,0.0216502719775366,0.005247882250966364,
0.05457301735877991,-0.076044899225235,-0.19385472536087037,-0.17100125551223755,-0.08158086985349655,-0.14333365857601166,0.08251288365749508,0.01939499474109893,-0.003140361571769527,
0.04954482913017273,-0.07270495891571045,-0.17795002460479736,-0.19137443602085114,-0.08750640600919724,-0.15072393417358398,0.07554519984271048,0.01670219967623406,-0.011489841540130009,
0.061565315723419195,-0.0575966477394104,-0.055698084831237796,-0.17659388482570648,-0.14050331711769104,-0.1694326400756836,0.05679860318028178,0.011465352290192542,-0.027833741764785064,
0.05104683637619019,-0.028209489583969117,-0.012743347883224489,-0.21148130297660828,-0.11120853573083878,-0.1838802844285965,0.04696072952089582,0.00700584328404595,-0.03678428230544305,
0.03783496320247651,-0.013360351324081421,0.030589935183525086,-0.2321207970380783,-0.05707979202270508,-0.18780845403671265,0.027236601475782763,-0.005180327833401917,-0.0561271534128869,
0.021008528769016266,-0.016701868176460268,0.1112115740776062,-0.18524916470050812,-0.069862961769104,-0.1936008185148239,0.015793759266457482,-0.00866843605698564,-0.06585499926002633,
0.0014113096520304682,0.001976374723017216,0.24985280036926272,-0.12326408177614212,-0.08218008279800415,-0.21011242270469666,-0.00528094788891287,-0.014609997907546792,-0.08537687379020938,
0.014857837557792665,0.019727852940559388,0.26577038764953614,-0.08125271648168564,-0.0427653007209301,-0.22589164972305298,-0.012562147857828164,-0.019000574654484303,-0.09601584339971463,
-0.0012127314694225788,0.042986252903938295,0.30923330783843994,-0.05495399981737137,0.052043236792087555,-0.21111111342906952,-0.021618899575521624,-0.02709042957446693,-0.11966868248223324,
-0.033958053588867186,0.0233339861035347,0.3172670602798462,0.002636859193444252,0.08346854150295258,-0.18607740104198456,-0.024055047894950818,-0.028078865049577906,-0.1321324725013888,
-0.07402172684669495,-0.0005052745342254639,0.35414125919342043,0.06855009496212006,0.0800064280629158,-0.1700318455696106,-0.025709082205231697,-0.02617852448650035,-0.144096081274849,
-0.09154997467994691,-0.027555570006370544,0.29112136363983154,0.1224125325679779,0.07208352535963058,-0.1562499850988388,-0.022027179195210495,-0.019342451172629116,-0.16414814289991086,
-0.10719810724258423,-0.03585752844810486,0.23020217418670655,0.1518404632806778,0.07554563879966736,-0.12622284889221191,-0.01661214960753145,-0.016031943255949217,-0.17320446858394556,
-0.13875514268875122,-0.03744030296802521,0.17904925346374512,0.17334549129009247,0.07747642695903778,-0.09339939057826996,-0.009785363840221691,-0.012706328012856526,-0.18116870802550306,
-0.16259909868240358,-0.045639851689338685,0.1002665400505066,0.20097579061985016,0.05543876811861992,-0.05218696966767311,0.006675880990580023,-0.005077026987894295,-0.19309857620084858,
-0.15668376684188845,-0.057555544376373294,0.056021887063980105,0.20437242090702057,0.046184103935956955,-0.03846963122487068,0.016248805462628607,-0.0013123633180446282,-0.19689828296211065,
-0.1313153386116028,-0.07196770310401916,-0.01187187284231186,0.21222874522209167,0.024812234565615654,-0.009441173635423183,0.03409477305528039,0.009603047335865105,-0.2011328022374216,
