0.32876148223876955,0.06283255815505982,0.38988039493560794,0.23489582538604736,-0.014074848964810371,0.03129509091377258,0.05296878590615602,0.0450883343821869,0.2571751277590345,
0.37718536853790285,-0.014564883708953858,0.28591465950012207,0.28289932012557983,-0.04277041181921959,-0.03455156460404396,0.0722342800371574,0.04357042624160436,0.2649748360058936,
0.33839757442474366,-0.060328060388565065,0.18498128652572632,0.2815677523612976,-0.0662728026509285,-0.04839999973773956,0.08531724322053653,0.04227667508684015,0.2651040792951089,
0.24463722705841065,-0.10957809686660767,0.07860010862350464,0.30227380990982056,-0.08791098743677139,-0.08002503961324692,0.11327358584978653,0.03870709877184903,0.26008457999892715,
0.23443117141723635,-0.14464434385299682,0.029204252362251285,0.29148802161216736,-0.0915728360414505,-0.1021958589553833,0.12681993263504962,0.03527692638541234,0.25589759542246626,
0.18387343883514407,-0.16942915916442872,-0.06566235423088074,0.24727952480316162,-0.09290441870689392,-0.11031850427389145,0.13418513036710122,0.021396606817408317,0.24947002141919372,
0.12994240522384645,-0.20899240970611574,-0.24288640022277833,0.15220467746257782,-0.0994291603565216,-0.11511219292879105,0.16250978827471688,0.017753058563308822,0.23604459254770077,
0.11453509330749512,-0.2093209266662598,-0.26066269874572756,0.10932779312133789,-0.09683258086442947,-0.12722957134246826,0.17321157046851265,0.016527408198885582,0.22874300422301386,
0.11059285402297975,-0.21253843307495118,-0.25523459911346436,0.07364143431186676,-0.08684572577476501,-0.14227642118930817,0.1811899998690292,0.01537214912726423,0.22112455123440594,
0.10041602849960328,-0.23580076694488528,-0.28941733837127687,-0.027492115274071693,-0.07126623392105103,-0.16205039620399475,0.1915360257481052,0.01443402765898268,0.2048624909103037,
0.0832398533821106,-0.22111384868621828,-0.2995579242706299,-0.09027613699436188,-0.07805729657411575,-0.17363515496253967,0.1935840810548028,0.015319735794178864,0.19624848835088202,
0.08308768272399902,-0.2181506633758545,-0.2706039905548096,-0.13242067396640778,-0.07845676690340042,-0.17097198963165283,0.19282860507601832,0.0168993484234957,0.18757051250416718,
0.005016314610838891,-0.14830888509750367,-0.13745394945144654,-0.13302063941955566,-0.06980137526988983,-0.1683102399110794,0.18280351016204904,0.020105469623506976,0.16864819304792258,
0.011432169377803803,-0.11777671575546265,-0.055546075105667114,-0.09966453909873962,-0.026724740862846375,-0.2068594992160797,0.17506308142577534,0.02126277184345665,0.15931298341255912,
0.04863966405391693,-0.11199222803115845,-0.019044494628906252,-0.10812007635831833,-0.004420766141265631,-0.2357548028230667,0.16754365052272524,0.02255761311552403,0.15011382504970106,
0.05759871602058411,-0.10758842229843141,-0.09040904641151429,-0.1771625429391861,-0.032983168959617615,-0.23242585361003876,0.15525759059757174,0.03055513746241612,0.13009393141078743,
0.039111748337745667,-0.09719138741493226,-0.08230241537094117,-0.17922648787498474,-0.04157186299562454,-0.22257214784622192,0.1477294250971348,0.03583599078383018,0.11899104677307518,
0.040935903787612915,-0.028083914518356325,0.033472809195518496,-0.17010515928268433,-0.02026657573878765,-0.253797709941864,0.1265690923219749,0.04228870321184491,0.09596167947777541,
0.09354501366615296,-0.028977569937705994,0.056593680381774904,-0.16531147062778473,-0.05721793323755264,-0.2668471932411194,0.11582544919590802,0.044395265763976136,0.08443539720128274,
0.05073715448379517,0.03373522758483887,0.17983433008193972,-0.14001144468784332,-0.1219993308186531,-0.23402374982833862,0.09465696304514912,0.05015629314404109,0.058367290988476844,
0.028329715132713318,0.057762700319290164,0.18814780712127688,-0.12523089349269867,-0.08977508544921875,-0.2615208923816681,0.08447711175344409,0.04954751127932419,0.04452580164967294,
0.05698487162590027,0.06566795706748962,0.17424312829971314,-0.09646874666213989,-0.07486137747764587,-0.2802961766719818,0.07526793030407818,0.046629198655479584,0.031228274535698753,
0.003145401179790497,0.09910733103752137,0.21887857913970948,-0.07396503537893295,-0.1189366951584816,-0.2514674663543701,0.05900931014771504,0.04316673417818609,0.0028094217892495345,
-0.04281293153762818,0.13320159912109375,0.2133861303329468,-0.03674735873937607,-0.13684645295143127,-0.24001584947109222,0.05248347122882914,0.04132365531845979,-0.011971764655909725,
-0.058388721942901615,0.15673962831497193,0.21684031486511232,-0.014643119648098946,-0.1574859619140625,-0.2249024212360382,0.0427522616891903,0.032600273250749455,-0.03890692688808362,
-0.11025123596191407,0.17931346893310549,0.1941784143447876,0.010390594601631165,-0.18624809384346008,-0.18255814909934998,0.04006900807102745,0.027158211905030444,-0.05209926669955867,
-0.15716751813888552,0.20556838512420655,0.19743958711624146,0.04640984907746315,-0.15968306362628937,-0.17323708534240723,0.038286146682911304,0.02083107793639545,-0.06466703248742252,
-0.17502974271774294,0.20064961910247803,0.16656951904296877,0.10579834133386612,-0.10775142163038254,-0.14893575012683868,0.03884751561405663,0.0050959212213453255,-0.0856368567141522,
-0.21068220138549806,0.20257019996643066,0.1294952392578125,0.11804888397455215,-0.09942904114723206,-0.12869572639465332,0.042006440911025816,-0.001351081999495351,-0.09523416745413411,
-0.21331162452697755,0.16282896995544435,0.05470864772796631,0.13615942001342773,-0.09363683313131332,-0.07662899792194366,0.05294279020301056,-0.010231190766555705,-0.11176204540422106,
-0.2548074245452881,0.15706635713577272,0.03784609436988831,0.14821021258831024,-0.07106654345989227,-0.03814631700515747,0.05932263415211231,-0.014158924183682135,-0.11869360510844887,
-0.30532317161560063,0.13330999612808228,-0.027704280614852906,0.13935521245002747,-0.038642555475234985,-0.0023268009535968304,0.07376551276133542,-0.021701512144153754,-0.1280902097649971,
-0.23852758407592775,0.0919746220111847,-0.06352083086967468,0.14101968705654144,-0.019334636628627777,0.014051640406250954,0.08244293705138142,-0.02219437563312321,-0.13008871004195585,
-0.19858347177505495,0.04276259541511536,-0.0900955080986023,0.12890230119228363,0.004833550192415714,0.05999116599559784,0.11143349815826936,0.009394394738462628,-0.13306837962405607,
-0.20085453987121582,0.024266992509365082,-0.1280696988105774,0.09947437047958374,0.021411728113889694,0.0868225172162056,0.11911109343731552,0.009571000089323873,-0.13159073769491336,
-0.17999007701873782,0.0024639934301376345,-0.16723995208740236,0.09148488938808441,0.03599253296852112,0.10300122201442719,0.12604617020126327,0.008641183119237637,-0.1285190266730865,
-0.13392721414566042,-0.035896685719490055,-0.16434646844863893,0.049007464200258255,0.05536703020334244,0.10513175278902054,0.13689823261727116,0.007054709580680886,-0.11840985607595908,
-0.10664540529251099,-0.05364843606948853,-0.20778307914733887,-0.0018589136889204383,0.07254442572593689,0.12703624367713928,0.14149501758012972,0.006624623188211605,-0.11211841236804819,
-0.12225121259689331,-0.0570683240890503,-0.23415048122406007,-0.030953949317336082,0.07074679434299469,0.15293549001216888,0.14476399948568175,0.006628999199228186,-0.10565056446703791,
-0.08505136966705323,-0.053395760059356694,-0.17307928800582886,-0.04213922470808029,0.05596624314785004,0.158528134226799,0.14537682870660357,0.0073451992558965186,-0.08970872341302001,
-0.030726635456085206,-0.07104661464691163,-0.14732962846755981,-0.0656416192650795,0.08712523430585861,0.12037834525108337,0.14373988446536123,0.006651422900882926,-0.08028391664057434,
-0.020755162835121157,-0.0877902090549469,-0.20537655353546144,-0.12736037373542786,0.1388571411371231,0.1300988793373108,0.13935861838378757,0.00570355807123819,-0.0631706753567269,
-0.05604599714279175,-0.07440016269683838,-0.18894991874694825,-0.15072961151599884,0.13266529142856598,0.11971256136894226,0.1354108009196255,0.007979371012143605,-0.055146099795454345,
-0.008714456111192703,-0.06981340646743775,-0.12523481845855713,-0.139677494764328,0.13619397580623627,0.1373559981584549,0.1296188519290408,0.011628485783990348,-0.04595615913556246,
-0.04111637771129609,-0.00815703123807907,-0.011353617161512376,-0.15092936158180237,0.09478182345628738,0.15326838195323944,0.11556777581561627,0.01964172442900212,-0.028677152362412372,
0.052891659736633304,-0.01485200822353363,0.012627805769443513,-0.11850536614656448,0.11142657697200775,0.11698281764984131,0.10892553785306076,0.023031364818048867,-0.019234873820427368,
0.04951576292514801,0.009510845690965653,0.037000817060470585,-0.1373472362756729,0.15550188720226288,0.12703624367713928,0.09560300509906759,0.02717989380469077,-0.0020432312551217063,
0.020690862834453583,0.04462354481220246,0.024440070986747744,-0.15991635620594025,0.11275796592235565,0.14255134761333466,0.0904336520133905,0.031998363727350786,0.005493259403676771,
0.0648421585559845,0.06015785336494446,0.09758757948875428,-0.1270928978919983,0.09325031191110611,0.184962198138237,0.08468007430650373,0.03800739363725104,0.013794987628556202,
0.06197047233581543,0.16693300008773804,0.3090685367584229,-0.06430886685848236,0.07946845144033432,0.17371034622192383,0.07172674107545274,0.0450760076455607,0.03145419821478236,
0.18737961053848268,0.18371403217315674,0.4315046310424805,0.03382861614227295,0.08073344826698303,0.1386231929063797,0.06729169040176305,0.047279945331482824,0.04212417240533865,
0.3330434799194336,0.2466272830963135,0.6085142135620117,0.14621400833129883,-0.03944169357419014,0.10719788819551468,0.06475303492300212,0.05188009278927021,0.06108646149817487,
0.38660936355590825,0.2312297821044922,0.6076659202575684,0.22231383621692657,-0.0716659426689148,0.0724436342716217,0.0692317667911125,0.053441649414254944,0.06842066738212983,
0.31395099163055423,0.15737038850784302,0.5669570446014405,0.3337671458721161,-0.10129361599683762,0.0332951694726944,0.08648263431625489,0.04729150454609776,0.07779118834382691,
0.2232444524765015,0.09518237113952638,0.516190242767334,0.36532559990882874,-0.11394362896680832,0.04161754623055458,0.09959429193128586,0.0424902985580868,0.07953059955105475,
0.03249317407608032,-0.01977757066488266,0.34226560592651367,0.39961379766464233,-0.12053494900465012,0.07523995637893677,0.13354495945879133,0.03141879985368661,0.07930411530447701,
-0.018933136761188508,-0.045555013418197635,0.25967106819152835,0.40693747997283936,-0.13285207748413086,0.07983390986919403,0.1525699605261718,0.02505909993589316,0.07894549255447506,
-0.015834364295005798,-0.1200176477432251,0.1869481682777405,0.41605880856513977,-0.14017575979232788,0.07730390876531601,0.17269378065333646,0.017995184940604977,0.07901403414680112,
-0.06159248948097229,-0.19009743928909303,0.07886877059936524,0.42551302909851074,-0.1234644278883934,0.0862254947423935,0.20458462421091111,0.005418229247481282,0.07642245516706005,
-0.05580580234527588,-0.22331931591033938,-0.02236980497837067,0.3891608715057373,-0.09610044956207275,0.06911468505859375,0.2256007746265884,-0.0023959730835265793,0.07518606173657061,
-0.012160463631153107,-0.3066343545913697,-0.18321415185928347,0.33722925186157227,-0.07745832204818726,0.04601176083087921,0.2683620244409574,-0.016946608492506662,0.07272606212010434,
-0.008790066838264466,-0.33812081813812256,-0.22542545795440674,0.2850312888622284,-0.07519463449716568,0.030032794922590256,0.2878408823250402,-0.022303524290253268,0.07135788303443384,
0.005762084946036339,-0.36274118423461915,-0.31428720951080324,0.21905146539211273,-0.027790365740656853,0.0036674989387392998,0.322244761467749,-0.03061304883188251,0.0675304375514448,
-0.008358065038919449,-0.366270923614502,-0.3425045967102051,0.16618771851062775,-0.008349289186298847,-0.007251461036503315,0.3361880561487254,-0.03339042362122706,0.06517038072708393,
0.01185000166296959,-0.392886757850647,-0.39860856533050537,0.06711647659540176,0.008029422722756863,-0.029758259654045105,0.3581909191008801,-0.03496791853825235,0.06285475121526897,
0.01170976459980011,-0.4076577186584473,-0.41642189025878906,-0.010914144106209278,0.03492734953761101,-0.03761458769440651,0.365651187534945,-0.034451865309630986,0.06235767362119163,
-0.012152806669473649,-0.4146807670593262,-0.4167367458343506,-0.09360529482364655,0.04964131489396095,-0.0537932887673378,0.3699366707247968,-0.03313123194858457,0.06204877024975291,
0.01926357597112656,-0.40400228500366214,-0.42478055953979493,-0.22057151794433594,0.06994791328907013,-0.07343410700559616,0.3685015170521094,-0.0281749773824877,0.0637574726195243,
0.0014304998330771923,-0.374604868888855,-0.3985370397567749,-0.269174188375473,0.09191899746656418,-0.09573808312416077,0.3620532162257149,-0.024287186753576728,0.06497670258805578,
-0.003858653083443642,-0.3740389347076416,-0.30705459117889405,-0.34141242504119873,0.10090716183185577,-0.1265641748905182,0.3516201870165544,-0.019601981385555692,0.06645807362323919,
0.014436872303485872,-0.3059762716293335,-0.2514739751815796,-0.4671802222728729,0.08912267535924911,-0.11990626901388168,0.323648572884324,-0.006558377338977703,0.06972396678497354,
-0.019081501662731173,-0.2647387504577637,-0.14926595687866212,-0.40592750906944275,0.09711216390132904,-0.15685762465000153,0.30455348388296943,0.001805039386677283,0.07050538283172945,
0.03605325520038605,-0.2108060121536255,0.0831316351890564,-0.42769885063171387,0.11748534440994263,-0.16171789169311523,0.25871536552406327,0.01760808836073263,0.0695200510455976,
-0.02191441208124161,-0.11239923238754274,0.012679071724414827,-0.46684733033180237,0.057897113263607025,-0.08841438591480255,0.2383361575219074,0.027549417573155047,0.0672565432441306,
-0.08318597078323364,-0.05783008933067322,0.07276549339294434,-0.4440772831439972,0.04071972519159317,-0.06411304324865341,0.21554589574409716,0.03912368321416608,0.06426853252816724,
0.001076315063983202,-0.00033756385091692214,0.22979645729064943,-0.4302954375743866,0.0625576451420784,-0.06065092980861664,0.16828643101097837,0.0505946296019619,0.06006046986620169,
0.03871873915195465,0.04456885755062104,0.1971136808395386,-0.4278985857963562,0.035326823592185974,-0.008519550785422325,0.145848886562318,0.05415667809758718,0.0583450489800449,
0.01006247252225876,0.054182428121566775,0.2245948076248169,-0.3653143048286438,0.003901522373780608,0.034623660147190094,0.12381344457745301,0.05823087642222193,0.0567590263458197,
0.11833285093307495,0.130259370803833,0.44823937416076665,-0.29873526096343994,0.026538392528891563,-0.02569694072008133,0.0807376829578706,0.06248715399605843,0.05658319364855879,
0.22878382205963135,0.14441561698913574,0.417437219619751,-0.17436566948890686,0.0195475947111845,-0.0363495834171772,0.06321956750665099,0.062221726781233305,0.05801974905082814,
0.16714093685150147,0.2548898458480835,0.5964674949645996,-0.08062238246202469,-0.0032890127040445805,-0.06218224763870239,0.034172004117553695,0.06468055954672622,0.05602729219446887,
0.1865671992301941,0.24884183406829835,0.5252117156982422,0.009525618515908718,-0.01993376947939396,-0.04061064124107361,0.026407755777738986,0.06555667995460775,0.0540741788328734,
0.02006032466888428,0.28831355571746825,0.570341682434082,0.14761210978031158,-0.03784378618001938,-0.012045280076563358,0.01860118078565119,0.06536981642956427,0.048265396348572964,
0.0005927660968154669,0.27038326263427737,0.5342769145965577,0.21292613446712494,-0.04250431805849075,-0.005520535167306662,0.02011775747726042,0.06424452429994056,0.04641392505995378,
0.0030003650113940242,0.21833028793334963,0.43143715858459475,0.23989064991474152,-0.051425907760858536,0.007395795546472073,0.02615824281363967,0.06252945802445478,0.04540430367329612,
-0.028267019987106325,0.1203234910964966,0.20239026546478273,0.2625275254249573,-0.052025120705366135,0.03203003481030464,0.047087154154633305,0.058119313337472556,0.04438691078954331,
-0.048102155327796936,0.06700915694236756,0.11444375514984131,0.27151569724082947,-0.045100901275873184,0.05573217198252678,0.0596928146279408,0.055332647924183215,0.04460465216718319,
-0.06588419675827027,0.027867287397384644,0.03193158507347107,0.2699177861213684,-0.0337824672460556,0.07523982971906662,0.07322562987308716,0.0523957465085044,0.04561023600100877,
-0.06678037047386169,-0.01659206748008728,-0.04542547762393952,0.25147539377212524,-0.030719831585884094,0.07843562215566635,0.08726610127897282,0.05176594714795778,0.047265371378748,
-0.023520673811435702,-0.10888299942016602,-0.21090607643127443,0.1736445128917694,-0.005486378911882639,0.06824903190135956,0.11553177746207802,0.04603041060814236,0.053087084025368526,
-0.016932168602943422,-0.1428807854652405,-0.2937324523925781,0.10034099221229553,-0.002490322571247816,0.08023325353860855,0.12817082300996296,0.043249447299267614,0.056134655383770375,
-0.04542543590068818,-0.15083829164505005,-0.3482989311218262,0.005865355487912893,-0.0026234807446599007,0.11039355397224426,0.14613685455131747,0.0395114685249566,0.062390737565064726,
-0.059195369482040405,-0.14832093715667724,-0.3444446325302124,-0.025759682059288025,0.006764162331819534,0.11738435178995132,0.15076181067300465,0.037336675067611555,0.06615326258119375,
0.0012140152975916862,-0.1356133222579956,-0.27668147087097167,-0.07036763429641724,0.03146498277783394,0.08502694964408875,0.15259323717082646,0.031967858792086315,0.07597665507235721,
0.03509465754032135,-0.1414072632789612,-0.2675973653793335,-0.1224990114569664,0.07087977230548859,0.06978034973144531,0.15145366924263223,0.02969949249531641,0.08139316193010665,
-0.03489241600036621,-0.11200591325759889,-0.2551691770553589,-0.17915776371955872,0.07101292908191681,0.1028035506606102,0.14468190921200397,0.029002190033746895,0.09072753066732939,
-0.053047174215316774,-0.08051737546920777,-0.17507658004760743,-0.18834567070007324,0.04964105784893036,0.13369621336460114,0.1382519773729906,0.03089771776589044,0.0958088950924815,
-0.08966038823127748,-0.0379205584526062,-0.04267773926258087,-0.20099568367004395,0.059295013546943665,0.17970231175422668,0.12138362184185779,0.03327052314937736,0.10831343489358447,
-0.0601960837841034,-0.02857915759086609,-0.02968704402446747,-0.2146443873643875,0.051238954067230225,0.18289810419082642,0.11234924502636563,0.03420667393009789,0.11603797176854175,
0.011925055831670762,-0.030073899030685428,-0.011363080143928528,-0.2079864740371704,0.045646313577890396,0.2014736533164978,0.10341291974636271,0.034003741607591814,0.12544461272980306,
-0.041593810915946966,0.006757119297981263,0.08354098796844484,-0.20805394649505615,0.06395569443702698,0.2538031339645386,0.08389869530111692,0.03365082996449758,0.14511613534100024,
-0.04591421484947205,0.011599186062812806,0.12039977312088013,-0.17536364495754242,0.05476778745651245,0.25133970379829407,0.0745606106516875,0.033430967883514844,0.1562739393991292,
0.024145689606666566,0.03308924734592438,0.26519777774810793,-0.10931725800037384,0.06641911715269089,0.2984776496887207,0.05666170972536065,0.03439340403690154,0.18266697230369952,
-0.012091056257486344,0.06538050174713135,0.29137961864471434,-0.08195327967405319,0.05223778262734413,0.2966134250164032,0.04998440455741095,0.03504928504264268,0.1961088487573237,
0.11068587303161621,0.04854292273521424,0.29106280803680423,-0.02289768122136593,0.048043303191661835,0.2516725957393646,0.04561409306166483,0.03615845613053478,0.21112717635705597,
0.267827582359314,0.027495011687278748,0.3846464633941651,0.07111190259456635,0.08559387922286987,0.17643827199935913,0.040996949827388,0.03772893959130712,0.24160033206114015,
0.30947177410125737,0.022214013338088992,0.39658861160278325,0.12544040381908417,0.0857270359992981,0.12583822011947632,0.04224130390593476,0.03890951992442789,0.25416093499517084,
0.3793495655059815,-0.0019047727808356287,0.47542715072631836,0.25533607602119446,0.0634896382689476,0.041615743190050125,0.051917567382713616,0.044605266444487555,0.2732398684083753,
0.4180236339569092,-0.032238081097602844,0.5013977527618408,0.34029093384742737,0.02474064752459526,-0.02636144310235977,0.06032747610863926,0.047828862133099975,0.2796694523483047,
0.43423280715942386,-0.07457515597343445,0.44780960083007815,0.37444597482681274,0.00936088990420103,-0.059784118086099625,0.07245180027813211,0.050730437270051235,0.28347642865762707,
0.3358481884002686,-0.1624049782752991,0.200797438621521,0.38882702589035034,0.004500620998442173,-0.08049019426107407,0.1056346126869515,0.054413605423355195,0.28294310501861764,
0.27470736503601073,-0.2046391010284424,0.06754608154296875,0.36845386028289795,-0.006618076469749212,-0.06977096945047379,0.12457322116222948,0.055962387635343,0.27995779221461575,
0.19055321216583254,-0.24807789325714114,-0.10267224311828614,0.28542980551719666,-0.08644632995128632,-0.11471181362867355,0.1602124700984169,0.05656782735716981,0.2727521738302939,
0.2579511642456055,-0.30216279029846194,-0.1632034182548523,0.21185998618602753,-0.1140100508928299,-0.1282273530960083,0.1780657513341633,0.057607600230353606,0.2692722739527789,
0.16660735607147217,-0.30626504421234135,-0.2527606010437012,0.11332301050424576,-0.10475556552410126,-0.13588394224643707,0.20525969061873797,0.05712021023374182,0.2555277775714747,
0.13488153219223023,-0.3026432037353516,-0.2750765323638916,0.029233699664473534,-0.09996187686920166,-0.16238239407539368,0.2138550255324585,0.05648548078032672,0.24658745669967932,
0.1507650375366211,-0.31590862274169923,-0.3093223333358765,-0.10079514235258102,-0.07725843042135239,-0.19633769989013672,0.22267289792941752,0.05703715877938581,0.22864703910208373,
0.1255963087081909,-0.30720229148864747,-0.2836000442504883,-0.13987702131271362,-0.06221156567335129,-0.21344850957393646,0.22138246806599257,0.058680151711309324,0.21871765474552946,
0.08269250988960267,-0.2504199743270874,-0.13413693904876708,-0.14134328067302704,-0.04769708961248398,-0.22656741738319397,0.20818727557489763,0.06476958077836416,0.19779562496906666,
0.07017238140106201,-0.2191143035888672,-0.061802816390991215,-0.15099725127220154,-0.05575315281748772,-0.22084161639213562,0.19867079204308052,0.06886627243083318,0.18685212974070978,
0.05572823882102967,-0.19681869745254518,-0.0354048490524292,-0.18355439603328705,-0.07845660299062729,-0.2261013686656952,0.18892561786288942,0.07334073797628875,0.17565632057081756,
0.10123879909515382,-0.17166224718093873,-0.035147616267204286,-0.20765599608421326,-0.07805713266134262,-0.23262611031532288,0.1682339122564081,0.08071906683281771,0.15300266904300233,
0.08608465790748597,-0.14703994989395142,0.00615500845015049,-0.2127159982919693,-0.0712660700082779,-0.24467690289020538,0.15556469239956744,0.08285046467278386,0.1405815034816448,
0.08502655625343324,-0.10230019092559815,0.08877184987068176,-0.1959380954504013,-0.059414997696876526,-0.2683124542236328,0.11692792708084135,0.07977090753545589,0.11183291148881647,
0.08230249881744385,-0.07141591310501098,0.139687442779541,-0.1760975420475006,-0.04110576584935188,-0.3049975037574768,0.10270622876465497,0.08072295409882348,0.09812385857596095,
0.085277259349823,-0.06287630200386048,0.16284474134445193,-0.18122412264347076,-0.024860484525561333,-0.31851303577423096,0.08909790374695652,0.08182562501497255,0.0836620626872556,
0.03134202659130097,0.024216295778751375,0.22688000202178957,-0.1531277745962143,-0.0351802296936512,-0.31252092123031616,0.04966979273182816,0.08635314480744122,0.03532688583790894,
0.020873080193996432,0.05460944175720215,0.27258217334747314,-0.11857325583696365,-0.10761822015047073,-0.2862222194671631,0.037104917954820606,0.08712742925582753,0.01863792958792298,
0.004084078595042229,0.09437866210937501,0.34904749393463136,-0.07749399542808533,-0.15828485786914825,-0.26864534616470337,0.025452252634126035,0.08551255412643505,0.0023920398377858497,
-0.05798305273056031,0.13417352437973024,0.31734976768493656,-0.029224202036857605,-0.15096116065979004,-0.2569274306297302,0.00931449177838183,0.07227286993620899,-0.02703489576805096,
-0.08625324964523316,0.15629497766494752,0.30846209526062013,0.01804690808057785,-0.10302426666021347,-0.25473034381866455,0.004457937307314911,0.0644864833587416,-0.04073218104371282,
-0.07505514025688172,0.15805445909500124,0.2799325227737427,0.058327220380306244,-0.1068192720413208,-0.2537316381931305,0.0018264261626927958,0.05819007678252871,-0.053891355971514725,
-0.18500268459320068,0.19058746099472046,0.3031670093536377,0.11784887313842773,-0.2289252132177353,-0.1756344586610794,0.0024327196435938708,0.04711889342500501,-0.08005843865328789,
-0.24652462005615236,0.17875049114227295,0.20386898517608643,0.12024571746587753,-0.21920466423034668,-0.12450176477432251,0.0064920711011777175,0.037204494900239866,-0.09054045776370051,
-0.20508458614349367,0.14855087995529176,0.05531669855117798,0.13642442226409912,-0.11234533041715622,-0.13189202547073364,0.017551615120436275,0.015603238960421466,-0.10500634951633857,
-0.24297132492065432,0.15015026330947878,0.05586956143379212,0.1766381561756134,-0.06460816413164139,-0.11744438856840134,0.023844054548219386,0.009471017711414776,-0.11203049614542111,
-0.27731187343597413,0.12970447540283203,-0.003172244131565094,0.1663184016942978,-0.06906896084547043,-0.07523328065872192,0.03190798005370281,0.005920845686460227,-0.11885236644773949,
-0.3177582025527954,0.10517798662185669,-0.07717923521995546,0.14634469151496887,-0.10282453149557114,0.004661552608013153,0.0490510241559454,0.00013143038191674365,-0.12830297070946195,
-0.31226012706756595,0.08920556306838989,-0.12639551162719728,0.13216336071491241,-0.07566028088331223,0.042345281690359116,0.05804896461935058,-0.0008765971365874099,-0.12984267029755125,
-0.250791072845459,0.04312500953674317,-0.17123131752014162,0.1103920191526413,-0.026857854798436165,0.043610282242298126,0.06976158852017517,0.007626724035306229,-0.1292416852381785,
-0.1849744200706482,0.011275458335876466,-0.21555979251861573,0.09041830897331238,0.02673826366662979,0.04254501685500145,0.08172211758038715,0.002613705879392148,-0.12481761938607103,
-0.19475466012954712,0.004534208774566651,-0.21423861980438233,0.06551775336265564,0.0321977473795414,0.06844425946474075,0.08655146900368811,0.002909243949459433,-0.12198113884177136,
-0.1812648892402649,-0.019759757816791537,-0.21710944175720215,0.02370612509548664,0.041984863579273224,0.09554192423820496,0.09379539786499187,0.004305097652860572,-0.11356547199493482,
-0.1725639820098877,-0.020738370716571808,-0.20541255474090578,-0.003924171905964613,0.0592954084277153,0.11584852635860443,0.09561025045271827,0.004829277911300133,-0.10806959650952482,
-0.11722918748855592,-0.02611321210861206,-0.18974298238754272,-0.046135276556015015,0.07680568844079971,0.12756644189357758,0.09602561633962245,0.006821221202760148,-0.09440849689532264,
-0.08088009357452393,-0.024707514047622683,-0.16290422677993777,-0.056055549532175064,0.09970887750387192,0.12463696300983429,0.0944289255157133,0.008405041670718568,-0.08661170626457641,
-0.0694620132446289,-0.024674347043037417,-0.12699240446090698,-0.05978397652506828,0.12467601150274277,0.13062907755374908,0.09188709063620479,0.010732936426509458,-0.0786088774679055,
-0.05253921151161194,-0.0062779180705547334,-0.14869707822799683,-0.11817378550767899,0.13586129248142242,0.15972410142421722,0.08651217968548493,0.018548853795730003,-0.061585932524455225,
0.03173718452453613,-0.022963520884513856,-0.09708779454231263,-0.12409932166337967,0.1236773282289505,0.13402460515499115,0.08200510786067046,0.02330854858116782,-0.05200126248682627,
0.007385184615850449,-0.003982822224497795,-0.005200538039207459,-0.08854611963033676,0.17021606862545013,0.11218668520450592,0.07024500240883505,0.029421327419949576,-0.03479182264939501,
-0.058310920000076295,0.021367408335208893,-0.060286211967468264,-0.16244883835315704,0.16196027398109436,0.16212095320224762,0.0665154883126536,0.03616102925747141,-0.027563505497062914,
-0.014181874692440033,0.036095458269119265,0.01569921374320984,-0.16111725568771362,0.11848416179418564,0.18409202992916107,0.06134410611290351,0.04365108453152941,-0.018909366529588408,
0.08598316311836243,0.09213290214538575,0.23486051559448243,-0.07196793705224991,0.11795152723789215,0.17264044284820557,0.04819340601677512,0.05379236653103507,0.0012805880463874235,
0.02428392320871353,0.12963733673095704,0.19292615652084352,-0.09021059423685074,0.13892392814159393,0.2017354816198349,0.04517306819610746,0.05794738204306104,0.01069468488677564,
0.16429798603057863,0.1367577314376831,0.35438404083251956,-0.07516269385814667,0.1184174194931984,0.18935371935367584,0.0409359549489968,0.06894332509395207,0.0324907867965924,
0.1520518183708191,0.1900992274284363,0.44846196174621583,-0.044469770044088364,0.03679152578115463,0.2173834890127182,0.03897418121790168,0.07420386398325557,0.043098990130152184,
0.18536384105682374,0.21308138370513918,0.5498414039611816,0.02850084751844406,-0.04976120963692665,0.22730375826358795,0.03838330225739372,0.07747361660829757,0.05407102452374899,
0.2768472194671631,0.16223310232162477,0.643526554107666,0.17577365040779114,-0.06400911509990692,0.16232262551784515,0.04456828469590611,0.07236456314753029,0.07682653336754852,
0.24793362617492676,0.1185691237449646,0.552608871459961,0.23189976811408997,-0.047497522085905075,0.11558414250612259,0.05344385067309333,0.06743219346446286,0.0855748130716053,
0.23500654697418213,0.04247079193592072,0.4477749347686768,0.26492297649383545,-0.06407569348812103,0.09088332206010818,0.06538730115398962,0.0633350308647656,0.0923594291755718,
0.04339918494224548,-0.03157985508441925,0.4064483642578125,0.3331664800643921,-0.11420970410108566,0.11079045385122299,0.09295400286924418,0.05500742335548918,0.10073383506805572,
0.017811021208763125,-0.09756317734718323,0.3404390335083008,0.36299389600753784,-0.15029554069042206,0.11312071979045868,0.10951543712514793,0.048580156323923145,0.1042440380485415,
0.007919608056545258,-0.14374315738677979,0.262456750869751,0.41432633996009827,-0.15702001750469208,0.10213518142700195,0.12757388910089756,0.04015868594787802,0.10723991443884984,
-0.029683023691177368,-0.24797353744506836,0.09077704548835755,0.4775764048099518,-0.12080103158950806,0.08422542363405228,0.16793846595722667,0.021407583468732345,0.10986642969895052,
-0.02946705222129822,-0.29094340801239016,-0.059422487020492555,0.4711848199367523,-0.08984178304672241,0.08429200202226639,0.18890251272249642,0.013830948417163817,0.109700809835272,
-0.016045719385147095,-0.30916309356689453,-0.17768783569335939,0.4469500482082367,-0.07026754319667816,0.08422542363405228,0.2133372514072196,0.007065468772857071,0.11004221517680372,
0.020824773609638216,-0.326759147644043,-0.20538296699523928,0.4675229787826538,-0.07146596908569336,0.07703488320112228,0.2596808014814729,-0.004365350444337042,0.1111749601915815,
6.98072137311101e-05,-0.3324119329452515,-0.23846347332000734,0.4613311290740967,-0.0681370198726654,0.07224119454622269,0.28316434447045197,-0.009706857849210486,0.11106084885877042,
0.037595465779304504,-0.37453086376190187,-0.30827383995056157,0.4024086892604828,-0.06494122743606567,0.048472486436367035,0.30711015860518076,-0.015031662396212838,0.11060467919806488,
0.05116413831710816,-0.36416239738464357,-0.4138230800628662,0.28529617190361023,-0.021731436252593994,0.0332258865237236,0.3500507124947668,-0.023344223058946532,0.10795352069659177,
0.07371001839637757,-0.36372172832489014,-0.36438133716583254,0.24568162858486176,0.00822912622243166,-0.003925211727619171,0.36577694879608025,-0.0257994145711235,0.10718173913069286,
0.07707105875015259,-0.3993736028671265,-0.3568788528442383,0.18016786873340607,0.031398624181747437,-0.03954499214887619,0.3792826814943118,-0.02670125701579854,0.107224634059628,
0.0676964819431305,-0.37771918773651125,-0.4551754474639893,-0.016306426376104355,0.062224648892879486,-0.08648243546485901,0.3994258606400894,-0.023187527410677575,0.10858997070155695,
0.050276392698287965,-0.36182420253753667,-0.4468085289001465,-0.18055689334869385,0.06861624121665955,-0.1026611402630806,0.40165415937591964,-0.01860313672263918,0.10993701542682478,
0.03327295482158661,-0.34674270153045655,-0.3695194721221924,-0.3636491894721985,0.06854966282844543,-0.10199534893035889,0.3874225760525648,-0.006885989458184222,0.11315978992223563,
0.026195213198661804,-0.3247682094573975,-0.2486682176589966,-0.4210403263568878,0.0695483461022377,-0.11304746568202972,0.3712744589045487,-0.0006554420444922408,0.11448072550943178,
0.03717457354068756,-0.3239759683609009,-0.1237876057624817,-0.4258340299129486,0.08352994173765182,-0.1430080384016037,0.3512706739070795,0.005580090772849664,0.11541426483279085,
0.029427292943000796,-0.23744771480560303,0.0009393931366503239,-0.4358874559402466,0.08792416006326675,-0.1622493714094162,0.308145877901392,0.021266801047677315,0.11526642175137201,
-0.004573212191462517,-0.17752755880355836,-0.03075649440288544,-0.4569264352321625,0.10709891468286514,-0.1605183184146881,0.28703116463308154,0.030216994693352074,0.1138159669248119,
-0.05103793740272522,-0.14612333774566652,0.09818424582481385,-0.4727056622505188,0.0851944163441658,-0.1068556159734726,0.23250233061266717,0.051504367755816766,0.1084143741615217,
-0.07198668718338012,-0.06891637444496156,0.1391940236091614,-0.47962987422943115,0.05796359106898308,-0.0743650496006012,0.20888428628287345,0.06012931659974893,0.10604184045621234,
0.05848593711853028,0.00268157608807087,0.2673928260803223,-0.37896236777305603,0.10896313190460205,-0.12569747865200043,0.15961450334810448,0.07089479198214271,0.10231031961457436,
0.027845609188079837,0.04917805492877961,0.3070058107376099,-0.33275651931762695,0.11155971139669418,-0.11324720084667206,0.1373665821776326,0.07735331193471527,0.0992468175181658,
0.02131369560956955,0.067350572347641,0.2335021734237671,-0.4035300314426422,0.04731094837188721,-0.06790688633918762,0.11902231035147437,0.08555927081892868,0.09569248099664189,
-0.0027099644765257837,0.15415802001953127,0.36069808006286624,-0.32689759135246277,0.0010385230416432023,0.004065043292939663,0.07918272076180571,0.09537654750130212,0.0896154691578829,
0.010299371927976609,0.23819427490234377,0.5463988304138184,-0.2169756144285202,-0.02639203518629074,0.022507434710860252,0.05856897873287547,0.09635028235387948,0.08847307706005031,
0.15759961605072023,0.22552239894866943,0.38416171073913574,-0.22143641114234924,-0.006351748947054148,-0.0018604905344545841,0.03274920893542232,0.09461587616765138,0.08990822205171725,
0.12597408294677734,0.21747891902923586,0.38068990707397465,-0.2182406187057495,0.014221169985830784,-0.012513134628534317,0.021800743710179385,0.09353248014284866,0.0901462124432099,
0.016080380976200105,0.25232992172241214,0.5452381134033203,-0.12289945036172867,-0.05828339233994484,0.03309349715709686,-0.0007414655501728436,0.09421670768518528,0.08931917887126038,
0.011546165496110917,0.24763422012329103,0.6020874977111816,-0.006452728994190693,-0.12466268241405487,0.05493142455816269,-0.008727249148337658,0.09271088129665624,0.09028155315989024,
0.07495944499969483,0.18965952396392824,0.41712398529052735,0.016050362959504128,-0.10422281920909882,0.025768648833036423,-0.010838080558456026,0.08768520883259631,0.09315578768706163,
0.044621923565864564,0.09043292999267578,0.17584800720214844,0.028833536431193352,-0.07359647005796432,0.02936391532421112,-0.008669769002481767,0.07644223445419888,0.09745445465064854,
0.0262383908033371,0.09065663218498231,0.17803405523300173,0.10852863639593124,-0.09290438890457153,0.040948666632175446,-0.007185409945012407,0.07266417335513707,0.09878942715050872,
0.0503696620464325,0.03223196268081665,0.14931501150131227,0.1756402850151062,-0.09843044728040695,0.022106800228357315,0.0019935943546746672,0.06394545394250002,0.10276878674816775,
0.03509441912174225,0.0144339919090271,0.049270063638687134,0.18629293143749237,-0.10668624937534332,0.024503648281097412,0.01082279519705289,0.05885080056606581,0.10408623232957806,
-0.018547119200229646,0.009087629616260529,0.006920908391475678,0.18596003949642181,-0.11154651641845703,0.03788603097200394,0.020210993010991964,0.0537252515262618,0.1047574982515534,
-0.002520549297332764,-0.014210620522499086,-0.08105146884918213,0.1870253086090088,-0.07126620411872864,0.026101544499397278,0.03955897605474537,0.04226499182657399,0.10702808914553133,
0.0201958104968071,-0.027517116069793703,-0.09709041714668275,0.19481505453586578,-0.07512778788805008,0.0268339142203331,0.04916265693927774,0.03760702445111607,0.10830227475122899,
-0.004269068315625191,-0.012081117182970048,-0.07595693469047547,0.22058112919330597,-0.07459515333175659,0.02823207527399063,0.05875535548804213,0.033839299534143524,0.10902674772455107,
-0.012910063564777375,-0.04114124476909638,-0.15791032314300538,0.21971561014652252,-0.019667454063892365,0.009456786327064037,0.08016868962811494,0.025833669259499144,0.11011530042207578,
