0.03934550881385804,0.02729766368865967,0.4484397411346436,-0.08250918239355087,0.03146892413496971,-0.0196804478764534,0.012346119834630262,-0.0508549329367395,-0.07201624668594293,
0.015240709483623506,0.07426079511642457,0.45906910896301273,-0.005277507938444614,0.01162837352603674,-0.011557807214558125,-0.0009708597305641581,-0.050383005843356456,-0.07346592900428262,
-0.004076795652508736,0.0925533950328827,0.42499675750732424,0.0521136149764061,-0.0013545372057706118,0.0014916816726326942,-0.00314747781234421,-0.04909965459123691,-0.0744384877220626,
-0.0037367943674325946,0.10265296697616577,0.3354052543640137,0.1164955347776413,0.003372573759406805,-0.0035017449408769608,-0.0004003390768544173,-0.0487212450112481,-0.0748891555363209,
0.02081040143966675,0.08952667117118836,0.30524981021881104,0.17888207733631134,-0.013139351271092892,-0.024270670488476753,0.004297389736267996,-0.04842681220484713,-0.07495632866068473,
0.039664584398269656,0.08047434091567994,0.2649833917617798,0.21190528571605682,-0.010609348304569721,-0.03485673666000366,0.011267378826975734,-0.04846420817042233,-0.07531383895452208,
0.013225051760673524,0.03490810990333557,0.15294194221496582,0.25844401121139526,0.011228573508560658,-0.04178095608949661,0.03126504907016672,-0.0495032235891324,-0.07830235826048132,
0.0010792828164994718,0.009046582877635956,0.09748165607452393,0.26729902625083923,0.02727412059903145,-0.04897148907184601,0.043542431763713314,-0.04930859241637203,-0.08035967388089876,
-0.002313753589987755,-0.02724488973617554,0.004914854094386101,0.2363397777080536,0.03220096975564957,-0.04144805669784546,0.05719536152414179,-0.04824321611623898,-0.08242748079053241,
-0.04082612693309784,-0.06202396750450134,-0.12989813089370728,0.1955268383026123,0.04791361838579178,-0.017413031309843063,0.08416937655278556,-0.044444614970262544,-0.08651459813921526,
-0.03574768304824829,-0.07248546481132508,-0.17268370389938356,0.07841432839632034,0.06828679889440536,0.023999126628041267,0.09542713590379004,-0.04213283191726289,-0.08745201520395543,
-0.07656593918800354,-0.0020639125257730486,-0.12286180257797241,0.05557772144675255,0.006235146429389715,0.033187031745910645,0.10812136484329041,-0.03613112953644319,-0.0854142525845982,
-0.03569170534610749,0.006034372374415398,-0.008671743422746658,0.11956016719341278,-0.031115688383579254,0.009484896436333656,0.1103069720606357,-0.03457216016579061,-0.0826735976885759,
-0.03495857119560242,0.028111374378204348,0.04752890765666962,0.16250364482402802,-0.02638857625424862,-0.012286445125937462,0.11337621909245302,-0.035124157618760476,-0.08130160933642339,
-0.03178864121437073,0.01435551941394806,0.022479823231697085,0.18174497783184052,-0.018865147605538368,-0.012020128779113293,0.12689134905793759,-0.037844166653560316,-0.08207995693801975,
-0.024517612159252168,-0.0006206334568560124,-0.030253657698631288,0.13314229249954224,-0.002819601446390152,-0.012286445125937462,0.13613541189525524,-0.03879056081156206,-0.08344409236874202,
0.013746054470539094,-0.03530995547771454,-0.12194322347640991,0.05797456577420235,0.04165519028902054,-0.015082764439284801,0.15274506868167562,-0.039448279277657136,-0.0850687641683346,
0.037916925549507145,-0.04720188975334168,-0.13115329742431642,0.014831355772912502,0.077541284263134,-0.01714671403169632,0.15769467903584514,-0.03860794522739302,-0.08536039962779272,
0.0380488008260727,-0.043148967623710635,-0.14621161222457887,-0.039031077176332474,0.02680806629359722,-0.007625913247466087,0.1615548237894954,-0.03256946027668618,-0.08390768235612608,
0.033543193340301515,-0.030778491497039796,-0.14736729860305786,-0.042360030114650726,-0.033645689487457275,-0.034324102103710175,0.16091724833747373,-0.029041745280442198,-0.08225781910793895,
0.05085797905921936,0.007259322702884674,-0.09669599533081055,-0.013264995068311691,-0.07186205685138702,-0.07134204357862473,0.15710417921423384,-0.027460128801514102,-0.08331043655246026,
0.029576098918914797,0.006369581818580628,-0.06169785261154175,-0.016727104783058167,-0.08464522659778595,-0.07686810195446014,0.1558462978846285,-0.028849846941880777,-0.08711831279533695,
-0.03922376930713654,0.009405029565095903,-0.04364914894104004,-0.035305269062519073,-0.0772545337677002,-0.05157295987010002,0.15539644951684198,-0.03224050915772262,-0.09753792580237589,
-0.07035571336746216,0.03124150335788727,-0.025126826763153077,-0.07798242568969727,-0.03051605075597763,-0.023876085877418518,0.15603979734041232,-0.0321265417632363,-0.10291094608452206,
-0.04449715316295624,0.041591411828994757,-0.018858113884925844,-0.1311125010251999,0.044984567910432816,-0.010693438351154327,0.16241536880417412,-0.02258059993022547,-0.11004145215590495,
-0.040884685516357426,0.03829436004161835,0.028147229552268983,-0.12012694776058197,0.07368012517690659,-0.004834483377635479,0.15694174043546538,-0.02208994636769156,-0.11040060614884348,
-0.05205241441726685,0.013918641209602357,0.07677531242370605,-0.08490664511919022,0.06562406569719315,0.0052855294197797775,0.15026796518770624,-0.019804251272925004,-0.10961020948449555,
-0.11354786157608032,-0.03270521461963654,0.08162777423858643,-0.055478714406490326,0.07607696950435638,0.05109190195798874,0.1389597839669035,-0.013312135798392645,-0.10647116080813067,
-0.15493403673172,-0.04541216790676117,-0.010004042834043504,-0.11453431099653244,0.11296175420284271,0.09157194942235947,0.1344786420924139,-0.0058396149524160045,-0.10437175822018274,
-0.1929066300392151,-0.05113436579704285,-0.106312894821167,-0.12831617891788483,0.06369327008724213,0.11021407693624496,0.1312573705324439,-0.0027692804629757643,-0.09971353508703414,
-0.2458376169204712,-0.05902630090713501,0.028879383206367494,-0.06260266900062561,-0.05541661009192467,0.14370332658290863,0.1189519292836506,0.009786384088356062,-0.08677626955037805,
-0.24356014728546144,-0.07777278423309326,-0.008235622197389603,-0.1058790385723114,-0.02479025349020958,0.1904418021440506,0.11434052946702461,0.007591946253974663,-0.08087289946601525,
-0.15233159065246582,-0.04946500360965729,-0.2032881498336792,-0.337041437625885,0.16356182098388672,0.2801903486251831,0.10559242949884426,0.002195861720112929,-0.06718131797586548,
-0.0732046365737915,-0.025947245955467227,-0.2520519256591797,-0.4056178331375122,0.19205763936042786,0.24856530129909515,0.09616911122788464,0.0003647139835556188,-0.05534200100737579,
0.12932146787643434,-0.04786359369754792,0.06617496013641358,-0.25787895917892456,-0.04243369773030281,0.13111989200115204,0.05988435136429033,0.01019866730517111,-0.024671508925615863,
0.12971721887588503,-0.0651516079902649,0.21106927394866945,-0.14056672155857086,-0.10348666459321976,0.13797752559185028,0.04136544709719749,0.014239597525403975,-0.013816685400903831,
0.05014977455139161,-0.05689680576324463,0.2556987762451172,-0.11400167644023895,0.023080067709088326,0.20176024734973907,0.01965958925768224,0.006724741019258103,-3.66589790259929e-05,
0.09559933543205262,-0.049662426114082336,0.3073436260223389,-0.030445000156760216,0.03652903065085411,0.19004233181476593,0.013342760303798338,0.003749563209517957,0.00886867965369815,
0.27722902297973634,-0.03134188652038574,0.44224119186401367,0.10730700939893723,0.04565035551786423,0.08970773965120316,0.005450870318238544,0.006079331282778215,0.030198973618551388,
0.31421449184417727,-0.013703596591949464,0.4122309684753418,0.17408576607704163,0.0695522278547287,0.04629820957779884,0.00732355460463595,0.007565428015048266,0.03851935962819842,
0.2667403697967529,-0.00391780436038971,0.32233862876892094,0.19432668387889862,0.08093710243701935,0.02359643578529358,0.013337445980675888,0.009841832792657589,0.043559460469199174,
0.25200719833374025,-0.008020497113466264,0.13219467401504517,0.22415409982204437,0.059898123145103455,-0.024340465664863586,0.032114171646332894,0.017051210419122973,0.04958853923578117,
0.24779603481292725,-0.01808815747499466,0.07290606498718262,0.23101173341274261,0.03766072914004326,-0.05536629259586334,0.042560892173426845,0.02099509234074437,0.05114330772895536,
0.20169589519500733,-0.003584180772304535,-0.08626268506050111,0.18480588495731354,0.027873611077666283,-0.11322346329689026,0.06528962679352941,0.021557021698567203,0.050654118268702954,
0.17004600763320923,-0.012187664210796357,-0.14522544145584107,0.15251505374908447,0.02960466593503952,-0.12101320922374725,0.07610034309042255,0.024005826365350764,0.04771412902954479,
0.09396280646324158,-0.062192207574844366,-0.2043095350265503,0.10298027098178864,-0.010941961780190468,-0.1062326729297638,0.09307731045547603,0.02995482210279661,0.03844476329251497,
0.07886317372322083,-0.0813894808292389,-0.22085609436035158,0.057173896580934525,-0.01873170956969261,-0.09691160917282104,0.09938175240571881,0.032556348899425755,0.03365218043870944,
0.12893444299697876,-0.08579022884368898,-0.2481027603149414,0.0062409392558038235,-0.001887214370071888,-0.12307716906070709,0.10730965314282881,0.03463751174891219,0.024371108975754573,
0.14339675903320312,-0.08462262153625488,-0.2357640266418457,-0.024252254515886307,-0.035110149532556534,-0.13419586420059204,0.1083764559040791,0.036064186685789056,0.019686929221590946,
0.09016367197036744,-0.10728909969329835,-0.25647542476654056,-0.06686283648014069,-0.06713465601205826,-0.13612665235996246,0.10631449221573287,0.038896900772917214,0.007693489554566924,
0.05658699274063111,-0.11693295240402223,-0.274556040763855,-0.12059210985898972,-0.11467208713293076,-0.10396897792816162,0.10321248151564125,0.03886145817714239,0.00020367986136472874,
0.04705113172531128,-0.09927948713302613,-0.31459729671478276,-0.22598671913146973,-0.12532474100589752,-0.08838948607444763,0.09257515393060343,0.03408250683212486,-0.014315430873533725,
0.07412307858467103,-0.09588515162467957,-0.26600787639617923,-0.2680646777153015,-0.14043818414211273,-0.09711134433746338,0.0832602741481201,0.0296048774492493,-0.020691834184179924,
0.1539544701576233,-0.06768757700920106,-0.13195592164993286,-0.2882381081581116,-0.15741582214832306,-0.12407584488391876,0.05739776568973113,0.018476977897436825,-0.03275852682065145,
0.15340722799301149,-0.02982097566127777,-0.02171604633331299,-0.2709941565990448,-0.16354109346866608,-0.16622038185596466,0.041703681045115355,0.00803778921184761,-0.039490229955238,
0.186852765083313,0.004305962473154068,0.07821353673934937,-0.26999545097351074,-0.13451264798641205,-0.21768596768379211,0.02692618921827519,0.0003279755228538698,-0.04675139548678418,
0.19021674394607546,0.028874611854553225,0.2857749223709107,-0.22245803475379944,-0.1010899618268013,-0.2735457718372345,-0.00033204004521299846,-0.014656581084865191,-0.06546732199409012,
0.14072418212890625,0.030420476198196413,0.48968353271484377,-0.0779801532626152,-0.11214231699705124,-0.3272724747657776,-0.013009507759502105,-0.020403113756319386,-0.07794403495129577,
0.09584950208663941,0.019266855716705323,0.6361661434173584,0.029611555859446526,-0.0890393927693367,-0.3338637948036194,-0.02222330267648748,-0.026475899589545573,-0.09196176971012031,
-0.1202786684036255,-0.05462011694908142,0.6413994312286377,0.12888088822364807,-0.003085861448198557,-0.2634897530078888,-0.023791027252748093,-0.03970060192463926,-0.1257868149500383,
-0.1551830768585205,-0.11440221071243287,0.49981298446655276,0.15517960488796234,0.06056369096040726,-0.182329922914505,-0.01736330498817179,-0.043651828097631594,-0.1412969793103616,
-0.2136326551437378,-0.17988932132720947,0.3224668979644776,0.23820365965366364,0.03439813107252121,-0.08645612746477127,-8.988251560781528e-05,-0.04175236129321786,-0.16504282237588822,
-0.21040196418762208,-0.1765262484550476,0.2707751750946045,0.27855053544044495,0.03260049968957901,-0.04464449733495712,0.010136677034929814,-0.038629646663195405,-0.17208080051483587,
-0.1801241636276245,-0.1110771417617798,0.013116322457790375,0.23414233326911926,0.062228165566921234,0.013012942858040333,0.03710533048219335,-0.03477872390744379,-0.17876621315376165,
-0.1589070796966553,-0.082503741979599,-0.04935896694660187,0.2284165322780609,0.05264078453183174,0.018006369471549988,0.046564212026820935,-0.02504735480682491,-0.1792821319643962,
-0.07692445516586305,-0.07878214716911316,-0.09414461255073547,0.20145203173160553,0.0268081221729517,-0.00562918558716774,0.07001925109404322,-0.019423891628594717,-0.1758206034008837,
-0.05935555696487427,-0.0698013186454773,-0.14444348812103272,0.17521989345550537,0.030936023220419884,0.0030260877683758736,0.08141107118803799,-0.017625137330984326,-0.1744143383495047,
-0.0890295684337616,-0.0706154465675354,-0.20448062419891358,0.09805479645729065,0.05257420614361763,0.04557008668780327,0.10128227592989231,-0.014825818309784255,-0.1730019596819044,
-0.0840547263622284,-0.06769060492515565,-0.235642409324646,0.06902634352445602,0.045450251549482346,0.06461168825626373,0.10893146960297255,-0.013236954483862043,-0.17109180534018448,
-0.0656102180480957,-0.07844505310058594,-0.24791419506072998,0.01136890146881342,0.0244112778455019,0.07739486545324326,0.11810156624409951,-0.010265320709622716,-0.16413436674883675,
-0.06805351972579957,-0.08978695273399354,-0.26923880577087406,-0.03809931501746178,0.006900992710143328,0.10342726111412048,0.12039570369639109,-0.009768543160983122,-0.16012985832173215,
-0.07888709306716919,-0.08775132298469544,-0.2714345693588257,-0.07039014250040054,-0.0058821807615458965,0.12786176800727844,0.12074526513147074,-0.010133603697478547,-0.1559019641026733,
-0.03990018665790558,-0.06801912784576417,-0.22818458080291748,-0.10487808287143707,-0.002952703507617116,0.12213596701622009,0.11572958801965857,-0.01390785719691113,-0.14528909085947003,
-0.023812979459762573,-0.06982372999191284,-0.20111472606658937,-0.14202918112277985,-0.01280639972537756,0.13631729781627655,0.11103560347112384,-0.0164022631048823,-0.13921490634190808,
-0.03967293500900269,-0.06702087521553039,-0.19728894233703614,-0.18104545772075653,0.004903778899461031,0.1532265692949295,0.10542221295594494,-0.01863297770850967,-0.1333439032391192,
0.014722025394439698,-0.055326932668685914,-0.15227985382080078,-0.24376289546489716,0.07654281705617905,0.1399773508310318,0.08933300907701587,-0.023573552467275848,-0.11989896419906604,
0.030521586537361145,-0.05768747925758362,-0.11842067241668702,-0.24176552891731262,0.033732496201992035,0.12532995641231537,0.07812389627837896,-0.02388676773854647,-0.11183313077327589,
-0.0051108326762914665,-0.07825310230255128,-0.039210304617881775,-0.22585314512252808,-0.01713388040661812,0.14503735303878784,0.06518794657799915,-0.02178763123196417,-0.10403776502296952,
0.013981735706329346,-0.047575566172599795,0.06493726372718811,-0.24269764125347137,0.05969832092523575,0.15056341886520386,0.03725152269673981,-0.02103884872106365,-0.09054102511203171,
0.05135111808776856,-0.0366924524307251,0.11251952648162843,-0.19569283723831177,0.03479776158928871,0.1435060352087021,0.024974477602356177,-0.021439535765056222,-0.08282595141499817,
0.1234032154083252,0.010355351120233537,0.40368218421936036,-0.07751506567001343,0.003572198562324047,0.1213352233171463,0.0007023848990224732,-0.016995418590182464,-0.06740845739233765,
0.18534051179885866,0.03641766607761383,0.477251148223877,-0.009537877514958382,0.03153539076447487,0.09936413913965225,-0.007082927289826986,-0.01642182270147484,-0.0604206915818166,
0.2194213628768921,0.0562353253364563,0.5264544486999512,0.06742747873067856,0.0618288479745388,0.07193358242511749,-0.011309140478889264,-0.015962008555168442,-0.054269493105587846,
0.2319391965866089,0.07801595330238342,0.6116767406463623,0.21470028162002563,0.05550384148955345,0.03298484906554222,-0.010778714754107752,-0.011562225210924601,-0.044988152058876886,
0.2242525339126587,0.051133930683135986,0.5999329090118408,0.3047817051410675,0.05410568043589592,-0.0016362452879548073,-0.004714147087032595,-0.008247798246599667,-0.042215980425648544,
0.21657626628875734,0.02340548634529114,0.4976192951202393,0.3360738456249237,0.06615649163722992,-0.01714915782213211,0.006182473167310031,-0.00543328809886235,-0.04058036389470424,
0.1471216320991516,-0.030743107199668884,0.2309321165084839,0.34353071451187134,0.0949186310172081,-0.00023808516561985016,0.037800187770723886,0.0004438324556703774,-0.04017030069801398,
0.11921093463897706,-0.059446150064468385,0.15997365713119507,0.35198625922203064,0.09125678241252899,0.00542113184928894,0.054992447183669906,0.00454001458832177,-0.03987402787575536,
0.12488224506378175,-0.0870129406452179,0.01958042681217194,0.3671662509441376,0.03419855237007141,-0.03798839449882507,0.08948003371681786,0.012596702610317497,-0.03676398071709552,
0.12004433870315552,-0.10492570400238038,-0.04051097929477692,0.3487904369831085,0.017354056239128113,-0.07054553925991058,0.10441242186305334,0.012338710695007717,-0.03591686539280896,
0.06502160429954529,-0.12745753526687623,-0.2007162094116211,0.28221142292022705,0.03586302697658539,-0.06368789821863174,0.14116708243789464,0.016991590424532445,-0.03887014790569812,
0.030123484134674073,-0.12684032917022706,-0.2466447353363037,0.23420794308185577,0.027673806995153427,-0.05143735930323601,0.15756568606842827,0.01971624062696454,-0.041236170662892924,
0.01758236140012741,-0.13425037860870362,-0.27298717498779296,0.2030489593744278,-0.0014212285168468952,-0.04910709336400032,0.17183192383339602,0.022886865370062667,-0.04283792159233357,
0.005204581841826439,-0.1400504469871521,-0.3295059680938721,0.12808096408843994,-0.01127492543309927,-0.034259967505931854,0.195064879107957,0.02766427635517205,-0.04563298491527409,
-0.00480724759399891,-0.12746547460556032,-0.36080422401428225,0.03946428745985031,0.019418006762862206,-0.010957309044897556,0.20395790432735514,0.028483360912045817,-0.04788934443276808,
-0.029698050022125246,-0.13042763471603394,-0.3656331062316895,-0.02198815532028675,0.0001100890658563003,0.008284029550850391,0.21356698118482617,0.030218630742658726,-0.050072560637565766,
-0.02026784718036652,-0.13511507511138918,-0.330926251411438,-0.054811615496873856,-0.024857047945261,0.020201675593852997,0.21415538608257495,0.030988199227951797,-0.049534989473673526,
0.004151441901922226,-0.12046723365783692,-0.33848488330841064,-0.13730303943157196,-0.012406768277287483,0.030588004738092422,0.21106432804718928,0.029579508260694685,-0.04899715639456264,
0.00035479965154081586,-0.0978506088256836,-0.34324135780334475,-0.20148521661758423,0.003372461535036564,0.03371721878647804,0.20680905988850928,0.02784421782425856,-0.04874590603753512,
0.00402434878051281,-0.08209731578826905,-0.29850406646728517,-0.2176639288663864,-0.020662568509578705,0.02672642096877098,0.1996086021328611,0.0264203000679963,-0.04773790563371176,
0.02454972416162491,-0.0896403968334198,-0.18918459415435793,-0.2325776219367981,-0.04802655056118965,0.011080349795520306,0.17911840877709712,0.02428954859302099,-0.04520503431576823,
0.05760344862937927,-0.1120076060295105,-0.18702298402786255,-0.2736568748950958,-0.029317842796444893,0.0007605999708175659,0.1679176692624283,0.0220658865822562,-0.045201279649435995,
-0.0036443378776311874,-0.10593523979187013,-0.16923446655273439,-0.31287193298339844,-0.04236733168363571,0.03724590688943863,0.14290217208183773,0.01797312400756572,-0.04670675604649633,
-0.024580632150173188,-0.09164990186691285,-0.10081802606582642,-0.3205951154232025,-0.03777337819337845,0.04177328199148178,0.12787436878733344,0.016311519612002206,-0.04682308289007011,
0.04283232390880585,-0.07718953490257263,-0.04837475121021271,-0.3393038213253021,-0.03344574198126793,0.009082977660000324,0.11195439098487035,0.013581848848319644,-0.045758915965900905,
0.06361637711524963,-0.03732452988624573,0.005506022647023202,-0.311407208442688,-0.09549739211797714,-0.0026349304243922234,0.07622049664806305,0.0051233193121341305,-0.04408373552206797,
0.04452110528945923,-0.020851302146911624,0.1354845404624939,-0.28284478187561035,-0.10528451204299927,0.0008937576785683632,0.05838366493811259,0.0027932998565495773,-0.04446283576944197,
0.08300812244415284,-0.007467573881149292,0.21864593029022217,-0.2741895318031311,-0.053153134882450104,0.014209563843905926,0.02715057467070568,-0.006866427555726355,-0.045760382181618,
0.0872574269771576,0.016587771475315094,0.32357113361358647,-0.1965583711862564,-0.06260735541582108,-0.010491255670785904,0.012353354223591692,-0.0110461879420134,-0.045661860903024536,
0.14376319646835328,0.0412816196680069,0.5667119979858398,-0.04515765607357025,-0.061342354863882065,-0.051237624138593674,-0.013777022258267038,-0.016840350550801273,-0.04483844210771682,
0.125416100025177,0.0534686028957367,0.5922243595123291,0.022553419694304466,-0.0036849493626505136,-0.05842776969075203,-0.02078034404068099,-0.020477887187388404,-0.046221962099865344,
0.10357115268707276,0.061684006452560426,0.5479120254516602,0.08127612620592117,0.025343507528305054,-0.06109093129634857,-0.0231900740654935,-0.023804732787330706,-0.04860924097915663,
0.05604044198989869,0.03904675841331482,0.4804147243499756,0.17029228806495667,0.031202461570501328,-0.0630883052945137,-0.019744638578488658,-0.024662802489537436,-0.054584268745508605,
0.021404294669628145,0.03047955632209778,0.38970160484313965,0.2120373398065567,0.02314639836549759,-0.05596434697508812,-0.01359696546317391,-0.02340194709675071,-0.05785276621924993,
-0.030384549498558046,0.01347687691450119,0.1913788437843323,0.23387525975704193,0.018019814044237137,-0.04677643999457359,0.005478393448541992,-0.02055602817739193,-0.0641176897364219,
-0.04362127184867859,0.01159261018037796,0.09549529552459718,0.2222239226102829,0.022480608895421028,-0.038121167570352554,0.017115640295455977,-0.019467708034603605,-0.06678766043706949,
-0.04321306347846985,0.004997581616044045,0.01371321827173233,0.215566024184227,0.020882712677121162,-0.03492537513375282,0.029084151119231075,-0.01839628735050357,-0.06910456740596192,
-0.04643353819847107,-0.02514600157737732,-0.05728838443756104,0.20264969766139984,0.02254718728363514,-0.03266168758273125,0.05179426959668561,-0.015553021759466644,-0.07259109238183052,
-0.04964418113231659,-0.050948143005371094,-0.0987379014492035,0.18267598748207092,0.008232696913182735,-0.02653641626238823,0.06273837547574099,-0.01405961195999835,-0.07410811140646432,
-0.07655115723609925,-0.09481257796287537,-0.19241572618484498,0.1344727724790573,0.00024321343516930938,-0.0024348078295588493,0.0829247154892571,-0.011623839667245946,-0.07673926811532136,
-0.09794257879257202,-0.11072756052017213,-0.22871758937835696,0.09865324944257736,-0.017267070710659027,0.02233259007334709,0.09132591753971338,-0.011158111338563616,-0.07758710547096746,
-0.1151655673980713,-0.12335128784179689,-0.2571626901626587,0.05724109336733818,-0.02632181905210018,0.05435710400342941,0.09827772893615296,-0.01107081949665567,-0.07780646897387722,
-0.10838859081268311,-0.14519500732421875,-0.3278143167495728,-0.04236113280057907,-0.010942063294351101,0.11853928864002228,0.10757753148950085,-0.0137724256957733,-0.07573633940162815,
-0.0900590717792511,-0.14152724742889405,-0.34608159065246585,-0.11400016397237778,0.026541929692029953,0.13771404325962067,0.10875493013701827,-0.016170926023646247,-0.07243225712446535,
-0.05180529356002808,-0.1297919988632202,-0.3308901309967041,-0.15301547944545746,0.025609822943806648,0.14177536964416504,0.10659694864720426,-0.018655303023919875,-0.06708997607793177,
-0.05886837840080261,-0.0925329089164734,-0.23472301959991457,-0.1953597366809845,0.0026400585193187,0.15402591228485107,0.09366673678757571,-0.0207344041684665,-0.05302857451817108,
-0.05766822695732117,-0.07508201599121095,-0.20471885204315188,-0.22338950634002686,-0.0056823198683559895,0.17493171989917755,0.08478577869533102,-0.022045810880290607,-0.04579004034591918,
-0.02891906499862671,-0.03312632441520691,-0.08215091824531556,-0.2266518771648407,-0.006547847297042608,0.15742143988609314,0.06279079225021966,-0.025791491526978128,-0.029733694119844344,
0.005281883850693703,-0.0172497496008873,0.003215707838535309,-0.17691761255264282,-0.04250047728419304,0.13931141793727875,0.05032238245722004,-0.02751086327530298,-0.02096152900330321,
0.020247285068035126,-0.0034879788756370547,0.1040079951286316,-0.13683703541755676,-0.06347287446260452,0.14397194981575012,0.03791283976162073,-0.02889729635973533,-0.012753682405089804,
0.0302523672580719,0.017342256009578706,0.21069533824920655,-0.12898071110248566,-0.0063480655662715435,0.16900567710399628,0.01855850572363285,-0.03447950343634293,0.0013426922058297603,
0.06029062271118164,0.034243062138557434,0.25673272609710696,-0.08630356937646866,0.0383930429816246,0.15216118097305298,0.01085921527549808,-0.03753435085707027,0.008988926085142958,
0.139121150970459,0.03350854516029358,0.3799752473831177,0.0175597183406353,0.014824066311120987,0.11327902972698212,-0.002777961521897686,-0.03632655388142572,0.025697173144828632,
0.14600715637207032,0.04154043197631836,0.3737639665603638,0.06436477601528168,0.02188144251704216,0.09070874005556107,-0.00590536226982865,-0.03460388220607373,0.032642054818056467,
0.14505079984664918,0.04682489037513733,0.30511686801910404,0.06349924951791763,0.055437274277210236,0.09037584811449051,-0.0055985047369517165,-0.033709091461760474,0.038405902056609244,
0.15077383518218995,0.05258850455284119,0.22368788719177246,0.10764114558696747,0.10290811955928802,0.051826588809490204,-0.0003137820102905061,-0.030757226284006973,0.047907407043322005,
0.18089648485183718,0.03427908718585968,0.23961572647094728,0.14346066117286682,0.108167864382267,0.01707233488559723,0.0027741148624890817,-0.027041796035437823,0.05223908986189751,
0.16899098157882692,0.02496517300605774,0.2064882278442383,0.14599066972732544,0.12155024707317352,-0.001370057463645935,0.007573649051874411,-0.022010827467881522,0.05537038907801575,
0.13252387046813965,0.004053464531898499,0.07838561534881593,0.14239540696144104,0.11915340274572372,-0.01548481173813343,0.021636724717974593,-0.010710886752902781,0.05792966572761663,
0.10910289287567139,-0.001929607428610325,0.05575076341629029,0.13527144491672516,0.12161682546138763,-0.030931144952774048,0.02896902276739793,-0.004424319288488648,0.058006791502400214,
0.1335505485534668,-0.01204371526837349,0.054969567060470584,0.16849438846111298,0.11755550652742386,-0.03692325949668884,0.04297024495265318,0.007888142862933548,0.05740562750185048,
0.154594624042511,-0.002786574885249138,0.08396213650703431,0.18999940156936646,0.13479948043823242,-0.08106515556573868,0.05010919251400548,0.014141067509112353,0.056744520593708755,
0.22333097457885742,-0.02406696230173111,-0.0049004945904016495,0.2022499442100525,0.07640966773033142,-0.13546022772789001,0.06736221727642047,0.026537152448834023,0.054384793464117266,
0.1749831795692444,-0.04565947055816651,-0.05991671681404114,0.18347465991973877,0.03825988247990608,-0.12227757275104523,0.07590734279244457,0.025890543686434984,0.050610538427697804,
0.10340248346328736,-0.08197784423828125,-0.1947110176086426,0.12388642877340317,0.03206803277134895,-0.10390175879001617,0.09493552662439755,0.03650534996129706,0.03965722152009042,
0.10231302976608277,-0.1020691990852356,-0.25112028121948243,0.07375483214855194,-0.0005560830468311906,-0.09444303810596466,0.10283873854855631,0.03988965207498682,0.03445893044262221,
0.07450327873229981,-0.11421922445297242,-0.2818409204483032,0.026217401027679443,-0.05601641163229942,-0.07433617115020752,0.1126144564623884,0.04538631708301996,0.025292169022969723,
0.050426119565963747,-0.0986873209476471,-0.2851113796234131,-0.04329110309481621,-0.06680221855640411,-0.07260511815547943,0.11483762389837998,0.04581006060190208,0.0206019538827099,
0.08864793181419373,-0.07076443433761596,-0.3180810213088989,-0.0865674689412117,-0.07645617425441742,-0.08711934834718704,0.11436048657609686,0.04274907606111664,0.011428094165667426,
0.09915196299552918,-0.06504248380661011,-0.2650763511657715,-0.12358541041612625,-0.08424592763185501,-0.09124724566936493,0.11048363892428195,0.04097834858917603,0.00658117421864759,
0.09603944420814514,-0.009129410982131958,-0.2690856695175171,-0.19961866736412048,-0.08431250602006912,-0.10616094619035721,0.09964444113966295,0.03636080295426375,-0.004526356554041892,
0.10414241552352906,0.0016178570687770844,-0.23174932003021242,-0.22212238609790802,-0.08857356011867523,-0.1374530792236328,0.09131604032643985,0.0337332203873548,-0.010390765638516403,
0.14157315492630004,-0.009658723324537278,-0.17270219326019287,-0.29382798075675964,-0.08504487574100494,-0.18352577090263367,0.06945066449453367,0.028139276583101513,-0.02375344201871109,
0.09865891933441162,0.002961269021034241,-0.1326063871383667,-0.2834416627883911,-0.09969225525856018,-0.1982397437095642,0.05640186839407727,0.02515074996812917,-0.03236170087144825,
0.06133297681808472,-0.02419238090515137,0.10557010173797608,-0.19835366308689117,-0.16999971866607666,-0.2246716171503067,0.025156350525468066,0.017435718224190107,-0.05226239244560307,
0.03476462364196777,0.012580029666423798,0.17728395462036134,-0.2092726230621338,-0.13977283239364624,-0.2468424290418625,0.011277647110477962,0.01193055420104013,-0.06316140699878679,
0.05629082322120667,0.00010448801331222058,0.2001032590866089,-0.1713891625404358,-0.10714910924434662,-0.2507040202617645,-0.010025327093490133,-0.004381982959047847,-0.08627119355915151,
-0.011159139871597291,-0.04350598454475403,0.3421594381332398,-0.06705981492996216,-0.12892045080661774,-0.23452530801296234,-0.020594294286301003,-0.011099253442830454,-0.09892278197336835,
-0.06941036581993103,-0.11540133953094484,0.4798433303833008,0.02541845291852951,-0.028452696278691292,-0.1801302433013916,-0.03337636906499902,-0.025064411655111835,-0.12275877845196065,
-0.13003125190734863,-0.10732510089874268,0.5100076198577881,0.09086564183235168,0.032666854560375214,-0.1277325451374054,-0.03435935533764213,-0.03180907195883906,-0.1336807598905069,
-0.14890314340591432,-0.09953603744506836,0.4958511829376221,0.144528329372406,0.04132212698459625,-0.09943646192550659,-0.03273412601698127,-0.035255343158679384,-0.1432394948065374,
-0.16505174636840822,-0.0832258701324463,0.3905684471130371,0.21650026738643646,0.01988367736339569,-0.060354575514793396,-0.022165683570988387,-0.03379554506719886,-0.1569830517895913,
-0.15372352600097658,-0.05749636292457581,0.301194715499878,0.22555500268936157,0.032800011336803436,-0.05156613886356354,-0.013106196967258782,-0.03246463599716445,-0.16157245824786653,
-0.13798222541809083,-0.038654899597167974,0.13620457649230958,0.24765704572200775,0.03180168196558952,-0.03599076718091965,0.009396550312394746,-0.03009593204354804,-0.1677340170261997,
-0.14708292484283447,-0.055182093381881715,0.0764026939868927,0.25311654806137085,0.020549828186631203,-0.03499208018183708,0.02142529829652169,-0.027701103019043154,-0.16990815787144706,
-0.13983423709869386,-0.07804238200187684,-0.06542638540267945,0.2323438674211502,0.008765339851379395,0.0014932258054614067,0.043957706544927186,-0.01845562958940046,-0.17305379050144337,
-0.16233723163604738,-0.08261696100234986,-0.1320015788078308,0.18607144057750702,0.01782008819282055,0.0401090607047081,0.056752327082791314,-0.01745266140371966,-0.17424163656639224,
-0.16847599744796754,-0.08859524130821228,-0.19512901306152344,0.13154321908950806,0.032467473298311234,0.08052253723144531,0.06875041126920797,-0.016978350147709678,-0.17430729432107064,
-0.1618066191673279,-0.11272786855697632,-0.2860651731491089,0.06789366900920868,0.018951931968331337,0.12519705295562744,0.08698600752003062,-0.016094168655880047,-0.1694331737100063,
-0.13974417448043824,-0.1165593147277832,-0.29238884449005126,0.02981046587228775,0.011228764429688454,0.15189523994922638,0.09238737176274261,-0.01599893388016225,-0.16435724739203256,
-0.1127241611480713,-0.11302000284194946,-0.28724489212036136,-0.011734847910702229,0.01222744956612587,0.17160263657569885,0.09563281469823891,-0.01689178455090805,-0.15804943044349634,
-0.0748695194721222,-0.092686927318573,-0.3243961095809937,-0.10507864505052567,0.03359931707382202,0.17659606039524078,0.0973538415925225,-0.020484399524896692,-0.1427843787536289,
-0.03824493885040284,-0.07952289581298828,-0.31895554065704346,-0.13870106637477875,0.029604576528072357,0.16787421703338623,0.0949214534999182,-0.022312891029716973,-0.13396862910603816,
-0.029762792587280276,-0.06354655623435974,-0.25742335319519044,-0.14875449240207672,0.011827975511550903,0.16274762153625488,0.08945740023792557,-0.02336994452650561,-0.12488770497315338,
-0.057511359453201294,-0.07025514245033264,-0.17536460161209108,-0.18510664999485016,-0.022593382745981216,0.20056451857089996,0.07411366912702305,-0.024995822400687744,-0.10756958161487447,
-0.05218740701675415,-0.04576310217380524,-0.16171729564666748,-0.23963487148284912,0.042654067277908325,0.1935071349143982,0.06564742607697854,-0.027148409861850433,-0.09915610311353262,
0.03037247955799103,-0.01632179319858551,-0.14150717258453369,-0.2424977719783783,0.04338643327355385,0.155024453997612,0.05570464358522891,-0.0301909022960162,-0.08959404290300184,
0.07664043307304383,-0.002132825180888176,0.04611136913299561,-0.21020694077014923,0.036462217569351196,0.12100259214639664,0.029990594708197676,-0.03103110879051678,-0.07026280464075375,
0.09174572229385376,0.005420711264014244,0.13871673345565796,-0.18330900371074677,0.07121647149324417,0.1086854636669159,0.017221233275980387,-0.029901013901646,-0.06282863076408418,
0.09797549843788148,0.025224170088768007,0.25929644107818606,-0.13190999627113342,0.06242803856730461,0.09976387768983841,-0.004960341755889139,-0.025663899852376344,-0.05045692909302544,
0.10365997552871704,0.03683329224586487,0.3392248868942261,-0.06939008086919785,0.0280728992074728,0.08152533322572708,-0.014135506777184857,-0.021793729788465648,-0.04517511018868032,
0.14018187522888184,0.03675501942634583,0.42082991600036623,0.018693970516324043,0.003971290774643421,0.05076582729816437,-0.021580798561499377,-0.018172031231232403,-0.040248701664902756,
0.17576717138290407,0.021627284586429596,0.5956792831420898,0.1492554396390915,0.03786001726984978,0.03571896255016327,-0.02827185297342482,-0.014628328997222273,-0.03251075661452521,
0.15631388425827028,0.017335572838783266,0.6064431190490723,0.23980292677879333,0.08220164477825165,0.033655017614364624,-0.025575950631853053,-0.014245928018275105,-0.030341449643676004,
0.15167216062545777,0.011945603042840959,0.5557886600494385,0.3046509027481079,0.07640927284955978,0.004093925468623638,-0.018812944763149108,-0.012664577654198534,-0.028635108678111643,
0.16969019174575806,-0.010878939181566238,0.3695093631744385,0.35551729798316956,0.04112239181995392,-0.037651125341653824,0.004919088770437269,-0.004942682913989559,-0.025699398203593977,
0.12803927659988404,-0.019839008152484894,0.23535687923431398,0.34712833166122437,0.05117582529783249,-0.0357203334569931,0.021411335277736535,-0.001526609720102041,-0.02606885559022511,
0.05598447918891907,-0.05138357281684876,0.03405269086360931,0.3237590789794922,0.06608952581882477,-0.022604264318943024,0.05713722741471149,0.0034577802112510884,-0.028537328741905003,
0.05753322243690491,-0.07338778972625733,-0.019007633626461032,0.3119080364704132,0.05916530638933182,-0.02619953267276287,0.07169882483808566,0.004016470228233821,-0.029318567311650254,
0.03403644263744354,-0.095794016122818,-0.1253823757171631,0.2830792963504791,0.03359895944595337,-0.03312375396490097,0.10476491245351455,0.010892658507697604,-0.029860850804859024,
0.023504428565502167,-0.10727219581604004,-0.16970603466033937,0.2517871558666229,0.017220517620444298,-0.02619953267276287,0.12028930820463624,0.013993677294786356,-0.030346188644322404,
-0.0070487275719642644,-0.11082403659820557,-0.2506249189376831,0.19366365671157837,-0.011608202010393143,-0.010886356234550476,0.14849482470769046,0.01828769771482025,-0.032056691780415356,
-0.018597666919231415,-0.10995767116546631,-0.29800374507904054,0.12908199429512024,0.00010970722360070795,0.0035612937062978745,0.1606625576244292,0.019223536653903944,-0.0329764079509536,
-0.029196977615356445,-0.10570253133773805,-0.3291735410690308,0.07908115535974503,0.003638395806774497,0.018208680674433708,0.17095179136219232,0.01919312550526954,-0.03382555467441159,
-0.013818487524986267,-0.09018574357032777,-0.31581709384918216,0.02728266641497612,-0.011741360649466515,0.0208718404173851,0.18410190761250064,0.01888339240652733,-0.033377311211328795,
-0.0006119303405284882,-0.08247938752174377,-0.3132163524627686,-0.021386604756116867,-0.027986643835902214,0.009886302053928375,0.18755798470686144,0.018274733807714178,-0.03249108166500794,
0.019986347854137422,-0.07147453427314758,-0.3297599315643311,-0.09082853049039841,-0.020463213324546814,0.008221825584769249,0.18969285630062926,0.015980033550390006,-0.03179355655062498,
0.012116194516420365,-0.0645729959011078,-0.32615361213684085,-0.13483726978302002,-0.025456640869379044,0.014147359877824783,0.18780719992670575,0.014548477607252615,-0.03222125244943399,
0.014032740890979768,-0.05911371111869812,-0.30648579597473147,-0.18670439720153809,-0.037440527230501175,0.0010940087959170341,0.17812849749710202,0.012061959628707625,-0.03258819802388055,
0.027330490946769717,-0.07161235809326172,-0.3046241521835327,-0.2415655106306076,-0.04230079799890518,0.0026253266260027885,0.170577951033951,0.010481372374336153,-0.03286103703354391,
