-0.130426287651062,-0.11355003118515015,0.31960270404815677,0.13905873894691467,0.09645121544599533,-0.17522232234477997,-0.018666714480683425,-0.04986341690580326,-0.18780439626342615,
-0.19897091388702393,-0.1290494441986084,0.2362902879714966,0.16016428172588348,0.13912837207317352,-0.08700509369373322,-0.010185879499483304,-0.0495414871415142,-0.20025851190469088,
-0.23656010627746582,-0.12349579334259034,0.19445353746414185,0.19372011721134186,0.07681039720773697,-0.06257059425115585,-0.0017085726307273454,-0.045470990121944985,-0.2099813199508684,
-0.20316424369812014,-0.0923812508583069,0.12018301486968995,0.2565041482448578,-0.025188671424984932,-0.0616384893655777,0.015901152716417274,-0.03245327216378686,-0.21947140188318087,
-0.20184986591339113,-0.07881563901901245,0.07858267426490784,0.2546399235725403,-0.04116763919591904,-0.03786977380514145,0.02679937520648959,-0.029619461615610517,-0.22247621706489684,
-0.2134462594985962,-0.07580546140670777,-0.001554712001234293,0.23173673450946808,-0.00881023146212101,0.004341328516602516,0.039503880872776925,-0.029133200622761153,-0.2257611254251691,
-0.1993189811706543,-0.06471105217933655,-0.05759072303771973,0.20523828268051147,-0.0012202224461361766,0.0400276854634285,0.04999593593807592,-0.021155023248456185,-0.22893724695240433,
-0.17102919816970827,-0.07472187280654907,-0.09431064128875732,0.17607666552066803,-0.007278914097696543,0.06299745291471481,0.07374769868546038,-0.02257457053626691,-0.22932062716547338,
-0.1482001304626465,-0.08198458552360535,-0.11291171312332154,0.16722166538238525,-0.033444471657276154,0.0707206204533577,0.08366646004660987,-0.023201457011473033,-0.2269395344979108,
-0.14896602630615235,-0.08865622282028199,-0.12074160575866699,0.14611610770225525,-0.04309843108057976,0.08370353281497955,0.09261538025514039,-0.02428803253291209,-0.22405546696479042,
-0.15398057699203493,-0.09443750977516174,-0.18829200267791749,0.09385157376527786,-0.010341549292206764,0.12464963644742966,0.109033441526882,-0.029436147809713657,-0.21803887957372178,
-0.1467839479446411,-0.0940669059753418,-0.21658184528350832,0.028204651549458504,0.05057826265692711,0.1555422991514206,0.11568146609159154,-0.03302398919042042,-0.21435407513960053,
-0.12968770265579224,-0.09455862641334534,-0.23685622215270996,-0.02645673044025898,0.058434586971998215,0.17291942238807678,0.12048455515946031,-0.03615295707724194,-0.209136653917481,
-0.10263853073120117,-0.10175168514251709,-0.26431801319122317,-0.08917417377233505,0.055305372923612595,0.17857864499092102,0.12241126133702646,-0.03835055443727372,-0.19335463779369705,
-0.08297246098518372,-0.09453014731407167,-0.23641171455383303,-0.11394157260656357,0.039126668125391006,0.1791112720966339,0.11909443376259678,-0.03888108942309984,-0.18387822612996946,
-0.0788953185081482,-0.0937750518321991,-0.2073302984237671,-0.1439024806022644,0.02028486132621765,0.18816538155078888,0.11383215954661885,-0.03938866820603074,-0.17426930248281067,
-0.08099246025085449,-0.09619826674461365,-0.19979265928268433,-0.18611358106136322,0.01835406944155693,0.1919603794813156,0.10018522231834907,-0.041529712177260036,-0.15548941629005233,
-0.04209713637828827,-0.08522196412086487,-0.1583404064178467,-0.21660678088665009,0.04012541100382805,0.18204011023044586,0.09114426772536799,-0.04361891946356722,-0.1458300088604873,
-0.029529330134391785,-0.0816329061985016,-0.10047476291656494,-0.24177365005016327,0.021882757544517517,0.1954890787601471,0.06924891367625602,-0.04632356538205085,-0.12629624958492047,
-0.026824554800987246,-0.06746950149536134,-0.03072304129600525,-0.24470312893390656,0.047449104487895966,0.1912280172109604,0.056379180707691254,-0.04629159088106042,-0.1165811297608966,
0.01674409508705139,-0.027545529603958133,0.09967541098594666,-0.2485647201538086,0.0650925412774086,0.19695381820201874,0.028322731155173062,-0.04590478394412016,-0.09621520087018678,
0.03162981569766998,-0.007986526936292648,0.19717280864715578,-0.1872454285621643,0.0843338817358017,0.18856485188007355,0.014198400048559,-0.04369870379959465,-0.08645669729723038,
0.0819160521030426,0.021649326384067538,0.3255173683166504,-0.11434139311313629,0.09412100166082382,0.1677922010421753,-3.7055881001164024e-06,-0.040660679111058355,-0.07690573425090048,
0.16727653741836548,0.07569609284400941,0.5295642852783203,0.03825774043798447,0.08266940712928772,0.10860344022512436,-0.02203947326445546,-0.03178937808630795,-0.05911093067201784,
0.2000391960144043,0.1018072247505188,0.582110071182251,0.13945786654949188,0.05690332502126694,0.06319653987884521,-0.02727153564283966,-0.026416641640324888,-0.05195849988692787,
0.20883629322052003,0.10993015766143799,0.5794791698455811,0.21395979821681976,0.05217621475458145,0.03743046149611473,-0.02775913612165523,-0.02140516233672497,-0.045947269497676836,
0.1729283094406128,0.08667351603507996,0.48509788513183594,0.2887280583381653,0.07514597475528717,-0.0027832710184156895,-0.01567649334120742,-0.014436444690536258,-0.039168768161144306,
0.147868549823761,0.05591956973075867,0.3984148263931275,0.3250802159309387,0.08246967196464539,-0.015566444024443626,-0.004070767350493504,-0.011535629470488024,-0.03774104575320634,
0.04648438394069672,-0.03311004638671875,0.1447405457496643,0.3541752099990845,0.06635754555463791,-0.01882881671190262,0.04268448405874918,0.00026403570699567866,-0.038170510343469036,
0.037999686598777775,-0.05987023115158081,0.07632014155387878,0.36669206619262695,0.04651699587702751,-0.02528698369860649,0.06059303608549755,0.0038482031049052565,-0.038463923373434426,
0.023616950213909152,-0.09305266737937928,-0.06225966215133667,0.35004734992980957,0.047449104487895966,-0.02089276723563671,0.09450368300216068,0.00822556157940654,-0.039448416710826315,
0.016864362359046935,-0.10477496385574342,-0.11620343923568727,0.3235488533973694,0.06589148938655853,-0.01170486118644476,0.11242046407119369,0.010838629404706614,-0.039686020244982086,
0.02802514135837555,-0.11190689802169801,-0.17157065868377686,0.2814709544181824,0.05224279314279556,-0.014168284833431244,0.1294874849564423,0.013912514825247654,-0.039212107291889474,
0.03668389320373535,-0.110545814037323,-0.2495696783065796,0.2231477051973343,0.024745656177401543,-0.02388882264494896,0.15906647185699682,0.01954137529190149,-0.03799973143993848,
0.014588193595409395,-0.11041948795318604,-0.27963435649871826,0.17973817884922028,0.029872240498661995,-0.012437229976058006,0.1710787872708344,0.021245991503421477,-0.038356702938952485,
0.0033086083829402925,-0.11542295217514038,-0.3050513505935669,0.12900495529174805,0.03819461911916733,0.0010117338970303535,0.1811932490591741,0.022961096621635077,-0.038410218388737705,
-0.002425974048674107,-0.11178077459335328,-0.3232451438903809,0.072745680809021,0.0028411545790731907,0.010332797653973103,0.19546721245712528,0.02593960544366871,-0.03663293760570865,
0.016361567378044128,-0.10215919017791748,-0.3327025651931763,0.025674303993582726,-0.01873045042157173,-0.0022506387904286385,0.19985492880829756,0.026215000716440385,-0.035786850612740374,
0.0026252422481775287,-0.09090004563331605,-0.33778584003448486,-0.040704987943172455,-0.0167330801486969,-0.002383796963840723,0.2028567445148231,0.025010986619784174,-0.03668785302795815,
-0.010405813902616502,-0.08340765237808229,-0.3191433668136597,-0.07579213380813599,-0.025388352572917938,0.00886805821210146,0.20126511428744315,0.02444139898410607,-0.03731595105817489,
-0.02060481756925583,-0.06565755605697632,-0.2997746229171753,-0.12446140497922897,-0.029116779565811157,0.01972043886780739,0.19792588092228683,0.023368400585690615,-0.03780115146710507,
-0.002239618264138699,-0.04137041866779328,-0.27115008831024173,-0.17612673342227936,-0.046493906527757645,0.008601742796599865,0.1861849413725171,0.019850864931086013,-0.037937078305678856,
0.01592569798231125,-0.05839096307754517,-0.26043741703033446,-0.21334441006183624,-0.07725342363119125,-0.009041699580848217,0.17784138015849837,0.017965355735856805,-0.038216216356493186,
0.0008729198947548867,-0.07567006945610047,-0.2699593544006348,-0.2570202350616455,-0.09036948531866074,-0.00671143364161253,0.16829619815406302,0.01545443554016625,-0.039652203140259384,
-0.03286215364933014,-0.06480394005775451,-0.15417708158493043,-0.2809886932373047,-0.07878473401069641,0.011997274123132229,0.14331104642012218,0.008084751927698043,-0.04436826781091341,
-0.0009733513928949834,-0.08212381005287171,-0.13792520761489868,-0.3326539993286133,-0.04216626659035683,0.010532534681260586,0.12912763409713748,0.0040291395457437975,-0.04566297312231243,
0.0553928017616272,-0.09859681725502015,-0.023584754765033723,-0.34450507164001465,-0.055948127061128616,-0.01263696700334549,0.09647596639370376,-0.0011022976877303446,-0.046496344806596646,
0.05795559287071228,-0.0805875837802887,0.06209437251091004,-0.30196112394332886,-0.10182107985019684,-0.0427972674369812,0.07630967791334382,-0.005108386707139334,-0.047126145530305134,
0.021358105540275577,-0.04755816757678986,0.15207734107971194,-0.2908424139022827,-0.07119473069906235,-0.031745146960020065,0.044633370392129605,-0.01345186024381902,-0.0523859302394381,
0.02629383206367493,-0.024107402563095095,0.1725451707839966,-0.28678107261657715,-0.018863609060645103,-0.02149197831749916,0.030188703554301782,-0.018267932802806246,-0.054729413406878064,
-0.010958069562911989,0.001379132177680731,0.2637911558151245,-0.24590155482292175,-0.03131388872861862,-0.0044477470219135284,0.015283640955326715,-0.020362113290439236,-0.056440289540828484,
0.03077777624130249,0.053962725400924685,0.41275882720947266,-0.14030694961547852,-0.07712030410766602,-0.005579075310379267,-0.010568833064780587,-0.023334883774180366,-0.05744042044344164,
0.05086479783058167,0.09240190982818604,0.41716694831848145,-0.09789609909057617,-0.052020009607076645,-0.017163826152682304,-0.019125384409448536,-0.026806915326184497,-0.05742723509007072,
0.08530724048614502,0.13491425514221192,0.48330240249633794,-0.01387336291372776,-0.006013901438564062,-0.046658337116241455,-0.029736782489858712,-0.032899614134397945,-0.05859191228754968,
0.07680227756500245,0.12708468437194825,0.4953854560852051,0.07574200630187988,0.018886655569076538,-0.06902888417243958,-0.03117028246987257,-0.03379937377679061,-0.060783838505960044,
0.05485760569572449,0.10415908098220826,0.4324238777160645,0.13852602243423462,0.018154287710785866,-0.08314363658428192,-0.02878733456212641,-0.03356481589831336,-0.06414627088958692,
-0.003935988619923592,0.06272608637809754,0.2592924594879151,0.17907264828681946,0.031270354986190796,-0.08640602231025696,-0.015252411027335641,-0.032142025812060944,-0.07356832224193145,
-0.03463239371776581,0.041384640336036685,0.18623793125152588,0.20477215945720673,0.020417973399162292,-0.07788389921188354,-0.0059968177257015065,-0.03079970741397732,-0.07844747674513357,
-0.06447839736938477,0.026377257704734803,0.1270626425743103,0.2215500771999359,-0.008077851496636868,-0.06716467440128326,0.004292828521831599,-0.029332800504714884,-0.08265100537483719,
-0.07127234935760499,0.0067249201238155365,-0.006292163580656052,0.20137663185596466,0.013560333289206028,-0.054847557097673416,0.02758300059371404,-0.02483865009232669,-0.08994748920917957,
-0.07358821034431458,-0.0031768858432769777,-0.04284622669219971,0.18466529250144958,0.019152972847223282,-0.04645859822630882,0.03847764802258637,-0.02367972797108128,-0.09288611459894046,
-0.08988832235336304,-0.02473753243684769,-0.08596319556236268,0.16828684508800507,0.007301904261112213,-0.03753700852394104,0.05793483084141638,-0.02110766403234695,-0.09753261192389778,
-0.1037183165550232,-0.03534183204174042,-0.12142425775527954,0.1451173573732376,0.002707951469346881,-0.02448751963675022,0.06689731180902822,-0.02027154027609579,-0.09941871597173393,
-0.1143004059791565,-0.04943042099475861,-0.13937195539474487,0.12607574462890625,-0.0048820581287145615,-0.0014511756598949432,0.07491672692689995,-0.019635768527029068,-0.10093673388578471,
-0.11563122272491455,-0.06779258251190186,-0.17441763877868655,0.09278623759746552,-0.010141801089048386,0.02258385345339775,0.08818996845942455,-0.019722756968813912,-0.10165107847856558,
-0.11750819683074952,-0.07510653734207154,-0.197739052772522,0.051507242023944855,-0.01540154404938221,0.03956150636076927,0.09324088226945455,-0.020472972564972772,-0.10087251053057256,
-0.12474460601806642,-0.09042212963104249,-0.21067595481872559,0.019016677513718605,-0.0198623389005661,0.05966837331652641,0.0967824980738736,-0.0215129958917925,-0.09951212098619967,
-0.125789749622345,-0.1058582901954651,-0.21764860153198243,-0.02572442963719368,-0.013737068511545658,0.10134685039520264,0.09924695420610766,-0.025019487126091693,-0.09474716334105052,
-0.113277804851532,-0.11049712896347047,-0.2194976091384888,-0.060478683561086655,-0.007678376976400614,0.11366397142410278,0.09819967662614557,-0.02715388608229083,-0.0906378859876926,
-0.11675735712051392,-0.10071558952331544,-0.2231597423553467,-0.10748423635959625,-0.014735630713403225,0.13157230615615845,0.09183234308508828,-0.031426635715840034,-0.08002306952888216,
-0.13797854185104372,-0.094513338804245,-0.19959877729415895,-0.1347816288471222,-0.038238026201725006,0.1698552519083023,0.08626685314253942,-0.03364024715410731,-0.0740263852766651,
-0.12437365055084229,-0.08038120269775391,-0.15906906127929688,-0.1576848179101944,-0.023923536762595177,0.18976238369941711,0.07908868382482653,-0.03708821379340318,-0.06682040987792996,
-0.10584899187088014,-0.0635825514793396,-0.12000446319580078,-0.1998959183692932,-0.02718590945005417,0.2209213674068451,0.061317960883483666,-0.04406184271292985,-0.048956880516465004,
-0.08059749603271485,-0.04643151760101319,-0.057569450139999395,-0.2136112004518509,-0.026187222450971603,0.23277243971824646,0.05029316285327819,-0.04694369932772385,-0.03866590983388131,
-6.23784784693271e-05,-0.02633708417415619,0.09426952600479127,-0.19849775731563568,-0.02279169298708439,0.22285215556621552,0.02521765642433376,-0.052333029966898856,-0.015523650736442029,
0.024414572119712832,-0.02171095609664917,0.18006609678268434,-0.14816401898860931,-0.034443024545907974,0.21273215115070343,0.012895870442519441,-0.05411133374494507,-0.004006782668545444,
0.06186754703521729,-0.013687732815742494,0.26000888347625734,-0.0927036926150322,-0.03610749915242195,0.20381055772304535,0.001886884777395927,-0.05583249362011008,0.007324406358745961,
0.11822941303253175,0.011487456411123276,0.3133560657501221,-0.05768312141299248,-0.011806152760982513,0.2034776657819748,-0.013125004219204303,-0.058881424265298216,0.028792588055801677,
0.15346894264221192,0.03022718131542206,0.317873477935791,-0.008880692534148693,0.07487974315881729,0.1926918625831604,-0.017805193124593506,-0.05846445124459624,0.039313980093412304,
0.17450404167175293,0.044669896364212036,0.33544886112213135,0.05177280306816101,0.075545534491539,0.1673918217420578,-0.02101561295892931,-0.05523668985330861,0.04939354902444235,
0.22118730545043946,0.0631113350391388,0.29703991413116454,0.10929708182811737,0.04984602704644203,0.12930862605571747,-0.02016533112388989,-0.046368365860808586,0.06680484962162533,
0.24193716049194336,0.07723429799079895,0.25303373336791996,0.14538292586803436,0.06882105022668839,0.08037303388118744,-0.015918776916376005,-0.043263876730143966,0.07358969866331064,
0.24585301876068116,0.07702935338020325,0.2124121904373169,0.17720769345760345,0.09531950205564499,0.0422232523560524,-0.00989320491773105,-0.040211831667262256,0.07873017378728528,
0.22509748935699464,0.057006949186325075,0.12064062356948853,0.208100363612175,0.10464056581258774,-0.01183891948312521,0.0066511331687570075,-0.031106323294808415,0.08408418874592824,
0.19339715242385866,0.05101126432418823,0.04905811548233033,0.20923221111297607,0.09105844795703888,-0.035674214363098145,0.01691451658475153,-0.025726524356066073,0.08510814269676127,
0.16701781749725342,0.037636649608612065,-0.013347002863883973,0.19218797981739044,0.07567869126796722,-0.05424975976347923,0.027753973128003283,-0.02086532289872928,0.0849552654068445,
0.1378614902496338,0.02827083170413971,-0.09527214765548707,0.15983057022094727,0.05537208542227745,-0.08367769420146942,0.05098720742550774,-0.022254523530837088,0.08185757801455786,
0.1398699998855591,0.014853821694850923,-0.10989314317703247,0.14624899625778198,0.04478593170642853,-0.11097405850887299,0.05972138336805267,-0.01861178855778856,0.07896282945980515,
0.13621526956558228,0.005415081977844238,-0.12094173431396485,0.1343313604593277,0.03599749878048897,-0.12402354925870895,0.0677579976386344,-0.015059926891361439,0.07473267158462389,
0.10627579689025879,-0.019694462418556213,-0.18266489505767824,0.09058892726898193,0.03240223228931427,-0.1303485631942749,0.08218201939319648,-0.0083506710189739,0.06379015870497912,
0.08174732923507691,-0.02596169114112854,-0.20436675548553468,0.04817808419466019,-0.006812816020101309,-0.13480935990810394,0.0878082181006212,-0.004789762705500927,0.057912801927225074,
0.07096714973449707,-0.04294616580009461,-0.21512465476989748,0.010228038765490055,-0.08251316845417023,-0.14819173514842987,0.0940867245688688,-0.0005895118456126358,0.0449387922021867,
0.050286012887954715,-0.05540708899497986,-0.18823690414428712,0.0021719764918088913,-0.15601642429828644,-0.16490307450294495,0.09478906447430513,-0.002082660229609373,0.036640289699744796,
0.04699671566486359,-0.06064664721488953,-0.17113596200942993,-0.010211722925305367,-0.14290034770965576,-0.1808820366859436,0.09495019842747665,-0.006404011433294858,0.02690057872129717,
0.027373266220092774,-0.059106463193893434,-0.22115755081176758,-0.08644471317529678,-0.10654819756746292,-0.16437044739723206,0.09539078200380242,-0.011543274197518594,0.016037902287120827,
-0.009848490357398987,-0.08803807497024536,-0.25739545822143556,-0.1822519302368164,-0.06626788526773453,-0.13194645941257477,0.09009385705876369,-0.018128252575683273,-0.004058569645741352,
0.001195530965924263,-0.09104788303375244,-0.18307807445526125,-0.18671272695064545,-0.07072868198156357,-0.13554172217845917,0.0822883014319718,-0.0200663512543338,-0.012056641660895196,
0.04017727673053742,-0.11914923191070557,-0.1244819164276123,-0.2110806405544281,-0.04090127721428871,-0.1573796421289444,0.06431041172932889,-0.023667641354561984,-0.026982796360691137,
0.015848438441753387,-0.12130608558654786,-0.10803606510162354,-0.2364472597837448,-0.024922311305999756,-0.14939016103744507,0.05478479425831252,-0.024905016682256722,-0.03515057295025004,
-0.03647125959396363,-0.10554062128067017,-0.06538025736808777,-0.2532917559146881,-0.019396251067519188,-0.13347777724266052,0.04403355274187841,-0.025235196163874186,-0.043350582826149835,
-0.016237105429172515,-0.07751435041427612,0.03597831428050995,-0.22805829346179962,-0.024389678612351418,-0.14446331560611725,0.01631611553983258,-0.024969446614282104,-0.057211982632854506,
-0.019520179927349092,-0.052329379320144656,0.12122983932495118,-0.19856378436088562,-0.03690653666853905,-0.1471264809370041,0.00403220471419034,-0.02535303356152986,-0.06435062144561055,
0.01138972267508507,0.0179549515247345,0.14512571096420288,-0.19683273136615753,0.001309825573116541,-0.17515625059604645,-0.016070418354892597,-0.028891696653515715,-0.07934290637408366,
0.01559254825115204,0.04469553232192994,0.22172250747680666,-0.16693875193595886,0.04891383275389671,-0.19566258788108826,-0.02565568109003883,-0.030018640942148456,-0.0882369851288493,
-0.049244812130928045,0.05486157536506653,0.34513857364654543,-0.07972022891044617,0.024013275280594826,-0.20058943331241608,-0.04164956947493419,-0.028847955645255465,-0.11003371587174521,
-0.06807224154472351,0.07934042811393738,0.3982552528381348,0.0005730469711124897,-0.009209493175148964,-0.21976612508296967,-0.046391625401823365,-0.028097719072159584,-0.12209636388575112,
-0.06480075716972351,0.06373419165611267,0.3591456413269043,0.06522128731012344,-0.0026847475674003363,-0.23547878861427307,-0.04610107383255492,-0.03147066071680128,-0.1456468445789065,
-0.07380086779594422,0.0010053605772554874,0.30556640625000003,0.09218579530715942,0.05916716903448105,-0.20045821368694305,-0.04224776972793962,-0.033666610070618726,-0.1573960381350908,
-0.13051185607910157,-0.06906406879425049,0.2033535957336426,0.11622082442045212,0.13140541315078735,-0.13381260633468628,-0.031195029505270415,-0.03183652091904077,-0.17939453594279964,
-0.15222924947738647,-0.07196792960166931,0.1595914363861084,0.14125452935695648,0.12008698284626007,-0.09672807902097702,-0.024839262645414032,-0.026721569082254797,-0.18781663299648485,
-0.14797033071517945,-0.0652060329914093,0.12182219028472902,0.16755324602127075,0.08333536237478256,-0.08507674932479858,-0.017984542153958435,-0.02045519015570361,-0.19423719184464808,
-0.14810912609100343,-0.04954125285148621,0.035933282971382145,0.19225406646728516,0.03260213881731033,-0.06643462181091309,-0.0014451392444790503,-0.010956809799204137,-0.20365487632957008,
-0.15798327922821045,-0.040796831250190735,-0.0022852236405014993,0.19418485462665558,0.027209235355257988,-0.04253275319933891,0.007863510007272093,-0.007498601059488986,-0.20741761473141127,
-0.14325746297836303,-0.03933665454387665,-0.04231192469596863,0.17434430122375488,0.005038419272750616,-0.008577447384595871,0.014387069222817654,0.00849158803200241,-0.2109766476547352,
-0.15070776939392092,-0.043542081117630006,-0.09974871277809144,0.15330533683300018,-0.014868710190057755,0.03822760656476021,0.03274467299020131,0.01042406169175815,-0.2128212120901977,
-0.14061986207962038,-0.04645715951919556,-0.10611261129379274,0.13905742764472961,-0.026919513940811157,0.054938945919275284,0.04078513575493533,0.009925210324347122,-0.21171021637664886,
-0.12425658702850342,-0.04799786508083344,-0.13607846498489382,0.11981608718633652,-0.033577416092157364,0.06845448911190033,0.04847942696542236,0.008663256714683584,-0.20961818390734593,
-0.13688021898269653,-0.05922380089759827,-0.17629725933074952,0.08519499748945236,-0.04276532307267189,0.11086533218622208,0.06163826466850673,0.004426218760788736,-0.20380759485377248,
-0.12879356145858764,-0.06202113628387451,-0.20297732353210451,0.05030757933855057,-0.04509558901190758,0.14009352028369904,0.06676245525796744,0.0014538465302193204,-0.19956437248697995,
-0.07706703543663025,-0.054808771610260015,-0.23019833564758302,0.00862910971045494,-0.04296506196260452,0.1446208953857422,0.07297124941783684,-0.005876049882487073,-0.18761183899100387,
-0.06597036719322205,-0.055177885293960574,-0.2301729202270508,-0.02952067367732525,-0.06227297708392143,0.13876193761825562,0.07384960333536456,-0.009742138505560905,-0.1808850183953375,
-0.07104008793830872,-0.06510026454925537,-0.22959480285644532,-0.057417288422584534,-0.0879724770784378,0.1470843106508255,0.07326132636059544,-0.013809912102988528,-0.17448631570398582,
-0.04677418470382691,-0.08575055599212647,-0.18547527790069582,-0.08977469056844711,-0.08937063813209534,0.15420827269554138,0.06779928631008063,-0.02480320004612557,-0.1619626258745998,
-0.04216031432151795,-0.08481075167655945,-0.16849592924118043,-0.12312906235456467,-0.057745885103940964,0.16273359954357147,0.06338313530680083,-0.031042368012725485,-0.15552903569763737,
-0.024401748180389406,-0.08040257096290589,-0.15315065383911133,-0.15548647940158844,-0.03850454464554787,0.16080281138420105,0.05759237085299254,-0.036631989429428614,-0.14836150149757552,
-0.03451342284679413,-0.08376001119613648,-0.04695724546909333,-0.15435463190078735,-0.04949008300900459,0.1893652230501175,0.04102036731340306,-0.04382739245733299,-0.13266986234527778,
0.008633486926555634,-0.05613278150558472,0.022577944397926333,-0.1510256826877594,-0.015801098197698593,0.1659959852695465,0.029449841612360958,-0.046780915346933315,-0.12370279760257345,
0.11199668645858765,-0.008704472333192825,0.0696569561958313,-0.16520701348781586,0.00463866489008069,0.10594169795513153,0.011253517061895386,-0.050870041554442295,-0.1059213218591671,
0.09302207231521607,0.015366786718368532,0.1868672013282776,-0.11540589481592178,0.010630777105689049,0.11699381470680237,0.0016553824097734812,-0.05077685564376227,-0.09973038522076168,
0.06123218536376954,0.05230036377906799,0.25739991664886475,-0.09569850564002991,0.06802190095186234,0.13750015199184418,-0.006802464071811731,-0.05068468387307778,-0.0949214852730436,
0.11112884283065796,0.10003156661987306,0.2954530715942383,-0.07785532623529434,0.12221723049879074,0.14349226653575897,-0.019349383392145293,-0.045539793554564535,-0.08346585794258125,
0.13150310516357422,0.09965018630027772,0.3709706783294678,-0.0062162927351891994,0.08246955275535583,0.12152118980884552,-0.0250356643876501,-0.03918102451362447,-0.07742886887976942,
0.18862386941909792,0.10313011407852174,0.4397932052612305,0.1053701639175415,0.03180290758609772,0.06040164455771446,-0.029569013508362725,-0.028186866328028002,-0.06609644082739763,
0.170949923992157,0.09397221803665162,0.4184414386749268,0.16715550422668457,0.04784845560789108,0.033570293337106705,-0.026439576300201346,-0.02556983433398418,-0.062196227357145834,
0.11128402948379518,0.047591114044189455,0.32133820056915285,0.21808846294879913,0.10697063058614731,0.03257161006331444,-0.01157759299890869,-0.021079162400502303,-0.05821943966701034,
0.09401117563247681,0.027176615595817567,0.2801166772842407,0.26029956340789795,0.09665088355541229,0.024182651191949844,-0.0015508453597994252,-0.016655222814506022,-0.05667114237567361,
0.07889336347579956,-0.013660532236099244,0.197421133518219,0.3219517469406128,0.054905831813812256,0.005141048692166805,0.023299648852142408,-0.006445977310170244,-0.05358574937191089,
0.07273775935173035,-0.023208713531494143,0.12275862693786621,0.3344686031341553,0.05017872154712677,-0.0079750195145607,0.038757726605728994,-0.003060774248391832,-0.052545372035993174,
0.06858406066894532,-0.03349222540855408,0.03302930891513824,0.3099675178527832,0.08333507925271988,-0.01809503138065338,0.05552233470024658,-0.0006181228562277763,-0.05199507571077496,
0.0493918389081955,-0.05050645470619202,-0.08467096686363221,0.27414798736572266,0.08732981979846954,-0.0143000278621912,0.08671226927271074,0.003967899627376474,-0.05153920990521065,
0.04296396374702454,-0.06438347697257996,-0.09599719047546387,0.2721506357192993,0.05663688853383064,-0.02555188164114952,0.10117903653493164,0.008887304059394486,-0.05091925319305999,
0.048048695921897894,-0.07456262707710266,-0.11307225227355958,0.2679535746574402,0.033068325370550156,-0.036741919815540314,0.1150612430442482,0.01295041772219077,-0.050379997972746164,
0.015559551119804383,-0.08286302685737611,-0.19844281673431396,0.2230127602815628,0.023480944335460663,-0.025024011731147766,0.1424370701299829,0.018359088981078946,-0.05157802191925948,
0.021130348742008212,-0.07824116349220277,-0.25826756954193114,0.15643373131752014,0.05910072475671768,-0.011375310830771923,0.15496251874103228,0.019839829511898804,-0.0525717869490726,
0.02996160089969635,-0.06695733070373536,-0.28812637329101565,0.10603340715169907,0.06775600463151932,-0.013572419062256813,0.16524350831832382,0.021838647216324215,-0.05262417100756609,
0.04435303807258606,-0.0805541455745697,-0.28191840648651123,0.06901546567678452,0.024679366499185562,-0.031149283051490784,0.17835556897101745,0.028078455642371165,-0.050280057818303685,
0.032314431667327885,-0.09601204991340638,-0.2834470272064209,0.04284990206360817,-0.001219874364323914,-0.03321323171257973,0.18235358740865912,0.03050351848924103,-0.05028737197669655,
0.007586693018674851,-0.11392148733139039,-0.311483907699585,-0.006751472130417824,-0.012271992862224579,-0.015503210946917534,0.18524156830297175,0.03188523221183021,-0.05143202659009758,
-0.016031743586063386,-0.11968016624450684,-0.351362943649292,-0.08411630243062973,-0.023390691727399826,0.005935235880315304,0.18578847752159466,0.03226284027527735,-0.05373234010121956,
-0.014615228772163391,-0.11458373069763184,-0.3336598157882691,-0.13398399949073792,-0.053417835384607315,0.01385814044624567,0.18255760967940193,0.03151747409934607,-0.05418164145930599,
-0.0056834533810615545,-0.10549637079238892,-0.3253400564193726,-0.1855827420949936,-0.05734599754214287,0.01978367567062378,0.17727736655365844,0.029733388140697297,-0.054797655384294174,
0.02094458043575287,-0.08585981726646424,-0.28142747879028324,-0.24683544039726257,-0.05980942025780678,0.018119197338819504,0.16055499216772404,0.02394821324900465,-0.056132179317807306,
0.03701030015945435,-0.07109338045120239,-0.2608131647109985,-0.2953049838542938,-0.06367100030183792,0.0014078626409173012,0.14915813788018134,0.02079456878687747,-0.056542311648791595,
0.05702045559883118,-0.07299501299858094,-0.22484304904937746,-0.32133740186691284,-0.06260573863983154,-0.02202795445919037,0.13577225446222568,0.017682518300496417,-0.05726230208414012,
0.012046170234680176,-0.08204452395439149,-0.0918024241924286,-0.3245331943035126,-0.08857155591249466,-0.007846622727811337,0.10407169550736235,0.01209128972621396,-0.060749348102562176,
-0.005782956629991532,-0.06855416893959046,-0.019456765055656435,-0.3314574062824249,-0.08211339265108109,-0.003452406730502844,0.08730194768135335,0.008563687295543914,-0.06287142750770854,
0.04162073433399201,-0.05021270513534546,0.09380016326904297,-0.3307916224002838,-0.08064865320920944,-0.009311361238360405,0.05076439071755572,-0.0005938002422389366,-0.06521524760424566,
0.03962244987487793,-0.028758645057678223,0.21012730598449708,-0.2673417925834656,-0.10967710614204407,-0.021628480404615402,0.03329481623237317,-0.004502821386885551,-0.06604637169832941,
0.03893667757511139,0.001854131929576397,0.3496745586395264,-0.20762039721012115,-0.07638759166002274,-0.008512413129210472,0.003491620501619759,-0.014280528388968807,-0.06818732427205616,
0.043585240840911865,0.021415773034095767,0.35664665699005127,-0.17552737891674042,-0.01600073277950287,0.004407521337270737,-0.007855060268378653,-0.01988156148882342,-0.0690996584213808,
0.06389210224151612,0.08187412023544312,0.4436488151550293,-0.06334172189235687,-0.004615718964487314,-0.015166712924838066,-0.0267348833809836,-0.023695525845993468,-0.0689972803673407,
0.09518518447875977,0.10289738178253174,0.4214317798614502,-0.014073237776756287,0.004638765938580036,-0.04985438659787178,-0.032158395219676866,-0.02386315209087713,-0.06891309053929355,
0.07379881143569947,0.10446356534957886,0.3835111379623413,0.06369106471538544,0.027342215180397034,-0.07022757083177567,-0.03534974118915988,-0.02416525837203868,-0.07294056789705414,
0.04834040403366089,0.08404448032379151,0.35950732231140137,0.11768665909767151,0.02907327003777027,-0.07542072981595993,-0.033676962391879756,-0.023611814577680183,-0.076829145281754,
0.0008012414909899235,0.05056124925613403,0.26489717960357667,0.1784733086824417,0.007634822279214859,-0.0686296746134758,-0.023396838733971206,-0.021293620437810544,-0.08590808806103117,
-0.012230249494314194,0.04110972881317139,0.20455696582794192,0.20224201679229736,-0.000487819459522143,-0.06290388107299805,-0.01524200970580415,-0.020633609968311786,-0.09023417670004127,
-0.02472561299800873,0.030133774876594546,0.08972758054733276,0.2054378092288971,0.011562984436750412,-0.060040976852178574,0.004763980152432263,-0.020479984991548694,-0.09735154916280699,
-0.034502226114273074,0.01715535968542099,0.051736062765121466,0.20636992156505585,0.006436399649828672,-0.05285044386982918,0.015424511414439606,-0.01999169167051178,-0.10046203168803085,
-0.04718941748142243,0.006889688223600388,0.01949492245912552,0.20470544695854187,0.003706659423187375,-0.048323068767786026,0.026091850162181875,-0.019190677644573485,-0.10337377535292179,
-0.07880425453186035,-0.018772403895854953,-0.055407887697219854,0.17627620697021484,0.012628248892724514,-0.01982724666595459,0.04727557650829188,-0.017201951548624722,-0.10848133069540712,
-0.0921173930168152,-0.0410753071308136,-0.1293687701225281,0.1393248438835144,0.008633507415652275,0.009733843617141247,0.06638323926603691,-0.015779417529476255,-0.11124042538461312,
-0.0842488706111908,-0.04267681241035462,-0.132854425907135,0.12168139964342117,0.0010434981668367982,0.015193323604762554,0.07415073548331476,-0.015067611399948562,-0.11111791504617838,
-0.0754039227962494,-0.04721633195877076,-0.15279333591461183,0.09205373376607895,0.0031074481084942818,0.021385174244642258,0.08110526276887935,-0.01490331014743683,-0.11045416519044211,
-0.10666550397872926,-0.06370069980621339,-0.19108052253723146,0.05523553118109703,-0.019529420882463455,0.04921520873904228,0.09205758717382884,-0.01514505503545543,-0.10858923800247966,
-0.11092296838760377,-0.06944904923439026,-0.20378055572509768,0.02520838938653469,-0.015201784670352936,0.063130222260952,0.09576762549482769,-0.016026929295817723,-0.10706886751157951,
-0.09137409925460815,-0.08508570194244386,-0.22957820892333985,-0.03118404746055603,-0.00528150936588645,0.07737813889980316,0.0992785662023319,-0.01940462904322523,-0.10201427364847054,
-0.08370543718338014,-0.0913527548313141,-0.20269477367401123,-0.05488590523600578,-0.00914313830435276,0.09382367134094238,0.09826427889018838,-0.02081566800608501,-0.09851833953102695,
-0.07013128995895386,-0.08056719303131105,-0.1634182333946228,-0.07439356297254562,-0.0018860240234062076,0.1108013242483139,0.0927575253565862,-0.024218949789363054,-0.0901559980157219,
-0.05788061618804932,-0.06923344731330872,-0.1658189058303833,-0.10761649906635284,-0.00854392722249031,0.11666028201580048,0.08892162869988159,-0.025988040128920586,-0.08492617978097938,
-0.08444750308990479,-0.062362301349639895,-0.1516870975494385,-0.1355796903371811,-0.03790527582168579,0.1480855792760849,0.07840557881294787,-0.029424092108881503,-0.07384292957310269,
-0.057177489995956426,-0.05286589860916138,-0.11570800542831422,-0.16054682433605194,-0.018131306394934654,0.1468871533870697,0.07141879170231977,-0.03251183401252104,-0.06758242301225832,
-0.033061227202415465,-0.05671734213829041,-0.08299426436424256,-0.18358317017555237,-0.05175371468067169,0.1649300754070282,0.05463300565445611,-0.03826129813777661,-0.05333550219857723,
-0.0700943648815155,-0.04645016491413117,-0.006270931661128998,-0.1614123433828354,-0.06373794376850128,0.19995063543319702,0.043974641836256934,-0.040003195850103986,-0.046162177291243806,
-0.00022058805916458368,-0.01576364040374756,0.05899874567985535,-0.18391606211662292,-0.009276296012103558,0.2153969705104828,0.02283377340985323,-0.04591269695253776,-0.027878658001076122,
0.05022833347320557,-0.0016648700460791589,0.11335538625717163,-0.158416286110878,0.004106088541448116,0.2052103877067566,0.012421884596084854,-0.048245087010174506,-0.01696548004486876,
0.06122273802757264,0.012251814454793931,0.23214595317840578,-0.0982954353094101,-0.012338931672275066,0.2016151249408722,-0.007983653431680745,-0.04838570371840851,0.004618543024369773,
0.07862834334373475,0.016978751122951507,0.25019862651824953,-0.06214302033185959,0.017022421583533287,0.200416699051857,-0.01559828970440776,-0.048510034568061924,0.014937051200919252,
0.10875037908554078,0.027912071347236635,0.26679913997650145,-0.017468491569161415,0.041257187724113464,0.18856562674045563,-0.02157269992320355,-0.04816742717912409,0.02534269864383608,
0.1290389657020569,0.03102063536643982,0.2810733556747437,0.010761016048491001,0.0420561358332634,0.17851220071315765,-0.025942364186264517,-0.04633928191682128,0.03545627297728239,
0.21182029247283937,0.05426340699195862,0.28175423145294193,0.07034923881292343,0.051377199590206146,0.12811186909675598,-0.029044387807632355,-0.04053278267516674,0.05395796371644145,
0.2401310443878174,0.06784306168556213,0.2765013933181763,0.11455772072076797,0.06888747960329056,0.08383681625127792,-0.02789151820817684,-0.037500240338842944,0.061689452817475086,
0.2429044246673584,0.07122125029563904,0.25120656490325927,0.14331986010074615,0.09185724705457687,0.05500809848308563,-0.024632169755233375,-0.0343039405712941,0.06766449771696594,
0.228393292427063,0.0644772231578827,0.17011133432388306,0.18366675078868866,0.09878146648406982,-0.00537908123806119,-0.012377266900511757,-0.025796401595837556,0.07452459987193494,
0.22133681774139405,0.05030184388160706,0.111065673828125,0.19099044799804688,0.08067196607589722,-0.03793622553348541,-0.00393503746930047,-0.02043808354893149,0.07575262783529324,
0.18113242387771608,0.027064213156700136,-0.0006426839623600245,0.17780552804470062,0.07095180451869965,-0.06616997718811035,0.015247699768078911,-0.011264070877560073,0.07468517299976962,
0.15043551921844484,0.015937581658363342,-0.044314092397689825,0.15556812286376953,0.06788916885852814,-0.08621026575565338,0.02629598958483133,-0.018490231798663395,0.07293759055397797,
0.14396424293518068,0.004087718203663826,-0.07972968220710755,0.1433841586112976,0.05976652726531029,-0.10305476188659668,0.035467563473875426,-0.015966983354420896,0.07045041007653308,
0.10861961841583252,-0.019335344433784485,-0.0993548333644867,0.13346388936042786,0.03626412898302078,-0.10205607861280441,0.05098641356702448,-0.008169851149718221,0.06306052819123617,
0.08985337018966676,-0.024310649931430818,-0.12656381130218505,0.10716518014669418,0.02048490010201931,-0.09340080618858337,0.05822980138515645,-0.004955664852095081,0.05875405814975826,
0.08819621801376343,-0.028030243515968323,-0.15640398263931277,0.07640566676855087,0.020950952544808388,-0.09919317811727524,0.06483906830560167,-0.002385144399280895,0.05458348469529229,
