0.006133179739117623,-0.1273156523704529,-0.2710498571395874,-0.05240272358059883,-0.0064166211523115635,0.004045487381517887,0.2227638679656612,0.0027336644385668927,-0.05316976426704901,
0.012262881547212601,-0.11922692060470581,-0.25789163112640384,-0.0733085423707962,-0.04037192463874817,0.005709962919354439,0.22157279942163668,0.002561485852858076,-0.052715934814300806,
-0.0009348332881927491,-0.09407130479812623,-0.21976184844970703,-0.10966069251298904,-0.07565880566835403,0.015031026676297188,0.215161368402768,0.00032932528877851396,-0.05388679950492485,
0.011682707071304322,-0.08130484223365785,-0.2233151435852051,-0.15360283851623535,-0.045831404626369476,0.010969705879688263,0.21067254629484228,-0.002759822465925527,-0.05559798800491617,
0.028812864422798158,-0.0847572147846222,-0.20540876388549806,-0.1924849897623062,-0.05714983865618706,0.00045021902769804,0.19714505842405688,-0.008429278176775194,-0.05822758111635354,
-0.007622305303812027,-0.08603708148002626,-0.1784650206565857,-0.21152660250663757,-0.11107885092496872,0.017494451254606247,0.18810821761987534,-0.010178750520240705,-0.059444127543575496,
0.011592383682727815,-0.06447305083274842,-0.12513939142227173,-0.22630713880062103,-0.08597856014966965,0.0009828517213463783,0.17792918133783334,-0.013725226429473185,-0.06123372053358773,
0.06983393430709839,-0.08236125707626343,-0.11218883991241456,-0.2844306528568268,-0.05528562515974045,-0.006873473525047302,0.15585557016023185,-0.022948833547124008,-0.06551581404176182,
0.039376300573349,-0.07610648274421693,-0.1081351637840271,-0.3069343566894531,-0.049559831619262695,-0.016394274309277534,0.1432717283275306,-0.025209568470340053,-0.06748137933968089,
0.06595174074172974,-0.05671513080596924,0.05184057354927063,-0.2633250951766968,-0.07672407478094101,-0.06393170356750488,0.11081349326050591,-0.032394416735808985,-0.07037889640154084,
0.027174440026283265,-0.06860618591308594,0.07324631214141845,-0.2591306269168854,-0.11740385740995407,-0.04129483178257942,0.09667894431179518,-0.03402009350748593,-0.073431741819401,
-0.018765543401241303,-0.03335472345352173,0.13040944337844848,-0.24814505875110626,-0.08544592559337616,-0.013198481872677803,0.07093826223657236,-0.04206833754880436,-0.08115959623277623,
-0.001992017962038517,-0.01502116620540619,0.17914868593215943,-0.22091424465179443,-0.06167721375823021,0.0021812738850712776,0.05815519953275615,-0.04725995803963607,-0.08335898273450724,
0.002589191310107708,0.0020445091649889946,0.22908499240875246,-0.20580080151557922,-0.051956675946712494,0.006974964402616024,0.045922025054180825,-0.05126755853379632,-0.08462012290420715,
0.04818113744258881,0.06047616004943848,0.30742502212524414,-0.14681178331375122,-0.04789535328745842,5.074497312307358e-05,0.024078993850105916,-0.05717609655697381,-0.08491732671448489,
0.07895728945732117,0.0897795557975769,0.3514577388763428,-0.09787427634000778,-0.01034509763121605,-0.0307051632553339,0.015012731415336636,-0.059735993953884195,-0.0847671291093715,
0.0993677318096161,0.11837631464004517,0.4407682418823242,0.027760354802012444,0.05170655623078346,-0.05007966235280037,0.0030008498920145944,-0.06264616712455284,-0.0868746386320137,
0.07750511169433594,0.12419710159301758,0.4474814414978028,0.09493859112262726,0.05470261350274086,-0.06332889199256897,0.001597945749920147,-0.061326408364336796,-0.08957950062914269,
0.047052785754203796,0.11688361167907715,0.3228580951690674,0.16870816051959991,0.03918970003724098,-0.08563286066055298,0.009064085564895753,-0.055726221669054304,-0.09534755161175544,
0.016446082293987276,0.0956233859062195,0.24706568717956545,0.19340898096561432,0.023077573627233505,-0.09255708754062653,0.016597506649615845,-0.05310889159835035,-0.09914460574803355,
-0.055296784639358526,0.035233390331268315,0.13005073070526124,0.21231742203235626,0.004768341314047575,-0.0773104876279831,0.03636444398845695,-0.04911658198298135,-0.10807599725933992,
-0.08646740913391114,0.008878959715366364,0.07363203763961793,0.208322674036026,0.012558087706565857,-0.06059914827346802,0.047603297746622995,-0.04807160313559502,-0.11250665092692355,
-0.09264118075370789,-0.03591790199279785,-0.022925880551338196,0.19340898096561432,0.009095978923141956,-0.04934729263186455,0.06837936757009774,-0.03825969571038905,-0.11909899897561632,
-0.11075279712677003,-0.05348519086837769,-0.05834980607032776,0.18495343625545502,-0.012409047223627567,-0.032835692167282104,0.07888539940732364,-0.03681345680290374,-0.1216798174956864,
-0.1337047815322876,-0.08103775382041932,-0.11783760786056519,0.14340811967849731,-0.0004914019955322146,-0.0008777589537203312,0.0986319136180042,-0.03587396318678047,-0.12585394840348832,
-0.13760926723480224,-0.09049930572509766,-0.1602813482284546,0.08055752515792847,0.028803370893001556,0.030347805470228195,0.10731923460132047,-0.03621731394288168,-0.12687534207333384,
-0.12619633674621583,-0.1013144612312317,-0.1549762487411499,0.06178223714232445,0.021879151463508606,0.05078756809234619,0.11806585554756713,-0.035304085609354385,-0.12473500801573655,
-0.12089943885803223,-0.11139167547225953,-0.1373055100440979,0.05698854476213455,-0.005817724391818047,0.06550152599811554,0.12110169894580211,-0.03460447685789171,-0.12217633931568936,
-0.11281586885452272,-0.12712560892105104,-0.16646238565444949,0.013845337554812431,-0.020798007026314735,0.10238631069660187,0.12653998272765168,-0.03613193439193879,-0.11637585303942813,
-0.09893705844879151,-0.11834815740585328,-0.190188467502594,-0.05319974571466446,0.031000478193163872,0.1284187138080597,0.1283639102362427,-0.03883567408484532,-0.11298373687776575,
-0.0722356915473938,-0.10548171997070313,-0.2089866638183594,-0.08941873908042908,0.04851076379418373,0.1380060911178589,0.1281443714411698,-0.041672246279936466,-0.10830870101520497,
-0.04020062685012818,-0.08971630930900575,-0.12943223714828492,-0.08755452185869217,0.004568604286760092,0.13893820345401764,0.11959477518738339,-0.04343405053797962,-0.09439960522819667,
-0.04748118817806244,-0.08623830676078797,-0.10681329965591431,-0.10033825039863586,-0.019000280648469925,0.16124114394187927,0.11397696991807298,-0.04446510637461922,-0.08731504731467968,
-0.0359864354133606,-0.07198451161384582,-0.10666910409927369,-0.12357433140277863,-0.0024886829778552055,0.1590440422296524,0.10844694390060426,-0.04717630159609626,-0.08042110692304777,
-0.003157884627580643,-0.049033015966415405,-0.07913562059402467,-0.15360146760940552,-0.0004913121811114252,0.1685648411512375,0.09468142407426823,-0.05341183860745609,-0.06511802344320164,
-0.011494149267673493,-0.041629642248153687,-0.043319773674011235,-0.1529356837272644,-0.01493896171450615,0.1812814325094223,0.08600375173031193,-0.055508786218661864,-0.057087114251740526,
0.014530421793460847,-0.026138851046562196,0.020321141183376315,-0.14274908602237701,-0.020132124423980713,0.18101511895656586,0.06706723570802943,-0.06064666055018803,-0.03964393994239812,
0.02398979663848877,-0.020746788382530214,0.05778090357780457,-0.12337459623813629,-0.024659497663378716,0.18747328221797943,0.057597273356366725,-0.06329534177703555,-0.030460065157719957,
0.020209005475044253,-0.0068860620260238654,0.08559122681617737,-0.11252221465110779,-0.011010798625648022,0.19905804097652435,0.04032762497654556,-0.06843660391129426,-0.011958019815025978,
0.027428194880485535,-0.008332592993974685,0.09595944285392762,-0.10626378655433655,0.0062997485511004925,0.21124200522899628,0.032230370292819714,-0.0706565706158598,-0.002122610989197208,
0.06289710998535157,0.0024102533236145976,0.1576421856880188,-0.05093660578131676,-0.0035539474338293076,0.20451751351356506,0.016400261449621423,-0.07245743631019336,0.01912766005219808,
0.09327598214149475,0.009296892583370209,0.201592230796814,-0.007726817857474089,0.003570008557289839,0.18807250261306763,0.009713671611794381,-0.07251284237553315,0.030076784355363314,
0.1321747899055481,0.020183233916759493,0.21269640922546387,0.0165079478174448,0.03805794566869736,0.1578456163406372,0.0051824008370375185,-0.07304461590846005,0.04058067574709183,
0.20453829765319825,0.05456871390342713,0.21999154090881348,0.05605589225888252,0.061626922339200974,0.10538133978843689,0.0012694522202329477,-0.07132811789179447,0.057896235138317174,
0.22408001422882082,0.05968491435050965,0.2319293737411499,0.10099673271179199,0.07114772498607635,0.0633033961057663,0.0014589582566547636,-0.06862148906557178,0.06409479961842016,
0.22819247245788576,0.06487951278686524,0.22594633102416994,0.1383475661277771,0.07674036175012589,0.028948616236448288,0.003556335516031791,-0.0654339967095514,0.06852981200767824,
0.21894018650054933,0.04657463431358338,0.16901192665100098,0.17496603727340698,0.07307852059602737,-0.01605880632996559,0.01408906340686967,-0.05812815294141477,0.07263986294545867,
0.19755150079727174,0.0309971958398819,0.10433115959167481,0.1654452383518219,0.07647404819726944,-0.0353667251765728,0.022324546190369797,-0.05435773321145881,0.07278916005883045,
0.16879000663757326,-0.0013705048710107805,0.009455161541700364,0.15778864920139313,0.07034877687692642,-0.05980122834444046,0.0399781891469196,-0.046547731647091854,0.07095031724449596,
0.15477291345596314,-0.017712470889091492,-0.010796553641557695,0.15299496054649353,0.05057480186223984,-0.07637941092252731,0.04836841641984681,-0.042835341925213134,0.06892432226918462,
0.1304492473602295,-0.028279665112495425,-0.029265522956848145,0.1490662395954132,0.0391232967376709,-0.09069492667913437,0.05533832534614048,-0.04748633406123051,0.06652850030191454,
0.1066718339920044,-0.03320372998714447,-0.04851221144199372,0.14027780294418335,0.03379697725176811,-0.10427705198526382,0.06146476281632815,-0.05598567220295441,0.06363717965442453,
0.08936604857444763,-0.05767062902450562,-0.10496227741241455,0.10046354681253433,0.0274053905159235,-0.11805891245603561,0.07768526737310309,-0.050547632187545787,0.05490844688500134,
0.0822150230407715,-0.059323012828826904,-0.12486554384231568,0.07696115225553513,0.030867500230669975,-0.1341710239648819,0.08492148473355655,-0.04765270551441626,0.049812212983259725,
0.08774531483650208,-0.07200177907943726,-0.14071974754333497,0.043871380388736725,0.016486430540680885,-0.16399842500686646,0.0959804000550444,-0.04131888119315412,0.03842414053054763,
0.07162747383117676,-0.0839570939540863,-0.13646595478057863,0.03155425935983658,0.0013729904312640429,-0.16453106701374054,0.09985977757365654,-0.03773310957951155,0.03154753947605195,
0.028640833497047425,-0.08445025682449342,-0.14381468296051025,-0.009192108176648617,-0.003021225333213806,-0.15960422158241272,0.10551117214287954,-0.031386698354185484,0.015908463044208,
0.03735948503017426,-0.08321664333343506,-0.15428471565246582,-0.0453445203602314,0.0034369402565062046,-0.17491738498210907,0.10700719483772916,-0.02903317768937856,0.008100974766185232,
0.023168462514877322,-0.08567313551902772,-0.142935049533844,-0.06917981803417206,-0.038707587867975235,-0.18224108219146729,0.10574535002521512,-0.02341772419652657,-0.008036785836843939,
0.00841088816523552,-0.08886760473251343,-0.12374881505966187,-0.07949956506490707,-0.055019449442625046,-0.17897871136665344,0.10331338941158365,-0.02101852093757455,-0.01702050609292848,
0.013948781788349152,-0.08102365732192994,-0.10979260206222535,-0.092282734811306,-0.0565507672727108,-0.18070976436138153,0.09698246018205181,-0.019806596914820927,-0.036017636961338285,
0.02589429020881653,-0.062129974365234375,-0.10690178871154786,-0.09601116180419922,-0.07918763160705566,-0.20507769286632538,0.09318583350103346,-0.019915941386735945,-0.045568180763538635,
0.04027092754840851,-0.03420624434947968,-0.0976348876953125,-0.1326296329498291,-0.10002686828374863,-0.2244521826505661,0.08904054865790251,-0.02013253207266292,-0.05550564969779441,
0.04264892935752869,-0.03137730956077576,-0.10764684677124024,-0.22078026831150055,-0.07193052023649216,-0.24602378904819489,0.07927044644482592,-0.022951865304334684,-0.07870351389305247,
0.03502135574817657,-0.033284470438957214,-0.037428975105285645,-0.1801004707813263,-0.08498000353574753,-0.2520159184932709,0.07112199239285845,-0.024548424251701867,-0.09131061238168117,
0.005665234476327896,-0.00791785717010498,0.18001489639282228,-0.10260248929262161,-0.10368871688842773,-0.28377410769462585,0.05241001013366482,-0.0273544228315396,-0.11781404124000254,
0.025674399733543397,0.004176020994782448,0.13875195980072022,-0.14794281125068665,-0.04716312140226364,-0.2984215021133423,0.047211818435466166,-0.030459697715403123,-0.13183946150817727,
-0.015202909708023071,-0.04464689493179322,0.11152368783950806,-0.12497290223836899,-0.017934950068593025,-0.25913962721824646,0.038021499357807916,-0.03447591238427754,-0.1625286063221182,
-0.10903339385986328,-0.010278481245040895,0.2761606454849243,-0.03196199610829353,-0.07173079997301102,-0.25541117787361145,0.02559216165385962,-0.03362212638714001,-0.19084949214923816,
-0.11984443664550781,0.0204222708940506,0.279892635345459,-0.000336959317792207,-0.06340842694044113,-0.2630012035369873,0.023291013658644815,-0.0346645746338668,-0.20398426635535571,
-0.11071974039077759,0.029688826203346255,0.2507319927215576,-0.004331700969487429,0.01488851010799408,-0.25068408250808716,0.023808307054651284,-0.037761191281696124,-0.2173588626453581,
-0.15128271579742433,-0.07059251070022583,0.27002241611480715,0.08854604512453079,0.06575489044189453,-0.17165476083755493,0.026817959980407036,-0.03912711541033195,-0.24408611532841748,
-0.15764418840408326,-0.10502299070358277,0.28278422355651855,0.1367492526769638,0.04072117432951927,-0.14122815430164337,0.029443830655075703,-0.035473693177778376,-0.25485641273002324,
-0.13025622367858888,-0.0944412112236023,0.142219078540802,0.13348688185214996,0.0697496309876442,-0.12378444522619247,0.04212132172645225,-0.028182094277039327,-0.2703013986017677,
-0.13588010072708132,-0.08655856251716615,0.08043188452720643,0.13714872300624847,0.07567516714334488,-0.08430308103561401,0.04994975632895227,-0.02479179121183497,-0.2761383993478636,
-0.1767423152923584,-0.07397438287734985,0.07481879591941834,0.15206243097782135,0.04564801976084709,-0.05261146277189255,0.05707513649439202,-0.020168062249245187,-0.28089848925896177,
-0.17142338752746583,-0.0658795177936554,0.03656794428825379,0.16278165578842163,0.009695346467196941,-0.024182219058275223,0.07188972956593111,-0.012263329252868209,-0.28553523576737755,
-0.15406998395919802,-0.053799235820770265,0.024669191241264345,0.14959900081157684,0.031400106847286224,-0.016991686075925827,0.07981202618355211,-0.010503949408565557,-0.28643917054503937,
-0.134373939037323,-0.06417220234870911,-0.028881883621215822,0.14320741593837738,0.022744836285710335,0.010838348418474197,0.09038208969837336,0.006632789552141343,-0.2879961816905526,
-0.14299390316009522,-0.07787730097770691,-0.046259671449661255,0.14500504732131958,-0.005884145852178335,0.04432760179042816,0.09736615013695872,0.009254311105269615,-0.28703320863957155,
-0.15626904964447022,-0.09315601587295533,-0.061670392751693726,0.13721530139446259,-0.02206284925341606,0.0734226405620575,0.10463961266057217,0.010222402565641386,-0.2852727110581766,
-0.14850177764892578,-0.11248891353607178,-0.1199805736541748,0.09746763110160828,-0.007215726654976606,0.11729821562767029,0.11932043712452675,0.0071351499965523115,-0.27908890523234064,
-0.13848738670349123,-0.12541552782058715,-0.14701220989227295,0.07143523544073105,-0.01101073157042265,0.14958904683589935,0.12568654684454647,0.004607221672731075,-0.2743502277915473,
-0.11676566600799561,-0.14276130199432374,-0.15713330507278445,0.03694729879498482,-0.015937577933073044,0.1902022510766983,0.1346453222484868,-0.0015206986528036987,-0.2615319061678223,
-0.09165444374084473,-0.14029740095138551,-0.15805948972702027,0.00891752541065216,-0.0038867751136422157,0.2009880542755127,0.13738427209719328,-0.0058260212530537635,-0.25357749949994934,
-0.0617334008216858,-0.1389451026916504,-0.16713086366653443,-0.01105453073978424,0.0027042790316045284,0.19739587604999542,0.13891794164897006,-0.010593884719621501,-0.24502514604089484,
-0.07180194854736328,-0.1543983817100525,-0.19467530250549317,-0.06837907433509827,-0.05348842218518257,0.24073882400989532,0.13828474026212445,-0.019337224771070867,-0.2266543762267866,
-0.08252625465393067,-0.15086148977279665,-0.2105130195617676,-0.10399885475635529,-0.05022604763507843,0.2675035893917084,0.13628019063693944,-0.0243477208544391,-0.21749406064337193,
-0.007380904257297516,-0.09409874677658081,-0.1557853937149048,-0.14834049344062805,0.008962707594037056,0.23314881324768066,0.12605057619996998,-0.03933815366959169,-0.19623498248933832,
0.020021457970142365,-0.08419516682624817,-0.1472490429878235,-0.18688975274562836,-0.024060489609837532,0.23055222630500793,0.1181572800207898,-0.04532080417949707,-0.18419470042786545,
-0.0015759188681840897,-0.06783519387245178,-0.11915862560272217,-0.18908685445785522,-0.04516604170203209,0.23268276453018188,0.1087404465723872,-0.049128748283555686,-0.17284533753252304,
0.0773156225681305,-0.007487840205430985,0.01658270359039307,-0.17483894526958466,-0.024393385276198387,0.17329426109790802,0.08578232289251587,-0.05976081420519722,-0.1508495316587605,
0.09224528670310975,0.004544699564576149,0.0218820258975029,-0.18802160024642944,-0.021796803921461105,0.15165607631206512,0.07504171795815373,-0.06422779992622606,-0.14093698932560328,
0.11452189683914185,0.020571815967559817,0.12855985164642333,-0.14640970528125763,0.0033034903462976217,0.11923208832740784,0.053078941492478916,-0.06995261337265936,-0.12447703955289716,
0.12756919860839844,0.02427596300840378,0.16703672409057618,-0.14574390649795532,0.059562768787145615,0.09426496177911758,0.04276817275930332,-0.07174384571618277,-0.11740892445925108,
0.1483138680458069,0.04338712096214295,0.16429816484451296,-0.13828705251216888,0.10377123951911926,0.0774870440363884,0.03383995367980899,-0.07226846355730415,-0.11119782536168464,
0.13547174930572511,0.057262700796127323,0.22729809284210206,-0.08295987546443939,0.09211990982294083,0.05891149491071701,0.01711201269084688,-0.0659833177099233,-0.10233997720453887,
0.12302515506744385,0.06013236045837403,0.27910096645355226,-0.00692663062363863,0.028936415910720825,0.040469102561473846,0.010066154088896224,-0.0603655863497484,-0.0990893917837078,
0.1427610993385315,0.050283473730087284,0.3543357133865357,0.08714953809976578,0.01169244758784771,0.01230617519468069,0.0035696049056646293,-0.0535698711885924,-0.09478731623517603,
0.1399264931678772,0.05086682438850403,0.34950711727142336,0.13162432610988617,0.04478222504258156,0.011507227085530758,0.005125506609965142,-0.05294833931505447,-0.09388821933712611,
0.10167931318283081,0.05615023970603943,0.2774799346923828,0.17043989896774292,0.0726788341999054,0.006979852914810181,0.015563024938311291,-0.0505379047933539,-0.09257084570050059,
0.08348780870437622,0.04006263315677643,0.2570923089981079,0.20725810527801514,0.059562768787145615,0.001054319553077221,0.022908506512640505,-0.04725328755559544,-0.09189844725239438,
0.06749631762504578,0.018394930660724642,0.22460105419158938,0.23275786638259888,0.05756539851427078,-0.005803320556879044,0.03164033031673429,-0.04367447784564899,-0.09124140412516905,
0.04148330092430115,-0.02824583947658539,0.11957292556762696,0.24241037666797638,0.07534223049879074,0.016897426918148994,0.05345265978855075,-0.037607222815583055,-0.0905217882861777,
0.029510775208473207,-0.04550233185291291,0.06724240183830262,0.21497982740402222,0.10170752555131912,0.04286324605345726,0.0656038713923586,-0.034552288130058305,-0.08992647368618766,
0.04160816073417664,-0.03830880224704743,-0.005919194966554642,0.21378140151500702,0.05923010781407356,0.021424800157546997,0.08783974957020332,-0.027247540267570564,-0.08481656834605811,
0.06717257499694824,-0.03449393510818482,0.03342406749725342,0.267710417509079,-0.018800510093569756,-0.015393402427434921,0.09636266888817105,-0.025303438025066946,-0.08114578709637017,
0.052815139293670654,-0.03535034358501434,0.06113669872283936,0.27470123767852783,-0.030118945986032486,-0.021851569414138794,0.10730730142467676,-0.02305682465000238,-0.07942548600266264,
-0.023170676827430726,-0.04785103499889374,-0.06667031049728393,0.18561847507953644,0.053104840219020844,0.0012513548135757446,0.13455660482082454,-0.02446822649005316,-0.08181526308386751,
-0.013608229160308839,-0.05580452084541321,-0.09573745727539062,0.19287557899951935,0.03985561057925224,-0.0014118067920207977,0.1469428566409689,-0.024438391514054886,-0.08228687065030726,
-0.014766481518745423,-0.08946033120155335,-0.022509586811065675,0.2286950945854187,-0.02399367466568947,-0.03030710481107235,0.16614516628482828,-0.02025747996402287,-0.07996983842241229,
-0.002723623998463154,-0.09603357315063477,-0.08039206862449647,0.20532585680484772,-0.035112373530864716,-0.035100795328617096,0.17705267613942277,-0.019666669363527633,-0.08018460145441687,
-0.0021183045580983164,-0.12013022899627686,-0.2114944934844971,0.11744154989719391,0.04797825217247009,-0.039361853152513504,0.1998228374535584,-0.02021957819022261,-0.08437317161521404,
0.006044276431202889,-0.1381125569343567,-0.26419992446899415,0.0686391219496727,0.06688670068979263,-0.041891854256391525,0.2090061567766994,-0.019717648729578967,-0.08620529375691667,
-0.04596354067325592,-0.1753188967704773,-0.29517922401428226,0.025362752377986908,-0.009679184295237064,-0.01838945969939232,0.21956732908681514,-0.013017063817064476,-0.08597891335953381,
-0.07535656094551087,-0.18118927478790284,-0.30032708644866946,-0.028033629059791565,-0.022662093862891197,0.01410110667347908,0.22207953260733448,-0.010262797120870956,-0.08609950352099918,
-0.06984168291091919,-0.16832317113876344,-0.327945351600647,-0.10546503216028214,0.01848374493420124,0.033142708241939545,0.22327420405317536,-0.010177479824627654,-0.08703546313283776,
-0.04746394157409668,-0.11516410112380981,-0.3389369249343872,-0.17590565979480743,0.005434255115687847,0.04898851737380028,0.21811981091593846,-0.012047994468695674,-0.08617397210994523,
-0.02979874908924103,-0.0954584300518036,-0.28294293880462645,-0.19707778096199036,-0.04037211835384369,0.03400823473930359,0.21070082422773437,-0.012474962695278974,-0.0838295288403316,
0.005322375521063805,-0.07755386233329774,-0.23605618476867676,-0.20986096560955048,-0.05928056314587593,0.008375311270356178,0.2016061483718349,-0.01380813605034157,-0.0817945944173551,
0.023605336248874665,-0.059463465213775636,-0.1840904474258423,-0.2459486424922943,-0.054153669625520706,-0.0032794931903481483,0.1813150218841434,-0.01905120241114049,-0.08205206893640159,
-0.003930183500051499,-0.07415482997894288,-0.15555255413055422,-0.2969481945037842,-0.03764207288622856,0.01762632094323635,0.16982315269341025,-0.021491617256619275,-0.08370572625956531,
0.01067604124546051,-0.08936474919319154,-0.08823611736297608,-0.33216848969459534,-0.023394161835312843,0.003578146919608116,0.14234416071235417,-0.026118827058918128,-0.08528320747154762,
0.017598728835582732,-0.0935931146144867,-0.03147684037685394,-0.3266424238681793,-0.06387420743703842,-0.007340813986957073,0.12635969310112924,-0.027586717326771936,-0.08516963015117464,
0.021497811377048495,-0.08703493475914002,0.036808499693870546,-0.28110238909721375,-0.08671081811189651,-0.008938711136579514,0.10638589058554966,-0.029600872530045147,-0.08518011374872352,
0.030011922121047974,-0.059164154529571536,0.1459357738494873,-0.2760423719882965,-0.05362103879451752,-0.004411336965858936,0.07476601688015161,-0.03625293143720969,-0.0877976463490513,
0.008113216608762741,-0.053339630365371704,0.14610031843185425,-0.24841205775737762,-0.05947999283671379,0.025815540924668312,0.06119944546237009,-0.039630868044938435,-0.08924831365819301,
0.00047354288399219517,-0.024639210104942324,0.21385831832885743,-0.20267227292060852,-0.05934683606028557,0.013365263119339943,0.047307967733744,-0.042341930084570115,-0.08987164654934993,
0.08998519778251649,0.02851332724094391,0.2789893388748169,-0.15160615742206573,-0.05741604417562485,-0.004744231700897217,0.02307488640780683,-0.04855071333195049,-0.08847118351805179,
0.07361803650856018,0.05385288000106812,0.29427175521850585,-0.11279059201478958,-0.04576471447944641,-0.014597928151488304,0.013950231467330371,-0.05156803287544799,-0.0886427955848462,
0.08192470073699952,0.0852520763874054,0.32491018772125246,-0.057197101414203644,-0.03238232806324959,-0.04129611700773239,0.006342863297743423,-0.05452223481921482,-0.08904577982951002,
0.12968242168426514,0.11434332132339478,0.39725785255432133,0.03248484805226326,0.00030797309591434896,-0.07458563148975372,-0.0031776526187968384,-0.058928311127541516,-0.09155628409221446,
0.10424386262893677,0.11391180753707886,0.38549978733062745,0.08375070244073868,0.02374378964304924,-0.08137669414281845,-0.0036893306027812865,-0.06017402213336413,-0.09513018687742927,
0.042426809668540955,0.08111058473587036,0.29422004222869874,0.1405426263809204,0.023344315588474274,-0.08750196546316147,0.0028139151687781444,-0.05944049981991965,-0.10390757636947194,
0.014873650670051575,0.05979371666908265,0.24292528629302979,0.16803975403308868,0.01615378074347973,-0.08916644006967545,0.008948012034801464,-0.05795022175434117,-0.1081657953078006,
-0.026716533303260806,0.02703485190868378,0.12998353242874147,0.18608267605304718,0.007165613118559122,-0.08943276107311249,0.025807556008247065,-0.055328518967510044,-0.11714870860205788,
-0.04478709399700165,0.008100162446498872,0.09059327840805054,0.18574978411197662,0.0070990342646837234,-0.07698248326778412,0.035527348177216894,-0.05434720121645609,-0.12168384779824383,
-0.08210874199867249,-0.02901284694671631,0.003356224298477173,0.17203450202941895,0.02008194290101528,-0.05447876453399658,0.05395216053260182,-0.04617765275462616,-0.13005384291121178,
-0.0918647825717926,-0.0514164686203003,-0.0338313102722168,0.15918639302253723,0.023477206006646156,-0.036898814141750336,0.06336440492292988,-0.044170023241143774,-0.1334468224256895,
-0.11282992362976074,-0.08421371579170228,-0.0887756109237671,0.1444724202156067,0.0067658694460988045,-0.01339641772210598,0.08104926370886555,-0.04094512329185618,-0.1379208320296731,
-0.12242683172225953,-0.09897370338439943,-0.11784834861755372,0.1162429228425026,-0.00821441225707531,0.016763882711529732,0.08898269422058729,-0.039705616931774664,-0.13899854514028764,
-0.14034157991409302,-0.11745437383651734,-0.15977995395660402,0.06890523433685303,-0.007548621855676174,0.05977393686771393,0.10255289684922277,-0.03970007616691896,-0.13923428307916766,
-0.14188419580459596,-0.12516586780548097,-0.18422362804412842,0.016174638643860817,0.015021668747067451,0.09179844707250595,0.10760567507435871,-0.040711493915221476,-0.13790559135070887,
-0.12811179161071778,-0.12287954092025757,-0.2014631509780884,-0.02550383284687996,0.015221405774354935,0.1294821798801422,0.112056583244472,-0.043087436368598665,-0.13112949416915143,
-0.11740511655807495,-0.11170022487640381,-0.16519882678985598,-0.03941884636878967,0.0012398100225254893,0.13913613557815552,0.11102694200510403,-0.043893573244801365,-0.125601403659212,
-0.09285505414009095,-0.10290189981460572,-0.14400185346603395,-0.06698256731033325,0.010294557549059391,0.15271826088428497,0.10897771815692714,-0.04522260523485593,-0.11926274220061449,
-0.06912529468536377,-0.06944593787193298,-0.13741284608840942,-0.08875390887260437,0.0174185149371624,0.165568009018898,0.10233059703976141,-0.04943764653344171,-0.10527222347859101,
-0.06802069544792176,-0.07081318497657776,-0.11245824098587037,-0.10333471745252609,-0.02013205736875534,0.17535513639450073,0.09693635597771097,-0.05105379458793733,-0.09719513870294366,
-0.06148357391357422,-0.07507442235946656,-0.09958192110061646,-0.11511920392513275,-0.023527588695287704,0.19239936769008636,0.0909947320304464,-0.05282029940463275,-0.08879129019924134,
-0.03659935593605042,-0.04955562949180603,-0.05533307194709778,-0.13309554755687714,-0.0026217736303806305,0.20005595684051514,0.07729615846491636,-0.059322083444557236,-0.0713962879767066,
-0.019013172388076784,-0.05047218203544617,-0.03561041653156281,-0.13495975732803345,-0.03331470862030983,0.21683385968208313,0.06914895489441392,-0.062371645485182065,-0.061512343116173124,
-0.024845686554908753,-0.054458570480346684,-0.013248389959335327,-0.12337500602006912,-0.04383419454097748,0.2335451990365982,0.060359572853483666,-0.06464428537316316,-0.05134025376508302,
0.03772111237049103,-0.02604404091835022,0.07064785361289978,-0.11039209365844727,-0.010677836835384369,0.22728677093982697,0.04184791286346413,-0.07126790635464121,-0.02925213694633284,
0.05886976718902588,-0.014462012052536012,0.07310596704483033,-0.10606445372104645,-0.01014520414173603,0.21696701645851135,0.033323922721894564,-0.07421793329271292,-0.017383976084729528,
0.07851597666740417,-0.008149665594100953,0.09163173437118531,-0.07157652080059052,-0.021596796810626984,0.20271910727024078,0.024921650467875013,-0.07586906739989163,-0.00557002392943523,
0.10761985778808594,0.008587358891963959,0.17329978942871094,-0.03435884043574333,-0.02133047953248024,0.18933673202991486,0.009695420682803267,-0.07834329112986807,0.016742870794989925,
0.14210602045059204,0.01598077714443207,0.1748857140541077,-0.00985865481197834,0.004502328112721443,0.16829608380794525,0.004418297537020235,-0.0799522393782394,0.027166857883360585,
0.17983477115631105,0.024002625048160555,0.19677754640579226,0.011246896348893642,0.03206604719161987,0.14379499852657318,7.882795744975419e-05,-0.08116778625722128,0.03715552019439699,
0.24275357723236085,0.05591935515403748,0.2524783849716187,0.08521620184183121,0.04571474716067314,0.07641701400279999,-0.005164346656637734,-0.08019077085982791,0.05440117185237475,
0.2547459363937378,0.06808761954307556,0.2751712083816528,0.1350173056125641,0.04198632389307022,0.035071440041065216,-0.005031828429253832,-0.07787944119547419,0.060418736475526834,
0.24702370166778564,0.0576827883720398,0.2515909194946289,0.1622481346130371,0.060961347073316574,0.004311931319534779,-0.0018053691338922142,-0.07548879329593716,0.0640184167699033,
0.22226364612579347,0.025922733545303348,0.15499670505523683,0.18175578117370605,0.09398454427719116,-0.042626284062862396,0.01168477792221396,-0.0706990977500756,0.06662623999470338,
0.2004328489303589,0.003700803965330124,0.09575097560882569,0.18128973245620728,0.0905890092253685,-0.05973709374666214,0.020565962011082947,-0.0669255258320072,0.06620546138528603,
0.15942363739013674,-0.031905919313430786,0.004041852056980134,0.17436550557613373,0.07381109148263931,-0.08350580930709839,0.03980806517032736,-0.057137984174253635,0.06245751089884261,
0.14703757762908937,-0.04728797674179078,-0.03121781349182129,0.1627141833305359,0.06295870989561081,-0.09602266550064087,0.04877931741485765,-0.05486449376925954,0.05969096634960754,
0.12336008548736573,-0.05209505558013916,-0.06634939312934876,0.15146233141422272,0.052172914147377014,-0.10953821241855621,0.05553567781558343,-0.0598353602804234,0.05667264723274465,
0.10910540819168091,-0.05636540651321412,-0.12329776287078859,0.10479043424129486,0.054769497364759445,-0.12977823615074158,0.07356739267298167,-0.05184813411390188,0.047976325717333484,
0.09526568055152894,-0.05992531776428223,-0.1481305956840515,0.07935724407434464,0.04385053738951683,-0.13577033579349518,0.0813765290799864,-0.047835369343661144,0.0427716498975002,
0.07271913290023804,-0.07560316920280458,-0.15392770767211916,0.06158063933253288,0.0025715366937220097,-0.14715535938739777,0.09299789339145342,-0.039166667677831675,0.031262328938379214,
0.06600744724273681,-0.08679898381233216,-0.15448074340820314,0.03148692101240158,-0.017868224531412125,-0.146223247051239,0.09744136822169135,-0.035422657387550814,0.024862394405513695,
0.042551958560943605,-0.0876676380634308,-0.19915618896484377,-0.03635711222887039,-0.018600594252347946,-0.14156271517276764,0.1043727735845998,-0.03099770920501392,0.010424855075384286,
0.0319633960723877,-0.08329097628593446,-0.20698258876800538,-0.06398740410804749,-0.03631061315536499,-0.15008482336997986,0.10543430283568372,-0.029529663339569082,0.00312937270688691,
0.02285364270210266,-0.084298574924469,-0.18213384151458742,-0.08103163540363312,-0.04949326068162918,-0.15115009248256683,0.10438201457866476,-0.02810538689493425,-0.004069195624717282,
0.010148035734891892,-0.09026551842689515,-0.16052048206329347,-0.12517353892326355,-0.05774906277656555,-0.13670244812965393,0.0990936233283698,-0.026879211887843354,-0.0196849595895948,
0.0006974967196583748,-0.08551048040390015,-0.1529540538787842,-0.13129694759845734,-0.06400778889656067,-0.1278439611196518,0.09497848329387704,-0.027254614932772224,-0.02771398037778449,
0.024201300740242005,-0.060038161277771,-0.07451556921005249,-0.14627723395824432,-0.05728331208229065,-0.14149266481399536,0.08348116018323538,-0.029265257997216295,-0.04244817490076227,
0.03775119483470917,-0.049134069681167604,-0.06929282546043396,-0.16218961775302887,-0.07399464398622513,-0.1423581838607788,0.07733188459451,-0.030610946856569596,-0.049749631666864504,
0.017446437478065492,-0.04789845049381256,-0.03349531590938568,-0.1623227745294571,-0.100892573595047,-0.121851846575737,0.07048535364857109,-0.03179756481966823,-0.057543961250464785,
-0.007985388487577438,-0.04233987331390381,0.009263391047716141,-0.17111121118068695,-0.10295652598142624,-0.11958816647529602,0.0629864443089541,-0.03375404567118129,-0.06547327716178428,
0.022214151918888092,-0.004202264547348023,0.0672246515750885,-0.16372093558311462,-0.0828496590256691,-0.1609337329864502,0.047790668592174734,-0.041479121736137096,-0.07959863036017549,
0.0327642560005188,-0.015621870756149292,0.09670407176017762,-0.14987249672412872,-0.08571255207061768,-0.16299769282341003,0.040036944008254145,-0.04534435537960362,-0.08690868872254585,
-0.02315165251493454,-0.007882534712553025,0.13835090398788452,-0.11611692607402802,-0.11014705896377563,-0.1520121544599533,0.02619085928066363,-0.052141269082735024,-0.10414054164550035,
-0.017070031166076662,0.021214304864406588,0.1608241081237793,-0.09461189806461334,-0.11287679523229599,-0.18596746027469635,0.020370790514465165,-0.056208235200215416,-0.11266405737505107,
0.021969541907310486,0.049948072433471685,0.14399275779724122,-0.09481164067983627,-0.05974673852324486,-0.22405065596103668,0.012458149399260791,-0.06671555499105795,-0.13072082219488992,
-0.024814271926879884,0.044816759228706364,0.1607386589050293,-0.05266711488366127,-0.0461646169424057,-0.21053510904312134,0.009833714967979147,-0.07122896971243185,-0.14161548508921382,
-0.1093008041381836,0.04377844035625458,0.2753268003463745,0.028492724522948265,-0.009812465868890285,-0.2187243402004242,0.006417853620111096,-0.07664556101441554,-0.16473484152298426,
-0.08713268041610718,0.02018045336008072,0.2789108991622925,0.0729675143957138,0.004768341314047575,-0.21899065375328064,0.007702953519069994,-0.07835862433463434,-0.17559668197316983,
-0.11328455209732056,-0.029213017225265505,0.25327951908111573,0.12310152500867844,0.05097418650984764,-0.180840864777565,0.01685773101432273,-0.07849153921625437,-0.19849042171769596,
-0.12193399667739868,-0.05974796414375305,0.20176563262939454,0.12509889900684357,0.08066843450069427,-0.1508137285709381,0.02427989772708367,-0.07700004634960118,-0.20946040015310752,
-0.1447175145149231,-0.08598266243934632,0.10503523349761963,0.1439407616853714,0.08186686038970947,-0.0990152508020401,0.04079357758679669,-0.06957861549073288,-0.22698923110385624,
-0.15946377515792848,-0.07887518405914307,0.09386472702026367,0.16424736380577087,0.06648710370063782,-0.07890838384628296,0.04855107029772698,-0.06418753893679566,-0.2327252241664741,
-0.1342201828956604,-0.06999699473381042,0.02919707000255585,0.18422038853168488,0.035394806414842606,-0.04981463402509689,0.06441348693521755,-0.05302796406730119,-0.2396893402903293,
-0.12746644020080566,-0.05858478546142579,-0.0060115717351436615,0.17123746871948242,0.03506191074848175,-0.025912759825587273,0.06733570551824258,-0.03678868160244661,-0.24148796409834353,
-0.13956594467163086,-0.05773850679397583,-0.09858277440071106,0.1440066546201706,0.02314426563680172,0.01563255302608013,0.08595552172976907,-0.03129433081078131,-0.24401535081919073,
-0.15000224113464355,-0.06156370639801026,-0.11819672584533691,0.11717530339956284,-0.0024220815394073725,0.058442868292331696,0.0941976299728743,-0.02937437137393379,-0.24358838768852817,
-0.11730060577392579,-0.06492385864257813,-0.13949393033981325,0.08734789490699768,-0.011410250328481197,0.07189183682203293,0.10782009304726983,-0.028907496295933314,-0.23918756120405252,
-0.09393727183341981,-0.06525209546089172,-0.14497407674789428,0.08195499330759048,-0.04370107874274254,0.08633948117494583,0.1129528189094798,-0.03034860077514914,-0.23594777816007798,
-0.09112638235092163,-0.06416583061218262,-0.1418378233909607,0.07236761599779129,-0.06121136620640755,0.10737845301628113,0.11716712444652985,-0.03217092925795839,-0.23266598953206283,
-0.07769815325737,-0.06319879889488221,-0.15778266191482546,0.005722007714211941,-0.019133416935801506,0.12655320763587952,0.12467703423206769,-0.03975419448889339,-0.22582737035428188,
-0.059809380769729616,-0.06550737619400025,-0.17743537425994874,-0.03595646470785141,0.0018389761680737138,0.1342763751745224,0.1270327951500633,-0.044526168587416315,-0.22140272777108536,
