-0.08695235252380372,-0.1066590428352356,-0.20092918872833254,-0.043677978217601776,-0.00382051058113575,0.09979153424501419,0.1293190116691175,-0.0359023624582669,-0.0991440206267866,
-0.07541975975036622,-0.1026166558265686,-0.1941180467605591,-0.07057590037584305,-0.010278675705194473,0.1214962974190712,0.12686838354642846,-0.03711418271184036,-0.09429273904964283,
-0.0783887267112732,-0.10078879594802857,-0.19990371465682985,-0.10679489374160767,-0.0008244543569162488,0.13767500221729279,0.12387493511286032,-0.03940999459606902,-0.08952114456957684,
-0.042287963628768924,-0.0814238965511322,-0.17586050033569336,-0.16032443940639496,0.0037029196973890066,0.1449321210384369,0.11331017893835334,-0.04471812080977269,-0.07745114164262765,
-0.039694067835807804,-0.06473419666290284,-0.06558276414871216,-0.14687547087669373,-0.03444686532020569,0.15798160433769226,0.09587769644858377,-0.04887214480177427,-0.06324538970648648,
-0.051727485656738285,-0.06583542823791504,-0.03956017792224884,-0.15732838213443756,-0.048628196120262146,0.17955321073532104,0.08693732374912566,-0.05164145080019102,-0.05611395472019199,
-0.008665923029184341,-0.052704411745071414,0.005057654902338982,-0.16718097031116486,-0.015405440703034401,0.20638662576675415,0.06834710031340986,-0.06006258797352372,-0.04008160599300983,
0.015107142925262452,-0.03836616277694702,0.05318889021873474,-0.15100227296352386,-0.01094464585185051,0.2109140008687973,0.05791187636134792,-0.06364637125661894,-0.030606593916364173,
0.03895645439624787,-0.024028542637825015,0.09870271682739258,-0.12390460819005966,-0.024926243349909782,0.20412293076515198,0.047311374424513435,-0.06613978977092101,-0.020124567101285924,
0.09170412421226502,0.00387985110282898,0.15811783075332642,-0.08715298771858215,-0.017402812838554382,0.19080713391304016,0.028589197945413557,-0.0703736645475222,0.0011567073809813798,
0.10661674737930299,0.018310144543647766,0.1625452995300293,-0.08116087317466736,-0.004885954782366753,0.18521448969841003,0.02091777354258717,-0.07260803833560757,0.011381643563386884,
0.14156928062438964,0.03211650252342224,0.18641784191131594,-0.05239873006939888,0.007298007607460022,0.17016762495040894,0.007877516622684393,-0.07449581574561928,0.030934956672529997,
0.17818111181259155,0.043559718132019046,0.22896647453308105,-0.0008665623608976603,0.019282231107354164,0.1320178508758545,0.0024210011006975314,-0.07439406678517639,0.04017839539860988,
0.20271701812744142,0.05443586111068726,0.23230764865875245,0.024167152121663094,0.031799089163541794,0.10385490953922272,-0.001063669020357244,-0.07372780577756037,0.048122028407438934,
0.2152660369873047,0.06234419345855713,0.2223749876022339,0.07430116087198257,0.07081440091133118,0.055451955646276474,-0.0026292319603888597,-0.07098009980578361,0.059181028793045855,
0.21305711269378663,0.056885331869125366,0.2166221618652344,0.10825645923614502,0.09058836847543716,0.029885612428188324,-0.001060570828750675,-0.0682800745700346,0.06258651037764883,
0.19250422716140747,0.04408252537250519,0.18213012218475344,0.13029412925243378,0.08326467871665955,0.016236910596489906,0.0025147334965386226,-0.06445374435731335,0.06455109707391955,
0.15512454509735107,0.017858149111270906,0.1401100277900696,0.17410312592983246,0.0637570172548294,-0.005933905486017466,0.01406583205131446,-0.05565827824555583,0.06619786930314828,
0.14455536603927613,0.0083951935172081,0.0909193515777588,0.17117364704608917,0.07301150262355804,-0.023843664675951004,0.02216810545861555,-0.05220194079992937,0.06647795223373368,
0.12421821355819702,-0.006379542499780655,0.00031832270324230196,0.1472052037715912,0.07673992961645126,-0.03795842081308365,0.04012729584506163,-0.04527339842136007,0.06528452737170357,
0.11882346868515015,-0.010327161103487015,-0.008176225423812867,0.14653940498828888,0.07327782362699509,-0.05067501217126846,0.048197262987989015,-0.04254074769666818,0.06422689782887893,
0.09348666071891786,-0.019148929417133333,-0.030082598328590393,0.13655255734920502,0.06655333936214447,-0.057732388377189636,0.06197072664796832,-0.046087530929150376,0.06109094640097447,
0.0852474093437195,-0.019855237007141115,-0.04803298711776734,0.12510095536708832,0.06622044742107391,-0.0641239732503891,0.0692026319045795,-0.043786259994855165,0.05901647028813133,
0.10312783718109131,-0.03030962646007538,-0.08144179582595826,0.10399451106786728,0.06056137755513191,-0.08563067764043808,0.08302617018126178,-0.03589865813146286,0.054534402512923366,
0.10466456413269043,-0.03676475286483765,-0.10221363306045533,0.08109132200479507,0.058164533227682114,-0.09868016839027405,0.08921984242504015,-0.03167371642270131,0.051740129288498735,
0.08893440365791322,-0.04390110671520234,-0.12740284204483032,0.054925769567489624,0.049509257078170776,-0.1128614991903305,0.09916599190688195,-0.02318958481353466,0.04446407040242851,
0.07844085097312928,-0.045134469866752625,-0.12717649936676026,0.04074443504214287,0.0321987122297287,-0.11998545378446579,0.10273153641778374,-0.018665400162981863,0.0403204075789429,
0.06940651535987855,-0.0512787401676178,-0.14008861780166626,0.0183738823980093,0.02101343311369419,-0.13603100180625916,0.10805102633084726,-0.010921526631461004,0.030423866354196607,
0.05880631804466248,-0.06264486908912659,-0.1454312562942505,0.0017291248077526689,0.002304726280272007,-0.13043835759162903,0.10964701695315963,-0.00736178851147994,0.02469294369982704,
0.019960141181945803,-0.07712342739105225,-0.1767656445503235,-0.04900409281253815,-0.022662408649921417,-0.11139675974845886,0.11078230090908128,-0.001663210235147044,0.012349337601798046,
0.02653486728668213,-0.08098470568656922,-0.18940163850784303,-0.07470360398292542,-0.03591163456439972,-0.1122622862458229,0.10974627644516129,-0.0002177813778376814,0.00641797625625576,
0.03839421272277832,-0.07821867465972901,-0.1567303776741028,-0.10912495851516724,-0.06520640850067139,-0.10646991431713104,0.10331774137667667,0.0006763792942078719,-0.005341068859932187,
0.021256293356418612,-0.06877196431159974,-0.15646618604660034,-0.1304968148469925,-0.08524669706821442,-0.10673622786998749,0.09872690078169624,8.70730002762769e-06,-0.011566185623111696,
0.028065171837806702,-0.06970568299293518,-0.09117313027381897,-0.1263689249753952,-0.10961461812257767,-0.10074411332607269,0.08641211424560663,-0.004263541549571238,-0.02409927438772949,
0.007441861182451249,-0.07221004962921143,-0.0763296365737915,-0.15293395519256592,-0.11960147321224213,-0.0983472689986229,0.07998506506401899,-0.0077870639480347,-0.030611693879414367,
0.023140282928943635,-0.06028934717178345,-0.04598238468170166,-0.20779506862163544,-0.09210433810949326,-0.09155620634555817,0.06624438054968357,-0.016875240018748586,-0.043176070704518406,
0.030396851897239688,-0.045436668395996097,0.013196703791618348,-0.19834084808826447,-0.08651169389486313,-0.0965496376156807,0.05697211089755534,-0.02192335283398103,-0.048892251291352475,
0.04202288091182709,-0.008234614133834839,0.152686607837677,-0.14700841903686523,-0.10608593374490738,-0.1206512451171875,0.037163097947276284,-0.02964972914450228,-0.059733086704662715,
0.059013694524765015,0.005134445056319237,0.19235401153564455,-0.13222788274288177,-0.08118537813425064,-0.13489916920661926,0.02884564333687643,-0.03417091148727069,-0.06577733125783448,
0.04898395538330078,0.023719802498817444,0.18087791204452516,-0.12590286135673523,-0.05229007825255394,-0.14035862684249878,0.022474514948423775,-0.038933831110510346,-0.0725939668071449,
0.03991925418376923,0.04727250337600708,0.22862915992736818,-0.05546281114220619,-0.04077181592583656,-0.1617981195449829,0.011216490869947337,-0.04528736083985591,-0.08703567056906632,
0.04604677855968475,0.05507873892784119,0.2365967035293579,-0.023704614490270615,-0.04876129701733589,-0.17544682323932648,0.007418022372785854,-0.04716137802662953,-0.09474763273700547,
0.012882214784622193,0.06375523805618287,0.17124495506286622,-0.005994593258947134,-0.03724312782287598,-0.18743105232715607,0.0059564957951570305,-0.051371856994953516,-0.11223067003839794,
0.0004600622691214085,0.059557330608367924,0.15439966917037964,0.012114902026951313,-0.0391739197075367,-0.19888263940811157,0.006799992668364695,-0.05334006588259556,-0.12161240112354182,
-0.012936578691005708,0.04572483599185944,0.1620914101600647,0.033886246383190155,-0.044633399695158005,-0.20181211829185486,0.008330159121384299,-0.055021796049070336,-0.13152494599176923,
-0.06734498143196106,0.018319240212440493,0.1749208450317383,0.07403339445590973,-0.04443366080522537,-0.17518050968647003,0.014243110528117539,-0.058544676230003076,-0.15253373609603627,
-0.07952059507369996,0.013865290582180024,0.1712266206741333,0.09440658241510391,-0.03165048733353615,-0.16938813030719757,0.018796256431357513,-0.0605090601115788,-0.1624590455141594,
-0.0969155251979828,-0.0026430131867527964,0.16513994932174683,0.12529926002025604,-0.0054849302396178246,-0.15647180378437042,0.03066782163497546,-0.06312577431941191,-0.18073444972153854,
-0.11864182949066163,-0.013114248216152192,0.14101327657699586,0.14214375615119934,0.00590008357539773,-0.13756334781646729,0.038154228240403466,-0.06321509168900578,-0.1894242720699631,
-0.14574134349822998,-0.03064536452293396,0.09451125860214234,0.1690416783094406,-0.004086770582944155,-0.11499305814504623,0.05469929883237285,-0.06101374356424707,-0.20449592569420313,
-0.15943483114242554,-0.04058228731155396,0.06354820728302002,0.1869514286518097,-0.018334683030843735,-0.09422039985656738,0.06389588301180242,-0.05964118646917624,-0.21077664467779428,
-0.15992283821105957,-0.052480953931808474,-0.01053226962685585,0.15905481576919556,0.018150625750422478,-0.058001406490802765,0.08116255950281695,-0.04967799991549397,-0.22058597700580945,
-0.15732446908950806,-0.05511362552642823,-0.05287207365036011,0.13874821364879608,0.035993803292512894,-0.028107423335313797,0.0907602981116649,-0.04870977347793674,-0.22374060993350817,
-0.1611709475517273,-0.07231406569480896,-0.08096031546592714,0.12270266562700272,0.013623250648379326,0.012638942338526249,0.10618752909068441,-0.04461862759690329,-0.2258030707540003,
-0.1598542094230652,-0.0705694854259491,-0.10008223056793214,0.10825501382350922,0.002238237066194415,0.04040239751338959,0.11287489654331849,-0.04320419232638316,-0.2254663024259658,
-0.14290276765823365,-0.06755750179290772,-0.11105586290359498,0.08655025064945221,0.010560615919530392,0.0549166277050972,0.11883130865588405,-0.04302551294951381,-0.22429105336063124,
-0.11351686716079712,-0.07000169754028321,-0.15977063179016116,0.03981177881360054,0.018550099804997444,0.0778198093175888,0.12829950850261404,-0.04422852733677227,-0.2196197645148162,
-0.10370104312896729,-0.0733555018901825,-0.1567684292793274,0.02476491779088974,0.013290355913341045,0.09659510105848312,0.13083680308953702,-0.04480698476297349,-0.21602702682376296,
-0.10581135749816895,-0.07756506800651551,-0.1486922025680542,0.004391734953969717,0.010560615919530392,0.11557012051343918,0.13207174616704248,-0.04558081428694833,-0.21180848880482822,
-0.08222508430480957,-0.07894425988197327,-0.17758575677871705,-0.041747529059648514,0.019082730636000633,0.1416025161743164,0.13217533560490996,-0.048764692166751875,-0.20137639519200942,
-0.05890554189682007,-0.07364295721054077,-0.16910475492477417,-0.06118860840797424,0.017351675778627396,0.14446541666984558,0.13004868562188657,-0.050796475579373675,-0.1948645450108027,
-0.04276148676872254,-0.0622252106666565,-0.14743754863739014,-0.09194812178611755,0.02141299657523632,0.14320041239261627,0.12657752542737088,-0.052768520407902614,-0.1877367766785898,
-0.012553185224533081,-0.04813676476478577,-0.1429060697555542,-0.1288994699716568,0.014488778077065945,0.13534408807754517,0.11656376567606726,-0.05645367362851188,-0.17324094306763588,
-0.012855951488018037,-0.04017505943775177,-0.10998576879501343,-0.1288994699716568,-0.0018896627007052302,0.132481187582016,0.10946318144791146,-0.05785542526197605,-0.16615104104302217,
-0.014485912024974824,-0.018866783380508425,-0.0642898678779602,-0.16125687956809998,0.0011063935235142708,0.12742118537425995,0.09386226929878287,-0.06150962143811568,-0.15281859507155057,
0.03930180966854096,0.016900502145290375,-0.013913030922412873,-0.17776848375797272,0.007364822085946798,0.08461087197065353,0.0763337743359569,-0.06539540520630262,-0.1396500441546004,
0.03823766708374024,0.019123178720474244,0.05412576794624329,-0.15892662107944489,0.008163770660758018,0.08900509029626846,0.06616029237184652,-0.06634881302254945,-0.1341931962277557,
0.01564573049545288,0.013805024325847626,0.11551655530929567,-0.1409502774477005,0.03253169357776642,0.1036524772644043,0.05625988154773603,-0.06680248387878439,-0.12980690402575346,
0.049475219845771794,0.026106989383697512,0.17690513134002686,-0.11977815628051758,0.07594121992588043,0.09473088383674622,0.038624989785138786,-0.06640526534935083,-0.1198195676998554,
0.06481559872627259,0.03955516517162323,0.22761352062225343,-0.06691440939903259,0.0733446404337883,0.08774008601903915,0.030689904694318662,-0.06391676179886327,-0.11425114132949411,
0.06362850069999695,0.049728915095329285,0.2737339735031128,-0.020508820191025734,0.06096094101667404,0.08168139308691025,0.02401712673462214,-0.06046448368667387,-0.10911982181480495,
0.07466760277748108,0.05269086956977845,0.30904703140258794,0.04527125880122185,0.052438825368881226,0.08727402985095978,0.017422598709624173,-0.05413382788502618,-0.09992104349955255,
0.08726907372474671,0.0590638279914856,0.320374870300293,0.0852852538228035,0.0667533129453659,0.08228060603141785,0.01726831936662842,-0.05171009688481838,-0.09540743529288666,
0.13653711080551148,0.07578120231628419,0.34228975772857667,0.1497337520122528,0.09391755610704422,0.04979003965854645,0.02235554635187188,-0.04622741159034264,-0.0863426751457769,
0.1396566390991211,0.07330689430236817,0.3436531305313111,0.2237696349620819,0.09751282632350922,0.035275813192129135,0.027699152624710174,-0.0423536454384784,-0.08250247491576868,
0.08316663503646851,0.023229493200778963,0.26319451332092286,0.26345115900039673,0.10343829542398453,0.04213422164320946,0.04609742274827812,-0.0331444806498324,-0.07717585306645394,
0.07435327172279359,0.002145880647003651,0.18519406318664552,0.2778322398662567,0.1122933030128479,0.04533001780509949,0.058670241716032405,-0.028464725149545976,-0.07441267328040688,
0.08029664158821107,-0.014540153741836549,0.1365028500556946,0.2977393567562103,0.09205327928066254,0.0388052724301815,0.07202982861090282,-0.02351836737648293,-0.07105899778736237,
0.08717514872550965,-0.043319889903068544,0.056425255537033085,0.3115212023258209,0.04651322215795517,0.015169717371463776,0.10073629846951034,-0.014425610306456274,-0.06409300242300423,
0.08651430606842042,-0.052969902753829956,-0.0007228455506265163,0.2934117317199707,0.04411637783050537,0.0022533852607011795,0.11359301630663833,-0.016186105899712293,-0.06119094891882718,
0.062147206068038946,-0.0778926730155945,-0.09519590139389039,0.2742369472980499,0.04225216433405876,-0.007999785244464874,0.14413616590601536,-0.012779286153659239,-0.058476827801146984,
0.04448923468589783,-0.09320831894874573,-0.12846646308898926,0.26538196206092834,0.01528766006231308,-0.009664260782301426,0.15856505699319853,-0.010524099681431863,-0.057577922040685396,
0.03419830501079559,-0.11675651073455812,-0.21374120712280276,0.1994687020778656,-0.008680790662765503,-0.02784033492207527,0.1861436164138736,-0.007349467836029159,-0.056689371421065636,
0.03200974464416504,-0.13109345436096193,-0.27788896560668946,0.12809596955776215,0.001505800406448543,-0.02957138977944851,0.19865183939630227,-0.006890162955767082,-0.057488678174716694,
-0.020796528458595278,-0.1535853147506714,-0.2976487398147583,0.06857433170080185,0.001106326119042933,0.004983125254511833,0.2158321248455123,-0.005461338672603482,-0.06011508733934087,
-0.04987388849258423,-0.1646440625190735,-0.283454442024231,0.03601718693971634,-0.012875269167125225,0.033878423273563385,0.22069110498021655,-0.004619193612097795,-0.06067099911375738,
-0.03520340919494629,-0.16403390169143678,-0.2801053047180176,-0.003663914045318961,-0.015471851453185081,0.03847237676382065,0.22398454074654303,-0.004957068393813423,-0.06039619393931549,
0.025376641750335695,-0.12388138771057129,-0.2991396188735962,-0.08901822566986084,0.01595344953238964,0.025822360068559647,0.22611379940640272,-0.008279823438933458,-0.0586041748457638,
0.02854050397872925,-0.102764892578125,-0.29179461002349855,-0.12756748497486115,0.011292917653918266,0.031215261667966843,0.2238339523864214,-0.009405232551824566,-0.057370754720679824,
0.010615231096744539,-0.08210315108299256,-0.2479642629623413,-0.1429472416639328,-0.013141585513949394,0.03221394866704941,0.21895485532088457,-0.009617047263482188,-0.05580317818459643,
0.0365560382604599,-0.03132981359958649,-0.17822051048278809,-0.1665162295103073,-0.035046085715293884,-0.010662946850061417,0.20536361250410823,-0.011443095951493941,-0.053186490995953684,
0.08299077153205872,-0.020317825675010684,-0.1533567786216736,-0.20386706292629242,-0.005551576614379883,-0.03889245539903641,0.1976016592170564,-0.01326896634949313,-0.0532568732871145,
0.03993252515792847,-0.02735886871814728,-0.12398437261581421,-0.24075184762477875,0.026739252731204033,-0.025110594928264618,0.17925285879700445,-0.013817949849048097,-0.056624936926485646,
-0.002630095183849335,-0.022939433157444,-0.09151056408882141,-0.24681127071380615,0.018616734072566032,-0.01925305649638176,0.16789113988439397,-0.012168399209518215,-0.05781399751279924,
0.01874275505542755,-0.04411251544952393,-0.06561951041221618,-0.28729134798049927,0.012424884364008904,-0.028840437531471252,0.14281665633557972,-0.00959388691706019,-0.05875052479177904,
0.05258287787437439,-0.06206284165382386,-0.03306294083595276,-0.28529396653175354,0.025008320808410645,-0.04934677854180336,0.12874071144489385,-0.009376655696105483,-0.05938133728337718,
-0.010101003199815752,-0.07757619023323059,0.013883629441261293,-0.26132550835609436,-0.023727528750896454,-0.02864069864153862,0.09424974596695229,-0.006494581862635108,-0.06186329850763259,
-0.042626091837883,-0.05809870362281799,0.05554415583610535,-0.24095232784748077,-0.04676387086510658,-0.025644643232226372,0.07871824963037616,-0.005045953149654419,-0.06384873318243689,
-0.006494294106960297,-0.03992637395858765,0.06787453293800354,-0.2217775583267212,-0.06027941405773163,-0.04042518883943558,0.06557542882056891,-0.006072145563349346,-0.06545565412111634,
-0.004659330099821091,-0.03865797519683838,0.09870585203170777,-0.20027253031730652,-0.09303629398345947,-0.014725683256983757,0.04181669004202481,-0.010654005887099822,-0.0694786957774683,
-0.040919333696365356,-0.023695904016494754,0.10572888851165772,-0.1947464793920517,-0.1286560744047165,0.015434617176651955,0.031178911927757024,-0.01419292052601756,-0.07159857064095564,
-0.025652295351028444,-0.007434988766908646,0.1204085111618042,-0.18289540708065033,-0.12732449173927307,0.011772770434617996,0.02109976404273156,-0.019041638303842236,-0.07252658793210792,
0.06490196585655213,0.032562521100044255,0.2212831258773804,-0.13535799086093903,-0.0883757621049881,-0.0007440866902470589,0.0016148557955982332,-0.03205975783000183,-0.07162632919999494,
0.057879894971847534,0.05322564244270325,0.25080146789550783,-0.09288056939840317,-0.07605864107608795,-0.004738828167319298,-0.006504698786016992,-0.03748697448413518,-0.0715337224028466,
0.062437045574188235,0.08314765691757203,0.288020658493042,-0.05000367760658264,-0.0751265361905098,-0.01798805594444275,-0.013221374162239789,-0.0419234043515129,-0.0714671260411828,
0.08162634372711182,0.12737760543823243,0.32507939338684083,0.006987973116338253,-0.0402391254901886,-0.043288085609674454,-0.021356462207864153,-0.04975392085559858,-0.07205020971628848,
0.08901144862174988,0.1398998260498047,0.3319389343261719,0.05465855449438095,-0.012342514470219612,-0.059733107686042786,-0.022404467712026564,-0.05316098378631816,-0.07377506913453569,
0.049089363217353826,0.1275960683822632,0.33694674968719485,0.13288892805576324,-0.013074883259832859,-0.07937392592430115,-0.018918801287835414,-0.056466840896088916,-0.08015606483191755,
0.027251702547073365,0.10084269046783448,0.31350417137145997,0.18635188043117523,-0.0279220063239336,-0.08463366329669952,-0.013875762642416259,-0.05699630802300052,-0.08432800975518902,
-0.0033528950065374375,0.07469703555107117,0.26868274211883547,0.2119848132133484,-0.02852121740579605,-0.08183734118938446,-0.006391150923044489,-0.05778364747148674,-0.08854023710001968,
-0.04956765174865723,0.039399737119674684,0.12982991933822632,0.20745743811130524,0.0068322462029755116,-0.06539232283830643,0.014675818889931656,-0.06050981496030268,-0.0972541629493194,
-0.07048965692520141,0.021970617771148684,0.06636905074119569,0.19793808460235596,0.0223449245095253,-0.04521617293357849,0.026428237401949876,-0.061073509894935,-0.10133660970206317,
-0.08053091764450074,0.004081670194864273,0.007084975391626358,0.1994694024324417,0.014688335359096527,-0.030968263745307922,0.04856730395145663,-0.05187050697253274,-0.10675625063664948,
-0.07348886728286744,-0.011110745370388031,-0.024314899742603303,0.18329069018363953,0.016419392079114914,-0.024044044315814972,0.059012711301960626,-0.04738843418995418,-0.1083201513671596,
-0.07380515336990356,-0.028022634983062747,-0.06085901260375977,0.1668456792831421,0.024075979366898537,-0.013790873810648918,0.06932600046830244,-0.04631035565218379,-0.10973634285003,
-0.0861272156238556,-0.04815804064273835,-0.11687352657318116,0.12310324609279633,0.045381270349025726,0.01110968366265297,0.08783426085981351,-0.043926696510732194,-0.11142435643665963,
-0.0829830288887024,-0.05619689226150513,-0.13977640867233276,0.09906821697950363,0.0488433763384819,0.025024699047207832,0.09533520097933942,-0.04230794045794375,-0.11108903340206161,
-0.08798630833625794,-0.06730250120162964,-0.1472848176956177,0.08402135223150253,0.042118895798921585,0.03501155227422714,0.10133330075419573,-0.04022894280039438,-0.10983271374152577,
-0.0854806661605835,-0.09279561042785645,-0.19140506982803346,0.03708313778042793,0.020081236958503723,0.053320787847042084,0.11046727714979766,-0.036687822984748535,-0.105537685947071,
-0.09154057502746582,-0.10370384454727173,-0.20940949916839602,-0.0020653288811445236,0.004967797547578812,0.08734267204999924,0.11357341413828873,-0.035625808088871745,-0.10301777498545558,
-0.0717552661895752,-0.0954162895679474,-0.19490076303482057,-0.04088090360164642,0.017085181549191475,0.10185689479112625,0.11508756441472424,-0.03676362113080444,-0.09608993476457325,
-0.042370939254760744,-0.0853656530380249,-0.16979531049728394,-0.05080118030309677,0.007098326459527016,0.10565190017223358,0.11343037020897664,-0.037923947910588014,-0.09119521049815471,
-0.02700457274913788,-0.07756598591804505,-0.1417926549911499,-0.06145382300019264,0.004235428292304277,0.10984638333320618,0.11074432721722738,-0.038879237307487595,-0.08600051941442866,
-0.013862253725528718,-0.04768498539924622,-0.1155676007270813,-0.08915069699287415,0.02307729423046112,0.11870139092206955,0.103943979779157,-0.04182049285184346,-0.07549089173731763,
-0.015300284326076509,-0.03717627823352814,-0.10990080833435059,-0.10539598017930984,0.008230170235037804,0.13075220584869385,0.09945844168200757,-0.04298062959406233,-0.06969551979256165,
-0.013606344163417817,-0.023473726212978364,-0.061428350210189823,-0.11145467311143875,-0.0016235262155532837,0.14746354520320892,0.08783550683274356,-0.04480617085495777,-0.05696823752791771,
0.009414438903331757,-0.007265990972518921,-0.044500842690467834,-0.1225733757019043,0.004768060520291328,0.1352130025625229,0.08133740949384262,-0.04676568437909679,-0.050004315068989454,
0.03910782337188721,-0.000886407494544983,-0.0225277841091156,-0.11325231194496155,-0.016603806987404823,0.1285550892353058,0.07438527484805978,-0.048497792280022614,-0.04267370343688839,
0.022542527318000796,0.006173994019627572,0.037654155492782594,-0.09454359859228134,-0.025059344246983528,0.13181746006011963,0.0602144882248055,-0.05161309918696771,-0.02931521913359,
0.02524150311946869,0.014241650700569153,0.05183200836181641,-0.09514328837394714,-0.005351873114705086,0.13747577369213104,0.053766942634219335,-0.05403749772521107,-0.022902046765544685,
0.02293401211500168,0.012800723314285278,0.049650222063064575,-0.09627513587474823,0.0009731345344334841,0.14100445806980133,0.04781219123560135,-0.056326796284030346,-0.016336112654206324,
0.03462131023406983,0.0149283766746521,0.07693876624107361,-0.05925719812512398,-0.022262945771217346,0.13401366770267487,0.03553725810624433,-0.058612794329630416,-0.0022020297949224086,
0.05351040363311768,0.012453650683164598,0.10554503202438355,-0.0437442846596241,-0.024726370349526405,0.12981918454170227,0.02979136270700038,-0.05970159738920098,0.005070950991540634,
0.04821888208389283,0.010085657984018326,0.09649220705032349,-0.04188007116317749,0.008496563881635666,0.14120420813560486,0.021615598794928918,-0.06304159897865258,0.018559763377625573,
0.06536868810653687,0.015638293325901033,0.10841139554977418,-0.026433736085891724,0.024076057597994804,0.13268208503723145,0.01796384101200117,-0.06438168587804473,0.025569804267068483,
0.09350239634513856,0.017123635113239288,0.13902552127838136,0.0012631404679268599,0.02014789544045925,0.11430627107620239,0.011316248567654258,-0.06366616811658724,0.03989570344340092,
0.10778520107269288,0.017140763998031616,0.1403849244117737,0.017108948901295662,0.035461071878671646,0.09493177384138107,0.009373822524670556,-0.06266409900761796,0.04636607527441391,
0.13445221185684206,0.02037164568901062,0.14684312343597414,0.03941292315721512,0.05949610099196434,0.08554413169622421,0.008234884485279016,-0.061756804701079006,0.05231759984145623,
0.15433672666549683,0.03277682960033417,0.1769883155822754,0.06497927755117416,0.07860428094863892,0.06497121602296829,0.008489297787056385,-0.05792915675011605,0.062133517153428075,
0.16215802431106568,0.033876779675483706,0.18130539655685426,0.11125169694423676,0.07500901073217392,0.043399613350629807,0.010299872192630294,-0.05448673270895229,0.06612953439966868,
0.17685515880584718,0.03309861719608307,0.14581269025802612,0.13575276732444763,0.06934979557991028,0.015569577924907207,0.018518791404723983,-0.04676175751498346,0.07190734219896563,
0.18145591020584106,0.027987033128738403,0.1168643355369568,0.16491438448429108,0.06428978592157364,-0.013325721025466919,0.02469740131858313,-0.0432252159740871,0.07368074753215402,
0.18106524944305422,0.012295236438512804,0.06273820996284485,0.17336992919445038,0.056566622108221054,-0.04668181389570236,0.03988994117409752,-0.03639817703294054,0.07446741605256241,
0.18068172931671145,0.017018616199493408,0.02265666425228119,0.17543387413024902,0.04258502647280693,-0.07124947756528854,0.048729284818009096,-0.03313477987711339,0.0736373591206059,
0.177714204788208,0.012828278541564942,0.0007196342572569847,0.16771070659160614,0.04325081780552864,-0.09089028835296631,0.05774954452411779,-0.02993026494312913,0.07185214983100426,
0.13957033157348633,-0.008292199671268463,-0.04226504862308503,0.16065333783626556,0.04591397941112518,-0.11439269036054611,0.0764091500380944,-0.03975578100002756,0.06497341183574498,
0.11695823669433594,-0.019682715833187106,-0.046423000097274784,0.16604623198509216,0.023476846516132355,-0.1209174320101738,0.085142440874151,-0.04082418046621674,0.0605688760745625,
0.08035011291503907,-0.04464404284954071,-0.08739374876022339,0.12523239850997925,0.030334630981087685,-0.1244477927684784,0.10287001284634252,-0.034478364199829234,0.05022124050134048,
0.06530317664146423,-0.051402175426483156,-0.12821381092071535,0.08228892087936401,0.03932280093431473,-0.12577937543392181,0.11146469123907866,-0.03144375439326424,0.044661953298086136,
0.0566563367843628,-0.061911857128143316,-0.1551674842834473,0.07010495662689209,0.023943044245243073,-0.1251135915517807,0.11854019757174243,-0.027850214147100472,0.03924654169795695,
0.04674962759017945,-0.0884476900100708,-0.13099396228790283,0.06331389397382736,-0.008347784169018269,-0.11958752572536469,0.1277021385322506,-0.01976099661461226,0.02868874034771736,
0.03562604486942291,-0.09507245421409607,-0.14353973865509034,0.04527098312973976,-0.02818833477795124,-0.10727040469646454,0.13151321710802868,-0.016777143617463547,0.02301333551515994,
0.017276358604431153,-0.09516164660453796,-0.18882734775543214,-0.019510410726070404,-0.05382126197218895,-0.09868171066045761,0.137755079823725,-0.01355854296225457,0.011644055693323689,
0.01644449234008789,-0.0895942270755768,-0.20596482753753664,-0.05626203492283821,-0.06680417060852051,-0.09641802310943604,0.13918061204790871,-0.01319530688577833,0.006041351162395219,
0.007805558294057846,-0.07495592832565308,-0.1694329619407654,-0.0856899693608284,-0.08205077052116394,-0.0926230177283287,0.13649118669245394,-0.014375706260051047,-0.005505854740368695,
0.005763085186481476,-0.07247827649116516,-0.14707856178283693,-0.10945868492126465,-0.09137183427810669,-0.08323537558317184,0.13321904562361844,-0.01573091254769192,-0.011417053234450789,
0.0005606404971331358,-0.06474846601486206,-0.12439148426055908,-0.13908635079860687,-0.08897498995065689,-0.07671062648296356,0.1290366239319713,-0.0177706411487221,-0.01740240609654538,
0.029776087403297426,-0.04166372418403626,-0.07637934684753418,-0.16378717124462128,-0.06454048305749893,-0.09695065021514893,0.11763450712997238,-0.023180936616375488,-0.02862094843031105,
0.044030147790908816,-0.02723897695541382,-0.04350291192531586,-0.161456897854805,-0.05561889335513115,-0.11432778090238571,0.11038974092408103,-0.025694216451724556,-0.03392411343327997,
0.019773462414741518,-0.011468786746263504,0.028187534213066103,-0.1344258189201355,-0.06966707110404968,-0.1341683268547058,0.0947909104682706,-0.028381457502899443,-0.045849785748806146,
0.027982351183891297,-0.017923258244991302,0.03856100142002106,-0.1417495161294937,-0.06533943116664886,-0.15121255815029144,0.08776106405956574,-0.029644866021094007,-0.052539008214240665,
0.025276738405227664,-0.026378327608108522,0.022848169505596164,-0.15220241248607635,-0.05055888742208481,-0.1426238715648651,0.08160704557848904,-0.03129531911463146,-0.06016405460489204,
-0.046510043740272525,-0.03553363382816315,0.047864395380020144,-0.13529133796691895,-0.057816002517938614,-0.1202533096075058,0.06849565425422117,-0.0337458250261128,-0.07641022074535629,
-0.05143084526062012,-0.035831719636917114,0.05781767368316651,-0.14241530001163483,-0.062343377619981766,-0.11492699384689331,0.0617184094537146,-0.034798037283584764,-0.08361735897615195,
-0.042831352353096014,-0.038629212975502016,0.0612524688243866,-0.11964596062898636,-0.08324907720088959,-0.09748457372188568,0.04909496869466315,-0.03856291228171808,-0.09679155983291163,
-0.046491995453834534,-0.025889000296592714,0.08204582929611207,-0.1235075443983078,-0.0845140814781189,-0.09661904722452164,0.042809805616123874,-0.04118423856898828,-0.10281082134518774,
-0.0473941445350647,0.012225595116615296,0.07820726037025452,-0.11984569579362869,-0.07605854421854019,-0.09269088506698608,0.031832403389101156,-0.04830322090385282,-0.11376420261288288,
-0.04055937230587006,0.021870478987693787,0.10311084985733032,-0.09874014556407928,-0.07279617339372635,-0.08636587858200073,0.02626355669681291,-0.05205952916419657,-0.11900516253448588,
-0.02482784688472748,0.05383899211883545,0.1392701268196106,-0.07204195111989975,-0.058215364813804626,-0.10527431964874268,0.016463061246000582,-0.05909858222857145,-0.12890694527877358,
0.002993471920490265,0.07306718230247498,0.15419756174087526,-0.04714139550924301,-0.04270245134830475,-0.13463565707206726,0.012744717809960282,-0.06244305252169408,-0.13367144749505738,
0.007990958541631699,0.06430084705352783,0.20531315803527833,0.005456035491079092,-0.02326137386262417,-0.14828436076641083,0.008544989982198974,-0.0674157479642101,-0.14583639487806271,
-0.017517846822738648,0.05105336904525757,0.2275481939315796,0.04447134584188461,-0.0014900312526151538,-0.15088094770908356,0.00852649053599931,-0.06918085198265753,-0.1532918883947087,
-0.0472865492105484,0.02441491186618805,0.2149221658706665,0.08768113702535629,-0.0054847728461027145,-0.14422304928302765,0.013547858680063847,-0.07040630432155047,-0.1688046695608212,
-0.07050235271453857,0.016004636883735657,0.19807000160217286,0.11198247969150543,-0.0023555587977170944,-0.12804433703422546,0.018334832847653734,-0.06998399118723103,-0.17671359612918533,
-0.08312178850173951,0.01916768252849579,0.176992666721344,0.14813488721847534,0.02114683762192726,-0.12245170772075653,0.031085924048684734,-0.06932016780001336,-0.19123610039080272,
-0.08818744421005249,0.00795048549771309,0.1534403681755066,0.15672358870506287,0.028936583548784256,-0.11153274774551392,0.03884264483876798,-0.0682670617440719,-0.19774405591031566,
-0.11100428104400635,-0.015071859955787659,0.08981325030326844,0.17450018227100372,0.02973553165793419,-0.08816350996494293,0.056463242655189406,-0.06423535132359319,-0.20934900829855205,
-0.12433146238327027,-0.02847508490085602,0.061750477552413946,0.18315546214580536,0.009362350217998028,-0.07324980944395065,0.06567442285991412,-0.061486030403426734,-0.21381608409845446,
-0.11968120336532594,-0.047224161028862004,-0.011698290705680847,0.17243623733520508,0.01542104221880436,-0.04195766523480415,0.08095755260922805,-0.04633554626700082,-0.22130733030851862,
-0.12509452104568483,-0.050832831859588624,-0.05245311856269837,0.14873410761356354,0.02427605167031288,-0.011464467272162437,0.09064088182334577,-0.04513819650004361,-0.2237903314774019,
-0.13328583240509034,-0.06776778101921081,-0.11837235689163209,0.11224880069494247,0.026539739221334457,0.01783030480146408,0.10788281225462872,-0.042348784901737345,-0.2253523615583267,
-0.11409077644348145,-0.0733715295791626,-0.13428893089294433,0.09280992299318314,0.029135961085557938,0.01909942366182804,0.11465828555806727,-0.041318768432724015,-0.2244132229647783,
-0.09873077869415284,-0.08072549700737,-0.15195947885513306,0.07536622136831284,0.014688313007354736,0.035011813044548035,0.12026439937898044,-0.04035153495772615,-0.2228871009188964,
-0.13095086812973022,-0.10833969116210938,-0.19026938676834107,0.015178777277469635,0.022810954600572586,0.08214976638555527,0.12901037281355754,-0.03882120144112138,-0.2194916796030627,
-0.1326628565788269,-0.11164252758026123,-0.21665487289428711,-0.04454261437058449,0.052771519869565964,0.1130424365401268,0.1316263537694061,-0.039383425121703765,-0.21683827942109907,
-0.12355256080627441,-0.10633796453475952,-0.23020708560943604,-0.07916370779275894,0.049775462597608566,0.12356191873550415,0.1319681309206645,-0.04000833464814553,-0.2125870370260308,
-0.08885003328323365,-0.08976209163665771,-0.18508098125457764,-0.10066872835159302,0.02061384543776512,0.132350355386734,0.1253860589306627,-0.0398936742721953,-0.19980072053285358,
-0.07637018561363221,-0.08056708574295045,-0.1473894000053406,-0.10306557267904282,0.008163568563759327,0.14107219874858856,0.11991730022208659,-0.040365249087224504,-0.19300776996120403,
-0.06424510478973389,-0.07088152170181275,-0.1227869987487793,-0.12383823096752167,0.012491205707192421,0.15405511856079102,0.11394295958128363,-0.04174593977681127,-0.1862694280540489,
-0.06453832387924195,-0.04997321665287018,-0.1330183506011963,-0.18449172377586365,0.001971718855202198,0.17789040505886078,0.10098296932999216,-0.04562282406447976,-0.17203531066126124,
-0.037680929899215704,-0.03303331136703491,-0.10563890933990479,-0.19541068375110626,0.036526236683130264,0.15132537484169006,0.09260578598481237,-0.047688634361016384,-0.16393156905816367,
0.027074795961380006,-0.002573359198868275,0.022387634217739108,-0.15366563200950623,-0.005019078962504864,0.13634508848190308,0.07086153847303199,-0.050857777295525784,-0.1465073025660174,
-0.014309437572956087,-0.005111278593540192,0.06753779649734497,-0.14374536275863647,-0.021863574162125587,0.14886194467544556,0.0604216678080852,-0.050529261272617663,-0.13919802763895597,
-0.010304413735866547,-0.0009800276719033718,0.0886152446269989,-0.16651539504528046,0.020414108410477638,0.14992721378803253,0.05138848503163871,-0.05180222021527422,-0.13231635071012784,
0.05069288015365601,0.03073653876781464,0.14832203388214113,-0.12503665685653687,0.031599387526512146,0.1304195672273636,0.03352930467164707,-0.054955164655341185,-0.11727995243769675,
0.06014652252197266,0.03397428691387177,0.23444008827209473,-0.05912341922521591,-0.0004917052574455738,0.12063243985176086,0.023881061662613532,-0.05361704537666469,-0.109725231710894,
0.10185583829879762,0.04924346208572388,0.3314642906188965,0.013048248365521431,0.023410165682435036,0.10092505067586899,0.010623456108839153,-0.052021180279213174,-0.09635500305625892,
0.12164703607559205,0.06057359576225281,0.337405800819397,0.05306224152445793,0.05317099392414093,0.0841471329331398,0.007945825816540356,-0.052232273044168054,-0.09037365085324317,
0.13772441148757936,0.06559926271438599,0.3427216291427613,0.10545994341373444,0.05896336957812309,0.07003238052129745,0.007353296735750506,-0.05147236110977367,-0.08495394195933408,
0.1492033362388611,0.05907923579216004,0.3430717706680298,0.1633153259754181,0.06289181858301163,0.04725901037454605,0.012331936057046912,-0.046428949821667106,-0.07624727478751289,
