0.08109217882156372,-0.010552683472633363,-0.017633602023124695,-0.1034592017531395,-0.0004260807763785124,0.14414577186107635,0.07216654751538117,-0.03940848914723146,-0.14394734641716728,
0.062378484010696414,-0.00870361179113388,-0.014075633883476258,-0.1292918622493744,0.012090776115655899,0.14001788198947906,0.05738579960499316,-0.055690554337600215,-0.12872123394149695,
0.08156088590621949,0.012849947810173035,0.01828058958053589,-0.1365489661693573,0.043649233877658844,0.12104286253452301,0.0497798869931376,-0.0570457930422866,-0.12151994818884072,
0.10604203939437867,0.028396749496459962,0.04605159759521485,-0.13854634761810303,0.06488794833421707,0.0980730876326561,0.0417205826946508,-0.056737536726725504,-0.11452679549511578,
0.07141662240028382,0.04639084339141846,0.11578724384307862,-0.13082318007946014,0.05170529708266258,0.09481071680784225,0.025707924787844005,-0.0519297646184849,-0.10312699707295576,
0.08142665624618531,0.05810185074806214,0.17191054821014407,-0.114311583340168,0.04857608303427696,0.10333283245563507,0.01804953198153462,-0.04938347180313968,-0.09806465458263279,
0.1561941742897034,0.09186840057373047,0.3132869005203247,-0.03481622412800789,0.039920806884765625,0.07204069197177887,0.004613061721560622,-0.044776208350785565,-0.08760698642749642,
0.1855393171310425,0.09074902534484863,0.39359626770019535,0.05646362528204918,0.028003163635730743,0.05020276457071304,0.0006266850342834486,-0.042483357203778604,-0.08335916726111847,
0.17247790098190308,0.07781374454498291,0.39993224143981937,0.13975399732589722,0.0626908391714096,0.042745914310216904,0.003577365670773286,-0.0393378276721246,-0.07783381413584387,
0.16054930686950686,0.06236577033996582,0.3725954055786133,0.17683851718902588,0.10183931142091751,0.03921722620725632,0.00957736734723331,-0.036784671211909405,-0.07562759089809161,
0.15865005254745485,0.057061088085174565,0.3359946012496948,0.2244425266981125,0.10976221412420273,0.030295636504888535,0.01743827091948151,-0.03269805465751048,-0.07331318089665449,
0.14551396369934083,0.01519196480512619,0.276899528503418,0.3020070791244507,0.07820375263690948,0.004729289561510086,0.038789106027044745,-0.022136099772878736,-0.06912638795221816,
0.12287778854370118,-0.004703601822257042,0.21691405773162842,0.33616212010383606,0.06335663050413132,-0.007787567563354969,0.053181899172049324,-0.017880913675164003,-0.06793081481728681,
0.0755205750465393,-0.05100083947181702,0.06296044588088989,0.3250434398651123,0.06395584344863892,-0.008985989727079868,0.0866384045052447,-0.011143300737603874,-0.06656206574463303,
0.05670552253723145,-0.0724047839641571,0.03341372311115265,0.33309948444366455,0.04897555708885193,-0.007987304590642452,0.10296525692019327,-0.008195297385166897,-0.06562778757279099,
0.052827960252761846,-0.08691954612731934,-0.006220778822898865,0.33729398250579834,0.02980079874396324,-0.019705213606357574,0.11564621161860922,-0.007996604190207757,-0.06479153743209262,
0.06328332424163818,-0.11004416942596436,-0.11761661767959596,0.3050036132335663,0.007230428978800774,-0.03428512066602707,0.14975050669169976,-0.004002652390117423,-0.06475397216625751,
0.05584307312965393,-0.11359982490539551,-0.16927595138549806,0.2743106782436371,0.019148075953125954,-0.03441827744245529,0.1660644078835793,-0.002775064860178844,-0.06575140829670806,
0.027259522676467897,-0.1319374442100525,-0.25072584152221683,0.20620034635066986,0.042250994592905045,-0.019437996670603752,0.19475619720154333,0.0005240766695945847,-0.06767728725523768,
0.019066822528839112,-0.13499549627304078,-0.2811081171035767,0.15093974769115448,0.03312966972589493,-0.00712087657302618,0.20639269592226772,0.0029130619801025796,-0.0674763482863899,
0.034812769293785094,-0.15001665353775026,-0.30777103900909425,0.08196387439966202,0.01229043584316969,-0.01564299315214157,0.2230956566623831,0.006282923532784295,-0.0661204459678941,
0.0361370861530304,-0.16198270320892336,-0.3097934484481812,0.03948645666241646,-0.00302274152636528,-0.024031950160861015,0.22825654514902377,0.00736364321027249,-0.06585352633569488,
-0.006797269731760026,-0.16688641309738161,-0.32793092727661133,-0.028357574716210365,-0.023861976340413094,0.005928613245487213,0.233236204325256,0.008879442014044848,-0.06738445635079503,
-0.006527304649353027,-0.15575308799743653,-0.331934666633606,-0.1004626601934433,-0.009414328262209892,0.028765220195055008,0.23272625232522418,0.008404703464828711,-0.06823515342536521,
0.05574719309806824,-0.1284346580505371,-0.3102910995483399,-0.16804037988185883,-0.0002930013579316437,0.02516995370388031,0.22416164313012255,0.005745969716648008,-0.0673204598937264,
0.06196048855781555,-0.10885305404663087,-0.2688436508178711,-0.1884135603904724,-0.02805645577609539,0.00666098203510046,0.21620848492237932,0.004912592157248231,-0.0662154852855257,
0.04939902126789093,-0.09173606038093568,-0.2232979774475098,-0.19646961987018585,-0.075327567756176,0.01325230672955513,0.20691876165778525,0.003940891889373797,-0.06601231013708128,
0.07245560884475709,-0.05675251483917237,-0.18807388544082643,-0.25612443685531616,-0.03258383274078369,0.010855460539460182,0.18696433242440227,-0.0017413787898559645,-0.06867345174094229,
0.10474644899368286,-0.056576776504516604,-0.16992822885513306,-0.29081210494041443,-0.013076174072921276,-0.02376563474535942,0.17494963113235212,-0.0044567570792763194,-0.06938113227571856,
0.047276833653450014,-0.04453867077827454,0.010341459512710573,-0.25858786702156067,-0.08265125751495361,-0.017906678840517998,0.14546435458841026,-0.006079829301184397,-0.07151408055341367,
0.06216611862182617,-0.03807188272476197,0.04035565853118897,-0.23914678394794464,-0.09423600882291794,-0.037081439048051834,0.1312101273989511,-0.009264884479473169,-0.07385958597687545,
0.08348016738891602,-0.05939633250236512,0.04247564971446991,-0.24540521204471588,-0.06840334832668304,-0.039078809320926666,0.11850817734679715,-0.013368174616427081,-0.07680290679635131,
0.01996978670358658,-0.060436129570007324,0.015289571881294251,-0.2835550010204315,-0.047231219708919525,-0.009717458859086037,0.08706770870983661,-0.022894410261734444,-0.0823098512404879,
0.012121449410915376,-0.04519854784011841,0.12054219245910645,-0.22429965436458588,-0.07972178608179092,-0.014644306153059006,0.07234573009255575,-0.02506950614192292,-0.08358614997378011,
0.005617211759090424,-0.030120509862899783,0.13272032737731934,-0.2258983850479126,-0.10042772442102432,0.019442612305283546,0.04765992796776863,-0.03178767106259823,-0.08607017347834432,
0.014132930338382721,0.013695794343948365,0.16253294944763186,-0.2097196877002716,-0.05948162078857422,0.03195946663618088,0.0364161364989736,-0.036955368281492894,-0.08645954253846908,
0.06616252064704896,0.07598791718482972,0.23436317443847657,-0.16684278845787048,-0.0767921730875969,0.015381291508674622,0.014255419615418907,-0.04441836253423341,-0.08413284474046208,
0.0804549515247345,0.10116345882415773,0.2724564552307129,-0.12150245904922485,-0.07173216342926025,0.001000220887362957,0.00477784980491486,-0.047823201981168746,-0.08324930118791246,
0.09342378377914429,0.10781512260437012,0.2627716064453125,-0.10752086341381073,-0.036645013839006424,0.0017991689965128899,-0.0026642794761544864,-0.05199813531884593,-0.08302189098615965,
0.10117317438125611,0.12105818986892701,0.26538562774658203,-0.06830582022666931,-0.017869729548692703,-0.009319528937339783,-0.013941787323573143,-0.056826333327596575,-0.08384681257200777,
0.11904593706130982,0.13610633611679077,0.3072771310806275,-0.0014604722382500768,-0.019201310351490974,-0.043341413140296936,-0.01827209805395342,-0.05779109220075164,-0.08458602840304705,
0.10372308492660523,0.1345226526260376,0.36132488250732425,0.10000596940517426,-0.002756290603429079,-0.07976014167070389,-0.01966649877386424,-0.059896490572027124,-0.08956895732175786,
0.07088685631752015,0.11719654798507691,0.3291616201400757,0.14974048733711243,0.01934794709086418,-0.09027963131666183,-0.015178745644908695,-0.06058496586740466,-0.09395773249787347,
0.03948377668857575,0.0939038634300232,0.28027849197387694,0.18402869999408722,0.036392178386449814,-0.09241015464067459,-0.008066973002558788,-0.06042314661475082,-0.09901286801985291,
-0.019805325567722323,0.03821872770786286,0.17136808633804324,0.23163269460201263,0.02107900194823742,-0.0846204087138176,0.011424023412454099,-0.05730660332526409,-0.10942949872855279,
-0.042437499761581426,0.018761222064495087,0.11269744634628297,0.24235191941261292,0.011624779552221298,-0.07723014056682587,0.023240540407082014,-0.055384997603883705,-0.11389205456658648,
-0.07008256316184998,-0.025002849102020264,-0.021594552695751192,0.20566688477993011,0.02913506329059601,-0.04340799152851105,0.04840901015311991,-0.05134714271300561,-0.12153551686939237,
-0.08231651782989502,-0.05295068025588989,-0.0918094038963318,0.1719113141298294,0.045846402645111084,-0.017575327306985855,0.07097286535786558,-0.04807807443485308,-0.1261037843213113,
-0.09129372239112854,-0.06642818450927734,-0.11403177976608277,0.14880838990211487,0.0381232351064682,0.004928383976221085,0.08032012033833302,-0.04549596325567675,-0.1268849219339822,
-0.10137697458267213,-0.08385568261146546,-0.14989173412322998,0.1207120418548584,0.030799539759755135,0.03795158118009567,0.09598818196332254,-0.04150399702690796,-0.12587609487687995,
-0.1067620873451233,-0.09153179526329042,-0.16919779777526855,0.08249568194150925,0.0179497878998518,0.0609879270195961,0.1023018555758326,-0.04019722190787167,-0.12397081676092442,
-0.08967668414115906,-0.08809523582458496,-0.19278180599212646,0.029965173453092575,0.026937900111079216,0.08016332983970642,0.1110095521175266,-0.03994333580313754,-0.11793081168281075,
-0.08665715456008911,-0.08536888957023621,-0.17155636548995973,0.009791727177798748,0.023608949035406113,0.10086940973997116,0.11269555849272436,-0.04003850235330462,-0.11391951116026865,
-0.07481712102890015,-0.0849892556667328,-0.1546583652496338,-0.0013269699411466718,0.01661815121769905,0.11591626703739166,0.11314375635308334,-0.040312047733528276,-0.1092073530723753,
-0.03634514212608338,-0.0648882508277893,-0.1494903326034546,-0.02975621446967125,0.009560773149132729,0.1323612928390503,0.11194142871200903,-0.04242217381137896,-0.09800180522489157,
-0.017510598897933962,-0.05172265768051148,-0.15207598209381104,-0.05858493596315384,0.011558144353330135,0.1348247081041336,0.11011091970139147,-0.044210225238615806,-0.09158475182436834,
-0.005871786177158356,-0.045446112751960754,-0.1405927300453186,-0.07103521376848221,-0.00428766431286931,0.13828682899475098,0.10704743243779256,-0.04594305185271179,-0.08486156079347316,
-0.0014122060500085356,-0.03284304738044739,-0.10044076442718507,-0.08295285701751709,-0.02033321000635624,0.14913921058177948,0.09831991517605947,-0.050237262435947144,-0.07139980998448492,
0.016929861903190613,-0.023796656727790834,-0.08691022992134095,-0.09333918988704681,-0.016937680542469025,0.15453210473060608,0.09313852912780071,-0.0534046820853906,-0.06445114867229856,
0.03893539309501648,-0.01642277240753174,-0.07155190110206604,-0.10911841690540314,-0.013342412188649178,0.150537371635437,0.08739297187739369,-0.05643736461552281,-0.057072555645475455,
0.0601643979549408,-0.0065418660640716554,-0.03463881015777588,-0.11497737467288971,-0.015606099739670753,0.14108313620090485,0.07416127826190431,-0.062259285510658055,-0.04234155183752538,
0.05982450842857361,-0.005058311671018601,-0.009854166209697724,-0.10985078662633896,-0.018002944067120552,0.1336928755044937,0.06676133029369748,-0.06641237352944765,-0.03539688289276168,
0.044107773900032045,-0.0003664336632937193,0.017370891571044923,-0.10758709907531738,-0.028722167015075684,0.14234814047813416,0.0524797689273099,-0.07106297703795197,-0.021877136612852077,
0.055173408985137944,-0.0032485280185937885,0.0372487485408783,-0.09760024398565292,-0.025260059162974358,0.14281420409679413,0.045372030607280366,-0.07347912814275,-0.014921955408368603,
0.06202862858772278,0.002800337038934231,0.06029331088066101,-0.09134181588888168,-0.01320925448089838,0.14001788198947906,0.03832129157187196,-0.07592905829303465,-0.007656185111672898,
0.05636242628097535,0.011600644886493684,0.09541534781455994,-0.06371152400970459,-0.02033321000635624,0.14128288626670837,0.025321597355974407,-0.07916932928001434,0.006878625470383229,
0.05643429756164551,0.017682385444641114,0.11654936075210572,-0.03934359550476074,-0.0088150380179286,0.13875287771224976,0.019609954184737478,-0.08059746789925047,0.01414774791396959,
0.058134377002716064,0.02002314776182175,0.11459530591964723,-0.01324461679905653,-0.008149247616529465,0.14168235659599304,0.011150635517220777,-0.08259482838161755,0.028791584317451997,
0.06305419802665711,0.019230428338050845,0.12211365699768068,0.0049980380572378635,-0.0040213484317064285,0.14847341179847717,0.008050007072344583,-0.08306792191132599,0.0360908607455295,
0.10147606134414673,0.03766517043113709,0.1095535159111023,0.015716228634119034,0.012224103324115276,0.1341569870710373,0.0039714925396964786,-0.08394805975765862,0.0513886894109182,
0.12076548337936402,0.04637495279312134,0.11605395078659059,0.030896246433258057,0.019148321822285652,0.1113203912973404,0.0026834389407394675,-0.08365776704157428,0.05838435716999339,
0.1752406358718872,0.06399195194244385,0.1313957452774048,0.05426548421382904,0.05676547437906265,0.07749824225902557,0.0020678286330185953,-0.0819691579304984,0.06995929451433101,
0.18914968967437745,0.06271800994873047,0.1284636735916138,0.07796762138605118,0.07660602033138275,0.04560688138008118,0.003289787499723849,-0.07983575086372115,0.07410447391504439,
0.20470473766326905,0.05806641578674317,0.12905702590942383,0.10979239642620087,0.07720523327589035,0.012184210121631622,0.00556404121554414,-0.07646198874742709,0.07718080128308655,
0.20560860633850098,0.035872223973274234,0.09236452579498292,0.13495926558971405,0.07973523437976837,-0.026231888681650162,0.014889282013179432,-0.06861331694513731,0.07937388588293241,
0.19872239828109742,0.02817569971084595,0.06632519364356995,0.14647743105888367,0.09338393807411194,-0.047736916691064835,0.021552401054389554,-0.06462368713149871,0.07883414452357458,
0.21418979167938235,0.008690963685512544,0.028737065196037293,0.15246954560279846,0.108164481818676,-0.08215826749801636,0.03665832486059423,-0.05519296585042633,0.07552249286548694,
0.2192945957183838,-0.00402570515871048,-0.0018264647573232652,0.14807532727718353,0.10476894676685333,-0.10719199478626251,0.04486405289142839,-0.049504999749612234,0.0726833841130187,
0.21509215831756592,-0.015921290218830108,-0.030672580003738403,0.14514586329460144,0.09078735113143921,-0.12610043585300446,0.05312458879769212,-0.04341163433136641,0.06896344609739803,
0.1645587205886841,-0.03527652621269226,-0.07049128413200378,0.12650372087955475,0.06755127012729645,-0.15093441307544708,0.06792685755254393,-0.045687960047006336,0.05772824661961767,
0.14924328327178957,-0.04730824232101441,-0.10647162199020387,0.09714238345623016,0.0690825879573822,-0.16358442604541779,0.07584724052303994,-0.04076416639870792,0.05144164842368248,
0.11956210136413575,-0.06470462679862976,-0.13526166677474977,0.062188390642404556,0.04977467656135559,-0.17596812546253204,0.08844826877835485,-0.0299049091800926,0.03751351369627732,
0.10827174186706544,-0.07391680479049682,-0.1272067427635193,0.05466495826840401,0.03412860631942749,-0.18555550277233124,0.09278529792498794,-0.024561694192839618,0.029980471664835702,
0.08445874452590943,-0.08757248520851135,-0.13431702852249147,0.038286518305540085,0.004500935785472393,-0.19773946702480316,0.09961991546761143,-0.01520235981802378,0.013466624172849054,
0.06234629154205323,-0.08972896337509156,-0.13969577550888063,0.02177491970360279,-0.017137249931693077,-0.19461025297641754,0.10227815779624087,-0.011385596073113085,0.004279589991036027,
0.04177274405956269,-0.09112534523010254,-0.14524067640304567,0.0002698940224945545,-0.0386422723531723,-0.18522261083126068,0.10425155340113601,-0.008346910655460867,-0.0053595224026442645,
0.017531205713748933,-0.09889013767242433,-0.16320496797561646,-0.036680638790130615,-0.0943690612912178,-0.18195869028568268,0.10548213108805725,-0.004989735365199603,-0.024479248368685647,
0.0038762457668781282,-0.08717434406280518,-0.16033678054809572,-0.05252644792199135,-0.15169359743595123,-0.1862863302230835,0.10448973580271283,-0.0052280100247643155,-0.03414056853023916,
-0.03709572851657868,-0.08265299201011658,-0.13629938364028932,-0.08847913146018982,-0.18891127407550812,-0.1573910266160965,0.10023012312163598,-0.011977562390827735,-0.056224428579680345,
-0.047229111194610596,-0.07072533965110779,-0.14519704580307008,-0.15432578325271606,-0.1503620147705078,-0.12263677269220352,0.09712887190834167,-0.018448846180882692,-0.06741352918211739,
-0.025495949387550357,-0.05710591077804566,-0.0815258800983429,-0.19327451288700104,-0.1273922473192215,-0.10539280623197556,0.08501615151964466,-0.030534785093652664,-0.08541570724050374,
-0.004108627140522003,-0.04927592277526856,-0.004908621683716774,-0.16677606105804443,-0.12885698676109314,-0.11058597266674042,0.07602196587072131,-0.035525013608192366,-0.09238923185617536,
0.014615952968597412,-0.020267170667648316,0.047210237383842474,-0.16038447618484497,-0.12652672827243805,-0.112849660217762,0.05971175361740385,-0.045985891275818556,-0.10606127058211744,
0.03129780888557434,0.004327559098601341,0.03370128571987152,-0.1810905486345291,-0.0949682667851448,-0.12117204070091248,0.05296439190363774,-0.05149203524725194,-0.11293063056233955,
0.05152258276939392,0.01635688990354538,0.04832233786582947,-0.17889344692230225,-0.08092009276151657,-0.1290949434041977,0.045647653951415554,-0.0566663897591712,-0.1197628801670182,
0.05321682691574097,0.024524521827697755,0.08920919299125672,-0.15852025151252747,-0.09157273918390274,-0.1418115347623825,0.037701109844171965,-0.06063812185378616,-0.12666752604187428,
0.05324890017509461,0.049967548251152044,0.1460591197013855,-0.1244983822107315,-0.08811063319444656,-0.1749013066291809,0.023657072613539838,-0.06815193273145095,-0.14165155164003349,
0.04345371723175049,0.06291168332099915,0.16535518169403077,-0.10712125897407532,-0.08278430998325348,-0.19321054220199585,0.018529273105304684,-0.07245632215532577,-0.15035053724739866,
0.014430923759937287,0.05602165460586548,0.21739888191223145,-0.06630831211805344,-0.05768400803208351,-0.2109205722808838,0.011858984832257119,-0.08008160534590018,-0.1703609665939911,
-0.029330489039421082,0.06480696201324464,0.2463284730911255,-0.027359576895833015,-0.02818950265645981,-0.20632661879062653,0.010832418940160527,-0.08295147708900019,-0.18150180897455861,
-0.06025389432907105,0.0772015929222107,0.2730921506881714,0.02863338589668274,-0.004420788958668709,-0.21198582649230957,0.011310651206549146,-0.08472207065647695,-0.19255493648261046,
-0.08289488554000855,0.08030772805213929,0.2929213047027588,0.07643712311983109,0.009693965315818787,-0.21904321014881134,0.013584183086266311,-0.08537028989088138,-0.20352992311278403,
-0.13237078189849855,0.0048264931887388235,0.263103723526001,0.13103193044662476,0.022743454203009605,-0.1990029215812683,0.024765521652472366,-0.08386084072044418,-0.2262006862109996,
-0.16739478111267092,-0.027485531568527222,0.206853985786438,0.1517380177974701,0.04571321979165077,-0.1501339077949524,0.03346190656815844,-0.08191846497448722,-0.23698699955813238,
-0.18682644367218018,-0.053598529100418096,0.13479057550430298,0.15033985674381256,0.06202508509159088,-0.09946727752685547,0.0432277617275868,-0.07920095207773671,-0.24615549656527347,
-0.18422603607177734,-0.060284352302551275,0.0806710183620453,0.1693802773952484,0.06641948968172073,-0.04926887899637222,0.06133607466609026,-0.07171343285792349,-0.2571927324807136,
-0.15395714044570924,-0.055971699953079226,0.06323941349983216,0.1886216253042221,0.0728110745549202,-0.031825169920921326,0.07006030623449018,-0.0677925827563186,-0.25925828850782184,
-0.12391679286956787,-0.05025837421417237,0.023936212062835693,0.20200400054454803,0.07008133828639984,-0.021771736443042755,0.07768984667364667,-0.06004449146570939,-0.2597557036520589,
-0.09718489050865174,-0.045930501818656926,-0.03377867639064789,0.20047268271446228,0.05669895187020302,-0.0010656588710844517,0.09441590536079932,-0.043926467838021455,-0.25896145054906994,
-0.08664687275886536,-0.054972398281097415,-0.07130549550056457,0.16798211634159088,0.06402264535427094,0.020306209102272987,0.10475199221175814,-0.04082555743070413,-0.2579534369645692,
-0.08380669951438904,-0.06413532495498657,-0.11375285387039186,0.13955287635326385,0.07207870483398438,0.038349129259586334,0.1144423678466238,-0.03819081150740818,-0.2563446410471223,
-0.09816151261329652,-0.08007673621177674,-0.13482638597488403,0.11771495640277863,0.044581569731235504,0.06657863408327103,0.1294891273638362,-0.03292283438351676,-0.25030940771674404,
-0.10376231670379639,-0.09456209540367128,-0.14994041919708254,0.09068387001752853,0.010493104346096516,0.08781734108924866,0.13545259414490143,-0.0312855136439533,-0.2464159598305721,
-0.09987427592277527,-0.11023995876312256,-0.17448387145996094,0.046941448003053665,0.004967045038938522,0.1115860566496849,0.14070558949472034,-0.031319491603566015,-0.24234905104520457,
-0.07915762066841125,-0.1296557903289795,-0.2277819871902466,-0.03927839174866676,0.041385773569345474,0.14334425330162048,0.14641072433801414,-0.03512948790416068,-0.23270282114657084,
-0.08439428806304933,-0.13428543806076051,-0.2209857702255249,-0.08109002560377121,0.04471472650766373,0.17763245105743408,0.1452949358249379,-0.036848605865288785,-0.2261635246140655,
-0.09482948184013368,-0.126871657371521,-0.19509114027023317,-0.11524506658315659,0.021611802279949188,0.20998986065387726,0.1416358568422181,-0.038112336424981914,-0.21812088308073974,
-0.036996692419052124,-0.0836312472820282,-0.16425712108612062,-0.15838827192783356,0.029002076014876366,0.19840510189533234,0.12897314966237677,-0.04331066921270756,-0.1984985275989435,
-0.007310353219509125,-0.07310266494750976,-0.16530822515487673,-0.19813595712184906,0.009893893264234066,0.19001615047454834,0.1205719993656161,-0.04642452722036914,-0.18801036228374624,
0.022427800297737124,-0.028864565491676333,-0.09202526211738588,-0.2177101969718933,0.036458928138017654,0.168710857629776,0.09926428491505958,-0.05135818261855998,-0.16853117574735532,
0.03827708065509797,-0.012858772277832033,-0.04033682942390442,-0.2116515040397644,0.03878919407725334,0.1536640077829361,0.08659871245712193,-0.0534067862175158,-0.1592708876275776,
0.06451991200447083,0.014835077524185182,0.032036834955215455,-0.19580569863319397,0.023808911442756653,0.11657948046922684,0.06190846319383924,-0.05352702426055056,-0.14219226020512238,
0.08895753026008607,0.035897135734558105,0.05816731452941895,-0.1905459463596344,0.024741018190979958,0.09121287614107132,0.050389366223202565,-0.05362500252273574,-0.13498950701486756,
0.0892369568347931,0.0706727683544159,0.14988611936569216,-0.16484686732292175,0.034395042806863785,0.07083892077207565,0.029027140670377583,-0.05231645280456037,-0.12427554301636225,
0.09365929961204529,0.08619166612625123,0.22313919067382815,-0.1199725866317749,0.060627181082963943,0.06850865483283997,0.01910930067024852,-0.0513039718039906,-0.12012528553589756,
0.07638659477233888,0.09469240307807923,0.27164249420166015,-0.06211541220545769,0.056366123259067535,0.07676445692777634,0.010744093877631575,-0.04930425875706502,-0.11651797089639979,
0.11358598470687867,0.10228204727172852,0.3627929210662842,0.036288391798734665,0.03233109414577484,0.06318233162164688,0.0005651361260078893,-0.043518346609845215,-0.10958589172691349,
0.14617329835891724,0.1063206672668457,0.36535742282867434,0.08469134569168091,0.04278400167822838,0.04806889221072197,-0.0002951720887334728,-0.041636594646112135,-0.10623622749065319,
0.1305521607398987,0.10228073596954346,0.355595064163208,0.16551828384399414,0.0453140027821064,0.0374162457883358,0.005275311345059044,-0.03768692950248734,-0.1007205529944615,
0.12010099887847901,0.09241414070129395,0.3287102222442627,0.21312227845191956,0.05117296054959297,0.021304123103618622,0.011769671041976335,-0.035432985626373995,-0.0983919112390028,
0.10595508813858033,0.07149587869644165,0.27469282150268554,0.2301665097475052,0.05836349353194237,0.018507804721593857,0.020765509935407583,-0.03312387842812347,-0.09655001851579073,
0.06531386375427246,0.022944945096969607,0.19310201406478883,0.2536689341068268,0.07074719667434692,0.030159134417772293,0.04300684579066797,-0.027840643193094705,-0.09395833379630693,
0.0638170063495636,0.005599397793412209,0.16610263586044313,0.2802339494228363,0.0621584989130497,0.032689135521650314,0.05526238504595883,-0.024679311268776625,-0.09215714744041005,
0.0888646960258484,-0.01830815374851227,0.0898357629776001,0.30446872115135193,0.0561663843691349,0.0011306768283247948,0.0825828164247689,-0.018824057000778646,-0.08758516615625946,
0.07603334784507752,-0.03192690908908844,0.035800009965896606,0.29987478256225586,0.04844321683049202,-0.006991964299231768,0.09768130476583822,-0.016048518174985302,-0.08597539760923693,
0.041953229904174806,-0.07332543134689332,-0.057802945375442505,0.27683842182159424,0.04478137195110321,0.0007312027737498283,0.126108104888206,-0.01399825713567881,-0.08439300525474683,
0.02679165303707123,-0.09046313762664795,-0.09339671134948731,0.25959447026252747,0.029401617124676704,0.00892042275518179,0.14073253224904886,-0.011552043445765936,-0.08355758317432324,
0.022196389734745026,-0.10730509757995606,-0.16006355285644533,0.21978019177913666,0.020879501476883888,0.006323841400444508,0.16787700654088641,-0.008593243660436217,-0.08134925560719171,
0.0291051983833313,-0.10832114219665528,-0.20581660270690919,0.15832774341106415,0.03958820924162865,0.007389104925096035,0.18020395489968716,-0.00800603321662657,-0.08047885980411242,
0.019127948582172396,-0.10974563360214235,-0.2448786497116089,0.10759453475475311,0.00669816741719842,0.007189368829131126,0.19847807354344332,-0.005646426355582832,-0.07815524259405125,
0.011931224167346955,-0.1170279860496521,-0.2278601884841919,0.07816673815250397,-0.014673723839223385,0.015778321772813797,0.20460649400360403,-0.004853035443353934,-0.07712090950216811,
0.010026467591524126,-0.12419213056564332,-0.24669148921966555,0.04441117122769356,-0.009746875613927841,0.012449369765818119,0.20979803205229225,-0.005178505731628465,-0.07673924374497273,
0.03444015383720398,-0.1379278540611267,-0.29974982738494876,-0.02982444502413273,-0.0006921273889020085,-0.0007332786917686462,0.216203277995285,-0.006921205359388402,-0.07634602835846636,
0.027152690291404727,-0.1367526888847351,-0.30635225772857666,-0.07516476511955261,-0.009813454933464527,0.010252260603010654,0.2163059040458414,-0.007135034525219498,-0.07623571109630022,
0.004845020547509194,-0.1310734748840332,-0.29064550399780276,-0.11191639304161072,-0.016271619126200676,0.02210332825779915,0.21411750093909898,-0.007269467116806619,-0.07629236019512164,
0.0069130524992942815,-0.11343605518341066,-0.2886128187179566,-0.1720372438430786,-0.03411480039358139,0.02649754285812378,0.204576461496436,-0.00931919087581059,-0.07579241719360705,
0.009790288656949997,-0.09944870471954347,-0.26456143856048586,-0.20452781021595,-0.0486290268599987,0.03268939256668091,0.19706030945171793,-0.010993668953317203,-0.07549580252659528,
0.02495492696762085,-0.08740369677543641,-0.21964123249053957,-0.21504729986190796,-0.04856244847178459,0.01910727098584175,0.18783328113257405,-0.013440474041580984,-0.07547298693919768,
0.08896063566207886,-0.096938556432724,-0.16462571620941163,-0.25765788555145264,-0.03904164582490921,-0.024302255362272263,0.16649343096406977,-0.019022789427318335,-0.07587488501683405,
0.08050520420074464,-0.09665658473968507,-0.1664599418640137,-0.2952084541320801,-0.03731059283018112,-0.011851976625621319,0.1549332035347635,-0.020907547306993405,-0.07722352477825696,
0.03614692986011505,-0.06244722008705139,-0.05774714350700379,-0.3090569078922272,-0.026125315576791763,-0.015846718102693558,0.12676807516298447,-0.023556605872344694,-0.08068657608363003,
0.060376644134521484,-0.06495428085327148,-0.014342835545539856,-0.31658032536506653,-0.05608587712049484,-0.04154622554779053,0.11106150153183199,-0.02499525444033108,-0.08142358319442498,
0.029454633593559265,-0.034255823493003844,0.11399350166320801,-0.2718392312526703,-0.0799211710691452,-0.029362261295318604,0.0756008590864856,-0.03247632016461282,-0.08513203036442268,
0.012250971049070358,-0.004072075709700584,0.16248087882995607,-0.2549947202205658,-0.07233116030693054,-0.020507249981164932,0.060777728683977246,-0.03603740720066068,-0.08788880415896953,
0.03973255753517151,0.021017132699489596,0.17682378292083742,-0.24740470945835114,-0.05921509116888046,-0.012850661762058735,0.03461308977450304,-0.043241298904364504,-0.09151939115525297,
0.053086042404174805,0.05436900854110718,0.23506941795349123,-0.20545992255210876,-0.06214457005262375,-0.012784082442522049,0.021614674291590048,-0.046712996437257716,-0.09251940531914282,
0.04116072356700898,0.08230260610580445,0.2937851667404175,-0.15239644050598145,-0.09044066071510315,-0.010853290557861328,0.00953969378695725,-0.04949129788216332,-0.09345789666300744,
0.0959060549736023,0.15399922132492067,0.3828409433364868,-0.07536450773477554,-0.06494089215993881,-0.03988174721598625,-0.008582273470884236,-0.05724570886480209,-0.0954373950807646,
0.12823147773742677,0.18075670003890992,0.4159747123718262,-0.005191170144826174,-0.015206198208034039,-0.07370569556951523,-0.013944656669290035,-0.06164096669735839,-0.09717833373933245,
0.11686273813247681,0.1599536418914795,0.4502790927886963,0.10812633484601974,0.018549369648098946,-0.11438548564910889,-0.015922795850592066,-0.06540674153926605,-0.10515908230538476,
0.11686273813247681,0.1599536418914795,0.4502790927886963,0.1150505542755127,0.02061331830918789,-0.1138528510928154,-0.015922795850592066,-0.06540674153926605,-0.10515908230538476,
0.03482884168624878,0.06925881505012513,0.29750795364379884,0.19501197338104248,0.03932202607393265,-0.10339994728565216,-0.0035094313687038204,-0.06403644670501393,-0.11828894536422728,
-0.03738789260387421,0.023934969305992128,0.1215938687324524,0.20280171930789948,0.032797280699014664,-0.09254756569862366,0.0172485436800746,-0.05991221604778856,-0.13119271937244814,
-0.059319162368774415,0.006031422689557076,0.061589580774307255,0.2047325074672699,0.028802540153265,-0.07497069984674454,0.02840874169885129,-0.05785756797403827,-0.13642864793877185,
-0.08192970752716065,-0.013720327615737916,0.02022136151790619,0.20266856253147125,0.01315646804869175,-0.05805962160229683,0.0393562226808259,-0.05452214185126112,-0.1405915673420707,
-0.08747284412384033,-0.02372129261493683,-0.017418351769447327,0.20486566424369812,0.0014385588001459837,-0.04694092646241188,0.04922915951972836,-0.04760845064285009,-0.14362707770649022,
-0.11362203359603883,-0.04918931126594544,-0.09233499169349671,0.1757706254720688,0.006365406792610884,-0.025901950895786285,0.0707578611201111,-0.045675407882518795,-0.14890478356708656,
-0.12263556718826295,-0.059281092882156376,-0.13506516218185424,0.12916530668735504,0.023476216942071915,-0.0029321876354515553,0.08062076789872898,-0.04517342221885462,-0.15054801039007643,
-0.12787927389144899,-0.07340781092643738,-0.15257029533386232,0.10053632408380508,0.021012792363762856,0.02196836844086647,0.08870536756175056,-0.04427262528316159,-0.15119193195332722,
-0.13753868341445924,-0.08652525544166566,-0.14339494705200195,0.08915131539106369,0.0077635664492845535,0.04527103155851364,0.09482951011393398,-0.043141427442752345,-0.1507619582023965,
-0.14085037708282472,-0.10254085063934326,-0.1604200839996338,0.06105496361851692,-0.0070169782266020775,0.07556448131799698,0.10404009224605933,-0.04271010226088443,-0.14703718818457678,
-0.1257454514503479,-0.10574737787246705,-0.18124758005142214,0.0209078099578619,-0.0012246023397892714,0.09800161421298981,0.10742916245101483,-0.04384274282019601,-0.14390712861320654,
-0.11228253841400147,-0.1092809557914734,-0.19408440589904785,-0.024365929886698723,0.022277794778347015,0.1262977123260498,0.10945087931838465,-0.04559303280022224,-0.14003986844702848,
-0.10646412372589112,-0.09996788501739502,-0.18180490732192994,-0.059652816504240036,0.015153838321566582,0.16098538041114807,0.1075699503115853,-0.04838648773006824,-0.12876677500416925,
-0.09498337507247925,-0.09717653393745423,-0.16519994735717775,-0.08382100611925125,-0.0048198699951171875,0.18335594236850739,0.10406101770486641,-0.04957905885282244,-0.12130111960576272,
-0.0366066724061966,-0.06628484725952148,-0.13741669654846192,-0.12942764163017273,0.017883578315377235,0.20159859955310822,0.0937221317659626,-0.054767053318614846,-0.10405743933412248,
-0.01752091497182846,-0.055109113454818726,-0.13313107490539552,-0.18089322745800018,0.061692580580711365,0.2129836082458496,0.08675990527607691,-0.05765607275386359,-0.09446620490942077,
0.003410717099905014,-0.051310384273529054,-0.07850112915039063,-0.1945415884256363,0.0437161847949028,0.22037452459335327,0.06701229930514076,-0.05877645274364111,-0.0726997692646305,
0.02709801495075226,-0.048257777094841005,-0.00716497004032135,-0.15778996050357819,0.0031695575453341007,0.20952214300632477,0.054541067934428734,-0.057568991650365935,-0.06069425255775269,
0.03718148469924927,-0.017727293074131012,0.08500972390174866,-0.13508650660514832,0.012424042448401451,0.2132505625486374,0.032311279831143104,-0.05798891317164249,-0.038124068261408205,
0.028530004620552066,-0.008874965459108352,0.07653601169586183,-0.1379494071006775,0.026938270777463913,0.2307608425617218,0.023438214889436936,-0.0588830341181024,-0.027451701962487522,
0.03755998611450195,0.0030257953330874443,0.1111145853996277,-0.10532568395137787,0.019015366211533546,0.22463557124137878,0.014366745848704966,-0.05873734517948796,-0.016154875187701458,
0.08643117547035217,0.021152620017528535,0.19417108297348024,-0.040011659264564514,-0.026191793382167816,0.2029973864555359,-0.002454786696936837,-0.056765801602130524,0.007522258043642201,
0.09448854923248291,0.02582395672798157,0.18834383487701417,-0.019838212057948112,-0.025526003912091255,0.20452870428562164,-0.007897691444976143,-0.056817555922421464,0.018525726744146456,
0.12841753959655763,0.03954509794712067,0.17681519985198976,0.0022660254035145044,0.03479459509253502,0.18914894759655,-0.014547301363744705,-0.058812059808556943,0.03968026170245567,
0.1654731869697571,0.04284700453281403,0.19671779870986938,0.03788580372929573,0.04424881935119629,0.15625891089439392,-0.017037179755794062,-0.05788417234934057,0.05002443924596081,
0.21880927085876467,0.048208826780319215,0.22062342166900636,0.10419851541519165,0.055300936102867126,0.09813542664051056,-0.01776225895346017,-0.05273498859270606,0.06696979297335477,
0.22080688476562502,0.04555689096450806,0.2018680810928345,0.1290990710258484,0.06635305285453796,0.0754985511302948,-0.015138508190685074,-0.05012482217374662,0.07336898070113536,
0.22636687755584717,0.031205442547798157,0.1316413998603821,0.14048407971858978,0.09491545706987381,0.02556428126990795,-0.004750989504757467,-0.043679817435767335,0.08229858100514452,
0.22971205711364748,0.033822929859161376,0.10038316249847412,0.16065753996372223,0.08552781492471695,-0.003730492666363716,0.0018488263821871342,-0.03960764623617645,0.0849821964883962,
0.21832218170166018,0.014374031126499176,0.07575161457061769,0.1785672903060913,0.06921595335006714,-0.04141422361135483,0.01692266406844605,-0.030379496871252555,0.08595008508595178,
0.22205710411071777,0.00792321264743805,0.033729863166809086,0.17770177125930786,0.06621989607810974,-0.06658109277486801,0.025861362472805866,-0.026546612910649036,0.08507702698909338,
0.22840726375579834,0.00012054212857037783,-0.010922856628894806,0.17051123082637787,0.07307753711938858,-0.11631562560796738,0.0442602108126737,-0.018999479763394365,0.08049206873509891,
0.2234133243560791,-0.013499717414379121,-0.03465267717838288,0.1742396503686905,0.04624618962407112,-0.14447855949401855,0.053293262414864394,-0.015441981864328628,0.07647682946266343,
0.15767577886581421,-0.041985705494880676,-0.07622300982475282,0.15766169130802155,0.023076653480529785,-0.1713760942220688,0.0697729639077337,-0.027329816939364256,0.06397723815160974,
0.14260956048965454,-0.06303625702857972,-0.10190764665603638,0.12763454020023346,0.025606656447052956,-0.17956531047821045,0.07894226629362028,-0.023853495905538355,0.05640727515710972,
0.1179666042327881,-0.07550700306892395,-0.12896000146865846,0.09334634244441986,0.03419535234570503,-0.18495821952819824,0.08733128266647835,-0.02043563434099664,0.0481845932558637,
0.09128577709197999,-0.0890366017818451,-0.14870251417160035,0.06624867767095566,0.0018379429820924997,-0.19574402272701263,0.09974301435294858,-0.012196562036196817,0.03134735091747534,
0.03841201364994049,-0.10348312854766846,-0.14479020833969117,0.052400242537260056,-0.07712478190660477,-0.18582375347614288,0.10752658911601923,-0.0039142366388821796,0.013270076709841622,
0.03488190472126007,-0.10249240398406984,-0.14886341094970704,0.024703364819288254,-0.1050213947892189,-0.18036426603794098,0.11063355344274965,-0.0025700327513756213,0.0034602047931051694,
