0.06350924372673035,0.040916943550109865,0.1706732988357544,-0.10785988718271255,-0.09024013578891754,-0.19934752583503723,0.008249315644339629,-0.035543645119049,-0.08929387438456718,
0.047001853585243225,0.04847356081008911,0.18575448989868165,-0.08262643218040466,-0.08451434224843979,-0.19715042412281036,0.0024985456641059404,-0.04003511595369004,-0.09880079159988127,
0.01930733025074005,0.04656519889831543,0.19636224508285524,-0.08449064195156097,-0.05861509591341019,-0.19295594096183777,-0.0019015460121128655,-0.04466413714410495,-0.10910033605002667,
-0.04087803661823273,0.06343373656272888,0.17567214965820313,-0.04753928631544113,-0.04503297433257103,-0.20713727176189423,-0.007492501548059889,-0.05322520132939261,-0.13061354267790434,
-0.05775560736656189,0.05756291151046753,0.22268893718719485,0.03468581289052963,-0.07965407520532608,-0.21439439058303833,-0.010176336534596105,-0.05593260694795013,-0.14131205161375068,
-0.11903804540634155,0.034744548797607425,0.30160160064697267,0.07370112836360931,-0.05335535109043121,-0.18063881993293762,-0.010289109415837201,-0.061766249832491515,-0.16406312407981796,
-0.1420263409614563,0.030440884828567508,0.23699157238006593,0.06704322248697281,0.019748421385884285,-0.15840142965316772,-0.005436959415417507,-0.06632840333006472,-0.17491608719532886,
-0.13555105924606323,0.019085030257701877,0.1829002380371094,0.09667088836431503,0.03386317566037178,-0.14395377039909363,0.0003397238585761753,-0.0696466320315454,-0.1845884337500179,
-0.13073425292968752,-0.03408225774765015,0.20297269821166994,0.15685832500457764,0.017218418419361115,-0.1191198006272316,0.011213369799412915,-0.0680942893893915,-0.2010189652487927,
-0.14486790895462037,-0.044605341553688053,0.17070254087448122,0.16458149254322052,0.02567395381629467,-0.09355345368385315,0.01849946664842966,-0.06624590791009,-0.20816152907456614,
-0.154362952709198,-0.0419623076915741,0.11346229314804078,0.15266384184360504,0.05150661617517471,-0.07118289917707443,0.027433847502921178,-0.06485441675170946,-0.21449751104782155,
-0.1500294327735901,-0.038084170222282415,0.02359086871147156,0.1543952375650406,0.048843398690223694,-0.04641485586762428,0.04508819634135794,-0.058501295176391875,-0.22344045362384105,
-0.1351351261138916,-0.032956472039222716,0.013080649077892303,0.16604657471179962,0.022611264139413834,-0.022180087864398956,0.051133515557691335,-0.04704528358107438,-0.22580807953530446,
-0.1041079878807068,-0.01885678619146347,-0.02004477679729462,0.162318155169487,0.015687044709920883,-0.0004753256216645241,0.06331630704009432,-0.022882645110248654,-0.2276488671816744,
-0.09233942031860352,-0.02297324985265732,-0.05531110763549805,0.1382165402173996,0.016286255791783333,0.022760756313800812,0.07192325894143192,-0.021621937991270528,-0.22779592709525204,
-0.08957443833351136,-0.031194639205932618,-0.11521027088165284,0.10472729802131653,0.02547416090965271,0.045996833592653275,0.08813788664923468,-0.02021324396451993,-0.22611366035563127,
-0.08184769749641418,-0.029864478111267093,-0.122338604927063,0.09700413048267365,0.014288883656263351,0.05152289569377899,0.09459596015752007,-0.01965527744932817,-0.22390553262288507,
-0.07479859590530395,-0.05279158353805542,-0.13601185083389283,0.0810917392373085,-0.008148248307406902,0.06830081343650818,0.10503538428494835,-0.01886412591586311,-0.21829068854359707,
-0.08802896142005921,-0.062055379152297974,-0.15325740575790406,0.037482477724552155,4.097192140761763e-05,0.1009245365858078,0.10961080797361562,-0.01941998259504014,-0.21547826893893549,
-0.08259358406066895,-0.07270057201385498,-0.17874109745025635,-0.008989686146378517,0.016419414430856705,0.12509271502494812,0.11343449762008027,-0.021103377442291984,-0.2121894936019746,
-0.058004152774810795,-0.08149828314781189,-0.20073654651641848,-0.056393951177597046,0.01988152228295803,0.14093852043151855,0.1163951005659071,-0.024743994857209177,-0.20243612934873834,
-0.03335324823856354,-0.077533358335495,-0.17298824787139894,-0.05899053439497948,0.0014391315635293722,0.13747641444206238,0.11469783191923714,-0.026229465816987214,-0.1958000105189942,
-0.011641892045736313,-0.07880342602729798,-0.12281832695007325,-0.09214688837528229,-0.005951141007244587,0.15651801228523254,0.10795530056040795,-0.029499122420624434,-0.18179044513696963,
-0.015651844441890717,-0.0807650923728943,-0.13317909240722656,-0.13089589774608612,0.015553885139524937,0.17329593002796173,0.10418157979186604,-0.03197337072783362,-0.1750946761922129,
-0.006478746980428696,-0.07312384247779846,-0.12442567348480225,-0.12543641030788422,0.030267851427197456,0.16876855492591858,0.09917358886006285,-0.03469738211923011,-0.16782192417606376,
0.029718464612960818,-0.03796101808547974,-0.04344471991062165,-0.13955116271972656,0.00862966664135456,0.15671776235103607,0.08462912968282389,-0.038303262144446806,-0.15068218044469905,
0.024248090386390687,-0.037012889981269836,-0.05340724587440491,-0.15399882197380066,0.005700189154595137,0.16757014393806458,0.07729853686824444,-0.038828496139995616,-0.14222487590494565,
0.014374202489852906,-0.03172966539859772,-0.0387279897928238,-0.17577016353607178,0.03792443871498108,0.1593143343925476,0.06963327959824853,-0.039652746933329014,-0.13430556518893622,
0.05127123594284058,0.011051801592111589,0.01664547175168991,-0.17889854311943054,0.05763169750571251,0.13621295988559723,0.05176941178910096,-0.04214443809202984,-0.11760574895745235,
0.0474793016910553,0.015158331394195557,0.07131465673446656,-0.13515610992908478,0.0049676853232085705,0.1439361274242401,0.04154889027879754,-0.04078855912956481,-0.10948973988694649,
0.040611985325813296,0.024057799577713014,0.1463694453239441,-0.10632739961147308,0.015553750097751617,0.1264258474111557,0.031567296046223554,-0.03875341871102679,-0.10215334028417844,
0.1479269027709961,0.07265307903289796,0.219402813911438,-0.07104051113128662,0.07614066451787949,0.08534658700227737,0.01589064123183032,-0.038440550961628205,-0.08770670047090484,
0.184088933467865,0.089755117893219,0.25600147247314453,-0.0064588566310703754,0.07514198124408722,0.05818234384059906,0.010042810092696393,-0.03722162125404159,-0.08162877700288884,
0.1992586135864258,0.10239710807800294,0.3128133773803711,0.06338254362344742,0.06502196937799454,0.030884940177202225,0.005478505080413727,-0.033938535662259996,-0.07681187496552014,
0.2129504442214966,0.09426252841949463,0.35699024200439455,0.12110656499862671,0.0732111930847168,0.012975181452929974,0.0042280806216787245,-0.02647666324966193,-0.07078702381961254,
0.18198684453964234,0.08361863493919373,0.3129168272018433,0.1559939831495285,0.07301145046949387,0.013574392534792423,0.008188177244345533,-0.023102753964843094,-0.0694675698028611,
0.15558454990386963,0.060558116436004644,0.2798784732818604,0.19960324466228485,0.059895385056734085,0.013308077119290829,0.013935983586910642,-0.019425372151145946,-0.06861138155532195,
0.13400963544845582,0.018502528965473174,0.2418229341506958,0.23548933863639832,0.05090721696615219,-0.0014058882370591164,0.029732807882739788,-0.012220476774915685,-0.06674452628627761,
0.12984020709991456,0.005603505671024323,0.18972542285919192,0.249803826212883,0.06548802554607391,-0.0026708897203207016,0.04037653429873439,-0.009434089610154687,-0.0658540773630175,
0.11115275621414185,-0.006400842964649201,0.14870085716247558,0.25240039825439453,0.07494224607944489,0.0047859614714980125,0.05214395005271168,-0.006896530070557409,-0.0651359494747697,
0.07932398319244385,-0.030396375060081485,0.06529865264892579,0.25559619069099426,0.04957563430070877,0.007848597131669521,0.07740498351194887,-0.0004936378911707657,-0.06336227260814996,
0.07404358983039856,-0.03995954096317292,0.03432601392269135,0.2601235806941986,0.039255887269973755,-0.0067322105169296265,0.09017933594035447,0.002865091584288582,-0.06183557276803803,
0.06941009759902954,-0.05792986750602722,-0.02026645988225937,0.24727381765842438,0.031199822202324867,-0.005467209033668041,0.11183202033718534,0.0016512433990130055,-0.05995943144920422,
0.057976788282394415,-0.07151165008544923,-0.056744128465652466,0.233625128865242,0.03499482944607735,-0.005001155659556389,0.1250074653928051,0.0034861320945691254,-0.059669239296438234,
0.05677617192268372,-0.07945777773857117,-0.11741220951080322,0.20619456470012665,0.02827034518122673,-0.012724323198199272,0.1500809267922409,0.006649674301198366,-0.0588233971016661,
0.054198610782623294,-0.08471463918685913,-0.15329095125198366,0.1782313734292984,0.009628217667341232,-0.018982751294970512,0.16175152639082208,0.00837770814731909,-0.058196584822277075,
0.05109893083572388,-0.08646093606948853,-0.18493813276290894,0.15020160377025604,-0.014406811445951462,-0.022977493703365326,0.17254532418619345,0.010030220305102784,-0.057812108050714135,
0.03018529713153839,-0.09806117415428162,-0.23778345584869387,0.0930100753903389,-0.01760258339345455,-0.015054846182465553,0.19072256281767216,0.011946634672689771,-0.058870290132822904,
0.012475898861885071,-0.10823986530303956,-0.26614410877227784,0.036551058292388916,0.002437704475596547,0.0024554384872317314,0.197852039985807,0.011819683260355929,-0.06042354282272263,
-0.003681863844394684,-0.11912211179733277,-0.2890550374984741,-0.009987683035433292,0.001572177279740572,0.014040189795196056,0.2032064597805362,0.011513708370364244,-0.06174618080182476,
0.0019773641601204873,-0.1309998869895935,-0.29903669357299806,-0.06132011488080025,-0.032249968498945236,0.022229410707950592,0.2072407128228034,0.011371504609031387,-0.06163108840981456,
0.015256378054618836,-0.12288589477539064,-0.2934838056564331,-0.09693989157676697,-0.04057234525680542,0.021696776151657104,0.20622127318544425,0.010724949879779885,-0.06111895289168467,
0.03237877190113068,-0.09690603017807008,-0.29620740413665775,-0.17943130433559418,-0.028454964980483055,0.023094937205314636,0.1998205358392116,0.006748071086303647,-0.06130673787183562,
0.024323302507400515,-0.09963512420654297,-0.31072344779968264,-0.22676900029182434,-0.052889466285705566,0.03627758473157883,0.19419741606879523,0.004616016697322452,-0.06156015030990677,
0.005174861103296281,-0.09679682254791261,-0.2847457408905029,-0.24534454941749573,-0.04922762140631676,0.017435718327760696,0.18593437777261596,0.0029020975974180514,-0.06146624858705481,
0.08660081624984742,-0.09639049768447877,-0.19362205266952515,-0.295611709356308,-0.05395473167300224,-0.013856424018740654,0.16338888016176828,-0.0029015963314472314,-0.06122293314816732,
0.09334857463836671,-0.11119834184646607,-0.193556010723114,-0.31165727972984314,-0.08611240237951279,-0.008396943099796772,0.15059864238093684,-0.005204620797091687,-0.06182733008390508,
0.047348716855049135,-0.08730031847953797,-0.05607038140296936,-0.3181820213794708,-0.06567264348268509,-0.018783271312713623,0.12060789096433454,-0.01030478208527246,-0.06537798760840856,
0.060941272974014284,-0.08632888197898865,-0.010827957838773728,-0.35386836528778076,-0.06207737326622009,-0.010194577276706696,0.10457392895166016,-0.014518891972414192,-0.0673060538586673,
0.06749718189239502,-0.09594447612762452,0.0015919428318738938,-0.3306988775730133,-0.08045318722724915,0.0006578052416443825,0.08483136635858354,-0.020667353371602647,-0.06929630422891064,
0.07471829652786255,-0.04088731706142426,0.2068434476852417,-0.25273483991622925,-0.08671161532402039,-0.029635652899742126,0.04801083959402841,-0.02790582441351101,-0.07171170266143724,
0.10595321655273438,-0.005872480943799019,0.2813849687576294,-0.21671555936336517,-0.07379528135061264,-0.037625137716531754,0.03200588371162155,-0.032179547562985106,-0.07240833115097382,
0.11261289119720459,0.014254581928253175,0.3109702348709107,-0.17330603301525116,-0.06014658138155937,-0.024575646966695786,0.01857903227623811,-0.0366567991847294,-0.0738815210016435,
0.09228185415267945,0.07093603014945984,0.40478615760803227,-0.09700647741556168,0.0011727031087502837,-0.032498549669981,-0.003431097096949803,-0.04417686051994231,-0.07778605776835816,
0.1389438033103943,0.13085721731185915,0.44719958305358887,-0.006059519946575165,0.013756140135228634,-0.060728058218955994,-0.016965478100522572,-0.047326237491412376,-0.08026437875579863,
0.11237957477569581,0.14733139276504517,0.41247239112854006,0.07323499768972397,0.02028106525540352,-0.07591013610363007,-0.01833675365341035,-0.04634740607226363,-0.0860519047662747,
0.0931053102016449,0.137100088596344,0.328031063079834,0.12490032613277435,0.03652634844183922,-0.0881606787443161,-0.014031316921911348,-0.04548018215556516,-0.0899851570098169,
0.06965413093566895,0.1177151083946228,0.2579084873199463,0.15918853878974915,0.03932266682386398,-0.10174279659986496,-0.007769735984842387,-0.04402613331380185,-0.09439211778323212,
-0.002070142887532711,0.06641293168067933,0.13564233779907228,0.18195855617523193,0.028137389570474625,-0.10067753493785858,0.009093774398124184,-0.04013408975099307,-0.1045602783883577,
-0.02985106110572815,0.042397701740264894,0.07168202996253968,0.18628619611263275,0.013490003533661366,-0.08969199657440186,0.01901957182273041,-0.038549696473058295,-0.10963282013710085,
-0.057482951879501344,0.02408707439899445,0.027838003635406495,0.18329013884067535,0.014288951642811298,-0.07025092095136642,0.029082848453680147,-0.037325723304456104,-0.11431974301281914,
-0.07446899414062501,0.010115256905555725,-0.004016763344407081,0.17190513014793396,0.0177510604262352,-0.04808010160923004,0.03963197665677584,-0.03200297389604658,-0.11809067394318894,
-0.08253026008605957,-0.011815938353538514,-0.057944202423095705,0.15199799835681915,0.016153164207935333,-0.02178138680756092,0.057967348378086855,-0.028551712365963332,-0.12320514368396987,
-0.08626788258552552,-0.02092001587152481,-0.06035479307174683,0.14713773131370544,0.010760263539850712,-0.007267158478498459,0.06594695685131226,-0.027401456524305243,-0.12439414922024984,
-0.08421698212623596,-0.03337081074714661,-0.07997516989707948,0.1336887627840042,0.001971831079572439,-7.662363350391388e-05,0.07361785392369274,-0.026561582125044156,-0.1249040812138451,
-0.10593115091323853,-0.057771062850952154,-0.1232999324798584,0.11005320399999619,-0.012608976103365421,0.028152883052825928,0.08757128074652894,-0.026169739979435037,-0.12487042863888173,
-0.10633883476257325,-0.06477975845336914,-0.12486342191696168,0.09660423547029495,-0.010944499634206295,0.04779369756579399,0.09335114773976241,-0.02700378095685597,-0.12402154594659981,
-0.09370288848876954,-0.0725999891757965,-0.16891869306564333,0.059985775500535965,-0.013541081920266151,0.05771397054195404,0.10280585782072788,-0.029477083924120656,-0.120053650257933,
-0.09169574975967408,-0.07681318521499635,-0.17008771896362307,0.03901338204741478,-0.02665715105831623,0.07322688400745392,0.10590360256265512,-0.031013353179295915,-0.11756526660208988,
-0.09249935746192933,-0.08459174633026123,-0.16512219905853273,0.016842564567923546,-0.0240605678409338,0.09313401579856873,0.10803772822587092,-0.03313987684310668,-0.11475272267824098,
-0.0861706852912903,-0.08703912496566774,-0.1833353042602539,-0.03176012635231018,-0.0034876493737101555,0.12708932161331177,0.10935861005757956,-0.03846963426819912,-0.10701209274631328,
-0.05630331039428711,-0.08411772251129152,-0.18730412721633913,-0.0722401812672615,0.010893421247601509,0.13161668181419373,0.1077692534035054,-0.040987486754076756,-0.10144882369722608,
-0.030639815330505374,-0.08380035161972046,-0.1852050542831421,-0.09607546776533127,0.008296838961541653,0.1356780230998993,0.10448676404295167,-0.042988517825112094,-0.09506131632498607,
-0.03088646233081818,-0.07541494369506836,-0.1300632357597351,-0.1113889217376709,0.00044055841863155365,0.1499919891357422,0.09340753939461707,-0.046457730102471846,-0.08149728951039413,
-0.024719747900962832,-0.07713153362274171,-0.11185157299041748,-0.13116289675235748,-0.014473143965005875,0.16470596194267273,0.08669776412654435,-0.04858943921194218,-0.07417010187471283,
-0.002348127588629723,-0.05390675067901612,-0.06548823118209839,-0.15846028923988342,-0.002555497922003269,0.18447992205619812,0.0711733145368098,-0.05366838067955063,-0.05828313469471304,
0.022700379788875583,-0.03807850778102875,-0.02224671095609665,-0.15513134002685547,-0.002156023634597659,0.1928023099899292,0.06191616261397453,-0.05581865407205758,-0.049247121637993906,
0.06129933595657349,-0.0010051143355667592,0.05016579031944275,-0.1355571150779724,-0.014872618019580841,0.17322807013988495,0.042542882513105895,-0.05910301468651377,-0.02988531091421973,
0.054106324911117554,0.0064527995884418494,0.06577245593070984,-0.1251707822084427,-0.02159710042178631,0.17549176514148712,0.03378812390767118,-0.06059200813134816,-0.020837365745737833,
0.06656582951545716,0.020360624790191652,0.10189952850341798,-0.1174476146697998,0.010227675549685955,0.16890043020248413,0.02538361084244664,-0.06260113248998928,-0.011919131220695395,
0.07719701528549194,0.018071655929088593,0.1483003377914429,-0.11418524384498596,0.0473787747323513,0.1710975468158722,0.0095918114041633,-0.06342014965632883,0.0058940983596657125,
0.08467984795570374,0.01861514151096344,0.18887901306152344,-0.06718044728040695,0.0335303358733654,0.16537174582481384,0.002007813541278453,-0.06141741798507536,0.014735263062592058,
0.107541024684906,0.025997400283813477,0.2397852659225464,-0.00978932250291109,-0.004419710487127304,0.1499919891357422,-0.004570054988219961,-0.059057090511004794,0.023642751262134314,
0.13570972681045532,0.037787592411041265,0.22195446491241455,0.03395310044288635,-0.0011573382653295994,0.12262801826000214,-0.010057251485142712,-0.05799049993254623,0.03954045985292554,
0.13785587549209596,0.0399060994386673,0.22297067642211915,0.06118392199277878,0.03419612720608711,0.11170905083417892,-0.010214711744401986,-0.05839488984346456,0.046254193507667116,
0.1306269645690918,0.031334620714187626,0.2144819736480713,0.08029209822416306,0.061826422810554504,0.11130958050489426,-0.008977039790359723,-0.057606780711956664,0.0520499509315706,
0.15547351837158205,0.013815127313137054,0.19386556148529055,0.11704372614622116,0.06389037519693375,0.08794033527374268,-0.003198419851403114,-0.05194754740025142,0.0622248008145057,
0.17105660438537598,0.006918462365865708,0.18175182342529297,0.1474037617444992,0.06668668985366821,0.06297320127487183,0.0013921670631845487,-0.04861546077825689,0.06659895687509645,
0.1514518737792969,-0.005219482630491257,0.1257350206375122,0.17703142762184143,0.08759250491857529,0.04672791808843613,0.014743460865792856,-0.04206140837052397,0.07311818195672679,
0.15282979011535647,-0.015591233968734741,0.08700289726257325,0.18854960799217224,0.09105461835861206,0.031614478677511215,0.023043505691119185,-0.0381063179323914,0.0758936701292176,
0.15398046970367432,-0.028113508224487306,0.05222909450531006,0.18901565670967102,0.08639408648014069,0.019164200872182846,0.032075384216587115,-0.033638360183523446,0.07826729374383522,
0.15956010818481448,-0.04262608885765076,-0.021032285690307618,0.17703315615653992,0.08140037208795547,-0.0012057647109031677,0.05051941930918464,-0.027030481803686397,0.08167672460931957,
0.13902809619903564,-0.028168052434921265,-0.04129967987537384,0.17010894417762756,0.0676850974559784,-0.024708161130547523,0.05718992689681272,-0.03645821199828915,0.08271958273480723,
0.14184927940368652,-0.026659616827964784,-0.07677198052406312,0.15659339725971222,0.06235877797007561,-0.051672667264938354,0.0741551442806466,-0.03378425838776439,0.08239016956560659,
0.1262068510055542,-0.02722328305244446,-0.10195120573043824,0.13728547096252441,0.05623350664973259,-0.061726100742816925,0.08246344923456299,-0.030143742487280637,0.08084541962116608,
0.11000038385391236,-0.0255731076002121,-0.11330881118774415,0.12330387532711029,0.03932243213057518,-0.06625347584486008,0.09008906499771265,-0.026333014641137863,0.07890294651489506,
0.11751146316528321,-0.029793480038642885,-0.14068956375122071,0.08388908952474594,0.0382571667432785,-0.0898224487900734,0.10331354810911358,-0.019994607599246282,0.07388154775947335,
0.11415026187896729,-0.036851316690444946,-0.1371978521347046,0.07103933393955231,0.02360977977514267,-0.10174009203910828,0.10824056523136141,-0.01681002223453286,0.07054636358853618,
0.1010361671447754,-0.04437678456306458,-0.13071954250335693,0.05572616308927536,0.01422213576734066,-0.11146063357591629,0.11233223731693087,-0.0135504534336137,0.066492748732132,
0.08962997198104859,-0.033946701884269716,-0.15228549242019654,0.01571216620504856,0.008363181725144386,-0.1295035481452942,0.11873059414029237,-0.008021276531659969,0.05669873747886124,
0.07633227109909058,-0.03592426776885987,-0.14749770164489748,-0.009587864391505718,0.0013058050535619259,-0.13389776647090912,0.12031736063593824,-0.005172977175500053,0.05100924162751126,
0.07848051190376282,-0.05290879607200623,-0.10944737195968629,-0.017311032861471176,-0.014939478598535061,-0.14188724756240845,0.12014691769990282,6.875643608598513e-05,0.03846319530818892,
0.07161316871643067,-0.060582929849624635,-0.10536828041076661,-0.03854973986744881,-0.026124754920601845,-0.1409551501274109,0.11921510774441332,0.0022266654033940843,0.03160580968085193,
0.07057449221611023,-0.06055328845977784,-0.1290587902069092,-0.06591372191905975,-0.027256598696112633,-0.14894463121891022,0.11801844958268648,0.0038081124282817276,0.024482908615826363,
0.08967838287353516,-0.07923620343208314,-0.10180937051773072,-0.07430268079042435,-0.04030608758330345,-0.16945096850395203,0.11209068609896015,0.006452003325196134,0.009517464590957066,
0.08848944902420045,-0.10953103303909302,-0.1083262324333191,-0.09414323419332504,-0.05568584054708481,-0.17604228854179382,0.1081300648222482,0.007548851418425001,0.001019368504978265,
0.05087820887565613,-0.11100966930389405,-0.14618879556655884,-0.12450326979160309,-0.07386191934347153,-0.16911807656288147,0.10398551026940105,0.008221371064615918,-0.008185346321579266,
0.014743472635746003,-0.0919139564037323,-0.1055342197418213,-0.14461013674736023,-0.09463457763195038,-0.1607956886291504,0.09197825733708694,0.006857132564019411,-0.026998469049219015,
0.03528036177158356,-0.0907193958759308,-0.08774102330207825,-0.17283964157104492,-0.08404850959777832,-0.16552279889583588,0.08472252515168376,0.004574861272570331,-0.03614306164830465,
0.0044321842491626745,-0.061817860603332525,-0.03873731195926666,-0.19947125017642975,-0.09137220680713654,-0.16545622050762177,0.06788470293935583,-0.00012352908921407665,-0.054450173741609674,
-0.0024148035794496537,-0.05626177191734314,0.040133464336395266,-0.1752394437789917,-0.10522016137838364,-0.16359753906726837,0.05754349326744351,-0.0030808227167559293,-0.06357084809300086,
0.006741426885128021,-0.05425035357475281,0.08748010993003846,-0.1559315323829651,-0.10362226516008377,-0.15700621902942657,0.04790029750027636,-0.006962237037293663,-0.07261444506320353,
-0.018772974610328674,-0.023734006285667422,0.10777716636657715,-0.15812863409519196,-0.10155831277370453,-0.1391630321741104,0.0319088135315761,-0.01547822009225562,-0.09006746691173623,
-0.017281664907932284,-0.005010867491364479,0.15415966510772705,-0.12623728811740875,-0.09629856795072556,-0.1372988224029541,0.02400662417299199,-0.020140016498558552,-0.0978607667635891,
-0.013293159008026124,0.014262305200099946,0.1769946336746216,-0.1096591055393219,-0.09942778199911118,-0.13257171213626862,0.011224710852546404,-0.029359533612702646,-0.11246900976327857,
-0.030327978730201724,0.045564967393875125,0.18967206478118898,-0.09427934885025024,-0.0971640944480896,-0.13117355108261108,0.0062699544060579515,-0.0342516804083271,-0.11947568847607823,
-0.024506090581417086,0.07099584341049195,0.23502895832061768,-0.04967140033841133,-0.09243698418140411,-0.15487569570541382,0.0017649238534616816,-0.0391685083683453,-0.12620063066120768,
-0.022052453458309175,0.06903442740440369,0.2921640396118164,0.01790631376206875,-0.05914746969938278,-0.16952307522296906,-0.0025606963341693848,-0.04873652944747917,-0.14188418140561637,
-0.05571622252464295,0.06353344917297364,0.26340732574462894,0.04300660640001297,-0.026723483577370644,-0.1546759456396103,-0.0011078637384906297,-0.05235312515412722,-0.1511473864433005,
-0.08350930213928223,0.03609345257282257,0.24129350185394288,0.08808060735464096,-0.0154716270044446,-0.15134699642658234,0.005556580282174638,-0.05592696192186785,-0.16812121845214925,
-0.0943906307220459,0.02395838499069214,0.2270413637161255,0.12995882332324982,-0.01367399375885725,-0.14475567638874054,0.010789182562836208,-0.05654491556985287,-0.1759635009949414,
-0.11121300458908082,0.00977914035320282,0.1916595220565796,0.1556583195924759,-0.009479514323174953,-0.13143987953662872,0.017709508444935306,-0.05692117288227819,-0.18372827854390264,
-0.13996320962905884,-0.005293313041329384,0.1002328634262085,0.16457991302013397,0.00789761170744896,-0.10986827313899994,0.035194673417951794,-0.05684977462342456,-0.19786230610029035,
-0.1516295909881592,-0.017648981511592866,0.0632911741733551,0.16204990446567535,0.014355777762830257,-0.08323666453361511,0.04462317411446769,-0.05603200118774051,-0.2038692389715733,
-0.16180227994918825,-0.035161131620407106,0.02275480628013611,0.1689075529575348,0.018816571682691574,-0.04841582849621773,0.062306224619999476,-0.051136014968551614,-0.2128575101559158,
-0.14735430479049683,-0.03868522942066193,0.004551010578870774,0.17310203611850739,0.0019054991425946355,-0.0253794863820076,0.06824633114434087,-0.03825719849555102,-0.21562849693859348,
-0.11927560567855836,-0.04622386991977692,-0.04559411406517029,0.16291543841362,0.004036028403788805,-0.002343141008168459,0.08403353314470018,-0.029438579898843416,-0.21761463423043037,
-0.12550774812698365,-0.051121640205383304,-0.08092361688613892,0.14121246337890625,0.017085226252675056,0.027554187923669815,0.09280680796649367,-0.029407975826187614,-0.218087017751838,
-0.12575168609619142,-0.06915842294692993,-0.11856073141098022,0.10952084511518478,0.02860339730978012,0.06796766072511673,0.10764323451257056,-0.02876231989860608,-0.21569186637500337,
-0.1080552339553833,-0.07285728454589845,-0.14145811796188354,0.08482002466917038,0.02227839082479477,0.0876084715127945,0.11358365412024878,-0.028516231373863693,-0.21250948072975576,
-0.10005466938018799,-0.07186641693115235,-0.1505661964416504,0.06797552853822708,0.02034759894013405,0.10132375359535217,0.11838814804069356,-0.028531139079047738,-0.2084149675384912,
-0.09302728176116944,-0.08545213341712952,-0.1867798924446106,0.022102583199739456,0.018949439749121666,0.12908720970153809,0.12496440830536193,-0.030229335491087007,-0.19843951781931948,
-0.08727790117263795,-0.09157940149307252,-0.19710532426834107,-0.022838260978460312,0.025940237566828728,0.1519903987646103,0.12627905385380453,-0.03170731963734217,-0.19244661037759747,
-0.058301115036010744,-0.09686136245727539,-0.19633706808090212,-0.056793563067913055,0.03546103835105896,0.15997987985610962,0.1258172054633476,-0.03351128381494372,-0.18546008246352116,
-0.025868612527847293,-0.08915629386901856,-0.14485946893692017,-0.06072172522544861,0.01069363858550787,0.165838822722435,0.1195177460329612,-0.036612751778413895,-0.1694346949389738,
-0.023322881758213045,-0.09844762086868286,-0.1415590524673462,-0.08808571100234985,-0.017402710393071175,0.17476041615009308,0.1153486973091684,-0.038565404136698796,-0.16111838609625362,
-0.012578147649765016,-0.09732347130775452,-0.16312599182128906,-0.1232394352555275,-0.012609021738171577,0.1904730647802353,0.11101569402129902,-0.04155170538512099,-0.15305401406969235,
0.04220539033412934,-0.07353134155273437,-0.125775945186615,-0.16691528260707855,0.03799103945493698,0.1700998842716217,0.09743307757260707,-0.04884493229240064,-0.13561833080964586,
0.04773565828800202,-0.07490236163139344,-0.08882201910018922,-0.17237475514411926,-0.002089534653350711,0.1760919988155365,0.08796758268187543,-0.0503801954746446,-0.12613365884307703,
0.04710526764392853,-0.04514317512512207,-0.017275048792362215,-0.19774137437343597,0.019681807607412338,0.1832825392484665,0.06746340903336143,-0.05368347636619511,-0.1084175993614512,
0.09438049197196961,-0.01403428316116333,-0.0005674876738339663,-0.22463929653167725,0.06502212584018707,0.1471301168203354,0.05462848208837876,-0.06047976163807403,-0.0985097408051084,
0.11770461797714234,0.011337640136480332,0.18745577335357666,-0.15865948796272278,0.050108425319194794,0.1237608790397644,0.029562670360672744,-0.057621973520874004,-0.08140877602008045,
0.10894541740417481,0.0402037650346756,0.2441988229751587,-0.10865863412618637,0.05030816048383713,0.10824797302484512,0.01901789417064273,-0.05529219428562807,-0.0745653456974692,
0.1215421199798584,0.053453546762466435,0.23939692974090576,-0.09880493581295013,0.07680661231279373,0.10252217203378677,0.011352842269316134,-0.053222275549194585,-0.06844060229226474,
0.16007357835769653,0.08168362975120545,0.3078609943389893,-0.05659382790327072,0.11269271373748779,0.09140347689390182,-0.0006887460870385693,-0.04658884935939761,-0.057579255674547865,
0.18159945011138917,0.08932526707649231,0.3550318002700806,0.00845422688871622,0.09924368560314178,0.06290829181671143,-0.0049478714578845085,-0.04119295413731252,-0.05276094698256668,
0.20643899440765381,0.09925680160522461,0.39999065399169925,0.09167800843715668,0.06195943430066109,0.02502482756972313,-0.006922885425796822,-0.035465875247412335,-0.04877813991320395,
0.18613978624343874,0.08488457798957826,0.4030950546264649,0.18135996162891388,0.04977547377347946,-0.0038038906641304493,-0.0008491283092467991,-0.027809763424485354,-0.045051243559773725,
0.15438846349716187,0.05761743783950806,0.36596164703369144,0.22849790751934052,0.07307813316583633,5.769263952970505e-05,0.006955612780411464,-0.02541981846748417,-0.04492286928968849,
0.13033190965652466,0.03742519319057465,0.30147805213928225,0.2507353127002716,0.09225288778543472,-0.010594951920211315,0.017166805319988997,-0.022493096947780872,-0.045017926430352954,
0.12518590688705444,-0.004893554747104645,0.20157301425933838,0.2994711697101593,0.07693971693515778,-0.029636554419994354,0.0418594880745934,-0.013841563157098485,-0.04484776096096618,
0.09230027794837953,-0.022239607572555543,0.15585705041885378,0.3241053819656372,0.051972582936286926,-0.03223313391208649,0.05605508528904085,-0.009222105115994653,-0.04524609640473614,
0.06862481236457825,-0.03599061667919159,0.09491451978683473,0.31531697511672974,0.04478204622864723,-0.03303208202123642,0.07173321193128436,-0.005405550258257984,-0.045936816310970845,
0.05000448822975159,-0.0680142104625702,-0.013096331059932709,0.2992714047431946,0.03606019541621208,-0.03130102902650833,0.10095067218943102,-0.002776452161643368,-0.04726987320818026,
0.04329420328140259,-0.08368556499481201,-0.034213256835937504,0.2934124767780304,0.02960202842950821,-0.02870444767177105,0.11623662117680568,-0.00021092983617875384,-0.04804669459667624,
0.026750704646110537,-0.10139652490615846,-0.11210709810256958,0.2697769105434418,0.011625689454376698,-0.0217802282422781,0.14631667634929704,0.003858033973802338,-0.04949409196707204,
0.03616047203540802,-0.11074222326278688,-0.15273400545120241,0.2380187064409256,0.012957269325852394,-0.02996944822371006,0.16062695576333866,0.005244880620092523,-0.050079518895378,
0.02066756784915924,-0.1345734477043152,-0.22192056179046632,0.18375679850578308,0.005500418599694967,-0.023378126323223114,0.18601624788580087,0.007693435533338227,-0.05172161084846781,
-0.0011212000623345376,-0.14304391145706177,-0.24993224143981935,0.1356867402791977,-0.0004251149657648057,-0.009529687464237213,0.19649747468101827,0.008820752823253866,-0.05270507295072749,
-0.0224656879901886,-0.1578790068626404,-0.2844916343688965,0.07050587981939316,-0.012475918978452682,0.016169818118214607,0.2120872964357656,0.00984641998211707,-0.05376095266171035,
-0.014396092295646668,-0.1545244336128235,-0.28388490676879885,0.03268899396061897,-0.018934084102511406,0.01996482163667679,0.21687836970970642,0.009142707991863553,-0.05376142052673948,
0.007374116778373719,-0.1373798966407776,-0.2919780254364014,-0.040414780378341675,-0.011210917495191097,0.02256140485405922,0.2215142838902646,0.006697276101765832,-0.053371068976467644,
0.028403499722480775,-0.12577649354934692,-0.3056947708129883,-0.09367800503969193,0.011026478372514248,0.025624040514230728,0.2213074659479724,0.005097159872128827,-0.05318934235402545,
0.027515020966529847,-0.09177850484848023,-0.2761213541030884,-0.14820650219917297,-0.0035542843397706747,0.013040089048445225,0.21400095798137872,0.003733782267977284,-0.05116822418757749,
0.023984913527965546,-0.07066078782081604,-0.24747958183288576,-0.18249469995498657,-0.06320909410715103,0.0038521820679306984,0.2000779516001843,0.0029149236645805796,-0.04943339838499649,
0.03278091847896576,-0.07258187532424927,-0.218684720993042,-0.2205113172531128,-0.04889460280537605,-0.0012744027189910412,0.19150713063703484,0.0011146764834708764,-0.050420770136997736,
0.05350531339645386,-0.11541126966476441,-0.20692255496978762,-0.27370795607566833,-0.06687094271183014,-0.013724680989980698,0.17049896450931745,-0.0038102107460505053,-0.05339873311889013,
0.027519100904464723,-0.12825002670288085,-0.14529565572738648,-0.2741740345954895,-0.16627342998981476,-0.006467566825449467,0.15709014672258795,-0.005432560736901765,-0.05487775049332326,
0.020358391106128693,-0.10551800727844239,-0.10230588912963867,-0.3004727363586426,-0.17040133476257324,0.0007895473390817642,0.14323509729535802,-0.009630757675180127,-0.057733513657961234,
0.08980165123939515,-0.07204846143722535,-0.10751293897628784,-0.413191020488739,-0.02126430533826351,-0.019650213420391083,0.1140236793671967,-0.025167144933591845,-0.0646847309704332,
0.05962892770767212,-0.08575911521911622,0.002045780047774315,-0.3519383370876312,-0.09163834154605865,-0.004536774940788746,0.09349609030229857,-0.02925386805086763,-0.06618663979405118,
0.061264133453369146,-0.04954603314399719,0.29628562927246094,-0.22330763936042786,-0.1369786560535431,-0.022379953414201736,0.05512849707558203,-0.035091446921981795,-0.06867540859867947,
0.08566400408744812,-0.01830246150493622,0.27789266109466554,-0.22510527074337006,-0.06720384210348129,-0.00746625242754817,0.042318693906023656,-0.041895470992611095,-0.07047058997597147,
0.07253212332725525,0.017217347025871278,0.2634533643722534,-0.21678289771080017,-0.015405351296067238,0.008712450973689556,0.031495378538373274,-0.048026472251456405,-0.07233001276173805,
0.08040556907653809,0.08562629222869873,0.4171942234039307,-0.11738041043281555,-0.02106456831097603,0.004517972469329834,0.009247179083813159,-0.052264009874658325,-0.0726205817055459,
0.13774598836898805,0.11708736419677734,0.4516276836395264,-0.026699775829911232,-0.019133776426315308,-0.03569576144218445,0.001062235062305502,-0.05293238633342439,-0.07184597971134,
0.15683608055114748,0.14560408592224122,0.4346477508544922,0.014512642286717892,-0.0002919120015576482,-0.04961077496409416,-0.0033677731054979876,-0.05413560949331593,-0.07224676615542858,
0.12874337434768676,0.15545085668563843,0.3316893815994263,0.0695069208741188,0.03752497583627701,-0.0781066045165062,-0.0032071866749874994,-0.055065424656372,-0.07664029442186143,
0.10650086402893066,0.12959166765213012,0.29449627399444583,0.1194411963224411,0.03372997045516968,-0.08909214287996292,-0.00037719542743460587,-0.053709348324074375,-0.07998244831871272,
0.028543493151664736,0.06600176692008973,0.19116966724395754,0.15239781141281128,0.022344958037137985,-0.0787723958492279,0.011114833123393873,-0.04992177937411579,-0.08865757915354698,
-0.0024193162098526955,0.04408558309078217,0.13485801219940186,0.15219752490520477,0.02693900093436241,-0.06545761227607727,0.01905667621598005,-0.04839450221052087,-0.09295787091593621,
-0.027883833646774294,0.02498929649591446,0.0677951216697693,0.16231754422187805,0.020147940143942833,-0.05926576256752014,0.03560488923244824,-0.045240121617347515,-0.09998855946586961,
-0.038972032070159916,0.018529967963695528,0.05557186603546143,0.17676518857479095,0.00523423682898283,-0.048946015536785126,0.043855759656905455,-0.043526944575747906,-0.10288414380246999,
-0.05724722146987915,0.000518546300008893,0.0017250049859285355,0.1655799150466919,0.015420828945934772,-0.034431785345077515,0.06198297375112642,-0.04079534691590592,-0.1080387658076048,
-0.0481490433216095,-0.005658340454101563,-0.024057303369045258,0.15093252062797546,0.017817674204707146,-0.03150231018662453,0.0709919627702786,-0.03977450101996389,-0.10980759848492937,
-0.06024017333984375,-0.03179855346679688,-0.03848187923431397,0.14913488924503326,0.014755038544535637,-0.024045459926128387,0.08721309139850238,-0.03721420737568844,-0.11253754859205888,
-0.07198857069015503,-0.045019868016242984,-0.051401895284652714,0.15625885128974915,-0.007349199149757624,-0.013925447128713131,0.09487062576807949,-0.035980924068427005,-0.1136031346497742,
-0.10043979883193971,-0.06737104654312134,-0.11272802352905274,0.12729696929454803,-0.0018231398425996304,0.016101693734526634,0.11073117896997225,-0.03519760145243755,-0.11531393943983817,
-0.10977094173431397,-0.07932133674621583,-0.15530656576156618,0.08967981487512589,0.012091876938939095,0.04140172898769379,0.11825434592030747,-0.03567961791589638,-0.11544584198954742,
-0.11526877880096437,-0.09465148448944093,-0.20454180240631104,0.02183578349649906,0.04045454412698746,0.0775541365146637,0.12860112337614402,-0.03621868295736104,-0.11227387339007489,
