-0.211803936958313,-0.08217138051986694,0.3422660827636719,0.08693107217550278,0.09971297532320023,-0.20970329642295837,-0.04462593930263145,-0.0338637359868486,-0.18873842125913404,
-0.23578479290008547,-0.10034197568893433,0.32438809871673585,0.1580374836921692,0.10723640769720078,-0.16276508569717407,-0.04026628144004251,-0.03130704610781261,-0.20134307387615558,
-0.24067957401275636,-0.10424180030822755,0.28541486263275145,0.19984911382198334,0.07254873216152191,-0.1255474090576172,-0.033852543057514006,-0.027204565260673875,-0.21191636944963357,
-0.23937342166900635,-0.09084423780441285,0.1353226900100708,0.2447899580001831,0.003239965997636318,-0.09591974318027496,-0.014341008654752074,-0.019482374710141852,-0.22723676982366967,
-0.22749598026275636,-0.08566372990608216,0.07950252294540405,0.27741366624832153,-0.01693348027765751,-0.075080506503582,-0.002407420051594597,-0.01818717223514704,-0.2327062730145587,
-0.2226433515548706,-0.08180687427520753,0.03960072100162507,0.30351266264915466,-0.0025524094235152006,-0.0491812601685524,0.010770704201056127,-0.01840308962495327,-0.2373288987910157,
-0.1921001434326172,-0.0847001850605011,-0.07403991818428039,0.2861355245113373,0.005303916055709124,-0.002642521634697914,0.03689850363033132,-0.008585913967104859,-0.2433732279149686,
-0.20908932685852052,-0.0963517427444458,-0.14797424077987673,0.2315407246351242,-0.06933117657899857,0.05954229086637497,0.05229188930583877,-0.007685911086263422,-0.244578962324659,
-0.1927202343940735,-0.09894277453422547,-0.20746915340423586,0.17634712159633636,-0.06633518636226654,0.11566918343305588,0.0776885179794724,-0.012755747350123397,-0.241690250588425,
-0.16746740341186525,-0.11336121559143067,-0.23205215930938722,0.10996783524751663,-0.012139856815338135,0.16919872164726257,0.0873843614610511,-0.01797962864606123,-0.23782238305056666,
-0.1664244294166565,-0.12488737106323243,-0.26155524253845214,0.059367768466472626,0.014425176195800304,0.21227534115314484,0.09501307493898276,-0.022240923585855745,-0.23216514319729914,
-0.1281652569770813,-0.11008169651031495,-0.2840887069702149,-0.025853388011455536,0.051043640822172165,0.2439669519662857,0.10230609306883771,-0.028222292117151045,-0.21384768419222183,
-0.08611335754394532,-0.1016898274421692,-0.302278995513916,-0.11427033692598343,0.09405369311571121,0.2264566868543625,0.10165190156309402,-0.030491452864777197,-0.2017909993792637,
-0.07944964766502381,-0.1011616349220276,-0.3203193187713623,-0.17232725024223328,0.05696917325258255,0.24123722314834595,0.0979712155163339,-0.031106241501544847,-0.1890890257758,
-0.1412859559059143,-0.09915602207183838,-0.20583205223083498,-0.2110096663236618,0.01688859984278679,0.3046870529651642,0.08089888949918782,-0.030434806129598486,-0.16389593302805228,
-0.10299673080444337,-0.07865595817565918,-0.1858584523200989,-0.28537842631340027,0.09225605428218842,0.30994680523872375,0.06968755858150175,-0.033039362870794314,-0.14973800614023539,
-0.04540670514106751,-0.08822020292282105,-0.0880462110042572,-0.3314511179924011,0.06515838950872421,0.31820258498191833,0.04055514260964946,-0.03240575144665716,-0.11753598052098993,
0.012287854403257371,-0.06506024599075318,0.07395448684692384,-0.2596789300441742,0.016822021454572678,0.278321772813797,0.021294699100278928,-0.02913126220092924,-0.10106971252465609,
0.0796521544456482,-0.046557760238647466,0.19896461963653567,-0.1952970176935196,-0.038505151867866516,0.2439003735780716,0.003758579237217372,-0.027097677622011946,-0.08532684156640337,
0.15474983453750613,0.010992003232240678,0.30695266723632814,-0.137639582157135,-0.023258553817868233,0.2036866545677185,-0.02164728424989328,-0.02747681716244049,-0.059417806203110185,
0.1890727519989014,0.044774931669235234,0.37578644752502444,-0.09576136618852615,0.05523812025785446,0.1964961141347885,-0.030813632748124004,-0.028874588811728424,-0.048570825908223335,
0.2226031541824341,0.0715167224407196,0.43708367347717286,-0.04263130575418472,0.10690344125032425,0.1735929250717163,-0.03819552562690875,-0.02805369230804404,-0.038879894924620906,
0.3184783697128296,0.06973697543144226,0.5935489654541016,0.135001540184021,0.0626949667930603,0.0718601867556572,-0.04650233989719825,-0.017310618169464186,-0.022334628690906855,
0.3336419820785523,0.06292777061462403,0.6110275268554688,0.2513151168823242,0.04178915545344353,0.011273267678916454,-0.04451576528004884,-0.01166522294019845,-0.01706831239311539,
0.23946704864501955,0.0423027515411377,0.41912407875061036,0.34113022685050964,0.07394682615995407,-0.022815193980932236,-0.024222587660826255,-0.006211816496751789,-0.013841987289370335,
0.18340666294097902,0.00983666479587555,0.3374604463577271,0.38800185918807983,0.08286841213703156,-0.038461267948150635,-0.008874177988651531,-0.0033578167852077755,-0.014668528720661319,
0.13943418264389038,-0.05099542140960694,0.17575782537460327,0.4385994076728821,0.04471903666853905,-0.051182493567466736,0.028502341474460253,0.004806500981049829,-0.017660832957342304,
0.11275397539138794,-0.06889201402664184,0.10624562501907349,0.47069051861763,0.00929899513721466,-0.05903882160782814,0.04963426859274462,0.008430338364388685,-0.019730692215864487,
0.0809059500694275,-0.10646681785583496,-0.06967601180076599,0.4452573359012604,-0.010941029526293278,-0.07861305773258209,0.09312337678254128,0.009077718805086,-0.02489811144865344,
0.054250478744506836,-0.10321052074432374,-0.15545368194580078,0.396721214056015,-0.0062804981134831905,-0.08061042428016663,0.11676610906526574,0.009978240097370736,-0.028422335963059847,
0.030567607283592226,-0.12251565456390381,-0.24780399799346925,0.32181981205940247,0.029672177508473396,-0.06749435514211655,0.1586991552914034,0.012721433260213317,-0.03612228682658435,
-0.0018375707790255547,-0.11233879327774049,-0.27252323627471925,0.2679573595523834,0.04352061450481415,-0.04658854007720947,0.17651994293915657,0.015352378028782369,-0.03905637050762378,
-0.014596280455589295,-0.12514545917510986,-0.29390065670013427,0.20697098970413208,0.048314303159713745,-0.03087589144706726,0.19217177354182727,0.018527264131836595,-0.040761499580109495,
-0.01026144102215767,-0.12327392101287843,-0.37529993057250977,0.06535740196704865,0.06362748146057129,-0.009370864368975163,0.21646782522718513,0.024683722409638783,-0.04105066375141146,
-0.010457912087440492,-0.133649480342865,-0.38621826171875,0.016088921576738358,0.05663668364286423,-0.005309543572366238,0.22359821439442004,0.027530428159731526,-0.03995228348344718,
-0.014932869374752045,-0.1592921853065491,-0.33035378456115727,-0.02951771393418312,0.018486900255084038,-0.0011150646023452282,0.22817944449245184,0.032689637284143716,-0.03642551017515798,
-0.03266507685184479,-0.14623385667800903,-0.3483742713928223,-0.08917251974344254,-0.01453629694879055,0.020922593772411346,0.22778897215497004,0.034170820299287724,-0.03536284186342016,
-0.04123786985874176,-0.14085283279418945,-0.36578164100646976,-0.14955970644950867,-0.02458973042666912,0.035303663462400436,0.225495902063676,0.03436758794129541,-0.0349272971618106,
0.013923253118991853,-0.12157683372497559,-0.36620788574218754,-0.24157191812992096,-0.009942344389855862,0.034571293741464615,0.21361828333818308,0.03104342564578318,-0.03393614056654302,
0.02500438690185547,-0.11485782861709595,-0.3453639268875122,-0.29643306136131287,-0.03890422359108925,0.023785490542650223,0.20345788932453915,0.029255949302142502,-0.03291430188651429,
0.021466064453125003,-0.10718950033187867,-0.30300383567810063,-0.31913650035858154,-0.08644164353609085,0.020722858607769012,0.19050089032671377,0.027766716098481907,-0.032018515762823246,
0.030678007006645205,-0.11022313833236695,-0.22486739158630373,-0.39876502752304077,-0.10401850938796997,0.029711022973060608,0.15907848388344664,0.02127159836606529,-0.033299434166545364,
0.03161536157131195,-0.09702587723731995,-0.23062698841094972,-0.49071064591407776,-0.06979689002037048,0.030976027250289917,0.14164014455106844,0.01599108399970673,-0.03494766931366245,
0.052082365751266485,-0.0926660180091858,-0.18500839471817018,-0.5421096682548523,-0.0566808246076107,0.01020336989313364,0.12115565356656746,0.010635296076479913,-0.03577292768211717,
0.07807948589324952,-0.12968541383743287,0.11140936613082886,-0.447432279586792,-0.1549517959356308,-0.0049063372425735,0.0653127074925776,0.0007710859410033047,-0.03604975439250116,
0.023906339704990388,-0.09491755962371827,0.30209028720855713,-0.335579514503479,-0.1556175798177719,0.021525537595152855,0.03880425965856362,-0.004121352057949766,-0.03771638290105407,
0.04162484109401703,-0.02600367069244385,0.41192088127136234,-0.2555515468120575,-0.06460405141115189,0.04749135673046112,-0.000887106790344247,-0.02013000159128486,-0.0383599676295505,
0.061502504348754886,0.009789356589317323,0.46286840438842775,-0.18058353662490845,-0.030915064737200737,0.06446900963783264,-0.01570517234553784,-0.025255112382837924,-0.03677103696151857,
0.13980627059936523,0.11517356634140015,0.5591555595397949,-0.0508875846862793,0.02341342344880104,-0.0017105438746511936,-0.03769275571272886,-0.029306587286509846,-0.030917966347092197,
0.19201518297195436,0.14981774091720582,0.5885076999664307,0.06216360628604889,0.006635507568717003,-0.05590587481856346,-0.04398451637751935,-0.029003925190329394,-0.028654773742541394,
0.12735427618026735,0.15510977506637574,0.5391729831695556,0.1771455854177475,0.027940796688199043,-0.0976509228348732,-0.043738793529637866,-0.02780547686619869,-0.031665433028809614,
0.09378530383110047,0.12430025339126588,0.42333431243896485,0.22022221982479095,0.03786107152700424,-0.11522778868675232,-0.03669107275463633,-0.02782386767676711,-0.03576891656980061,
0.014748170971870422,0.051273477077484135,0.2387960433959961,0.2654959559440613,0.0018418175168335438,-0.12288437783718109,-0.015497227038673365,-0.02533778791842858,-0.04694335397543957,
-0.01660897582769394,0.025718873739242556,0.15139654874801636,0.2786785960197449,-0.013138463720679283,-0.12494832277297974,-0.002308674254081153,-0.024505869779298514,-0.053148774724465477,
-0.03464857935905457,0.006911199539899826,0.07105651497840881,0.27561596035957336,0.005237347912043333,-0.12761148810386658,0.012000369599219615,-0.024675577669561966,-0.05945461405441353,
-0.07086466550827027,-0.034032282233238224,-0.04472715258598328,0.26110172271728516,0.029938166961073875,-0.11382962763309479,0.04114968083376601,-0.02368693024501702,-0.07227949242414475,
-0.10255106687545777,-0.05258543491363526,-0.0827211618423462,0.23939697444438934,0.015490518882870674,-0.07707800716161728,0.05519124985542626,-0.021568214863419033,-0.07839803320468275,
-0.12626920938491823,-0.0689951241016388,-0.13619352579116822,0.19625376164913177,0.026209741830825806,-0.05031323432922363,0.06872038497262271,-0.019158248009761347,-0.08351936859160153,
-0.13593591451644899,-0.08606393933296204,-0.22738122940063477,0.13167211413383484,0.05463898554444313,-0.013028979301452637,0.09149832458505534,-0.015542739335986112,-0.08943630887045326,
-0.1551884174346924,-0.10432204008102418,-0.23971359729766847,0.09225732833147049,0.03166922181844711,0.029648177325725555,0.09973914291334417,-0.012881359188060097,-0.090459826873981,
-0.17019269466400147,-0.1186871647834778,-0.2680891513824463,0.04891438037157059,0.013093673624098301,0.07292454689741135,0.10628032766848085,-0.010177161886779909,-0.09005743264401644,
-0.16234276294708253,-0.1372280716896057,-0.3315039873123169,-0.037571780383586884,0.020084470510482788,0.13470987975597382,0.11392015750596816,-0.00925895662407923,-0.08483171336775944,
-0.140971577167511,-0.1360090970993042,-0.35089309215545655,-0.10728085041046143,0.03539778292179108,0.16759838163852692,0.11419083185981344,-0.010655008725438373,-0.07954809675521865,
-0.16107516288757326,-0.15081818103790284,-0.3537566900253296,-0.1846456676721573,-0.032845720648765564,0.20980948209762573,0.10635601240014331,-0.013155653019627412,-0.06411631154110743,
-0.16184271574020387,-0.1617624044418335,-0.3049823760986328,-0.21400701999664307,-0.09676159173250198,0.2560819089412689,0.09817034286834618,-0.01582849409821518,-0.054647838783765224,
-0.15465656518936158,-0.1388723611831665,-0.23777625560760499,-0.278455525636673,-0.02385755255818367,0.3161362111568451,0.08773994643911091,-0.021879092560467852,-0.04473014301899896,
-0.08216647505760194,-0.09695205688476563,-0.16244148015975954,-0.3542890250682831,0.0367293618619442,0.3587467670440674,0.060495715952408824,-0.03493034868815054,-0.018171169896524553,
-0.015881381928920746,-0.07471737265586853,-0.030131042003631592,-0.31747084856033325,-0.02825176902115345,0.30907881259918213,0.04175531122923166,-0.03612504894000591,-0.0006082419054943482,
0.15278327465057373,-0.02141198813915253,0.27438979148864745,-0.19383357465267181,-0.08910500258207321,0.2276526540517807,0.0014552826698998275,-0.038034644763354615,0.033515293538296874,
0.14203735589981079,-0.009873013943433762,0.34753496646881105,-0.11566980928182602,-0.11946503818035126,0.2259216010570526,-0.012697456059664627,-0.04135340241134494,0.046304250302738915,
0.13824537992477418,-0.015321238338947296,0.34048840999603275,-0.10501716285943985,-0.11160871386528015,0.2560819089412689,-0.022211226652318748,-0.04573921231498968,0.05770753879105984,
0.25605049133300783,-0.027672344446182252,0.5584942817687989,0.09485308080911636,0.004571692552417517,0.22026239335536957,-0.03792639141740122,-0.055379346412720985,0.08314622656856752,
0.3523179292678833,0.004264845699071884,0.46639618873596195,0.11329547315835953,0.03606357425451279,0.14789098501205444,-0.04050150264119047,-0.05687132543681576,0.09738544039683296,
0.31139023303985597,0.07057584524154663,0.30893955230712894,0.1853339821100235,0.1017104908823967,0.0663982629776001,-0.03371457550898609,-0.05284089456323433,0.11688298807280136,
0.26629879474639895,0.07578993439674378,0.24970643520355226,0.19871637225151062,0.14798292517662048,0.041630856692790985,-0.02710310645057506,-0.04934286974340968,0.12212290950027622,
0.17948589324951172,0.04356997609138489,0.11332825422286988,0.21988850831985474,0.1258120983839035,0.010605031624436378,-0.008472934626436661,-0.036752371156882124,0.12735862209354154,
0.15564038753509524,0.011563587188720704,0.014172731339931488,0.20530769228935242,0.10570523887872696,-0.007637621834874153,0.013038189928263255,-0.02237437342028038,0.1295073467377406,
0.14341063499450685,0.005510253831744194,-0.03359484076499939,0.1919253170490265,0.0963175967335701,-0.020087899640202522,0.024775864915828377,-0.026633358004690827,0.12957529621909586,
0.15809735059738161,0.008959213644266129,-0.08529971837997437,0.18380266427993774,0.06362728774547577,-0.06336426734924316,0.04560050268695179,-0.024254165885248823,0.12906804948175254,
0.17399715185165407,0.013324882090091706,-0.10640785694122315,0.17734558880329132,0.04525129869580269,-0.10031357407569885,0.05517085057042567,-0.019907693755509295,0.12788802727334955,
0.17647823095321657,0.008259470015764237,-0.14623667001724244,0.15604031085968018,0.033666547387838364,-0.11303016543388367,0.06469994900179112,-0.016092390440927373,0.1252119004939096,
0.1457490563392639,-0.010249444842338563,-0.2232757329940796,0.0839352235198021,0.020151006057858467,-0.1277441382408142,0.08236819610033479,-0.009485886852019995,0.11590223354511164,
0.14459975957870483,-0.01779526174068451,-0.23855309486389162,0.03859490528702736,0.013226786628365517,-0.14299073815345764,0.08879428608551236,-0.006607395537068192,0.11043758273023635,
0.13700748682022096,-0.017645713686943055,-0.237815260887146,0.009699606336653233,0.008765991777181625,-0.16429603099822998,0.09310505126734434,-0.0037927631590834745,0.1044591171086404,
0.12529295682907104,-0.032052835822105406,-0.2061706781387329,-0.017464635893702507,-0.002286127069965005,-0.19245895743370056,0.09628831026087564,0.001931847173897697,0.0902212430249134,
0.0934169113636017,-0.05040024518966675,-0.20029115676879883,-0.03537439554929733,-0.0335116907954216,-0.1956547498703003,0.09596841188437054,0.004980078656611095,0.0814571424680383,
0.07800637483596802,-0.07242242693901062,-0.1970819115638733,-0.0508207306265831,-0.05907803773880005,-0.2017134428024292,0.09477209417920392,0.007589996279669546,0.07199470082717525,
0.07770483493804932,-0.09391745924949646,-0.22269279956817628,-0.12692056596279144,-0.044430650770664215,-0.21403056383132935,0.0900244513859521,0.009232116441406646,0.05147178574745289,
0.071219402551651,-0.08801130056381226,-0.23994672298431396,-0.16347245872020721,-0.03923748806118965,-0.22008925676345825,0.08570760777952412,0.009083499851117026,0.040556652175904324,
0.05315884351730347,-0.08800024390220643,-0.20202240943908692,-0.1754566729068756,-0.06220725178718567,-0.22501608729362488,0.07887303476727543,0.00973531770127156,0.02944613643892677,
0.04679714739322663,-0.0780805230140686,-0.1598119616508484,-0.20468486845493317,-0.09929177165031433,-0.23979663848876953,0.061185736356724495,0.009988982643306756,0.00639756990245396,
0.043502685427665715,-0.07854567766189575,-0.11607800722122193,-0.22612331807613373,-0.1123412624001503,-0.23220661282539368,0.05105932006873184,0.00796000214869384,-0.006102317984258814,
0.06593493819236755,-0.009292783588171006,-0.039459028840065004,-0.2373751699924469,-0.13657602667808533,-0.2707558870315552,0.02891375455609149,0.00018584812584952193,-0.03132339087046137,
0.1175592303276062,0.009895832091569901,0.03235076665878296,-0.25701597332954407,-0.08963781595230103,-0.32002437114715576,0.01699824978484115,-0.007568027158916041,-0.04414269418469346,
0.12435331344604493,-0.0009394986554980278,0.08604624271392823,-0.2577483355998993,-0.047493286430835724,-0.32222145795822144,0.005329279044641964,-0.013822606040079496,-0.05855970873380751,
0.017815779149532317,-0.07347286343574524,0.3304562330245972,-0.1518876999616623,-0.0335116907954216,-0.33686885237693787,-0.018959893717229153,-0.0221620865871858,-0.09147129796643891,
-0.0015792081132531167,-0.10423839092254639,0.41695637702941896,-0.08124734461307526,-0.04656118154525757,-0.31682857871055603,-0.028897943887658345,-0.025218188710076254,-0.10837554428559103,
-0.1530550479888916,-0.09549728035926819,0.43329381942749023,-0.03690667822957039,0.07061806321144104,-0.2410634309053421,-0.03832060442514657,-0.03303085964439986,-0.1430319152713847,
-0.21474876403808596,-0.07301414608955384,0.4216340065002442,0.045451581478118896,0.11868812143802643,-0.17834599316120148,-0.039630830038460345,-0.03455898995024351,-0.15821031721152656,
-0.21634397506713868,-0.07875854372978211,0.44308118820190434,0.12714405357837677,0.09658388793468475,-0.1802767813205719,-0.03968997885435108,-0.031559248064639625,-0.17078698825082791,
-0.1720965623855591,-0.08178465366363526,0.31515173912048344,0.21123336255550385,0.04052434489130974,-0.18254046142101288,-0.030441583221099727,-0.022484887586706068,-0.19074351385499766,
-0.20189008712768555,-0.07587096691131592,0.22335162162780764,0.22068758308887482,0.04298776760697365,-0.14226014912128448,-0.021114789738862827,-0.019802238149481614,-0.20063346809180707,
-0.23774588108062744,-0.054494780302047734,0.04580696523189545,0.2144957333803177,0.03992513194680214,-0.08500219881534576,0.0018470772945395652,-0.01619051160033109,-0.21766655909498722,
-0.23439540863037112,-0.04914482533931733,0.015590581297874452,0.22814443707466125,0.0035729845985770226,-0.06083400547504425,0.01307613211180304,-0.0135192704458437,-0.22344373230307493,
-0.20160341262817383,-0.05887749791145325,-0.0062632799148559576,0.22741207480430603,-0.020195728167891502,-0.04798425734043121,0.024095950373764597,-0.010833333346236484,-0.22747423452906246,
-0.171929407119751,-0.06957449316978455,-0.0956251084804535,0.20364335179328918,-0.02685363218188286,-0.015560269355773926,0.044151688003158,0.0006010425014062166,-0.23359472987693605,
-0.17877937555313111,-0.07112216353416444,-0.12465614080429077,0.1718851625919342,-0.013870720751583576,0.021524250507354736,0.0552145631310558,-0.00044618747246067775,-0.23541983749593584,
-0.17984179258346558,-0.07968207597732545,-0.14705003499984742,0.1375969648361206,-0.022193100303411484,0.057077452540397644,0.0653154038154836,-0.0015920154978311277,-0.23604514259689666,
-0.18805655241012575,-0.0897450089454651,-0.1781305193901062,0.10670428723096848,-0.03810548782348633,0.09848960489034653,0.08157212814561546,-0.004144274599736793,-0.23303640720795654,
-0.17962614297866822,-0.09590562582015992,-0.1886734962463379,0.06509239971637726,-0.03564206510782242,0.13530781865119934,0.08764024117601478,-0.006627647291215103,-0.22963520091458026,
-0.16242092847824097,-0.09996586441993714,-0.21880722045898438,0.01995181292295456,-0.01440335251390934,0.16546811163425446,0.09265483047386416,-0.010014927644827748,-0.22508225387487682,
-0.12170326709747314,-0.08913187980651856,-0.2322192907333374,-0.032845355570316315,-0.0014870214508846402,0.18470945954322815,0.09712039187622147,-0.01713210429305463,-0.21171966697889144,
-0.10014090538024903,-0.09434317946434022,-0.22996346950531008,-0.06506960093975067,-0.018664412200450897,0.1825789213180542,0.09632850870255472,-0.020128844079476287,-0.2030904376267326,
-0.10945065021514894,-0.10680215358734131,-0.1806201696395874,-0.08231357485055923,-0.06393814831972122,0.20767921209335327,0.09003102783371131,-0.026432124462031973,-0.18539597203058908,
-0.11756852865219117,-0.09790176749229432,-0.15978957414627076,-0.10827939212322235,-0.04403102025389671,0.22978346049785614,0.08542137664050169,-0.03142366073109217,-0.17671438496556177,
-0.1023343563079834,-0.0924445390701294,-0.16374360322952272,-0.1563497930765152,-0.021260937675833702,0.2597433924674988,0.07996197498385924,-0.03730325100787863,-0.16701521367165534,
-0.07259000539779663,-0.0734480082988739,-0.10686658620834351,-0.20761564373970032,0.004638305399566889,0.29995712637901306,0.06347431625620274,-0.04602113771394518,-0.14340121793084906,
-0.01172754690051079,-0.05000088810920716,-0.06314928531646728,-0.2213975042104721,0.03193570673465729,0.2798502445220947,0.052050080177503795,-0.0493561928658137,-0.1289540260700615,
0.026421365141868592,-0.033305078744888306,0.00013211702462285758,-0.2465643733739853,0.039858609437942505,0.2747902274131775,0.038963596426685475,-0.0511763434610035,-0.11371563756001414,
0.07094193696975708,-0.014308626949787141,0.12806828022003175,-0.21367433667182922,0.06589101254940033,0.2550828456878662,0.010938344057909779,-0.050079397386029144,-0.08497827476772268,
0.07910141348838806,-0.003653436154127121,0.2362458944320679,-0.1755245476961136,0.06602416932582855,0.24516257643699646,-0.003806373859311106,-0.047319616020537934,-0.07155769910850272,
0.1411978006362915,0.008386212587356568,0.3006034851074219,-0.1371084600687027,0.11349502205848694,0.20361724495887756,-0.027462464465742232,-0.03947049384591437,-0.04711508070825674,
0.17544969320297243,0.013177731633186342,0.353634524345398,-0.03271254152059555,0.07973945140838623,0.15108639001846313,-0.037010041712448934,-0.033844792475590905,-0.03618574861828618,
0.1788731336593628,0.02776290476322174,0.45672044754028324,0.036463070660829544,0.08752919733524323,0.1171976700425148,-0.04452552592400893,-0.02705288816360886,-0.027127877432644946,
0.21573634147644044,0.041783821582794194,0.47671022415161135,0.1276763379573822,0.11149764806032181,0.06739655882120132,-0.047360266331556176,-0.016379723432336075,-0.013888455266531945,
0.22640695571899416,0.03841604590415955,0.4803662776947022,0.22854356467723846,0.08366761356592178,0.012468859553337097,-0.04374446731769207,-0.010582165391203725,-0.009710476400100356,
0.2206204891204834,0.017084920406341554,0.47942352294921875,0.31203368306159973,0.04025808349251747,-0.02248512953519821,-0.036922895135521126,-0.004612513870745724,-0.007237063115770484,
0.1375387191772461,-0.03161993324756623,0.3692521572113037,0.40364640951156616,-0.0021527553908526897,-0.034602515399456024,-0.01116855367359879,0.0025395432680147432,-0.007574356640388579,
0.09277493357658387,-0.054759085178375244,0.2757926940917969,0.41915932297706604,0.014025948010385036,-0.02608039788901806,0.007116202083990126,0.0033839061430510483,-0.00928514129507197,
0.07389110922813416,-0.06268699169158935,0.17215187549591066,0.40551063418388367,0.054372839629650116,-0.017624862492084503,0.027719456113821872,0.003469754174559332,-0.011005703728019256,
0.06708061695098877,-0.0732881784439087,0.02954971492290497,0.40844011306762695,0.06715601682662964,-0.024016447365283966,0.06954293455206968,0.006245736740572884,-0.012904613833420026,
0.05923994779586792,-0.09423221945762635,-0.011826475709676744,0.423087477684021,0.021016744896769524,-0.03719909489154816,0.08472885281069549,0.006033369455931469,-0.012785374488983653,
0.05020549297332764,-0.11337993144989014,-0.15031871795654297,0.38080981373786926,-0.031447529792785645,-0.06802518665790558,0.12673201117551208,0.01201821910685248,-0.013803059967834328,
0.0263062059879303,-0.10912256240844727,-0.252867603302002,0.3152301609516144,-0.0037507645320147276,-0.07128626853227615,0.14786646960607902,0.012767939226091873,-0.016320677891779982,
-0.027918013930320743,-0.12019608020782471,-0.3842360496520996,0.18879657983779907,0.05537141114473343,-0.03034016862511635,0.18369557380222803,0.014537942326843073,-0.023420950604901316,
-0.0401560515165329,-0.12668708562850953,-0.4231877326965332,0.09232356399297714,0.055171675980091095,-0.00024644844233989716,0.19662202430234868,0.017539497384486482,-0.024745322398725973,
-0.03515846729278565,-0.13138701915740966,-0.43962941169738773,0.040591657161712646,0.03619665279984474,0.014134622178971767,0.205494425788425,0.020568684104957255,-0.024127904261128288,
-0.023806662857532503,-0.1391270399093628,-0.4096076011657715,0.01382688619196415,0.00683530094102025,0.007876192219555378,0.2105895103586346,0.022839543816776466,-0.022463502887378282,
-0.01029016748070717,-0.15052719116210939,-0.4082677841186524,-0.06566847115755081,-0.03451027721166611,0.01966068148612976,0.2145226509031367,0.024488002872419475,-0.019741623252145502,
-0.027377977967262268,-0.15081002712249758,-0.4357642650604248,-0.1485593616962433,-0.0423000231385231,0.04229754954576492,0.21398893722448453,0.023914000850555898,-0.019741214174232073,
-0.005799227207899094,-0.11416356563568116,-0.41985497474670413,-0.2395728975534439,-0.035708699375391006,0.043762288987636566,0.20429521149453264,0.019186554507953018,-0.019885034090752485,
0.025133082270622255,-0.09507371783256531,-0.39017813205719,-0.28557899594306946,-0.04669423773884773,0.014667253009974957,0.19476970571641053,0.01611292495299291,-0.018954748815579354,
0.0373380720615387,-0.08983869552612306,-0.34277985095977787,-0.3056858777999878,-0.09975772351026535,-0.008102774620056152,0.18248989064706747,0.013386089362826545,-0.018228609790887952,
0.01712618172168732,-0.12659701108932495,-0.2580646753311157,-0.38831043243408203,-0.09649534523487091,-0.023216214030981064,0.1526559386947499,0.007237420855526947,-0.021005108551685227,
-0.008911567926406861,-0.15516531467437744,-0.2770589113235474,-0.4789245128631592,-0.1060827299952507,0.026118844747543335,0.13608908813717227,0.0026613055632338563,-0.024364199444366127,
-0.05952254533767701,-0.16916160583496095,-0.2057673692703247,-0.5095508694648743,-0.11473800241947174,0.04462781548500061,0.11657315794274613,-0.0015231575981928059,-0.02736381557795898,
-0.005692772567272186,-0.1422353506088257,0.08542084097862244,-0.44030866026878357,-0.1662035882472992,0.05587967112660408,0.06658127818607437,-0.012437250791900119,-0.028123814855916626,
0.01790319234132767,-0.10383465290069581,0.2622938394546509,-0.3561527729034424,-0.15508489310741425,0.029181480407714844,0.04110847272333296,-0.01920610676786668,-0.027051971798635797,
0.11323221921920777,-0.020745022594928744,0.5105906009674073,-0.23191630840301514,-0.07512348145246506,0.025319896638393402,-0.00178797326163136,-0.03588833738515666,-0.023288546519987425,
0.12986388206481933,-0.0017060341313481333,0.5842255115509033,-0.13570961356163025,-0.00694655766710639,0.029248058795928955,-0.017484805320808997,-0.04232490678918003,-0.0218801110972836,
0.13604565858840942,0.05058031678199768,0.6306942939758301,-0.05554845929145813,0.031269803643226624,0.001684342510998249,-0.029367345597558887,-0.04591001472027917,-0.020248350161781226,
0.18409346342086794,0.10407788753509523,0.6231201171875,0.08133802562952042,0.03426586091518402,-0.05364283174276352,-0.041521717188070996,-0.04554468359154531,-0.0180369560171061,
0.1451841950416565,0.12061212062835694,0.5875173568725586,0.17082133889198303,0.03599673509597778,-0.08200343698263168,-0.04149989024610986,-0.04377764874950622,-0.019562778343922265,
0.10964702367782593,0.11770099401473999,0.4902530670166016,0.20724007487297058,0.04944569990038872,-0.09505292773246765,-0.036909176263202066,-0.04241335616036725,-0.022553795467297435,
0.033066102862358095,0.06828968524932862,0.2569425106048584,0.23646825551986694,0.0571688674390316,-0.08739633858203888,-0.018041216695896572,-0.03920330959664961,-0.03140728282461941,
-0.013463681936264038,0.049680295586586,0.17644103765487673,0.2422606348991394,0.045517537742853165,-0.08187028020620346,-0.006216754931034787,-0.036469547948491464,-0.03648337313938362,
-0.0531394898891449,0.02390948832035065,0.05627661347389221,0.24732063710689545,0.033067259937524796,-0.09891451150178909,0.01883345708532964,-0.030753499865737485,-0.04530502292763303,
-0.06946326494216919,-0.009377647936344147,0.014778947830200196,0.2529798746109009,0.028073832392692566,-0.09758292883634567,0.031517782125639035,-0.027584625652633223,-0.0495652585082706,
-0.14394744634628295,-0.08366873264312745,-0.06802620887756348,0.2577735483646393,-0.00781226484104991,-0.05497235059738159,0.05596549567997029,-0.01819862012492028,-0.0588314100890845,
-0.17950350046157837,-0.10822613239288331,-0.13506535291671753,0.2025795429944992,-0.008677792735397816,-0.0033736051991581917,0.06936268662701615,-0.016685903462788,-0.06292638813972565,
-0.1994367003440857,-0.12007769346237183,-0.22883546352386475,0.1296089142560959,-0.011207795701920986,0.04642751067876816,0.08252567427899088,-0.016382836738492345,-0.06568799995129043,
-0.1955820918083191,-0.12679957151412966,-0.3140307664871216,0.02734353020787239,0.01362618152052164,0.09309940785169601,0.1012862762613144,-0.017552154088174503,-0.06513427806927052,
-0.1530406713485718,-0.12530994415283203,-0.33277807235717777,-0.02472127042710781,0.024944618344306946,0.12172839045524597,0.10573150915244786,-0.01920504403115459,-0.06197045685136426,
-0.11219137907028198,-0.10239001512527467,-0.32860267162323,-0.10474926233291626,-0.01080832164734602,0.1399044692516327,0.10619871462568331,-0.020826330177733592,-0.051462602854615055,
-0.0803153157234192,-0.08536096811294556,-0.3389335155487061,-0.166334867477417,0.0007098506321199238,0.1532202661037445,0.10312107435853927,-0.022580295852308047,-0.04500545390776954,
-0.0660909652709961,-0.07228162288665772,-0.3160768985748291,-0.20581622421741486,0.008033543825149536,0.1700647622346878,0.09727748850718165,-0.025273225296976377,-0.038394955226086505,
-0.0706515908241272,-0.06802340745925904,-0.2387944221496582,-0.2741928994655609,-0.027519656345248222,0.19423295557498932,0.0781628434437617,-0.029504719016056745,-0.02292194284051424,
-0.07336861491203309,-0.08440505862236024,-0.2032052755355835,-0.277588427066803,-0.0878402590751648,0.230252206325531,0.06572604141369848,-0.03151845535334062,-0.014127187625732143,
-0.08505368828773499,-0.09535777568817139,-0.10621963739395142,-0.2609436511993408,-0.11287397146224976,0.2609451413154602,0.05105706701533524,-0.034471743060148156,-0.004650705796807921,
-0.03310097455978394,-0.10768505334854127,0.07361592650413513,-0.19110225141048431,-0.11653582006692886,0.2874435782432556,0.015837200534688997,-0.04303031834964154,0.01889873190856027,
0.003929330408573151,-0.1028485417366028,0.17170319557189942,-0.14256753027439117,-0.13071691989898682,0.2924344539642334,0.001593460163855385,-0.049162106343611664,0.03289285005235717,
0.04592594206333161,-0.08429105877876282,0.1952474355697632,-0.10728064179420471,-0.0903034508228302,0.29982471466064453,-0.010238541834930372,-0.0549681163358698,0.047812276697218756,
0.1584237337112427,-0.017604948580265047,0.325534200668335,-0.03530871123075485,0.005836660508066416,0.27399206161499023,-0.02970818716548841,-0.06510107684649699,0.07911776810655474,
0.23365323543548586,0.007009067386388779,0.37979376316070557,0.05317481979727745,0.04778144881129265,0.19083485007286072,-0.03713752595816295,-0.06621549798997352,0.09478559618332018,
0.3093192338943482,0.032199332118034364,0.4193899631500244,0.13014017045497894,0.08473281562328339,0.13630661368370056,-0.041831911254400354,-0.06429868661615173,0.10886594263165629,
0.33099040985107425,0.07453712224960328,0.37924017906188967,0.19658604264259338,0.1292741894721985,0.07239075005054474,-0.03896893474384056,-0.05632532481282025,0.12740606619177489,
0.33449268341064453,0.0741642415523529,0.2929011583328247,0.23067450523376465,0.11922074854373932,0.01886121742427349,-0.0316856506268314,-0.05026858318238418,0.13316269637022907,
0.33076479434967043,0.0670187771320343,0.22944386005401612,0.24971610307693481,0.10969994962215424,-0.02008751407265663,-0.022391680544874584,-0.043468626754463335,0.13722984872087524,
0.28187923431396483,0.044543057680130005,0.07800586223602296,0.2676924467086792,0.09531887620687485,-0.06642651557922363,0.0010322093361611552,-0.03131912006881561,0.13961906527081883,
0.24960238933563234,0.03497368395328522,0.009135110676288605,0.2527787387371063,0.09898072481155396,-0.08813127875328064,0.014317219206940757,-0.025958555232412545,0.1382324318165849,
0.22649123668670657,0.025575715303421023,-0.05902243256568909,0.21675948798656464,0.09931361675262451,-0.09958288073539734,0.02836839048439955,-0.022658104766212387,0.1356967341183507,
0.18175454139709474,-0.002544415928423405,-0.17287830114364625,0.1610994189977646,0.07268200814723969,-0.1168268471956253,0.05520758434682816,-0.018948463937854425,0.12845309855297565,
0.175766396522522,-0.013207252323627473,-0.19038971662521365,0.11702410876750946,0.04917960613965988,-0.1409284621477127,0.06543800599908368,-0.013296114695166564,0.12409155857754794,
0.17819272279739382,-0.013841016590595246,-0.20663182735443117,0.08639775216579437,0.03739511966705322,-0.16503006219863892,0.07404653463953721,-0.008260822680208741,0.11923063711038664,
0.14583488702774047,-0.009745869040489198,-0.21520514488220216,0.041590068489313126,0.027075370773673058,-0.19132877886295319,0.08596835139743134,0.00018885856721239812,0.10628394391823186,
0.11955642700195312,-0.03374493718147278,-0.2163550138473511,0.0074350242502987385,0.007834031246602535,-0.1937922090291977,0.08955297109200701,0.0042911520320001425,0.09803515373011457,
0.09465954899787904,-0.051413571834564215,-0.2179412603378296,-0.000421301054302603,-0.01966310851275921,-0.18680140376091003,0.09155822913368969,0.008297944289177829,0.08907468079259605,
0.07290757894515991,-0.07005484104156494,-0.18031115531921388,-0.038038451224565506,-0.09822636097669601,-0.18200771510601044,0.09166030210386698,0.014165977293921541,0.0705310884188402,
0.0628876507282257,-0.06161492466926575,-0.1972145438194275,-0.07459137588739395,-0.11367253214120865,-0.18946649134159088,0.0909282774289432,0.014723703358334535,0.06090666666039566,
0.05920341014862061,-0.07792394757270814,-0.19560326337814332,-0.10648272931575775,-0.13411228358745575,-0.18999911844730377,0.08534503024073356,0.010188261009611113,0.04002530539540625,
0.05086255073547363,-0.0955040454864502,-0.1838881015777588,-0.11853352934122086,-0.18650998175144196,-0.16949278116226196,0.08039261710050034,0.006919332636526278,0.029024414528447156,
-0.016363711655139924,-0.06703979372978211,-0.12612566947937012,-0.12346038222312927,-0.30688485503196716,-0.15864039957523346,0.06902251224109493,-0.0032773228882600346,0.007389293226752456,
0.023257388174533846,-0.05064748525619507,-0.0950435996055603,-0.15561805665493011,-0.3311196267604828,-0.17375384271144867,0.06324429122547127,-0.013152669656951532,-0.002799451566946153,
0.05835801959037781,-0.03268558382987976,-0.06606274247169495,-0.21846865117549896,-0.28877535462379456,-0.1505177617073059,0.05763700465810664,-0.02670996476129478,-0.013603233524298179,
0.08045364022254944,-0.01386452317237854,0.014163030683994294,-0.2636758089065552,-0.08238038420677185,-0.17402015626430511,0.04353456957394481,-0.056962774409132465,-0.03588930044727287,
0.13019713163375854,-0.0010633791796863079,0.1476016879081726,-0.20322205126285553,-0.013337931595742702,-0.21616467833518982,0.0324490011982709,-0.0676753993255104,-0.0449318838042854,
0.12701271772384645,-0.012034624069929124,0.3083024263381958,-0.1043521985411644,-0.057413250207901,-0.3143021762371063,0.011781383226172363,-0.07316589873190482,-0.0648337469814646,
0.11360188722610474,0.015139257907867432,0.31499891281127934,-0.11547089368104935,0.003972616046667099,-0.335807204246521,0.006092932890570527,-0.07403045724415125,-0.0778140993759399,
-0.06753914952278138,-0.011210118979215623,0.2563668251037598,-0.0814490094780922,0.10803563892841339,-0.23700392246246338,0.0028050746522272144,-0.07770738149985967,-0.11233599197150734,
-0.17180079221725464,-0.008013802021741867,0.3159503221511841,-0.008544975891709328,0.10717011243104935,-0.23074547946453094,0.0007500206355072149,-0.0749113599171155,-0.12919347792638508,
