0.2213364124298096,0.014011113345623017,-0.018865197896957397,0.1632598340511322,0.06515369564294815,-0.1212318018078804,0.02759543146771354,-0.04490010764187695,0.09643124877084096,
0.1951281189918518,-0.0056360322982072835,-0.046646061539649966,0.1506098210811615,0.035526033490896225,-0.13294970989227295,0.03706797512150592,-0.0416887516276805,0.09163258229472575,
0.14563995599746704,-0.026160556077957156,-0.06509790420532227,0.14015690982341766,0.012156793847680092,-0.14333602786064148,0.04560733209873157,-0.05165495717923495,0.08570207469688569,
0.12056841850280763,-0.052334469556808476,-0.09836830496788025,0.12983717024326324,-0.02725799009203911,-0.16657212376594543,0.06279518103338132,-0.04637055812143847,0.07268844150335273,
0.09869324564933778,-0.06276617050170899,-0.10970262289047242,0.09301895648241043,-0.03131931275129318,-0.17043370008468628,0.0708098898179951,-0.044713358617233696,0.0650850825994838,
0.059919905662536625,-0.07898356914520265,-0.17033987045288088,0.047012846916913986,-0.02925536036491394,-0.17136579751968384,0.08544056431401696,-0.04334631417041234,0.047691441197150575,
0.04012784063816071,-0.08774825334548951,-0.16580743789672853,0.028237560763955116,-0.05974855646491051,-0.17129921913146973,0.09045120711825431,-0.042173937604717424,0.03883118498384369,
-0.0059531711041927345,-0.10668430328369141,-0.17206493616104127,-0.025758029893040657,-0.08151990175247192,-0.17163211107254028,0.09718254770970036,-0.04067064529934292,0.020821689275113107,
-0.020707364380359652,-0.11586903333663941,-0.19946298599243165,-0.06397439539432526,-0.09483570605516434,-0.15445473790168762,0.0993463640059112,-0.041489724420535064,0.011305976499968375,
-0.06139774918556214,-0.1288673758506775,-0.19319189786911012,-0.11856919527053833,-0.09949623793363571,-0.12642496824264526,0.09870903272018931,-0.04434770230035498,-0.007754039097972213,
-0.058672267198562625,-0.10950036048889161,-0.18935670852661135,-0.1448013335466385,-0.12060178816318512,-0.11151126027107239,0.09579874726884759,-0.047050701614505516,-0.016275840715154054,
-0.06621187329292298,-0.09040491580963135,-0.14941961765289308,-0.2043895572423935,-0.12133415788412094,-0.09400098025798798,0.08556617774634472,-0.05379419986674052,-0.03147298121702096,
-0.051990932226181036,-0.07314430475234986,-0.1439189314842224,-0.24027565121650696,-0.08571437746286392,-0.10179072618484497,0.07860576806392885,-0.058790757263910705,-0.03839657682670589,
-0.024965673685073853,-0.05230827331542969,-0.10543456077575684,-0.2465340793132782,-0.06853698939085007,-0.11184415966272354,0.06960689335881923,-0.06374277252213374,-0.044677996711168316,
-0.017131695151329042,-0.03234184086322785,0.00527753047645092,-0.21477589011192322,-0.12466311454772949,-0.1218310073018074,0.047753122945627606,-0.07015486573527444,-0.05688207361879631,
-0.015373145043849946,-0.006383997946977616,0.05892586708068848,-0.21683983504772186,-0.12053520977497101,-0.1518581509590149,0.03702003198857734,-0.07343685291573071,-0.06333061571429295,
0.04201419353485108,0.03194744884967804,0.0888949990272522,-0.20152604579925537,-0.07306446135044098,-0.18414781987667084,0.018658760122858633,-0.08471503240483885,-0.0779698494231284,
0.021226088702678683,0.03850008249282837,0.1539243459701538,-0.17083311080932617,-0.05329049006104469,-0.18527966737747192,0.009899858152566289,-0.0896725852169319,-0.0870040017421258,
-0.016531699895858766,0.03300052583217621,0.1779648303985596,-0.15332283079624176,-0.05295759439468384,-0.17822229862213135,0.002280365300866125,-0.09344290877993615,-0.09689745331247476,
-0.05911844372749329,0.019614590704441073,0.19434472322463991,-0.11277620494365692,0.0005719420732930303,-0.17835545539855957,-0.009295395560055264,-0.09928527661699738,-0.11736429246481438,
-0.05244026184082032,0.018507735431194307,0.1962071657180786,-0.08381433039903641,0.0025027338415384293,-0.17928755283355713,-0.013598438085608964,-0.10181599481265305,-0.1272878666036672,
-0.05193227529525757,0.018828855454921724,0.21796190738677979,-0.037075843662023544,-0.001625165925361216,-0.19260336458683014,-0.018615523888906187,-0.10312503622505095,-0.14737144957544462,
-0.06414949297904969,0.02295220494270325,0.23817830085754396,0.017452377825975418,0.0020366807002574205,-0.18647809326648712,-0.01906852076324186,-0.10376307089197467,-0.1577314954627252,
-0.10056613683700562,0.01907765716314316,0.3264847755432129,0.09215404838323593,0.020811965689063072,-0.17109833657741547,-0.015328734587488629,-0.10495423117635265,-0.17894733580747427,
-0.09955524802207948,0.007924181967973709,0.3194841146469116,0.14481805264949799,0.031131716445088387,-0.16617149114608765,-0.009883832698539544,-0.1049305521873163,-0.18877793419040328,
-0.08657632470130922,-0.02451271712779999,0.27339718341827396,0.2062705010175705,0.04564594477415085,-0.15671727061271667,0.00683955554587499,-0.10270157045031761,-0.2070742672344546,
-0.09688275456428529,-0.03738227784633637,0.23190336227416994,0.2123291939496994,0.07081282138824463,-0.1369432955980301,0.017983529516529845,-0.10065125223529364,-0.21578887881861294,
-0.10971394777297974,-0.050519090890884404,0.14611440896987915,0.2098657637834549,0.08059993386268616,-0.1165701150894165,0.030787139323462723,-0.09781282486142706,-0.22400703802770702,
-0.11759501695632935,-0.05708518624305725,0.020009636878967285,0.20194286108016968,0.06721755117177963,-0.09053771197795868,0.052797348446420096,-0.08180606805706096,-0.2362562187460515,
-0.12247682809829713,-0.06711279153823853,-0.022631999850273133,0.2002118080854416,0.04491357505321503,-0.07222847640514374,0.06376115392252701,-0.07517838468161632,-0.24066902834943674,
-0.14179692268371583,-0.07136866450309753,-0.08242445588111878,0.1689862459897995,0.016684066504240036,-0.03367922082543373,0.08593452194259313,-0.06689595469856967,-0.24761685664581753,
-0.15774025917053225,-0.07983314990997314,-0.12704092264175415,0.13176856935024261,0.03252987563610077,-0.008379188366234303,0.09640324520058699,-0.0641510450877398,-0.2500582580335395,
-0.18195841312408448,-0.10290958881378175,-0.20925753116607668,0.06372480094432831,0.03339540585875511,0.047613777220249176,0.11351416408391578,-0.0610256817438856,-0.25229419600677405,
-0.21009058952331544,-0.12516751289367675,-0.24042034149169922,0.009663044475018978,-2.7336602215655148e-05,0.1056048795580864,0.1191407534219065,-0.059242258863978506,-0.2514083076530159,
-0.22124521732330324,-0.14435174465179443,-0.2655888319015503,-0.06057782843708992,0.01055872905999422,0.16292943060398102,0.12340638592340189,-0.05922341395470591,-0.24492553637435402,
-0.19900183677673342,-0.14215922355651855,-0.259894061088562,-0.1121765747666359,0.02214347943663597,0.18583260476589203,0.12170305684232378,-0.061721701302770646,-0.23892007868625867,
-0.1830915451049805,-0.1437597393989563,-0.2589873313903809,-0.1536553055047989,-0.009148663841187954,0.22138580679893494,0.11740062302714828,-0.06429225414502383,-0.2310472229562464,
-0.17568727731704714,-0.13170677423477173,-0.20125088691711426,-0.2060530036687851,0.01954689808189869,0.2574050724506378,0.10166235280415974,-0.06947209827889954,-0.21186482247443336,
-0.12507176399230957,-0.10397328138351442,-0.15910804271697998,-0.2392093688249588,0.05023983120918274,0.25101348757743835,0.09053421624229933,-0.0736898950667639,-0.20026171314479863,
-0.0796224594116211,-0.08373622298240663,-0.1209799885749817,-0.24300436675548553,0.03332875669002533,0.25407612323760986,0.0773743098916854,-0.07664682000971342,-0.187183295251411,
-0.03307881355285645,-0.03528072237968445,0.03660450577735901,-0.21763776242733002,0.01888110674917698,0.23689872026443481,0.044553939099151084,-0.07508716258810115,-0.15966620563661882,
0.02862483859062195,-0.003135952726006508,0.11026430130004883,-0.1807529777288437,0.032463230192661285,0.1947541981935501,0.029366424077375466,-0.07532209873865425,-0.14633574289817683,
0.13728108406066894,0.056523156166076664,0.2862051010131836,-0.08707628399133682,0.03399454802274704,0.14282256364822388,0.0022551622376521968,-0.07420341321741687,-0.12238622491553615,
0.1607742786407471,0.07476703524589538,0.3621217727661133,-0.022760942578315735,0.060093529522418976,0.1116635724902153,-0.007902555944672858,-0.07239372311383414,-0.11321489691568887,
0.1843591094017029,0.09146204590797424,0.40325884819030766,0.02251279726624489,0.07680486142635345,0.09368723630905151,-0.014892631632020314,-0.07042184572634438,-0.10577850462291431,
0.1899541735649109,0.09244116544723512,0.4167492866516114,0.11871949583292007,0.07008038461208344,0.06758825480937958,-0.019900380492908324,-0.06388246258835407,-0.09505331873807808,
0.1796702027320862,0.08745582103729249,0.40674724578857424,0.17950615286827087,0.05023983120918274,0.04648270457983017,-0.01844765162063073,-0.05956061932676726,-0.09110128747240888,
0.17054094076156617,0.06231280565261841,0.34433033466339114,0.24055911600589752,0.056231945753097534,0.02784057706594467,-0.0069667468454628215,-0.05239669594057506,-0.0847077823656113,
0.14641462564468385,0.049370020627975464,0.2771510124206543,0.2607991397380829,0.06775011867284775,0.021648725494742393,0.0028637776911365877,-0.049892728634958826,-0.08270752163274579,
0.1249590277671814,0.030638214945793153,0.2179053544998169,0.2705196738243103,0.06814958900213242,0.004138440825045109,0.014469205136596826,-0.047146702840331366,-0.08111447890814026,
0.10536546707153321,-0.005600541085004807,0.12444090843200684,0.2974841892719269,0.036724288016557693,-0.0005220910534262657,0.040530240862515,-0.04063357472656752,-0.07849449253104664,
0.06461297273635865,-0.025810784101486208,0.09495463967323303,0.30021435022354126,0.024873152375221252,-0.00558132492005825,0.054682309044183405,-0.03759715674966226,-0.0780588972739052,
0.05284410119056702,-0.042072275280952455,-0.01616281270980835,0.28030720353126526,0.03772290423512459,-0.016566865146160126,0.08371095403083412,-0.03664576492962482,-0.07751275662488451,
0.031414711475372316,-0.05046598315238953,-0.04876604676246643,0.25913509726524353,0.028002366423606873,-0.015501599758863449,0.09851440131363999,-0.03492660313663554,-0.07754133897981683,
0.01763335019350052,-0.060823446512222296,-0.07369402050971985,0.2456861138343811,0.028934473171830177,-0.026686877012252808,0.11285484555997027,-0.032840676119172796,-0.07770798270634806,
0.01511732041835785,-0.07486850023269653,-0.1168927550315857,0.23802952468395233,-0.007550834212452173,-0.03361109644174576,0.1392611674710748,-0.02936928190262012,-0.07818484573951281,
-0.0032916355878114703,-0.08462090492248536,-0.13534018993377686,0.20101159811019897,-0.018270058557391167,-0.035208992660045624,0.15177864188470366,-0.027716259380291142,-0.07909673935014767,
-0.020239487290382385,-0.09171448945999146,-0.23032374382019044,0.1332341432571411,-0.011079522781074047,-0.021427134051918983,0.17551201330083477,-0.026765333269149708,-0.08249948202323529,
-0.043879687786102295,-0.10246678590774537,-0.24735629558563232,0.08123590797185898,-0.003090039361268282,-0.006380273494869471,0.18502618429070547,-0.02656619456414023,-0.08446842003780988,
-0.058153426647186285,-0.11226606369018555,-0.25894052982330323,0.05280666798353195,-0.003489513648673892,-0.00032158195972442627,0.1923629088565637,-0.0263952534806085,-0.08584915794053206,
-0.05896608233451844,-0.12088570594787598,-0.24457492828369143,0.012193460948765278,-0.034448765218257904,0.014325804077088833,0.20079396317325218,-0.026380952907524194,-0.08671646258282949,
-0.0654503345489502,-0.1266919493675232,-0.2557039260864258,-0.03161554038524628,-0.03917587548494339,0.026642922312021255,0.20305898994589133,-0.026860775310226216,-0.08683297558921348,
-0.06512625217437744,-0.11644749641418457,-0.28510797023773193,-0.1099790558218956,-0.013875842094421387,0.05274190381169319,0.20368353024281038,-0.030645754572009305,-0.08756911562801493,
-0.06410763263702393,-0.09901692271232605,-0.28665215969085694,-0.15605174005031586,-0.002956881420686841,0.053540851920843124,0.20113785402737822,-0.03309298562199434,-0.08727597764229773,
0.00011013778857886792,-0.07998147010803223,-0.24143524169921876,-0.1784888654947281,-0.018136899918317795,0.01579054445028305,0.1889051669372181,-0.037286234139755146,-0.08362857285140927,
0.019506895542144777,-0.08366239070892334,-0.21015965938568115,-0.17815597355365753,-0.05928274244070053,0.019851863384246826,0.1802696045330196,-0.03855013089605635,-0.08176046337033588,
-0.012107378244400025,-0.07885614037513733,-0.17779487371444702,-0.19133862853050232,-0.05921616032719612,0.034765563905239105,0.17118031789560106,-0.039651417568823843,-0.08121169101270406,
-0.015754882991313935,-0.053926396369934085,-0.18496180772781373,-0.30332455039024353,0.010891556739807129,0.013127381913363934,0.15292386671254918,-0.04566494067358258,-0.08201855844414696,
0.017772361636161804,-0.0620574951171875,-0.2204526424407959,-0.31437668204307556,-0.029987966641783714,-0.022226082161068916,0.14209754559776233,-0.04827816829102329,-0.08139772539057546,
-0.022388541698455812,-0.06317259669303894,0.021171675622463228,-0.21337732672691345,-0.12739291787147522,0.013591504655778408,0.10786660051815267,-0.04742627531597327,-0.08016589731535931,
-0.0525568962097168,-0.07768467664718628,0.08808882832527161,-0.2731652855873108,-0.08005522936582565,0.06325946003198624,0.09391184694489757,-0.04999766118786507,-0.08217065865289028,
-0.023447513580322266,-0.066241455078125,0.02968404293060303,-0.32289981842041016,0.007429615594446659,0.0552033968269825,0.08199273514193839,-0.05549200663465822,-0.0834105503874388,
0.05206802487373352,-0.007813431322574615,0.11041516065597534,-0.2834850549697876,-0.04729834571480751,0.031834159046411514,0.05263009522838816,-0.06386577836921431,-0.07934343112763453,
0.04129053950309754,0.007751155644655228,0.20707426071166993,-0.21457575261592865,-0.08112049102783203,0.018052298575639725,0.03590170003477588,-0.06368257241552822,-0.07690473846921751,
0.06045539975166321,0.043718114495277405,0.28126296997070316,-0.22522839903831482,-0.03831017389893532,0.016188088804483414,0.020977439988313903,-0.06583444676289162,-0.0754096879249983,
0.09918379187583924,0.11194988489151002,0.27751753330230716,-0.15099278092384338,-0.009814352728426456,-0.019298534840345383,-0.0022246491781240576,-0.07336395862873249,-0.07407439919122878,
0.13138227462768556,0.1390528678894043,0.38744115829467773,-0.04206947982311249,-0.004421451594680548,-0.064572274684906,-0.01387224577707115,-0.07473165008761988,-0.07369011984898227,
0.16489915847778322,0.16766338348388674,0.5177567958831787,0.07404434680938721,0.026271479204297066,-0.0963970497250557,-0.028074291079642728,-0.07592813819716493,-0.07701947230636977,
0.12390744686126709,0.16365820169448853,0.45850563049316406,0.12124887853860855,0.04810940474271774,-0.11177679896354675,-0.027458543186441,-0.07620163399095445,-0.08151756725490474,
0.10114715099334717,0.13958559036254883,0.38662559986114503,0.1630605012178421,0.04837571829557419,-0.11770233511924744,-0.023310731159716432,-0.07558250586582818,-0.08710102158567494,
0.02596121430397034,0.08317850828170777,0.2794905424118042,0.21931977570056915,0.022942528128623962,-0.1156383827328682,-0.008682388647737075,-0.07171996170275187,-0.10002294669623035,
-0.011894282698631287,0.056715160608291626,0.20692958831787112,0.22551162540912628,0.014287255704402924,-0.11171022057533264,0.001767901899492436,-0.06957663485431015,-0.10673973698440734,
-0.08160716891288758,0.016068783402442933,0.06282889246940614,0.21865399181842804,0.023009108379483223,-0.09173651784658432,0.02635790617333587,-0.06666185257736178,-0.11903099027986347,
-0.10932952165603638,-0.016765157878398895,0.004899894446134568,0.20567108690738678,0.027070429176092148,-0.06683596223592758,0.038401346662507066,-0.06002634856449709,-0.12436042707361573,
-0.1512133836746216,-0.05428843498229981,-0.08730620741844178,0.16559050977230072,0.025672268122434616,-0.027021702378988266,0.06183544513654792,-0.05518908339551133,-0.13292583981745262,
-0.1669387698173523,-0.07005100250244141,-0.13477467298507692,0.12724098563194275,0.02154436893761158,0.00407070480287075,0.07241269959608414,-0.053140659792010235,-0.13556464056822537,
-0.18670655488967897,-0.0996135711669922,-0.1945951819419861,0.08822430670261383,0.018814854323863983,0.03562659025192261,0.08911973736721868,-0.04998844371896116,-0.13723385718759012,
-0.18104920387268067,-0.11045092344284058,-0.20285906791687014,0.04867636039853096,0.0008385163964703679,0.07251136749982834,0.09487393252245904,-0.04910631683113663,-0.1362895583465996,
-0.17504706382751467,-0.11608598232269288,-0.21414868831634523,0.01485421322286129,-0.005553069990128279,0.09281797707080841,0.09908779876145679,-0.04875222071205739,-0.13420469608732277,
-0.1424806594848633,-0.12529712915420532,-0.23834691047668458,-0.04453428089618683,0.0055656274780631065,0.12936986982822418,0.10320632337793577,-0.05064632945399378,-0.12727467384630486,
-0.12817655801773073,-0.11890864372253418,-0.2333624839782715,-0.07769063860177994,3.956811269745231e-05,0.15094147622585297,0.10243211041870583,-0.05247295236932216,-0.12240010130654114,
-0.11182122230529785,-0.11078518629074097,-0.21215245723724366,-0.1081838309764862,-0.009947285987436771,0.16166070103645325,0.0995465825409376,-0.05422615474130521,-0.11626083801266585,
-0.06929904818534852,-0.07961351275444031,-0.18884897232055664,-0.13594728708267212,-0.028123360127210617,0.1800365149974823,0.08901583377053349,-0.05868749818163199,-0.10142835976411975,
-0.05439921021461487,-0.056795865297317505,-0.14627134799957275,-0.17030206322669983,-0.017404137179255486,0.18110176920890808,0.08158939794229168,-0.06166339880421941,-0.09339261611391661,
0.006689251959323884,-0.02094939798116684,-0.10452685356140137,-0.15578784048557281,-0.032384417951107025,0.17364491522312164,0.06369389599137386,-0.06829947497349258,-0.07587073986959293,
0.0141424760222435,-0.008352047950029374,-0.011859212070703506,-0.14620046317577362,-0.04709838330745697,0.17604176700115204,0.052783508518559355,-0.07080328282913702,-0.0668134421077571,
0.0051346588879823685,-0.011505313217639923,0.04787566661834717,-0.13068754971027374,-0.04503443464636803,0.19728048145771027,0.03276987176331544,-0.07650661177888363,-0.04922637847749785,
0.014866347610950471,0.0024516120553016666,0.10378628969192505,-0.10651935636997223,-0.029321784153580666,0.1962152123451233,0.023168891687008263,-0.07984010409266848,-0.03992840981762858,
0.03900552392005921,0.0002327396534383297,0.13434041738510133,-0.08062011003494263,-0.035447053611278534,0.1980794221162796,0.01393157493313271,-0.082709542797595,-0.02978647936574548,
0.04697231948375702,-0.0025338616222143175,0.14531188011169435,-0.0527900792658329,-0.025659937411546707,0.20507022738456726,0.005559005369092074,-0.084606891302928,-0.019467466526366117,
0.05581359267234803,0.011554566770792009,0.1711988687515259,-0.03228373825550079,0.02933434024453163,0.208865225315094,-0.008288620615675717,-0.08783109564134067,0.0015090494530427792,
0.0764934539794922,0.02609462141990662,0.16997294425964357,0.001205511623993516,0.0538354218006134,0.20120863616466522,-0.013861677364307916,-0.08825127730051684,0.012567835366622562,
0.11764360666275026,0.04482027888298035,0.22784154415130617,0.05000793933868408,0.07447491586208344,0.17950387299060822,-0.02283039776659365,-0.0842270961154253,0.034298211124666744,
0.15586313009262087,0.053994792699813846,0.23254084587097168,0.07757166028022766,0.06781701743602753,0.13875751197338104,-0.0248792818083285,-0.08033926426513631,0.0444042951882495,
0.24193077087402345,0.08031854033470154,0.2271658182144165,0.12204644829034805,0.11329048871994019,0.06645268201828003,-0.023858921517862734,-0.07169864609937195,0.061541524749190855,
0.2671175479888916,0.08604305386543275,0.23488450050354004,0.18935784697532654,0.12640656530857086,0.02903526835143566,-0.02095623174584767,-0.06742095440943052,0.06771460771924688,
0.25610716342926027,0.07891408801078797,0.25129060745239257,0.2210494577884674,0.12347708642482758,0.006132081151008606,-0.016101756321254462,-0.0618906009657151,0.07146248114335631,
0.23222889900207522,0.03842158913612366,0.1271657109260559,0.22005078196525574,0.10530100762844086,-0.03348243981599808,0.0020136746343750195,-0.04911841629979411,0.07424579888985908,
0.22748966217041017,0.022914937138557436,0.057445830106735235,0.21905209124088287,0.0760728120803833,-0.05578641593456268,0.01323187858501412,-0.04291239221643703,0.0743415432258418,
0.19151999950408938,0.0063606508076190955,-0.03056330978870392,0.19654838740825653,0.042050935328006744,-0.0961998850107193,0.03592362908945991,-0.032617746506670625,0.0716384078460185,
0.16750793457031252,0.001117670349776745,-0.07573902010917664,0.17624178528785706,0.020213013514876366,-0.11956913024187088,0.04801560611360341,-0.040632759743299635,0.06871825256523496,
0.15387495756149294,-0.005419863015413285,-0.1041122317314148,0.15400438010692596,0.01422090083360672,-0.13188624382019043,0.058820988832330924,-0.03795810177081488,0.06473136044048383,
0.11956777572631837,-0.043347546458244325,-0.13360310792922975,0.10779853910207748,0.02360854484140873,-0.13861072063446045,0.07800198870728464,-0.033071121905078785,0.05350562011809943,
0.10177464485168458,-0.06076335906982422,-0.15743010044097902,0.07497507333755493,0.013555111363530159,-0.1414070427417755,0.08614424004847165,-0.030500741080119485,0.04705235634681321,
0.09799661040306092,-0.07542878985404969,-0.16704026460647584,0.0627911165356636,-0.009880706667900085,-0.1527254730463028,0.09271973527763229,-0.027444400869519492,0.04061829032063808,
0.10038511753082276,-0.08625351190567017,-0.15074732303619387,0.027837121859192848,-0.030453626066446304,-0.1629786491394043,0.10175344890305212,-0.021847796780986115,0.027114185760654094,
0.08498666882514955,-0.09062268733978272,-0.17383813858032227,-0.008781342767179012,-0.0283230971544981,-0.17176707088947296,0.10523251651346352,-0.020062154955142082,0.019386604223517484,
0.05191248655319214,-0.10273054838180543,-0.2089928388595581,-0.056185610592365265,-0.050560493022203445,-0.17769260704517365,0.10876579432517651,-0.017296457313354358,0.0026537774299654083,
0.031500244140625,-0.12013933658599854,-0.21210927963256837,-0.08155222237110138,-0.0893760696053505,-0.1690373420715332,0.10830177888335973,-0.015732353637916672,-0.00626584859554416,
-0.008649557828903198,-0.14209119081497193,-0.20623059272766114,-0.11231172829866409,-0.11554162949323654,-0.16690680384635925,0.10344125275133119,-0.01504733394662206,-0.02503319500177123,
-0.020754168927669528,-0.14379005432128908,-0.19806708097457887,-0.16437652707099915,-0.1183379516005516,-0.14693309366703033,0.09951667380359842,-0.017050015647778683,-0.03472668585218928,
-0.0492725282907486,-0.14188947677612304,-0.2134253025054932,-0.2092507928609848,-0.1357816606760025,-0.10971543192863464,0.09490055756988232,-0.01992449582407993,-0.04464970571074779,
-0.07186495661735536,-0.12206956148147584,-0.15724575519561768,-0.23854495584964752,-0.14337176084518433,-0.0903397724032402,0.0803298297724625,-0.027399889284998993,-0.06245282182627937,
-0.03958147168159485,-0.07608866095542909,-0.07817008495330811,-0.23395100235939026,-0.14030912518501282,-0.10199110209941864,0.07001215380736033,-0.033195267404669,-0.06920193086150804,
0.02022012323141098,-0.02857746183872223,0.05137423276901246,-0.22183361649513245,-0.15994994342327118,-0.09293635189533234,0.04744915389188603,-0.04579446235342393,-0.08125543910169518,
0.02326994985342026,0.003122605755925179,0.09649749994277955,-0.22562862932682037,-0.18012338876724243,-0.09952767938375473,0.036645356017163795,-0.05240209105437463,-0.0874184698152802,
0.04195223450660706,0.037934476137161256,0.1252976655960083,-0.21717308461666107,-0.1492307186126709,-0.1402074694633484,0.026300928277993362,-0.05997744847895623,-0.09310727735681515,
0.08476786017417909,0.060653239488601685,0.157925021648407,-0.20745255053043365,-0.10715276747941971,-0.15505459904670715,0.01610076144170302,-0.06858212266396961,-0.09866368965752288,
0.07095407247543335,0.0491987019777298,0.24223937988281252,-0.16730539500713348,-0.07792457193136215,-0.15751801431179047,-0.002884383432666995,-0.08400091404377232,-0.11382264890793128,
0.0452979862689972,0.06172532439231873,0.2921623468399048,-0.09140529483556747,-0.07679273188114166,-0.1950685828924179,-0.011038197476532865,-0.0892928499220533,-0.1226120851306539,
0.06458608508110046,0.07123025059700012,0.3435683727264405,-0.0404057614505291,-0.06514140218496323,-0.23375099897384644,-0.017669161319101966,-0.09378248740398076,-0.13157790361508173,
0.04277966320514679,0.09090396761894226,0.37355196475982666,-0.005651508457958698,-0.01960134506225586,-0.2479323446750641,-0.021333140711610177,-0.09822379883404331,-0.1418356607757297,
-0.133650803565979,0.047184509038925175,0.3471886157989502,0.08383070677518845,0.04218399152159691,-0.23008915781974792,-0.014344671188221981,-0.10719810085871685,-0.17857993072245237,
-0.17782692909240724,0.006179012730717659,0.3107087850570679,0.13203391432762146,0.034394245594739914,-0.19287148118019104,-0.007153567765532547,-0.1058621096991749,-0.19148067486873055,
-0.1797985076904297,-0.04503203332424164,0.18771239519119265,0.1604631543159485,0.052104268223047256,-0.15964855253696442,0.012254909132069622,-0.10193899483308178,-0.21303874542119622,
-0.16117606163024903,-0.05655767917633057,0.1383724808692932,0.17997081577777863,0.060759540647268295,-0.1480637937784195,0.02291610420339435,-0.09912002195940095,-0.22171018947291277,
-0.17003132104873658,-0.06325024962425232,0.1052106499671936,0.20540399849414825,0.06475428491830826,-0.12362928688526154,0.03390130327066434,-0.09550633483955027,-0.22945627499374444,
-0.19892224073410036,-0.07728491425514222,0.0036858148872852326,0.20859979093074799,0.035725828260183334,-0.07116501033306122,0.05502324087102178,-0.08059216181768888,-0.24067462020852384,
-0.18582096099853518,-0.07574637532234192,-0.06346324682235718,0.17104922235012054,0.058961909264326096,-0.0367436558008194,0.06677387862447344,-0.07744476590231496,-0.24408787513780875,
-0.18352130651474,-0.07673906683921815,-0.10168330669403076,0.1449502408504486,0.06555323302745819,-0.006716514006257057,0.0769959465510488,-0.07460097217302544,-0.24587446469398172,
-0.17364717721939088,-0.07844644188880921,-0.11036795377731323,0.1358955055475235,0.027137132361531258,0.03189932182431221,0.092347875948651,-0.0680981154000725,-0.24474185677694008,
-0.16527570486068727,-0.08411381244659424,-0.12201036214828492,0.1354944407939911,-0.0038218582049012184,0.047808751463890076,0.09891452763768555,-0.06660274710289373,-0.2429296709036199,
-0.16052281856536865,-0.10153824090957642,-0.14862167835235596,0.10540072619915009,-0.007483704946935177,0.05952666327357292,0.10541542852364894,-0.0667520731451002,-0.24067964587153484,
-0.2027094602584839,-0.1465937376022339,-0.25763099193572997,0.015785355120897293,0.008894736878573895,0.12237726151943207,0.11551177475813565,-0.06932661897321352,-0.23518907937342373,
-0.22479493618011476,-0.15425766706466676,-0.2668724536895752,-0.049262356013059616,-0.0022905406076461077,0.19814419746398926,0.11626996385920133,-0.07083533196399439,-0.2300533740829244,
-0.18761118650436404,-0.1506647825241089,-0.24156954288482668,-0.08747871965169907,-0.005686071235686541,0.2284376621246338,0.11344246639903363,-0.07350786079616674,-0.22192915628943757,
-0.0799814522266388,-0.11792141199111938,-0.19321839809417726,-0.13548220694065094,-0.011212130077183247,0.22737239301204681,0.10022308361757419,-0.08141663993395692,-0.20039892948240395,
-0.0716637372970581,-0.09128151535987855,-0.16325793266296387,-0.17542961239814758,-0.005552913062274456,0.24301846325397491,0.09119389893431021,-0.08502399238700416,-0.18923389815781316,
0.014019574224948884,-0.0335598886013031,-0.0768613874912262,-0.21364597976207733,0.0487755723297596,0.21958264708518982,0.06759641451672295,-0.09153564442157804,-0.1649654897609769,
0.04613048136234284,-0.0162649929523468,-0.019802904129028322,-0.2153104543685913,0.05030689015984535,0.19221866130828857,0.0536988626272828,-0.09197594014281778,-0.1526407705844856,
0.08844927549362183,0.03152791857719422,0.14123291969299318,-0.15006300806999207,0.037390559911727905,0.13056649267673492,0.02592556934643124,-0.08949113482235899,-0.13127206963809074,
0.04888649582862854,0.038254770636558535,0.15714770555496216,-0.14873142540454865,0.05044005066156387,0.1333627998828888,0.015361184865902332,-0.08785551285239124,-0.12367720478409558,
0.05174972414970398,0.054007101058959964,0.21350655555725098,-0.12276560813188553,0.10370327532291412,0.1393549144268036,-0.0033167633979099345,-0.08320893006385148,-0.11018407834174361,
0.06276885271072388,0.05070351362228394,0.27391805648803713,-0.07536134123802185,0.0939827412366867,0.1370912343263626,-0.012180871586565325,-0.07815238050452011,-0.10363673708409865,
0.1239015817642212,0.06663077473640443,0.3629213571548462,0.019846675917506218,0.05776374414563179,0.11505356431007385,-0.024089324944950866,-0.06754641929046092,-0.09092431122892101,
0.14908376932144166,0.07746040225028993,0.37076146602630616,0.0765720009803772,0.05070636421442032,0.0936817079782486,-0.02547257903112516,-0.06364143176202755,-0.08529650382770271,
0.1813378930091858,0.0735790491104126,0.4073042869567871,0.17217949032783508,0.0650208592414856,0.06638430058956146,-0.020512294955674443,-0.05769171315429708,-0.07618943541176286,
0.1650921106338501,0.06448988318443298,0.4144344806671143,0.23456403613090515,0.06721796840429306,0.05426691845059395,-0.01378478939940186,-0.05428908397495678,-0.07265430455237344,
0.15974501371383668,0.03944027721881867,0.36045293807983403,0.2813025414943695,0.0813327208161354,0.035891104489564896,-0.0036051546144394205,-0.050853342444752286,-0.0697035285139065,
0.15109143257141114,0.002193173207342625,0.2953634023666382,0.37244942784309387,0.062157925218343735,0.005531454458832741,0.023401113701277614,-0.04304724767852875,-0.06537999584251426,
0.13267425298690796,-0.03437705338001251,0.2661012172698975,0.4374971389770508,0.02866867370903492,-0.01703883707523346,0.04084568545736447,-0.03941161202262139,-0.06432302599008632,
0.12077734470367432,-0.06897565722465515,0.16001790761947632,0.4434892535209656,0.03253025561571121,-0.03601386025547981,0.06173315337291523,-0.037182600079414006,-0.06422360448019278,
0.06755766868591309,-0.10976451635360718,-0.020151004195213318,0.40600526332855225,0.06348950415849686,-0.02642647922039032,0.10326481350323609,-0.03594704323819837,-0.0653909446043505,
0.03583825528621674,-0.12704135179519654,-0.0899153769016266,0.3665238916873932,0.058962132781744,-0.021765947341918945,0.12492554400219331,-0.032635928807467414,-0.06591996091396529,
0.016852323710918427,-0.14768698215484619,-0.1766801953315735,0.3159238398075104,0.01029286254197359,-0.03161964565515518,0.16331117440340298,-0.02616457098809413,-0.06548239153248916,
-0.00589098371565342,-0.15597159862518312,-0.195926570892334,0.28922563791275024,-0.012277428060770035,-0.026759374886751175,0.18009471200409807,-0.02420858818122974,-0.06599047016531188,
-0.06068812012672425,-0.15276437997817993,-0.26825177669525146,0.21172763407230377,-0.005220051389187574,0.007595403119921684,0.21020264168705372,-0.02315879388076861,-0.06872390635860232,
-0.047550040483474734,-0.14477546215057374,-0.27706055641174315,0.14940966665744781,0.018482081592082977,0.005464875139296055,0.222031854412128,-0.023525980058739848,-0.06906450805517647,
-0.006824181228876115,-0.13779222965240479,-0.29267752170562744,0.10280434787273407,0.014221024699509144,-0.0072517190128564835,0.23133952952253511,-0.023644301611249367,-0.06845327415425481,
-0.01347292959690094,-0.13461068868637086,-0.2698527812957764,0.06105929985642433,-0.018669016659259796,-0.010913565754890442,0.24306031652610444,-0.02227097116790317,-0.06766368691948191,
-0.018602830171585084,-0.13913713693618776,-0.27754690647125246,0.02284293994307518,-0.014008482918143272,-0.004255663137882948,0.24671554306172042,-0.02235725322397343,-0.06852502371855368,
-0.030803716182708742,-0.14376206398010255,-0.30457959175109867,-0.029488177970051765,-0.002690048422664404,-0.0002609211951494217,0.24919939579802644,-0.022708810526550764,-0.06954964733984789,
-0.03875000774860382,-0.14031493663787842,-0.36719129085540775,-0.13195329904556274,-0.013076376169919968,0.00792829878628254,0.24776205294540363,-0.023094068189234346,-0.07016668563291546,
-0.0438202977180481,-0.12131997346878053,-0.33824844360351564,-0.1822870522737503,-0.032850347459316254,0.026969900354743004,0.24221713906337106,-0.023608120515205732,-0.07024174683818324,
-0.02098609209060669,-0.08894227147102357,-0.31254708766937256,-0.25172895193099976,-0.02585955150425434,0.03309517353773117,0.22472180935081754,-0.02717005975820231,-0.07051938659489028,
0.006483209133148194,-0.07581746578216553,-0.303598952293396,-0.29580429196357727,-0.050493791699409485,0.015251992270350456,0.21297922470702568,-0.02933334856062743,-0.07005724245812704,
0.026578894257545473,-0.06426346302032471,-0.2341860294342041,-0.2831542491912842,-0.07832382619380951,-0.01657278463244438,0.19889693940735048,-0.031520346167112426,-0.06999230000010499,
0.02798965573310852,-0.08093037009239197,-0.16131938695907594,-0.262979656457901,-0.10369063168764114,-0.015172435902059078,0.18403373089961236,-0.034176878261544065,-0.07141003207187614,
-0.01532779484987259,-0.08927329182624817,-0.15226680040359497,-0.34460553526878357,-0.08065428584814072,0.03136630728840828,0.15703494366279952,-0.041795758559279486,-0.07750137776051634,
0.06198989748954773,-0.0626110076904297,-0.18567787408828737,-0.42463353276252747,-0.019734470173716545,-0.020165864378213882,0.14195759613726228,-0.047278637766494075,-0.07872390147164354,
0.034363067150115965,-0.08671793937683106,0.09616394042968751,-0.3574552834033966,-0.17699413001537323,-0.02682376652956009,0.10053399734750733,-0.05167957763035268,-0.08067073955532086,
0.019450256228446962,-0.05597338676452637,0.2646248579025269,-0.29527047276496887,-0.15555568039417267,-0.017236385494470596,0.08069289267977849,-0.05715027757917593,-0.08420385317832906,
0.0458799958229065,-0.03822903633117676,0.2544442176818848,-0.32875972986221313,-0.048563189804553986,-5.899649113416672e-05,0.04994483498641616,-0.07305724274321002,-0.08967459557584713,
0.03916648328304291,-0.025763532519340517,0.37367637157440187,-0.26570940017700195,-0.032783959060907364,0.009328645654022694,0.03353827196518249,-0.07646407184823503,-0.09070012214599975,
0.07627624273300171,-0.006361498683691025,0.4473773002624512,-0.19660036265850067,-0.04550055414438248,-0.010778220370411873,0.01774583338242568,-0.07848200899458514,-0.0906318230397715,
0.09992205500602723,0.07413785457611084,0.4873271942138672,-0.07183127105236053,-0.019601311534643173,-0.024560078978538513,-0.005007120168190968,-0.08253331957584381,-0.09168584943032895,
0.10419526100158692,0.11899867057800294,0.4301458835601807,-0.03388122096657753,0.011491093784570694,-0.037742726504802704,-0.010742198002863525,-0.08486181191998873,-0.09322510419690973,
0.12060894966125489,0.15705264806747438,0.3617359399795532,0.04055413231253624,0.00902767013758421,-0.0816848874092102,-0.014508759733100044,-0.08515645077866116,-0.09816967248906916,
0.09697148799896241,0.14354429244995118,0.3257086038589478,0.10726631432771683,0.013421885669231415,-0.11284387111663818,-0.012387327343626492,-0.08478736935821236,-0.10264338699641173,
0.05261912941932678,0.11688692569732667,0.2562438488006592,0.1413547843694687,0.014021096751093864,-0.11750440299510956,-0.007156948293697195,-0.08440856947712636,-0.10857771432985683,
-0.02519974708557129,0.07761430144309998,0.12841798067092897,0.1696508675813675,-0.00841603521257639,-0.12216493487358093,0.009330439944785782,-0.08311369814333167,-0.12198091129596245,
-0.056630623340606694,0.05344313979148865,0.08165916800498962,0.16212743520736694,-0.0041549778543412685,-0.11177860200405121,0.01922912231928482,-0.08278912622621307,-0.12875483893411716,
-0.06336456537246704,0.016121257841587067,0.002514847926795483,0.1594642847776413,0.00543240224942565,-0.11011412739753723,0.043020649511655816,-0.07223570551499092,-0.14179459029028824,
-0.07005451321601867,-0.005322043225169182,-0.0016163945198059083,0.17184798419475555,-0.009681036695837975,-0.1075175479054451,0.05254867611791532,-0.06682028028468703,-0.14755574947078098,
-0.11420934200286866,-0.03808971643447876,-0.04011853039264679,0.18096910417079926,-0.03371603414416313,-0.09020739048719406,0.0717584511812887,-0.06365101643489257,-0.15874297458717057,
-0.1412906289100647,-0.05194882154464722,-0.08948590755462647,0.13935720920562744,-0.014607851393520832,-0.054720766842365265,0.08200214443394531,-0.06392686938407144,-0.16384304283020032,
-0.18070759773254397,-0.09385893344879151,-0.14174102544784548,0.08243213593959808,0.026271671056747437,0.014987478032708168,0.09823786482898805,-0.06412516551417938,-0.17036515983369913,
-0.17260557413101196,-0.1015020489692688,-0.13510673046112062,0.062325265258550644,0.026005355641245842,0.049275677651166916,0.10297138967927318,-0.06315870475193214,-0.17030978987233109,
-0.1506224274635315,-0.11256730556488037,-0.1499144673347473,0.04454866424202919,0.007230069488286972,0.06698569655418396,0.10629322107215973,-0.06232488310345705,-0.16832392105635421,
-0.13883424997329713,-0.128079354763031,-0.19235357046127322,-0.0006584945949725807,-0.006019157357513905,0.10706627368927002,0.11012565754550906,-0.06305916464586128,-0.16180198005136504,
