0.2493356,-0.1538691,0.2633451,
0.2846831,-0.2014459,0.259621,
0.3565297,-0.2692907,0.250215,
0.3871594,-0.2811381,0.2408891,
0.4372874,-0.2480793,0.2282372,
0.4354254,-0.1923812,0.2210058,
0.4541585,-0.1289192,0.2280365,
0.4537589,-0.09220405,0.2467328,
0.43631,-0.0758037,0.2613222,
0.4236507,-0.07945575,0.277278,
0.4049179,-0.09566718,0.2967056,
0.3650081,-0.1343386,0.3313894,
0.3303273,-0.124458,0.3523163,
0.3191092,-0.09329787,0.3634141,
0.3052083,0.005201846,0.3764929,
0.3003969,0.05863719,0.3807151,
-0.03773189,-0.1259072,-0.1731272,
-0.04497122,-0.1260077,-0.1744393,
-0.04892868,-0.1264501,-0.1749569,
-0.03144213,-0.1314771,-0.1685199,
-0.03505413,-0.1320879,-0.1686534,
-0.03092954,-0.1330807,-0.1702453,
-0.03479822,-0.1333684,-0.1708713,
-0.03296838,-0.1318224,-0.1693729,
-0.03936099,-0.131687,-0.1699166,
-0.03864672,-0.1305895,-0.1669668,
-0.04435621,-0.1303747,-0.1667455,
-0.04734913,-0.1303737,-0.1667649,
-0.04777805,-0.1285343,-0.1643617,
-0.0485114,-0.1283407,-0.164536,
-0.04089771,-0.1283077,-0.1621111,
-0.03696111,-0.1272872,-0.1615155,
-0.0262105,-0.1330409,-0.1595218,
-0.02362525,-0.131063,-0.1596769,
-0.01883417,-0.130607,-0.1579531,
-0.01315541,-0.1253904,-0.1573329,
-0.01191776,-0.1239329,-0.1568966,
-0.00865878,-0.122884,-0.1592907,
-0.00671203,-0.1206122,-0.1583962,
-0.00186121,-0.1180747,-0.1563438,
-0.001374256,-0.1166196,-0.1560326,
-0.000728382,-0.1136669,-0.1552998,
0.001069187,-0.121512,-0.1522737,
0.0003837362,-0.1159686,-0.15021,
0.0007735304,-0.1041515,-0.1469807,
0.001510994,-0.09501562,-0.1453675,
0.00681882,-0.07264796,-0.1395755,
0.008442235,-0.05963328,-0.1370362,
0.009583091,-0.04706585,-0.1343075,
0.02578373,-0.03093332,-0.1302008,
0.02960286,0.0009786785,-0.1261491,
0.02979189,0.01018322,-0.1260357,
0.02945299,0.01855345,-0.1263723,
0.03190218,0.02891676,-0.1320584,
0.02766266,0.03996511,-0.1343127,
0.02219967,0.04778861,-0.1359107,
0.02557047,0.05971961,-0.1374996,
0.02333784,0.06357481,-0.1387804,
0.02071024,0.06716736,-0.1400408,
0.01801122,0.07092096,-0.1417262,
