0.2506273,-0.194474,-0.06856018,
0.2331233,-0.2066316,-0.06408385,
0.1991446,-0.2379461,-0.05461965,
0.1815689,-0.2630408,-0.05014444,
0.1188164,-0.2746267,-0.04132666,
0.1006448,-0.257913,-0.03996582,
0.08702516,-0.2294655,-0.04035028,
0.08606599,-0.1909335,-0.03888087,
0.07510851,-0.1099414,-0.04762983,
0.07014224,-0.03819896,-0.05977987,
0.06261666,0.01416229,-0.07568877,
0.06272605,0.04113325,-0.08155871,
0.06394008,0.07589503,-0.09075394,
-0.02133217,0.1030731,-0.03671743,
-0.02098498,0.09193204,-0.03551284,
-0.02398607,0.05499317,-0.02921876,
-0.02281599,0.02409156,-0.02380134,
-0.02501256,-0.00934875,-0.01776602,
-0.03071524,-0.13007,-0.002583093,
-0.03071524,-0.13007,-0.002583093,
-0.06972994,-0.233139,-0.001186713,
-0.07650436,-0.2484502,-0.002456936,
-0.08234359,-0.2502025,-0.004799197,
-0.0828917,-0.2385808,0.01112846,
-0.0810465,-0.2183499,0.009983206,
-0.07231089,-0.1875498,0.01550911,
-0.06451349,-0.1710351,0.01493066,
-0.0552959,-0.1591693,0.01506354,
-0.04409539,-0.1524489,0.01588744,
-0.01747235,-0.1569597,0.01928532,
0.01190526,-0.1880589,0.02450456,
0.04162269,-0.2399377,0.02568169,
0.05799262,-0.2703058,0.02456554,
0.09086762,-0.2898529,0.02059674,
0.1300325,-0.3259386,0.01367748,
0.1669926,-0.3168265,0.009189068,
0.184092,-0.2905893,0.02992302,
0.1926403,-0.26768,0.02826059,
0.1984654,-0.2243969,0.02846317,
0.1925636,-0.1971086,0.03449631,
0.1857853,-0.1895088,0.0394741,
0.1763888,-0.1831806,0.04038499,
0.1668618,-0.1862217,0.04635698,
0.1277212,-0.2267682,0.07057291,
0.1071539,-0.2485976,0.08076115,
0.08978321,-0.2698066,0.08804756,
0.04489722,-0.2890807,0.1013209,
0.02536455,-0.281477,0.1065847,
0.008210729,-0.2623682,0.1117158,
-0.004973007,-0.1969551,0.09437895,
-0.0148967,-0.1577016,0.09266151,
-0.02685011,-0.08474018,0.08795979,
-0.01574907,-0.01127376,0.06969775,
-0.01303896,0.0142578,0.06998117,
-0.0124837,0.01699753,0.07209758,
-0.01120506,0.01272155,0.07560605,
-0.01383025,-0.001999989,0.03199179,
-0.01450801,-0.02412859,0.03620493,
-0.01555844,-0.05228665,0.04108146,
-0.0202371,-0.161254,0.05719122,
