-1.407338,-0.1315624,1.049834,
-1.407402,-0.1315806,1.049851,
-1.407522,-0.131572,1.049846,
-1.407813,-0.1313921,1.049684,
-1.40796,-0.1313401,1.049615,
-1.408381,-0.1306007,1.049856,
-1.408703,-0.1303704,1.049675,
-1.408865,-0.1301745,1.049557,
-1.409128,-0.1298294,1.049349,
-1.409279,-0.1295758,1.049247,
-1.408527,-0.1305262,1.050634,
-1.408596,-0.13056,1.05071,
-1.407152,-0.1291582,1.049935,
-1.407135,-0.1290375,1.04996,
-1.407143,-0.1289444,1.05015,
-1.407136,-0.1288719,1.050279,
-1.406044,-0.127336,1.05028,
-1.405937,-0.1271118,1.050415,
-1.40582,-0.1269082,1.050545,
-1.404543,-0.1277742,1.050515,
-1.404372,-0.1277114,1.050972,
-1.404324,-0.1276734,1.051282,
-1.404262,-0.1276196,1.051576,
-1.40426,-0.1273604,1.052018,
-1.405557,-0.1302806,1.051911,
-1.40569,-0.1302602,1.052129,
-1.405788,-0.1301443,1.05226,
-1.405834,-0.1301109,1.052444,
-1.407803,-0.1330216,1.052962,
-1.408014,-0.1332097,1.053207,
-1.408479,-0.133634,1.053747,
-1.406279,-0.1351055,1.054596,
-1.406314,-0.135498,1.055007,
-1.40628,-0.1358417,1.055256,
-1.406304,-0.1365809,1.055799,
-1.404267,-0.1371945,1.056035,
-1.404126,-0.1376137,1.056319,
-1.404701,-0.1358963,1.056145,
-1.404408,-0.1365705,1.05676,
-1.404264,-0.1371605,1.057277,
-1.404212,-0.1373824,1.057512,
-1.404503,-0.1365123,1.056154,
-1.404404,-0.1369879,1.05658,
-1.404336,-0.1373184,1.056864,
-1.405063,-0.1365063,1.054714,
-1.405012,-0.1382145,1.055834,
-1.405132,-0.1385634,1.056103,
-1.407077,-0.1368756,1.054048,
-1.407171,-0.1370214,1.054102,
-1.407267,-0.1371251,1.054136,
-1.408391,-0.1345683,1.053078,
-1.408614,-0.1345369,1.053085,
-1.408863,-0.1345584,1.053089,
-1.40911,-0.1345646,1.05308,
-1.409296,-0.1340732,1.052233,
-1.409678,-0.133833,1.052043,
-1.409894,-0.1337278,1.052019,
-1.409037,-0.1327462,1.051962,
-1.409224,-0.1325064,1.05185,
-1.40951,-0.1318697,1.051476,
