-1.324898,-0.233443,0.9978704,
-1.318562,-0.2371602,0.999735,
-1.314921,-0.2368041,0.9980278,
-1.314386,-0.2382634,0.9976012,
-1.317098,-0.2418616,0.9964012,
-1.329458,-0.2384986,0.9824007,
-1.335135,-0.2400759,0.9785823,
-1.33756,-0.2404906,0.9766411,
-1.339659,-0.2410904,0.9750117,
-1.349408,-0.2338498,0.9709285,
-1.350265,-0.2344737,0.9691249,
-1.348986,-0.2350798,0.9685854,
-1.348446,-0.2373541,0.97648,
-1.347669,-0.2412424,0.9793316,
-1.346651,-0.2448849,0.9817252,
-1.346299,-0.2476706,0.983959,
-1.349151,-0.2466279,0.9915405,
-1.349901,-0.2456797,0.9923722,
-1.350258,-0.2450844,0.9931269,
-1.351059,-0.2465832,0.9960518,
-1.345724,-0.2309121,0.9997072,
-1.347228,-0.2297114,1.004394,
-1.34928,-0.2286658,1.006505,
-1.349699,-0.2287798,1.009438,
-1.349788,-0.2288327,1.00979,
-1.35034,-0.2288072,1.010328,
-1.358608,-0.2257779,1.002063,
-1.360319,-0.2242149,1.00271,
-1.363892,-0.2221304,1.00398,
-1.359951,-0.2188276,1.001781,
-1.360806,-0.2192627,1.002257,
-1.362756,-0.2209934,1.004248,
-1.363705,-0.2220284,1.005467,
-1.356668,-0.2277097,1.005764,
-1.356297,-0.2274092,1.00515,
-1.354853,-0.2223532,1.001619,
-1.354475,-0.2213842,1.001073,
-1.353754,-0.2206115,1.000548,
-1.353305,-0.2208248,1.000664,
-1.34956,-0.2170108,1.001236,
-1.348855,-0.2173166,1.001798,
-1.34797,-0.2175861,1.002385,
-1.347024,-0.2177282,1.002979,
-1.350274,-0.2199948,1.003403,
-1.349339,-0.2191356,1.0037,
-1.351735,-0.2171422,1.001673,
-1.350844,-0.2146679,1.001424,
-1.350728,-0.2135922,1.001518,
-1.350951,-0.2129341,1.001811,
-1.348932,-0.2110428,0.9996486,
-1.35027,-0.2098829,0.9999229,
-1.350997,-0.2081154,0.9999535,
-1.356162,-0.206855,1.000726,
-1.356845,-0.2050187,1.001474,
-1.358087,-0.1996202,1.00284,
-1.359557,-0.1958145,1.001949,
-1.360412,-0.1894357,1.003227,
-1.361166,-0.1866368,1.004398,
-1.365162,-0.1817374,1.009112,
-1.368531,-0.1809453,1.011407,
