0.01553945,-0.2279344,0.0007210968,
0.03911715,-0.2820308,-0.002961022,
0.07088989,-0.3214122,-0.006599258,
0.1055551,-0.3380783,-0.01186347,
0.1231139,-0.3346235,-0.01235538,
0.1406543,-0.3255235,-0.0117541,
0.1712784,-0.2939714,-0.01056129,
0.1947111,-0.2560157,-0.010138,
0.2042253,-0.235771,-0.01068009,
0.2097,-0.2087958,-0.01244993,
0.2102734,-0.1998735,-0.01218224,
0.2061369,-0.1984137,-0.01221145,
0.1997125,-0.2013844,-0.01254457,
0.1868879,-0.2228111,-0.006997203,
0.1614797,-0.2534906,-0.002213206,
0.147425,-0.2689578,0.004878507,
0.1120256,-0.2972949,0.005308112,
0.09373989,-0.3068742,0.003890195,
0.07466272,-0.3129972,0.0002044806,
0.05994862,-0.3084877,-0.001506777,
0.03830181,-0.2803126,-0.003160026,
0.03309439,-0.2594947,-0.002748968,
0.02879205,-0.2056819,-0.002391819,
0.02682036,-0.1398879,-0.003392047,
0.02651872,-0.1078849,-0.00026267,
0.02756109,-0.0446513,-0.0007627304,
0.02535922,-0.01685143,-0.006759825,
0.0257027,0.00669691,-0.01064433,
0.02553488,0.03991798,-0.02143604,
0.03324504,0.05057546,-0.02398016,
0.03351283,0.04808718,-0.02498219,
0.03104126,0.04295874,-0.02307762,
0.02913208,0.01668516,-0.01841363,
0.02768512,-0.0006112158,-0.01598132,
0.02576616,-0.0415042,-0.002723938,
0.02572343,-0.06528793,-0.0001410177,
0.03200847,-0.1183536,0.004161189,
0.03428417,-0.1481241,0.005934723,
0.04113194,-0.2094909,0.0101679,
0.04461019,-0.2385758,0.01009416,
0.05587159,-0.2914025,0.01076826,
0.0633043,-0.3170949,0.01131619,
0.09232613,-0.3392636,0.01749086,
0.1121877,-0.3403212,0.02288131,
0.1435669,-0.3257836,0.03321139,
0.1743439,-0.2865658,0.03749873,
0.1862273,-0.2650745,0.03845317,
0.2076862,-0.2240703,0.03777279,
0.2117565,-0.2065429,0.03928129,
0.2147165,-0.184002,0.03839028,
0.212858,-0.1796192,0.03825376,
0.2117719,-0.1809756,0.04395308,
0.1993872,-0.19958,0.04645767,
0.1860534,-0.2375204,0.0523881,
0.174755,-0.2593565,0.05594323,
0.1456453,-0.2993825,0.05970476,
0.13243,-0.3194817,0.0582192,
0.1028058,-0.3386736,0.05706939,
0.08913874,-0.3407173,0.05646827,
0.07734922,-0.3371875,0.03742956,
