0.04752639,-0.08210073,0.005789601,
0.05815288,-0.03524107,0.001917214,
0.06008609,-0.02003391,-0.001167723,
0.06275791,-0.005948856,-0.007407559,
0.06287417,-0.008721039,-0.009691315,
0.05922384,-0.03051153,-0.01206633,
0.05683029,-0.05001485,-0.01229513,
0.05438999,-0.07424811,-0.01229219,
0.04887943,-0.1335902,-0.007611483,
0.04725371,-0.166751,-0.007297315,
0.04938131,-0.2409128,-0.002483284,
0.05691204,-0.3079378,0.005651941,
0.06412081,-0.3370052,0.005208787,
0.08788396,-0.3706143,-0.005318281,
0.1032489,-0.3777778,-0.00593301,
0.1205676,-0.3773089,-0.009011546,
0.1572052,-0.3526243,-0.009165005,
0.1708782,-0.3353374,-0.009795214,
0.1998412,-0.2929671,-0.009450695,
0.2078537,-0.27307,-0.01062623,
0.2157126,-0.2492835,-0.009927352,
0.2164766,-0.2407789,-0.01083654,
0.2034469,-0.2429974,-0.007209612,
0.1966985,-0.2513635,-0.007280654,
0.173293,-0.2875452,-0.01168647,
0.1588109,-0.3060062,-0.01142823,
0.1228846,-0.3454008,-0.01273957,
0.1013496,-0.3566416,-0.01378929,
0.05717091,-0.3580365,-0.01841542,
0.01852981,-0.33246,-0.02869819,
0.009441677,-0.311274,-0.03041358,
-0.003711122,-0.2464545,-0.03704466,
-0.005084843,-0.2207279,-0.03040046,
-0.01039152,-0.1488626,-0.0358994,
-0.004706925,-0.1100372,-0.03681888,
-0.001224757,-0.05011378,-0.03864774,
0.003231926,-0.02655163,-0.03253184,
0.005470782,-0.01063769,-0.03202405,
0.006294522,-0.0006880462,-0.03239286,
0.01151107,0.002042502,-0.03436804,
0.01409265,-0.03934899,-0.03032931,
0.01273046,-0.06130281,-0.03372744,
0.01197021,-0.08837873,-0.03382987,
0.01200808,-0.1194685,-0.03319838,
0.01495695,-0.1886548,-0.03133853,
0.01556747,-0.2642743,-0.02851497,
0.02478064,-0.2849424,-0.03625096,
0.04476038,-0.3464336,-0.03985849,
0.05922342,-0.3664688,-0.04294891,
0.1009015,-0.3718378,-0.04233032,
0.1188693,-0.3672172,-0.04510668,
0.1571831,-0.3441974,-0.03227994,
0.1713607,-0.3236896,-0.03185649,
0.192276,-0.2862504,-0.03135084,
0.1973959,-0.2764932,-0.02689204,
0.1977199,-0.267858,-0.01956791,
0.1947941,-0.2698879,-0.01846165,
0.1798635,-0.2906151,-0.01530938,
0.1686916,-0.3062678,-0.0132562,
0.1441003,-0.3476795,-0.002257343,
