-1.290832,-0.1074114,0.9442811,
-1.294302,-0.1070157,0.9361266,
-1.293457,-0.1740929,0.9731761,
-1.295356,-0.1741318,0.9655536,
-1.297633,-0.1731356,0.9514992,
-1.298732,-0.1690093,0.9373501,
-1.31405,-0.2248726,0.9509537,
-1.316301,-0.2211331,0.9394795,
-1.318637,-0.2212541,0.9350295,
-1.325137,-0.2186748,0.9252462,
-1.305865,-0.2331217,0.9902309,
-1.311316,-0.2304753,0.9855736,
-1.312787,-0.2281516,0.9817426,
-1.315144,-0.2251523,0.9782938,
-1.31813,-0.228641,0.987715,
-1.321776,-0.2252059,0.9848546,
-1.326246,-0.2278022,0.9900907,
-1.327211,-0.230014,0.9914472,
-1.328713,-0.2325399,0.9938062,
-1.329875,-0.2397658,0.9991154,
-1.332639,-0.2444892,0.9975659,
-1.333965,-0.2526194,1.002235,
-1.337718,-0.2601258,1.007609,
-1.338704,-0.2627198,1.008839,
-1.339733,-0.2655582,1.010659,
-1.339077,-0.2740168,1.010956,
-1.339083,-0.2766487,1.012648,
-1.339245,-0.2830067,1.016595,
-1.33945,-0.2854052,1.018146,
-1.337633,-0.2909411,1.0239,
-1.337988,-0.2956428,1.027491,
-1.338065,-0.2985179,1.029611,
-1.326955,-0.3107539,1.042847,
-1.326812,-0.3144278,1.045835,
-1.327621,-0.3222932,1.0515,
-1.328641,-0.3272233,1.054417,
-1.25188,-0.3229731,1.066324,
-1.249873,-0.3312793,1.07225,
-1.249345,-0.3359974,1.075495,
-1.248874,-0.3404761,1.078649,
-1.259091,-0.3007538,1.063705,
-1.258444,-0.3047138,1.06861,
-1.259363,-0.3113558,1.074464,
-1.32316,-0.2341951,0.9982064,
-1.324898,-0.233443,0.9978704,
-1.318562,-0.2371602,0.999735,
-1.314921,-0.2368041,0.9980278,
-1.314386,-0.2382634,0.9976012,
-1.317098,-0.2418616,0.9964012,
-1.329458,-0.2384986,0.9824007,
-1.335135,-0.2400759,0.9785823,
-1.33756,-0.2404906,0.9766411,
-1.339659,-0.2410904,0.9750117,
-1.349408,-0.2338498,0.9709285,
-1.350265,-0.2344737,0.9691249,
-1.348986,-0.2350798,0.9685854,
-1.348446,-0.2373541,0.97648,
-1.347669,-0.2412424,0.9793316,
-1.346651,-0.2448849,0.9817252,
-1.346299,-0.2476706,0.983959,
