0.03207001,-0.3783087,-0.04252624,
0.02037432,-0.3886502,-0.0445636,
0.005114005,-0.364764,-0.04738285,
-0.007217644,-0.3428045,-0.05149581,
-0.02582336,-0.3032787,-0.06699983,
-0.05684508,-0.2950297,-0.07463508,
-0.07302271,-0.2952219,-0.08045533,
-0.09206843,-0.3013892,-0.08954744,
-0.1281706,-0.3186119,-0.107168,
-0.1282421,-0.3344332,-0.1081278,
-0.1399123,-0.3154478,-0.1151738,
-0.1356088,-0.2895909,-0.116465,
-0.1196589,-0.2642604,-0.1036622,
-0.09780321,-0.2325894,-0.09998941,
-0.00651471,-0.1641651,-0.08033253,
0.05582183,-0.1610941,-0.07512808,
0.08628424,-0.1710925,-0.07351192,
0.1421038,-0.2162443,-0.07420288,
0.1648747,-0.2481492,-0.0747861,
0.2173925,-0.3280752,-0.0798445,
0.2479868,-0.3646329,-0.08696891,
0.2777688,-0.3907984,-0.09483084,
0.3346503,-0.3847096,-0.1021012,
0.376785,-0.3298711,-0.1205939,
0.3840578,-0.2963077,-0.1291907,
0.3846123,-0.269698,-0.141383,
0.3711132,-0.2297323,-0.1439407,
0.3532414,-0.2288135,-0.1259363,
0.3386112,-0.2498828,-0.09861804,
0.3282448,-0.2708353,-0.08554389,
0.3028236,-0.334017,-0.05453098,
0.2761313,-0.3733688,-0.03178503,
0.2420193,-0.4104781,-0.009918733,
0.2184611,-0.3694906,0.003383479,
0.2116973,-0.3160428,0.01350636,
0.2080037,-0.2634645,0.01572205,
0.1981707,-0.1570403,0.00960503,
0.1910263,-0.06415172,-0.02309563,
0.189047,-0.02963057,-0.03314853,
0.1858482,0.004170507,-0.04756239,
0.1826528,0.008594513,-0.04992796,
0.1770017,-0.005523264,-0.04401225,
0.1680212,-0.02222471,-0.040594,
0.1611977,-0.07889946,-0.02205464,
0.1554105,-0.1169221,-0.009626622,
0.1392888,-0.1507935,-0.0150602,
0.1258016,-0.2479882,0.002888202,
0.1150154,-0.2834942,-0.008526078,
0.09870255,-0.3650282,-0.001228343,
0.07937253,-0.3824815,0.003335079,
0.07226277,-0.3684828,0.0008906807,
0.07092581,-0.348815,0.0005242624,
0.0758466,-0.3000984,-0.01745045,
0.08078456,-0.2413876,-0.03047718,
0.08876092,-0.2163075,-0.03425573,
0.1069062,-0.1873779,-0.0434019,
0.1201513,-0.1793966,-0.04466747,
0.1286628,-0.1778626,-0.04781422,
0.1552578,-0.1994488,-0.04429875,
0.1814143,-0.2431617,-0.04189663,
