-0.01197819,0.1774682,0.01812612,
-0.01200177,0.1826458,0.01579612,
-0.01072224,0.1854932,0.01404374,
-0.01313129,0.1730247,0.01433823,
-0.01555723,0.160442,0.01340046,
-0.01754286,0.1436229,0.01402905,
-0.01930342,0.09270006,0.02241739,
-0.02104574,0.03483891,0.02109774,
-0.02284855,0.002291128,0.02271085,
-0.02469655,-0.03083795,0.02501649,
-0.0224911,-0.06043997,0.02573342,
-0.003687548,-0.139097,0.03085926,
0.02807722,-0.1486812,0.03655325,
0.04542543,-0.1402255,0.0392823,
0.05843077,-0.130536,0.03995279,
0.0825632,-0.08779731,0.04117912,
0.0904856,-0.0648668,0.0415086,
0.09813602,-0.02473907,0.03407457,
0.09918414,-0.01430839,0.03176515,
0.09642548,-0.009735882,0.02579562,
0.08528499,-0.02593078,0.02562412,
0.06298271,-0.06765552,0.02901045,
0.04851399,-0.08886186,0.03173848,
0.03181057,-0.1091166,0.03183144,
-0.005058567,-0.128922,0.02760855,
-0.02074377,-0.1236001,0.02450918,
-0.01844266,-0.05994173,0.02724267,
-0.01958397,-0.02824058,0.02706223,
-0.008536131,0.01886009,0.02835098,
-0.007702994,0.05250847,0.02780237,
-0.004660601,0.1192898,0.02260123,
6.276587e-05,0.1742267,0.0224695,
0.005618216,0.1979166,0.02185106,
0.01500671,0.2241623,0.01974787,
0.01827812,0.228556,0.01834651,
0.01351097,0.213885,0.0253162,
0.01197404,0.1994755,0.02592567,
-0.001635971,0.1589581,0.01946378,
-0.006293916,0.1336878,0.0205939,
-0.01440246,0.07996124,0.0199526,
-0.01692283,0.04957697,0.02134034,
-0.02313228,0.02129461,0.01930914,
-0.02008984,-0.005057782,0.01745907,
-0.006159566,-0.05461276,0.01645103,
0.01841206,-0.07225595,0.01527107,
0.03749564,-0.07519071,0.01659181,
0.05725338,-0.06940077,0.01811977,
0.09939931,-0.006762229,0.01094572,
0.1110352,0.01668949,0.01095552,
0.1248878,0.05500895,0.01030965,
0.1243684,0.06523333,0.008321228,
0.1230342,0.07107617,0.009060941,
0.1018075,0.05040538,0.01906491,
0.08974835,0.03491281,0.0201225,
0.06024669,-0.0008589178,0.02066391,
0.04875304,-0.01601799,0.02364057,
0.03531935,-0.02358621,0.02375704,
0.01707344,-0.004516274,0.02561053,
0.01489713,0.02023648,0.02790664,
0.03027786,0.07697853,0.004597461,
