0.1013732,0.2520209,0.1878995,
0.1004449,0.2445736,0.1932424,
0.1011871,0.2391154,0.194812,
0.1023505,0.2329262,0.1966345,
0.106628,0.2235276,0.1993852,
0.1075146,0.2153772,0.2012911,
0.1083479,0.1969849,0.2052484,
0.1110093,0.1892682,0.2135768,
0.1110954,0.1784483,0.2162441,
0.1129302,0.1548913,0.2234235,
0.1148233,0.1302738,0.2284549,
0.1178098,0.1054115,0.2364484,
0.1186576,0.09374176,0.2380182,
0.1190111,0.0718173,0.239014,
0.1186108,0.06071223,0.239198,
0.1182874,0.0371125,0.2397209,
0.1185411,0.01332977,0.2388287,
0.1179573,0.001558914,0.2387367,
0.1169085,-0.02188238,0.2381385,
0.1166497,-0.03334929,0.2374828,
0.1166559,-0.04544751,0.2334657,
0.115541,-0.0678397,0.2319143,
0.1146564,-0.07801274,0.2313726,
0.1118954,-0.08834448,0.228036,
0.1105595,-0.1046836,0.2275066,
0.1075988,-0.1121307,0.2285616,
0.1061985,-0.1213491,0.228771,
0.1058065,-0.1265075,0.2268615,
0.1040591,-0.1246565,0.224494,
0.1048254,-0.1215166,0.2252824,
0.1059528,-0.1175611,0.2262433,
0.1079958,-0.1097317,0.2273122,
0.1101351,-0.09947468,0.2280723,
0.1109874,-0.09482435,0.2285761,
0.1117408,-0.08659126,0.2251909,
0.111869,-0.08291832,0.2257085,
0.110826,-0.08041577,0.223632,
0.1107091,-0.07692263,0.2241657,
0.1109234,-0.07710268,0.2239842,
0.1100411,-0.0754651,0.224863,
0.1101879,-0.07406452,0.2257008,
0.1100794,-0.07305161,0.2261989,
0.1093627,-0.07333668,0.2260154,
0.1093733,-0.07148171,0.2263299,
0.1072158,-0.07038004,0.2263197,
0.1071232,-0.06915849,0.2264755,
0.1057795,-0.06652345,0.2267989,
0.107294,-0.06402567,0.2271793,
0.1080628,-0.06298525,0.2273266,
0.10473,-0.06116244,0.2262205,
0.1050935,-0.05853461,0.2258532,
0.1034915,-0.05619567,0.2258938,
0.1024925,-0.05167956,0.2248454,
0.1030365,-0.04878913,0.2241473,
0.1034122,-0.04763457,0.2237553,
0.1031532,-0.0454891,0.2224509,
0.1037585,-0.04438137,0.2218181,
0.1039361,-0.04398634,0.2215253,
0.1029606,-0.04372271,0.2215567,
0.1026953,-0.04369102,0.2210721,
