0.08793885,-0.3454604,-0.07908088,
0.08369245,-0.3694757,-0.07500803,
0.0722663,-0.3644426,-0.08149668,
0.08069011,-0.3065594,-0.08476251,
0.08910387,-0.2748421,-0.08598172,
0.1073699,-0.218605,-0.08914176,
0.1178543,-0.1972983,-0.0913444,
0.1289372,-0.1813379,-0.09436566,
0.1537997,-0.1808857,-0.09460542,
0.1803253,-0.2000118,-0.096905,
0.1916996,-0.2186038,-0.09913286,
0.2024947,-0.2426082,-0.1015524,
0.2205881,-0.298032,-0.09763142,
0.2401315,-0.348875,-0.1029322,
0.2507651,-0.3624404,-0.1060222,
0.2592555,-0.3656308,-0.09959175,
0.27517,-0.3330796,-0.103784,
0.278363,-0.3026403,-0.1072882,
0.2764759,-0.232896,-0.109308,
0.2687529,-0.1976131,-0.1133471,
0.2651165,-0.1856791,-0.1136745,
0.2565019,-0.1848899,-0.1062081,
0.2376423,-0.205001,-0.09534736,
0.2033822,-0.2527094,-0.07819518,
0.1645524,-0.3003975,-0.06932214,
0.145597,-0.3076595,-0.06844597,
0.1310869,-0.3022815,-0.06930455,
0.113119,-0.2593068,-0.07316849,
0.110214,-0.2295872,-0.07843229,
0.1189595,-0.171337,-0.08601706,
0.1229896,-0.1469454,-0.09406839,
0.1272863,-0.1292984,-0.1005267,
0.1404286,-0.1316393,-0.1127052,
0.1442287,-0.1376556,-0.1133079,
0.1514412,-0.1669599,-0.1078887,
0.15664,-0.2034446,-0.1071368,
0.159795,-0.2241885,-0.1042694,
0.1572101,-0.2656496,-0.09594379,
0.1561019,-0.2943518,-0.09195812,
0.1561019,-0.2943518,-0.09195812,
0.1353506,-0.3037184,-0.1008227,
0.1321098,-0.3118826,-0.1002757,
0.1271585,-0.320151,-0.105959,
0.1314815,-0.3400992,-0.1057109,
0.1366912,-0.3502766,-0.1041778,
0.1497529,-0.3628547,-0.1000507,
0.1666288,-0.371024,-0.1014878,
0.1888585,-0.3827397,-0.1163862,
0.1976183,-0.3842606,-0.1154268,
0.1993674,-0.3841674,-0.1141141,
0.2089618,-0.3812584,-0.121088,
0.2085592,-0.3815509,-0.119261,
0.208174,-0.3697485,-0.1185951,
0.2087232,-0.3717632,-0.1181844,
0.209613,-0.3750477,-0.1173655,
0.213069,-0.3814996,-0.1167763,
0.2134971,-0.3845329,-0.1156739,
0.2135657,-0.3867023,-0.1145051,
0.206826,-0.3827531,-0.1162562,
0.2052564,-0.3826056,-0.1160219,
