0.108363,-0.05063292,0.2108544,
0.108655,-0.05102199,0.2110745,
0.1076814,-0.05097803,0.2108544,
0.1083961,-0.05160662,0.211176,
0.1077475,-0.05141576,0.2105961,
0.1079534,-0.05145751,0.21056,
0.1072492,-0.05094071,0.2096208,
0.1077084,-0.05071953,0.2093951,
0.1080249,-0.05064797,0.2092829,
0.1076662,-0.05067304,0.2089049,
0.1084561,-0.0508552,0.2087943,
0.1089409,-0.0514251,0.2083477,
0.1092002,-0.05153234,0.2081976,
0.1093322,-0.05160005,0.2080306,
0.1086442,-0.0515842,0.2074181,
0.1088082,-0.05182967,0.207172,
0.107879,-0.0489723,0.2059867,
0.1081574,-0.04878442,0.2057649,
0.1084861,-0.04823384,0.2050156,
0.1094164,-0.04763757,0.2041479,
0.1100122,-0.04742463,0.2036129,
0.1103254,-0.04894675,0.2043532,
0.1109274,-0.04939513,0.2043407,
0.1114879,-0.04833585,0.2029791,
0.112004,-0.04743216,0.202179,
0.1115896,-0.04641194,0.2023706,
0.1092529,-0.04359924,0.2040775,
0.1057929,-0.03740301,0.2056486,
0.1035459,-0.03357714,0.2065368,
0.101295,-0.02988347,0.206662,
0.09514247,-0.01933395,0.2082857,
0.09163607,-0.01320605,0.2100309,
0.08871704,-0.007744348,0.2123067,
0.07088849,0.0127111,0.2186695,
0.05817769,0.0264471,0.2206694,
0.02073032,0.07736507,0.2229046,
0.01070725,0.09359097,0.2234571,
0.003214052,0.1097214,0.2235515,
-0.008844218,0.1354414,0.2228035,
-0.01399661,0.1557811,0.224476,
-0.0162129,0.1644556,0.2225972,
-0.01916499,0.1776573,0.2172687,
-0.0205748,0.1832872,0.2156172,
-0.02274061,0.1877503,0.2139598,
-0.02581017,0.1960228,0.2100884,
-0.03661472,0.2034862,0.2086823,
-0.03861503,0.2066386,0.2060897,
-0.0006251782,0.002770334,-0.002163239,
-0.00848995,0.01291613,-0.003144912,
-0.0067483,0.02119848,-0.007518948,
-0.005534138,0.02522089,-0.009447506,
-0.01076821,0.03083326,0.003409555,
-0.01028187,0.03479092,0.002441117,
-0.009992009,0.03910281,0.001559082,
-0.01019366,0.03693481,0.008009425,
-0.006236036,0.04781377,0.01180649,
-0.00276817,0.06708848,0.009515208,
-0.0005005994,0.08091179,0.007505059,
0.002038024,0.0931786,0.01120307,
0.005970131,0.1186927,0.007299384,
