-1.153421,0.08571018,1.316612,
-1.153765,0.07338332,1.314627,
-1.154134,0.05579527,1.313735,
-1.156814,0.01103686,1.311216,
-1.156814,0.01103686,1.311216,
-1.156709,-0.03951257,1.320214,
-1.15197,-0.09900862,1.321482,
-1.148139,-0.1305343,1.323518,
-1.140973,-0.2225828,1.318289,
-1.133768,-0.2426711,1.313251,
-1.115054,-0.2723518,1.298611,
-1.115054,-0.2723518,1.298611,
-1.102651,-0.2816179,1.289779,
-1.076681,-0.2906914,1.284025,
-1.02354,-0.2681017,1.267132,
-1.010193,-0.2521641,1.262085,
-0.9943126,-0.2463861,1.265684,
-0.9802498,-0.2179723,1.258295,
-0.97673,-0.208353,1.255577,
-0.9796985,-0.2028735,1.254681,
-0.9850953,-0.2062982,1.255552,
-0.9923916,-0.2171447,1.265899,
-1.015016,-0.2430072,1.276128,
-1.043506,-0.2683162,1.288264,
-1.074173,-0.2915272,1.297622,
-1.104226,-0.2868577,1.309294,
-1.116446,-0.2748679,1.313861,
-1.125466,-0.2577286,1.317825,
-1.126199,-0.2178494,1.321859,
-1.128349,-0.1876301,1.323898,
-1.129025,-0.1548998,1.325667,
-1.128751,-0.1254921,1.327176,
-1.1121,-0.02009748,1.313273,
-1.110354,0.006458104,1.310778,
-1.108694,0.04642659,1.303497,
-1.108937,0.06205408,1.296429,
-1.110117,0.09037755,1.277313,
-1.110557,0.08677994,1.274097,
-1.111721,0.07879515,1.269568,
-1.117521,0.04686119,1.264679,
-1.118836,0.02380946,1.265602,
-1.129043,-0.03329004,1.277665,
-1.12601,-0.06326532,1.279815,
-1.116979,-0.1289921,1.286016,
-1.111435,-0.1615017,1.287633,
-1.115918,-0.2198131,1.295285,
-1.097534,-0.2620928,1.289405,
-1.085214,-0.273698,1.285963,
-1.09135,-0.2900415,1.274345,
-1.060349,-0.2779577,1.26167,
-1.047366,-0.2651225,1.255242,
-1.010349,-0.2377274,1.262526,
-0.991567,-0.2002497,1.254861,
-0.9859938,-0.18251,1.25143,
-0.9728382,-0.1617598,1.262257,
-0.97481,-0.1541112,1.263105,
-0.9834741,-0.1523086,1.269219,
-0.9893119,-0.1575265,1.273227,
-0.9961515,-0.1831644,1.283188,
-1.00893,-0.2143027,1.295648,
