0.1482626,-0.3584416,-0.0001503715,
0.1082346,-0.3742955,0.002845163,
0.09008689,-0.3698038,0.003808558,
0.0714,-0.3364083,0.01075054,
0.06426492,-0.3104252,0.01143434,
0.07036557,-0.2611818,0.009121999,
0.06728011,-0.1811425,0.006730985,
0.06911852,-0.1428639,0.001419993,
0.07756577,-0.06794789,-0.004330528,
0.08597825,-0.01826048,-0.01099114,
0.08848403,-0.003773719,-0.01265071,
0.09069104,0.00270544,-0.01369444,
0.09013399,-0.008689538,-0.01167809,
0.08245483,-0.04700522,-0.004607233,
0.08042096,-0.07399812,-0.001572101,
0.07992763,-0.1056633,0.001738846,
0.08153749,-0.1784683,0.003073889,
0.08668537,-0.2171613,0.004323153,
0.09368939,-0.2576586,0.007529913,
0.1012215,-0.2946826,0.008944103,
0.1098188,-0.3501063,0.0115873,
0.1343855,-0.3734567,0.00598467,
0.1506628,-0.3709407,0.006773928,
0.1832265,-0.3420255,0.009462669,
0.2046137,-0.30175,0.01067315,
0.2199305,-0.255814,0.02152951,
0.2242333,-0.2379919,0.02187702,
0.2267192,-0.2240195,0.02204424,
0.2234174,-0.2165588,0.02346801,
0.2206647,-0.2203563,0.02502764,
0.2056143,-0.2555147,0.02445251,
0.1974567,-0.2752712,0.0278919,
0.1880384,-0.2975705,0.03136496,
0.1665152,-0.347038,0.02693328,
0.1389144,-0.3801943,0.02814691,
0.1302158,-0.3807876,0.02469366,
0.1067719,-0.3712955,0.02627507,
0.1027067,-0.3585075,0.03031848,
0.08912764,-0.3086568,0.03390366,
0.0834415,-0.2743902,0.03435822,
0.06776015,-0.2000995,0.01067845,
0.06296306,-0.1290163,-0.0001801726,
0.06359016,-0.09854579,0.002766803,
0.06492157,-0.07625034,-0.0002310733,
0.06904161,-0.04747997,-4.938827e-05,
0.07314733,-0.04398239,0.001087639,
0.0729814,-0.05617961,0.005081431,
0.06956927,-0.09194507,0.01145803,
0.06709479,-0.1161736,0.01432605,
0.05853959,-0.1356247,0.008052626,
0.05617226,-0.1987849,0.01453997,
0.05259442,-0.2560897,0.01495631,
0.05582622,-0.2887794,0.01413262,
0.06003499,-0.318967,0.01178055,
0.07828212,-0.3612513,0.008203657,
0.08916344,-0.3826982,0.008059255,
0.1090296,-0.395911,0.01097528,
0.139472,-0.4038546,0.01581517,
0.1734852,-0.3835167,0.01556215,
0.2025162,-0.3458001,0.01575757,
