-1.114472,-0.05215704,1.293703,
-1.112128,-0.02412114,1.288777,
-1.109841,-3.576279e-06,1.284369,
-1.107209,0.01959956,1.279939,
-1.107973,0.04715109,1.267723,
-1.085525,0.05325364,1.269937,
-1.088755,0.04329087,1.269722,
-1.097059,0.01154181,1.27061,
-1.088815,0.002480507,1.276547,
-1.093561,-0.04536411,1.282126,
-1.093561,-0.04536411,1.282126,
-1.096893,-0.1223838,1.286203,
-1.103568,-0.1755527,1.280987,
-1.099427,-0.2004503,1.27969,
-1.093945,-0.2220309,1.276637,
-1.075737,-0.2583982,1.269313,
-1.063179,-0.2690254,1.263554,
-1.033632,-0.2737267,1.251016,
-1.017401,-0.2630612,1.244316,
-0.9807187,-0.2453083,1.248621,
-0.9619295,-0.213532,1.238622,
-0.954284,-0.1970565,1.233895,
-0.9451675,-0.1717471,1.227765,
-0.953961,-0.1735324,1.23512,
-0.9578942,-0.1737145,1.236632,
-0.9618416,-0.1795046,1.238171,
-0.9699616,-0.1948521,1.238556,
-0.9772659,-0.2090412,1.242799,
-0.9967923,-0.2372871,1.252105,
-1.024937,-0.2599923,1.26198,
-1.055832,-0.2671542,1.271845,
-1.065182,-0.2671299,1.286772,
-1.077223,-0.257058,1.289806,
-1.093617,-0.2224337,1.293974,
-1.099043,-0.1710289,1.296218,
-1.098024,-0.1410456,1.29699,
-1.085198,-0.08841634,1.305995,
-1.080216,-0.05456041,1.302374,
-1.069169,0.003289908,1.295585,
-1.064347,0.02527599,1.292757,
-1.063999,0.03507516,1.287821,
-1.060443,0.04677984,1.284553,
-1.060397,0.04237421,1.283525,
-1.061314,0.03100322,1.283962,
-1.056658,-0.004678443,1.294923,
-1.061,-0.06156939,1.300625,
-1.063401,-0.09332332,1.302394,
-1.0775,-0.1521419,1.313567,
-1.075749,-0.2166995,1.320143,
-1.071463,-0.2654243,1.321601,
-1.06781,-0.2815481,1.319984,
-1.079889,-0.2836768,1.321085,
-1.063091,-0.2863246,1.31638,
-1.051347,-0.27873,1.313518,
-1.044616,-0.2644895,1.294874,
-1.031575,-0.2496939,1.291802,
-0.9986641,-0.2021947,1.280691,
-1.000984,-0.1915638,1.254941,
-0.9973844,-0.188349,1.254081,
-0.9963571,-0.1892085,1.254024,
