-1.245572,0.00450284,1.127853,
-1.252743,0.03781788,1.106236,
-1.253639,0.08918996,1.086937,
-1.254934,0.1075431,1.076394,
-1.26997,0.1215057,1.064567,
-1.277701,0.1101013,1.056206,
-1.282024,0.09693624,1.053821,
-1.278356,0.06819049,1.057656,
-1.281859,0.04716723,1.056939,
-1.287098,0.0008328483,1.052425,
-1.291345,-0.036961,1.039259,
-1.290971,-0.04990194,1.034476,
-1.290616,-0.06881712,1.020151,
-1.290384,-0.07416862,1.011834,
-1.288864,-0.0788473,1.000735,
-1.286693,-0.08150017,0.9822423,
-1.286014,-0.08327033,0.9726171,
-1.280479,-0.1068012,0.9688722,
-1.282951,-0.1054566,0.9571102,
-1.290832,-0.1074114,0.9442811,
-1.294302,-0.1070157,0.9361266,
-1.293457,-0.1740929,0.9731761,
-1.295356,-0.1741318,0.9655536,
-1.297633,-0.1731356,0.9514992,
-1.298732,-0.1690093,0.9373501,
-1.31405,-0.2248726,0.9509537,
-1.316301,-0.2211331,0.9394795,
-1.318637,-0.2212541,0.9350295,
-1.325137,-0.2186748,0.9252462,
-1.305865,-0.2331217,0.9902309,
-1.311316,-0.2304753,0.9855736,
-1.312787,-0.2281516,0.9817426,
-1.315144,-0.2251523,0.9782938,
-1.31813,-0.228641,0.987715,
-1.321776,-0.2252059,0.9848546,
-1.326246,-0.2278022,0.9900907,
-1.327211,-0.230014,0.9914472,
-1.328713,-0.2325399,0.9938062,
-1.329875,-0.2397658,0.9991154,
-1.332639,-0.2444892,0.9975659,
-1.333965,-0.2526194,1.002235,
-1.337718,-0.2601258,1.007609,
-1.338704,-0.2627198,1.008839,
-1.339733,-0.2655582,1.010659,
-1.339077,-0.2740168,1.010956,
-1.339083,-0.2766487,1.012648,
-1.339245,-0.2830067,1.016595,
-1.33945,-0.2854052,1.018146,
-1.337633,-0.2909411,1.0239,
-1.337988,-0.2956428,1.027491,
-1.338065,-0.2985179,1.029611,
-1.326955,-0.3107539,1.042847,
-1.326812,-0.3144278,1.045835,
-1.327621,-0.3222932,1.0515,
-1.328641,-0.3272233,1.054417,
-1.25188,-0.3229731,1.066324,
-1.249873,-0.3312793,1.07225,
-1.249345,-0.3359974,1.075495,
-1.248874,-0.3404761,1.078649,
-1.259091,-0.3007538,1.063705,
