0.1384618,-0.2613332,0.03997719,
0.1259754,-0.2786055,0.04409273,
0.09802438,-0.2847143,0.04790255,
0.06362221,-0.2973397,0.03003797,
0.04067402,-0.2462697,0.02772963,
0.03319686,-0.2119676,0.02502582,
0.03902327,-0.1277709,0.02009754,
0.0363376,-0.08833398,0.01250594,
0.03429004,-0.02346596,-0.00172434,
0.03401347,0.006170824,-0.01103031,
0.03531232,0.04865803,-0.02519094,
0.03443333,0.08156623,-0.04440349,
0.03387357,0.07989348,-0.04581022,
0.03254784,0.07023756,-0.04539517,
0.02835337,0.02744928,-0.04044689,
0.02148231,-0.0524281,-0.03114795,
0.02035605,-0.101141,-0.02605511,
0.01834541,-0.1525995,-0.02163765,
0.01106583,-0.2504444,-0.01264347,
0.005484249,-0.2805301,-0.01227354,
-0.02242146,-0.2876103,-0.00685965,
-0.02328696,-0.2685431,-0.008452769,
0.001734101,-0.2388373,0.002756073,
0.02301181,-0.1569993,-0.004193477,
0.03143787,-0.139035,-0.006501166,
0.06408327,-0.1166845,-0.007415021,
0.07807709,-0.1131065,-0.00753486,
0.09200003,-0.1164839,-0.006416718,
0.1294425,-0.1445973,-0.0009016622,
0.1437739,-0.1681973,0.003068413,
0.1776549,-0.2311,0.009340455,
0.1994074,-0.2696218,0.00973607,
0.2498351,-0.3199778,-0.01253006,
0.2656614,-0.3100308,-0.01653981,
0.2810993,-0.2915377,-0.020328,
0.5829481,-0.3079278,0.0840437,
0.3119967,-0.2004526,-0.009292377,
0.3128329,-0.1502167,-0.01042436,
0.3101833,-0.1330797,-0.009504979,
0.300233,-0.1077384,-0.003642617,
0.2908559,-0.1036521,-0.0007096141,
0.2678832,-0.1179938,0.008247487,
0.256838,-0.1338129,0.01279889,
0.237551,-0.1793543,0.02315445,
0.2188653,-0.228501,0.03856849,
0.2058523,-0.2498427,0.04223025,
0.1765904,-0.2692755,0.04680196,
0.1629293,-0.2628561,0.04856142,
0.1179767,-0.2627141,0.05154334,
0.104845,-0.2011755,0.05550333,
0.09987193,-0.1317422,0.0572824,
0.1002293,-0.04713979,0.04763532,
0.1017057,-0.01049991,0.04130127,
0.1042792,0.02066784,0.03416859,
0.08613353,0.04637004,0.002797753,
0.08832148,0.05715732,-8.649321e-05,
0.0776136,0.05121253,-0.006543313,
0.07539965,0.0371746,-0.003195202,
0.07155096,0.01564109,0.001907935,
0.06149679,-0.04818819,0.01351086,
