1.463748,0.2137782,-0.9330283,
1.460121,0.2097506,-0.9338035,
1.460166,0.2095494,-0.9344724,
0.0003412049,0.001077801,-0.001547161,
-0.001804679,-0.003030732,0.001117117,
-0.001209745,-0.001721546,-0.001894173,
-0.001383467,-0.001203135,-0.00376328,
-0.001697837,-0.001134664,-0.004446332,
-0.003086536,-0.00312829,-0.003640379,
-0.003045766,-0.003470376,-0.004206638,
-0.002903185,-0.004247412,-0.005447632,
-0.002702869,-0.0046027,-0.006102115,
-0.007375743,-0.009942874,0.001269827,
-0.007353389,-0.01089485,0.001120565,
-0.006537374,-0.01239926,0.004162665,
-0.006219454,-0.01246239,0.003246598,
-0.006274979,-0.01151378,0.0002800751,
-0.004986205,-0.01219416,-0.001193853,
-0.007933126,-0.01191099,0.0026283,
-0.008016231,-0.01177174,0.001882421,
-0.008900948,-0.010847,0.0007070467,
-0.01447628,-0.01497824,0.003740361,
-0.01573721,-0.01479526,0.002951963,
-0.0185107,-0.01463015,0.001041751,
-0.02270041,-0.01097621,-0.002585434,
-0.02270041,-0.01097621,-0.002585434,
-0.02701571,-0.01018947,-0.002005276,
-0.02710118,-0.00773482,-0.002618751,
-0.02260213,-0.006470755,-0.0001178911,
-0.02383216,-0.006102636,0.002590429,
-0.02515845,-0.00477232,0.004929493,
-0.02571081,-0.004893169,0.006505433,
-0.02623137,-0.007842451,0.01075926,
-0.02463713,-0.007420912,0.01030641,
-0.02146652,-0.007640705,0.009758034,
-0.01961072,-0.007616773,0.009473876,
-0.01846494,-0.008285403,0.01024797,
-0.0239745,-0.004569575,0.01298772,
-0.02439502,-0.002099618,0.01094174,
-0.02547295,0.001197159,0.007462069,
-0.02419809,0.007639199,-0.0008365474,
-0.01979206,0.007235393,0.01144455,
-0.0200443,0.009507909,0.01591855,
-0.0190958,0.02384275,0.02343014,
-0.01743691,0.03349674,0.02634923,
-0.01602291,0.0617087,0.02639761,
-0.01789653,0.08863448,0.02814599,
-0.01858239,0.1036441,0.02724428,
-0.01647265,0.1171994,0.02671015,
-0.01988226,0.1398385,0.02734372,
-0.0193275,0.1453992,0.02819872,
-0.01820796,0.144612,0.03181368,
-0.01912434,0.1369573,0.03533601,
-0.02027006,0.1263526,0.03819578,
-0.03494919,0.06951289,0.03762611,
-0.03701201,0.04868637,0.03873971,
-0.04127382,0.02376579,0.02772377,
-0.04333522,-0.001108736,0.02947453,
-0.0439561,-0.05027524,0.03179017,
-0.04116348,-0.07476698,0.03266628,
