0.07462117,-0.1192522,0.06067013,
0.07480117,-0.09171294,0.06022123,
0.05073736,-0.004262358,0.06907286,
0.05084323,0.0209083,0.06381226,
0.05396531,0.06331915,0.05209871,
0.05616676,0.07918422,0.04614259,
0.0593838,0.09097631,0.0406157,
0.02805647,0.09063645,0.06317806,
0.03043459,0.08565684,0.06154998,
0.03343184,0.06162313,0.05713321,
0.02916125,0.04375997,0.08994354,
0.02556546,-0.005973861,0.08671986,
0.01661044,-0.1949899,0.08225174,
0.02793221,-0.2446311,0.07528435,
0.03777357,-0.2641236,0.07115364,
0.049344,-0.2800272,0.06816225,
0.04706111,-0.2697126,0.06223629,
0.08504818,-0.2684285,0.06043532,
0.1050267,-0.2589423,0.05952503,
0.1562582,-0.2208995,0.07615884,
0.1655133,-0.1972788,0.07472415,
0.1722455,-0.1741526,0.0741843,
0.1852043,-0.1407786,0.07835393,
0.1874212,-0.1270454,0.07855956,
0.1875779,-0.1184109,0.07914349,
0.1878021,-0.1285953,0.08605047,
0.1760214,-0.1468697,0.09179536,
0.166554,-0.160919,0.09551837,
0.1438576,-0.1974376,0.1055204,
0.1337392,-0.2172767,0.1120726,
0.1001913,-0.248739,0.1220883,
0.08159969,-0.2554375,0.1256809,
0.05406326,-0.2508211,0.1404217,
0.02678582,-0.204444,0.1418916,
0.01771571,-0.1779673,0.1415699,
0.01119763,-0.1062938,0.1418131,
0.008035268,-0.07386164,0.1401587,
0.005740134,-0.0427002,0.1356356,
0.005213931,-0.01564652,0.1301906,
0.00578622,0.0004707426,0.1368315,
0.01238413,0.02895622,0.1290044,
0.01382701,0.0246437,0.1297077,
0.004769194,-0.004831627,0.1172301,
7.017607e-05,-0.0396886,0.1241791,
-0.0008865407,-0.06231896,0.1261778,
-0.001028715,-0.08748081,0.1312422,
-0.002161789,-0.1407912,0.1380596,
-0.0002918388,-0.1993497,0.1456818,
0.0003795605,-0.2200507,0.1408058,
0.005137186,-0.2429119,0.1410154,
0.0237021,-0.283229,0.144281,
0.03864061,-0.2976252,0.147888,
0.08401637,-0.29074,0.1464209,
0.1253633,-0.2842922,0.1493452,
0.1439617,-0.2753817,0.1486207,
0.16101,-0.2636515,0.1467769,
0.1983411,-0.2363251,0.149537,
0.2150054,-0.2035187,0.1473644,
0.2200337,-0.1878006,0.1471039,
0.2177317,-0.1793498,0.1489354,
