0.103306,-0.2415863,0.08484349,
0.1212756,-0.2431823,0.08449605,
0.1413902,-0.2426445,0.08418792,
0.1619233,-0.2402518,0.08411039,
0.2073062,-0.2417875,0.07727686,
0.2250017,-0.2322787,0.07716808,
0.2408529,-0.2210956,0.07745516,
0.266133,-0.1960214,0.07801317,
0.27554,-0.1860332,0.05270158,
0.2808413,-0.1807793,0.05015044,
0.2845871,-0.1787342,0.04740068,
0.2866371,-0.1802451,0.04490013,
0.2670751,-0.2034349,0.02672851,
0.2621483,-0.2191597,0.02579468,
0.2621483,-0.2191597,0.02579468,
0.2473073,-0.2557805,0.02309659,
0.2221535,-0.2732165,0.03819294,
0.1994084,-0.2962112,0.03595055,
0.1870058,-0.3009196,0.03429838,
0.1601103,-0.2964988,0.03164756,
0.1464847,-0.2858903,0.03062895,
0.1068857,-0.2349899,0.05828985,
0.08035871,-0.1674624,0.05911915,
0.0762608,-0.142121,0.05991227,
0.07462117,-0.1192522,0.06067013,
0.07480117,-0.09171294,0.06022123,
0.05073736,-0.004262358,0.06907286,
0.05084323,0.0209083,0.06381226,
0.05396531,0.06331915,0.05209871,
0.05616676,0.07918422,0.04614259,
0.0593838,0.09097631,0.0406157,
0.02805647,0.09063645,0.06317806,
0.03043459,0.08565684,0.06154998,
0.03343184,0.06162313,0.05713321,
0.02916125,0.04375997,0.08994354,
0.02556546,-0.005973861,0.08671986,
0.01661044,-0.1949899,0.08225174,
0.02793221,-0.2446311,0.07528435,
0.03777357,-0.2641236,0.07115364,
0.049344,-0.2800272,0.06816225,
0.04706111,-0.2697126,0.06223629,
0.08504818,-0.2684285,0.06043532,
0.1050267,-0.2589423,0.05952503,
0.1562582,-0.2208995,0.07615884,
0.1655133,-0.1972788,0.07472415,
0.1722455,-0.1741526,0.0741843,
0.1852043,-0.1407786,0.07835393,
0.1874212,-0.1270454,0.07855956,
0.1875779,-0.1184109,0.07914349,
0.1878021,-0.1285953,0.08605047,
0.1760214,-0.1468697,0.09179536,
0.166554,-0.160919,0.09551837,
0.1438576,-0.1974376,0.1055204,
0.1337392,-0.2172767,0.1120726,
0.1001913,-0.248739,0.1220883,
0.08159969,-0.2554375,0.1256809,
0.05406326,-0.2508211,0.1404217,
0.02678582,-0.204444,0.1418916,
0.01771571,-0.1779673,0.1415699,
0.01119763,-0.1062938,0.1418131,
