0.4821312,0.5061747,-1.52224,
0.4557492,0.5140271,-1.542375,
0.4023049,0.5296938,-1.583341,
0.3751054,0.5377108,-1.604365,
0.4223519,0.5867099,-1.602776,
0.3966554,0.5954411,-1.623379,
0.3179291,0.6224714,-1.687165,
0.2912252,0.6317042,-1.709011,
0.2368803,0.6502228,-1.753472,
0.2564077,0.6492518,-1.747263,
0.229856,0.6581799,-1.769301,
0.2033375,0.6672007,-1.791473,
0.1494467,0.6855908,-1.83693,
0.09795981,0.6920528,-1.886276,
0.07055636,0.7007845,-1.909505,
0.01499547,0.7186908,-1.956895,
-0.5006278,0.112608,-0.3120244,
-0.5658033,0.1259128,-0.3472849,
-0.6322548,0.1390532,-0.3832711,
-0.3696191,0.1096994,-0.4103884,
-0.3899112,0.1155299,-0.4284503,
-0.4307852,0.1277149,-0.4655249,
-0.4514995,0.1337934,-0.4842922,
-0.2469362,0.1533863,-0.4631681,
-0.2630638,0.1641788,-0.4996659,
-0.2711333,0.1696278,-0.5182834,
-0.2792487,0.1751187,-0.5371789,
-0.115368,0.1180103,-0.3980926,
-0.1212711,0.1263449,-0.4304007,
-0.1242291,0.1306198,-0.4470199,
-0.1300867,0.1390576,-0.4803641,
-0.06519141,0.06729819,-0.2999645,
-0.06688592,0.07177313,-0.3220924,
-0.03647265,0.01142822,-0.100849,
-0.03561473,0.0108572,-0.1069237,
-0.03514489,0.01058566,-0.1100095,
-0.02068635,0.0010922,-0.06518827,
-0.02002353,0.0006879885,-0.06699011,
-0.01865716,-0.0001860587,-0.07063873,
-0.0178737,-0.0007541226,-0.07246222,
-0.01700245,-0.001323074,-0.07434998,
-0.01402741,-0.004019807,-0.05585794,
-0.01212814,-0.005272425,-0.0586094,
-0.01120049,-0.00586182,-0.06007843,
-0.005269279,-0.007189851,-0.05353936,
-0.004318208,-0.007855612,-0.05482066,
-0.003686216,-0.008480503,-0.05619492,
-0.004269605,-0.007276786,-0.05404539,
-0.005781836,-0.008722589,-0.05783705,
-0.006520315,-0.01007484,-0.05963007,
-0.00715709,-0.01180945,-0.06112499,
-0.0109453,-0.01298314,-0.05250312,
-0.01069169,-0.01384575,-0.0559129,
-0.009040902,-0.0140499,-0.05924842,
-0.007734315,-0.01436348,-0.06086229,
0.01071035,-0.02280305,-0.05964161,
0.01548269,-0.02510833,-0.06302475,
0.01806193,-0.02643867,-0.06461424,
0.02082333,-0.02791514,-0.06605188,
0.03219472,-0.02199365,-0.05505849,
