0.1515549,0.03404957,0.1228846,
0.140053,0.01743377,0.1290134,
0.1311188,0.0003499372,0.1346125,
0.1091527,-0.03571321,0.1460068,
0.08485278,-0.06610695,0.1559882,
0.07253452,-0.07464939,0.160598,
0.05977137,-0.08153183,0.1650848,
0.04389318,-0.07217748,0.1658605,
0.03371913,-0.06164383,0.1679697,
0.02298409,-0.02553637,0.1714898,
0.01917231,0.0001845624,0.1719608,
0.01702035,0.04756527,0.1755405,
0.01648909,0.1068013,0.1745896,
0.01773664,0.1363637,0.1729137,
0.01970105,0.1649024,0.1702012,
0.03571271,0.2190254,0.1623767,
0.04062517,0.2384573,0.1591471,
0.04332352,0.2676973,0.1525608,
0.04662936,0.2741962,0.1494852,
0.0492758,0.2756881,0.1472709,
0.05112306,0.2650728,0.1504347,
0.05025456,0.2529735,0.1513882,
0.0474701,0.2000948,0.1653874,
0.0475746,0.1788094,0.1704853,
0.04755422,0.1572289,0.174405,
0.04330425,0.1065521,0.1928087,
0.04667045,0.06228232,0.199068,
0.03791745,0.04184317,0.2045904,
0.04168193,0.006945166,0.2059537,
0.0375478,-0.02270195,0.1994259,
0.0375478,-0.02270195,0.1994259,
0.04562578,-0.04841816,0.1964903,
0.0471678,-0.06400666,0.1975799,
0.06267548,-0.08233232,0.1918758,
0.07255738,-0.08925832,0.1886174,
0.09888345,-0.09925865,0.187499,
0.122537,-0.1018537,0.1822593,
0.1335269,-0.1009353,0.1800933,
0.1514327,-0.09091662,0.1672673,
0.1665718,-0.07353921,0.1526496,
0.1716114,-0.06798418,0.1521446,
0.1747109,-0.06312483,0.1521524,
0.1731136,-0.05590427,0.1475984,
0.1711911,-0.05658558,0.1490974,
0.167492,-0.05919706,0.1514129,
0.1579652,-0.06543336,0.1597082,
0.1440644,-0.07689751,0.1681293,
0.1359669,-0.08226919,0.1725528,
0.1189102,-0.08839766,0.1817286,
0.1128473,-0.08565024,0.1825802,
0.09666248,-0.0762727,0.189132,
0.08774692,-0.06321244,0.1912519,
0.07819614,-0.03676743,0.1940755,
0.07529145,-0.01943674,0.1945516,
0.07374723,0.001217294,0.196878,
0.07396644,0.04636568,0.1987339,
0.07520168,0.1016258,0.197053,
0.07633898,0.1300016,0.1948683,
0.07974531,0.1862657,0.1871198,
0.0833293,0.2321501,0.1749,
