-1.407162,-0.1330645,1.052523,
-1.407162,-0.1330645,1.052523,
-1.407783,-0.1332137,1.053162,
-1.408034,-0.1333581,1.053507,
-1.408277,-0.1337167,1.053508,
-1.408397,-0.1337371,1.053588,
-1.408467,-0.1337602,1.053666,
-1.408405,-0.1340255,1.05399,
-1.408491,-0.1329198,1.052599,
-1.408512,-0.1328276,1.052622,
-1.408785,-0.1329786,1.052899,
-1.408973,-0.1331192,1.053044,
-1.408946,-0.1335105,1.052889,
-1.409242,-0.1334185,1.052992,
-1.409809,-0.1330581,1.053058,
-1.410102,-0.1329362,1.053153,
-1.40865,-0.1327228,1.050917,
-1.409103,-0.1328407,1.051034,
-1.409341,-0.1328674,1.051113,
-1.409638,-0.1328054,1.051149,
-1.408013,-0.1322688,1.050581,
-1.408144,-0.1322803,1.050617,
-1.407338,-0.1315624,1.049834,
-1.407402,-0.1315806,1.049851,
-1.407522,-0.131572,1.049846,
-1.407813,-0.1313921,1.049684,
-1.40796,-0.1313401,1.049615,
-1.408381,-0.1306007,1.049856,
-1.408703,-0.1303704,1.049675,
-1.408865,-0.1301745,1.049557,
-1.409128,-0.1298294,1.049349,
-1.409279,-0.1295758,1.049247,
-1.408527,-0.1305262,1.050634,
-1.408596,-0.13056,1.05071,
-1.407152,-0.1291582,1.049935,
-1.407135,-0.1290375,1.04996,
-1.407143,-0.1289444,1.05015,
-1.407136,-0.1288719,1.050279,
-1.406044,-0.127336,1.05028,
-1.405937,-0.1271118,1.050415,
-1.40582,-0.1269082,1.050545,
-1.404543,-0.1277742,1.050515,
-1.404372,-0.1277114,1.050972,
-1.404324,-0.1276734,1.051282,
-1.404262,-0.1276196,1.051576,
-1.40426,-0.1273604,1.052018,
-1.405557,-0.1302806,1.051911,
-1.40569,-0.1302602,1.052129,
-1.405788,-0.1301443,1.05226,
-1.405834,-0.1301109,1.052444,
-1.407803,-0.1330216,1.052962,
-1.408014,-0.1332097,1.053207,
-1.408479,-0.133634,1.053747,
-1.406279,-0.1351055,1.054596,
-1.406314,-0.135498,1.055007,
-1.40628,-0.1358417,1.055256,
-1.406304,-0.1365809,1.055799,
-1.404267,-0.1371945,1.056035,
-1.404126,-0.1376137,1.056319,
-1.404701,-0.1358963,1.056145,
