0.03467296,-0.02247672,0.03333325,
0.03959741,0.05478787,0.01129083,
0.04205406,0.06658697,0.006376931,
0.0437079,0.07173926,0.00222978,
0.03905535,0.06210309,-0.002475508,
0.03572355,0.04975939,-0.003131569,
0.03171098,0.01076108,0.002908111,
0.02768908,-0.04184178,0.004231043,
0.02779715,-0.0727869,0.004685584,
0.03312955,-0.1421523,0.006235038,
0.03424646,-0.1768265,0.005731914,
0.03802371,-0.2437262,0.004107452,
0.04768112,-0.2774522,0.00193432,
0.06026137,-0.3199862,-0.003918917,
0.07135537,-0.3370523,-2.056e-05,
0.08103814,-0.3401874,3.163056e-05,
0.1095969,-0.3245274,0.005319854,
0.1373395,-0.2846793,0.005991505,
0.1569864,-0.23859,0.009416818,
0.1667768,-0.2176061,0.009766036,
0.1747388,-0.1987288,0.00991829,
0.1860927,-0.1737058,0.01683662,
0.192764,-0.1594394,0.01762316,
0.1939071,-0.1601607,0.01896965,
0.1886507,-0.1860157,0.02508981,
0.1839543,-0.2024035,0.02627763,
0.1712737,-0.2473347,0.03176946,
0.1629132,-0.2733507,0.03292895,
0.1413046,-0.3134407,0.03489963,
0.1296716,-0.3352374,0.03416471,
0.1176698,-0.3525098,0.03317185,
0.09750921,-0.3563778,0.04038355,
0.08697767,-0.3535481,0.04043178,
0.07401997,-0.3276151,0.02545255,
0.06661533,-0.2791138,0.02887232,
0.06462404,-0.2475755,0.03001265,
0.06227121,-0.1747126,0.02673099,
0.06097187,-0.1363856,0.02474001,
0.05924336,-0.05619431,0.01975147,
0.05969908,-0.02394988,0.01353665,
0.06265012,0.0021393,0.009280817,
0.06403758,0.03935587,-0.003656154,
0.06583808,0.04551387,-0.008609897,
0.06605378,0.04371661,-0.01158879,
0.06503325,0.03429791,-0.01129311,
0.05910091,0.003420606,-0.008602377,
0.0551874,-0.04742952,-0.001207906,
0.05362403,-0.07594386,0.003266518,
0.04993189,-0.1442371,0.002121113,
0.04993189,-0.1442371,0.002121113,
0.0489905,-0.2179705,0.00568805,
0.05357037,-0.2756329,-0.004164843,
0.05835582,-0.3046847,-0.006117977,
0.07641745,-0.3430333,-0.007616364,
0.109413,-0.3585814,-0.01093287,
0.1295565,-0.358336,-0.01303554,
0.1706284,-0.3460736,-0.01831996,
0.1763728,-0.3518564,-0.01206369,
0.2060475,-0.3248016,-0.01408663,
0.2155379,-0.3109449,-0.01599313,
