-1.345724,-0.2309121,0.9997072,
-1.347228,-0.2297114,1.004394,
-1.34928,-0.2286658,1.006505,
-1.349699,-0.2287798,1.009438,
-1.349788,-0.2288327,1.00979,
-1.35034,-0.2288072,1.010328,
-1.358608,-0.2257779,1.002063,
-1.360319,-0.2242149,1.00271,
-1.363892,-0.2221304,1.00398,
-1.359951,-0.2188276,1.001781,
-1.360806,-0.2192627,1.002257,
-1.362756,-0.2209934,1.004248,
-1.363705,-0.2220284,1.005467,
-1.356668,-0.2277097,1.005764,
-1.356297,-0.2274092,1.00515,
-1.354853,-0.2223532,1.001619,
-1.354475,-0.2213842,1.001073,
-1.353754,-0.2206115,1.000548,
-1.353305,-0.2208248,1.000664,
-1.34956,-0.2170108,1.001236,
-1.348855,-0.2173166,1.001798,
-1.34797,-0.2175861,1.002385,
-1.347024,-0.2177282,1.002979,
-1.350274,-0.2199948,1.003403,
-1.349339,-0.2191356,1.0037,
-1.351735,-0.2171422,1.001673,
-1.350844,-0.2146679,1.001424,
-1.350728,-0.2135922,1.001518,
-1.350951,-0.2129341,1.001811,
-1.348932,-0.2110428,0.9996486,
-1.35027,-0.2098829,0.9999229,
-1.350997,-0.2081154,0.9999535,
-1.356162,-0.206855,1.000726,
-1.356845,-0.2050187,1.001474,
-1.358087,-0.1996202,1.00284,
-1.359557,-0.1958145,1.001949,
-1.360412,-0.1894357,1.003227,
-1.361166,-0.1866368,1.004398,
-1.365162,-0.1817374,1.009112,
-1.368531,-0.1809453,1.011407,
-1.371766,-0.1777191,1.013434,
-1.372072,-0.1738287,1.01278,
-1.372978,-0.1698995,1.012048,
-1.377844,-0.1656343,1.013612,
-1.381425,-0.1641836,1.015241,
-1.37546,-0.155837,1.022745,
-1.379554,-0.1557475,1.024861,
-1.380063,-0.1541632,1.024254,
-1.379872,-0.1486705,1.021392,
-1.384213,-0.1550061,1.020086,
-1.385959,-0.1552456,1.020334,
-1.387462,-0.155379,1.020563,
-1.38851,-0.1553148,1.020291,
-1.386587,-0.1476479,1.024268,
-1.386516,-0.1469103,1.023665,
-1.387983,-0.1452124,1.02354,
-1.384174,-0.1475882,1.022766,
-1.385042,-0.1478636,1.022553,
-1.385185,-0.1471397,1.021554,
-1.388062,-0.1475346,1.025835,
