0.1314815,-0.3400992,-0.1057109,
0.1366912,-0.3502766,-0.1041778,
0.1497529,-0.3628547,-0.1000507,
0.1666288,-0.371024,-0.1014878,
0.1888585,-0.3827397,-0.1163862,
0.1976183,-0.3842606,-0.1154268,
0.1993674,-0.3841674,-0.1141141,
0.2089618,-0.3812584,-0.121088,
0.2085592,-0.3815509,-0.119261,
0.208174,-0.3697485,-0.1185951,
0.2087232,-0.3717632,-0.1181844,
0.209613,-0.3750477,-0.1173655,
0.213069,-0.3814996,-0.1167763,
0.2134971,-0.3845329,-0.1156739,
0.2135657,-0.3867023,-0.1145051,
0.206826,-0.3827531,-0.1162562,
0.2052564,-0.3826056,-0.1160219,
0.1961966,-0.3754301,-0.1189614,
0.1899229,-0.3716279,-0.1246626,
0.186606,-0.3674634,-0.1267797,
0.1793645,-0.3586913,-0.1319994,
0.1706912,-0.3563445,-0.1320308,
0.1697592,-0.3508767,-0.1337353,
0.1717425,-0.348296,-0.1397453,
0.1740693,-0.3476922,-0.1425691,
0.1762465,-0.3465609,-0.1487938,
0.1803268,-0.3474641,-0.1487294,
0.186122,-0.3481539,-0.1467456,
0.1922611,-0.3488539,-0.1431071,
0.1952784,-0.3462968,-0.1442134,
0.1984539,-0.3449445,-0.1447657,
0.199788,-0.3439563,-0.1440032,
0.2018915,-0.3437011,-0.1446475,
0.2050407,-0.3420409,-0.1422632,
0.2075314,-0.3422173,-0.1424922,
0.2196934,-0.3443708,-0.1278446,
0.2243963,-0.3453017,-0.1276293,
0.2228119,-0.348923,-0.1230798,
0.222805,-0.3491296,-0.123014,
0.221285,-0.3498085,-0.1224114,
0.2194904,-0.3514438,-0.1201937,
0.2148374,-0.3511769,-0.1198516,
0.2145519,-0.3532726,-0.1199722,
0.2087392,-0.3516662,-0.1202863,
0.2060895,-0.350466,-0.1207859,
0.2083876,-0.3513265,-0.1224628,
0.2067603,-0.3508435,-0.1227363,
0.2075864,-0.353718,-0.123928,
0.2073437,-0.354294,-0.1238911,
0.208835,-0.3560485,-0.1245209,
0.2087607,-0.3566829,-0.1251558,
0.2077312,-0.3599926,-0.1265294,
0.2060493,-0.3610902,-0.1273621,
0.2007291,-0.3638521,-0.1289172,
0.2012791,-0.3616824,-0.1455127,
0.1964341,-0.3643988,-0.1459551,
0.1925743,-0.3670791,-0.1463609,
0.1853014,-0.372447,-0.1410042,
0.1839728,-0.3766155,-0.139111,
0.1823666,-0.3800762,-0.1374005,
