0.1172507,-0.4181898,-0.09503044,
0.1153684,-0.4195391,-0.09358644,
0.1137154,-0.4196104,-0.09328637,
0.1054478,-0.4207723,-0.09030236,
0.1011803,-0.4198661,-0.09193593,
0.09601451,-0.4200302,-0.09024223,
0.09384926,-0.4199988,-0.08933494,
0.09281448,-0.4223698,-0.0889177,
0.09100403,-0.4223901,-0.08836059,
0.08646947,-0.4218042,-0.08817863,
0.08517186,-0.4218989,-0.08805208,
0.08246929,-0.4222377,-0.08819605,
0.08135933,-0.4225186,-0.08801366,
0.07885785,-0.4216158,-0.0886012,
0.07548232,-0.4190098,-0.09046352,
0.07426345,-0.418097,-0.09106469,
0.07382091,-0.4193434,-0.09060485,
0.07346389,-0.4206159,-0.09005102,
0.07267387,-0.4222928,-0.09003302,
0.07170544,-0.4225476,-0.09026666,
0.07140705,-0.4221798,-0.09086158,
0.07129477,-0.4228886,-0.09089916,
0.07118671,-0.4238113,-0.09110409,
0.07118671,-0.4238113,-0.09110409,
0.07174864,-0.4245409,-0.09145673,
0.07157283,-0.4249308,-0.09145205,
0.07141612,-0.4260705,-0.09123784,
0.07035437,-0.4266203,-0.09152368,
0.06979457,-0.4269194,-0.09170185,
0.06975786,-0.4275564,-0.09147753,
0.06963059,-0.4281989,-0.09131868,
0.07009235,-0.4280635,-0.09112351,
0.06998256,-0.4287126,-0.09081602,
0.06978735,-0.4289668,-0.09071912,
0.06951048,-0.4292065,-0.09070536,
0.06890438,-0.4291714,-0.09148148,
0.06829724,-0.4294522,-0.09183656,
0.06796379,-0.4293236,-0.09208147,
0.06806592,-0.4296517,-0.09184242,
0.0679553,-0.4295704,-0.09228841,
0.06799451,-0.4298787,-0.09257714,
0.06872754,-0.4299715,-0.09275336,
0.06919376,-0.4301791,-0.0927707,
0.06860495,-0.4302724,-0.09296399,
0.0683035,-0.4300297,-0.09303283,
0.06851421,-0.4285421,-0.09272487,
0.06896424,-0.4289042,-0.0928693,
0.06903029,-0.429463,-0.0929633,
0.06964934,-0.4298569,-0.09335328,
0.06962744,-0.4302227,-0.09353922,
0.06967618,-0.4308345,-0.09392008,
0.07008144,-0.4304713,-0.0937512,
0.07026105,-0.4306294,-0.09383469,
0.0710837,-0.429718,-0.09408317,
0.07186901,-0.4290951,-0.09440422,
0.07192363,-0.4292997,-0.09439635,
0.07147647,-0.4302579,-0.09434505,
0.07119364,-0.4303315,-0.09447227,
0.07020564,-0.4295371,-0.09472817,
0.0699707,-0.4290836,-0.09494971,
