0.08167128,-0.343372,0.05668707,
0.09118532,-0.3845982,0.05124106,
0.1077834,-0.3999293,0.05195503,
0.1538876,-0.4033212,0.05629378,
0.1760232,-0.3919881,0.05808656,
0.1871,-0.3623717,0.0630777,
0.2002052,-0.3428279,0.06336001,
0.2242893,-0.3329958,0.07192236,
0.2275429,-0.322247,0.07262939,
0.2244217,-0.3161115,0.07570677,
0.2192019,-0.3213082,0.07802502,
0.2035386,-0.3468714,0.08897939,
0.1805108,-0.3864027,0.09791424,
0.1668217,-0.4072835,0.1027134,
0.1515677,-0.4256698,0.1070443,
0.1239342,-0.4482279,0.1035324,
0.1018664,-0.4385791,0.1068882,
0.09657606,-0.4234057,0.1083631,
0.09518975,-0.3796709,0.111471,
0.09691169,-0.2613937,0.09137598,
0.105675,-0.2017409,0.08481925,
0.1155599,-0.1454767,0.07737572,
0.1212676,-0.1218734,0.07383811,
0.1189646,-0.06713694,0.06090141,
0.1219056,-0.0543859,0.05617624,
0.1232572,-0.04337849,0.04931443,
0.123514,-0.03919367,0.04837067,
0.1210877,-0.04709978,0.04843856,
0.1169332,-0.05981296,0.04960214,
0.1099908,-0.09449336,0.05294786,
0.09242332,-0.1403407,0.06458852,
0.09003282,-0.1954382,0.06824791,
0.08948635,-0.2296607,0.07494617,
0.09141283,-0.2626959,0.07901099,
0.1069998,-0.3435991,0.08718999,
0.1211494,-0.3670155,0.08885875,
0.1549567,-0.3940495,0.09234033,
0.1549567,-0.3940495,0.09234033,
0.2102092,-0.3644147,0.08400624,
0.2254485,-0.3458149,0.08365326,
0.2428622,-0.2997931,0.09482597,
0.2509837,-0.2807819,0.09486675,
0.2578026,-0.2527303,0.09442078,
0.2565835,-0.2459624,0.09503598,
0.2585589,-0.2504244,0.08586007,
0.2437391,-0.2624854,0.08979953,
0.232828,-0.2742702,0.09284117,
0.2013781,-0.3066704,0.05851427,
0.1683826,-0.3429054,0.06423032,
0.1509648,-0.359034,0.066062,
0.1282835,-0.3902027,0.05167397,
0.1028014,-0.3806426,0.05197423,
0.09587856,-0.3639188,0.05246157,
0.09327935,-0.3213776,0.05456823,
0.09305869,-0.2875768,0.05433106,
0.09639183,-0.212739,0.05010707,
0.09935381,-0.1745469,0.04554218,
0.08644716,-0.1012902,0.02672655,
0.08969089,-0.07349256,0.01988198,
0.09303916,-0.03641015,0.009554157,
