0.1611977,-0.07889946,-0.02205464,
0.1554105,-0.1169221,-0.009626622,
0.1392888,-0.1507935,-0.0150602,
0.1258016,-0.2479882,0.002888202,
0.1150154,-0.2834942,-0.008526078,
0.09870255,-0.3650282,-0.001228343,
0.07937253,-0.3824815,0.003335079,
0.07226277,-0.3684828,0.0008906807,
0.07092581,-0.348815,0.0005242624,
0.0758466,-0.3000984,-0.01745045,
0.08078456,-0.2413876,-0.03047718,
0.08876092,-0.2163075,-0.03425573,
0.1069062,-0.1873779,-0.0434019,
0.1201513,-0.1793966,-0.04466747,
0.1286628,-0.1778626,-0.04781422,
0.1552578,-0.1994488,-0.04429875,
0.1814143,-0.2431617,-0.04189663,
0.1956227,-0.2724576,-0.0337898,
0.2316574,-0.3254125,-0.03336026,
0.2478413,-0.3414242,-0.03513213,
0.2668678,-0.3473358,-0.03665167,
0.2926406,-0.3202561,-0.04178823,
0.302373,-0.2913892,-0.04718552,
0.3085155,-0.242569,-0.05691033,
0.3125218,-0.1959002,-0.06456805,
0.3127852,-0.1791607,-0.0674777,
0.3013608,-0.1838892,-0.05323365,
0.2975727,-0.1857604,-0.04927151,
0.2872976,-0.2057835,-0.04230224,
0.2807569,-0.2231039,-0.03620375,
0.26808,-0.2392204,-0.03065329,
0.2434119,-0.2720066,-0.01601943,
0.2238662,-0.2538095,-0.008537596,
0.2219479,-0.2305644,-0.009432746,
0.206901,-0.1570562,-0.01517788,
0.2002106,-0.1195643,-0.02140219,
0.1972001,-0.06057112,-0.03811238,
0.1951719,-0.03658827,-0.04534693,
0.1934358,-0.01903705,-0.0501817,
0.189745,-0.001797095,-0.05853289,
0.1877133,-0.0009993613,-0.06015719,
0.1811103,-0.01773041,-0.05632165,
0.1757596,-0.05880927,-0.0471257,
0.1599946,-0.0886565,-0.0432923,
0.1525246,-0.1272542,-0.03695285,
0.1333018,-0.2249169,-0.02472655,
0.1000904,-0.3227773,-0.02536553,
0.08562458,-0.3622165,-0.0245893,
0.07390494,-0.3844309,-0.02604228,
0.06939529,-0.3907183,-0.03242604,
0.0702251,-0.3396247,-0.03814865,
0.08199745,-0.3183683,-0.04150997,
0.1044787,-0.2743166,-0.04360046,
0.1173768,-0.2565211,-0.04608738,
0.1453437,-0.2386507,-0.04613126,
0.1585545,-0.2403378,-0.04684049,
0.1814988,-0.2634923,-0.05078757,
0.1940947,-0.2843602,-0.05164355,
0.2152196,-0.3422415,-0.05319387,
0.2310541,-0.3699683,-0.05786557,
