0.1100794,-0.07305161,0.2261989,
0.1093627,-0.07333668,0.2260154,
0.1093733,-0.07148171,0.2263299,
0.1072158,-0.07038004,0.2263197,
0.1071232,-0.06915849,0.2264755,
0.1057795,-0.06652345,0.2267989,
0.107294,-0.06402567,0.2271793,
0.1080628,-0.06298525,0.2273266,
0.10473,-0.06116244,0.2262205,
0.1050935,-0.05853461,0.2258532,
0.1034915,-0.05619567,0.2258938,
0.1024925,-0.05167956,0.2248454,
0.1030365,-0.04878913,0.2241473,
0.1034122,-0.04763457,0.2237553,
0.1031532,-0.0454891,0.2224509,
0.1037585,-0.04438137,0.2218181,
0.1039361,-0.04398634,0.2215253,
0.1029606,-0.04372271,0.2215567,
0.1026953,-0.04369102,0.2210721,
0.102019,-0.04307473,0.2215284,
0.1018746,-0.04333947,0.2213986,
0.1009134,-0.04261799,0.2222888,
0.1008276,-0.04388678,0.2222395,
0.1014281,-0.04381749,0.2223809,
0.1016097,-0.04504827,0.2223632,
0.1016956,-0.04548188,0.2222135,
0.1029067,-0.04536457,0.2228932,
0.1031708,-0.0454942,0.2227619,
0.1027991,-0.04528403,0.2224144,
0.10257,-0.04534869,0.2218921,
0.102473,-0.0457717,0.2215761,
0.1023242,-0.04588009,0.2213173,
0.1011771,-0.04612651,0.2211092,
0.1010982,-0.04632607,0.2208961,
0.1006173,-0.04559313,0.2205397,
0.1005566,-0.04552465,0.2203966,
0.100896,-0.04542417,0.2200071,
0.1006657,-0.04476716,0.21927,
0.1007167,-0.04487858,0.2194237,
0.1005227,-0.04448077,0.2189748,
0.1007232,-0.04486778,0.2196107,
0.1017605,-0.04424587,0.2192268,
0.1027655,-0.04408001,0.2192061,
0.1034953,-0.04271557,0.2152264,
0.1037943,-0.04225736,0.214444,
0.1035131,-0.04177835,0.2133791,
0.1037316,-0.04183119,0.2135767,
0.1035423,-0.04196439,0.213301,
0.1030101,-0.04212283,0.213175,
0.102863,-0.04235306,0.2130021,
0.1020913,-0.04237458,0.2130947,
0.1024484,-0.04261545,0.2139678,
0.1026328,-0.04287022,0.21388,
0.1033999,-0.04345242,0.2134449,
0.104084,-0.04425073,0.2145397,
0.1045609,-0.04467633,0.2143101,
0.1058705,-0.04544124,0.214002,
0.104624,-0.04432093,0.2116463,
0.1048019,-0.04438883,0.211882,
0.104686,-0.04403068,0.2119263,
