0.2016374,-0.1719589,0.02907663,
0.1875686,-0.189225,0.03512795,
0.1731038,-0.2125272,0.04146088,
0.1445819,-0.265818,0.05174647,
0.1328948,-0.2906549,0.05591885,
0.1121911,-0.322348,0.0607352,
0.08652855,-0.3210019,0.04581421,
0.06865337,-0.3086402,0.04678863,
0.06333122,-0.2981727,0.0488916,
0.05809489,-0.269195,0.02810797,
0.05479626,-0.2169565,0.03043112,
0.05362504,-0.1783948,0.03027177,
0.05164331,-0.08381209,0.02282994,
0.04693624,-0.03834066,0.004791144,
0.04590812,0.006869256,-0.00465351,
0.04560315,0.04707859,-0.01747272,
0.03466706,0.1007686,-0.05648186,
0.03231551,0.103408,-0.06366413,
0.02977382,0.09578355,-0.06708087,
0.02203085,0.07612185,-0.066513,
0.01238102,-0.002952218,-0.05403611,
0.00933257,-0.0415481,-0.0448518,
-0.005966395,-0.1290129,-0.03639441,
-0.003588252,-0.2351635,-0.01723368,
0.0006596851,-0.2860059,-0.01247772,
0.00267135,-0.3291883,-0.01144267,
-0.001385782,-0.3579129,-0.01006863,
-0.002774962,-0.3321595,-0.01106203,
-0.004948435,-0.3040843,-0.01150066,
-0.01184959,-0.2774458,-0.01278463,
-0.02091961,-0.2470575,-0.01644635,
-0.04325806,-0.2049825,-0.02773782,
-0.0578888,-0.1956694,-0.03280217,
-0.09295618,-0.2047804,-0.03714329,
-0.1283766,-0.2507209,-0.04314517,
-0.1699652,-0.3084148,-0.05791739,
-0.1756858,-0.3234726,-0.0622237,
-0.1993251,-0.3328596,-0.07482892,
-0.2340562,-0.3140493,-0.0977302,
-0.2435214,-0.2910849,-0.1084346,
-0.2443077,-0.2421742,-0.1205288,
-0.2085104,-0.2103793,-0.09298068,
-0.175296,-0.1651319,-0.08585092,
-0.1369034,-0.148331,-0.07596658,
-0.1141948,-0.1484125,-0.07024696,
-0.0888999,-0.1535571,-0.06466793,
-0.04833753,-0.1545745,-0.03701266,
-0.0207107,-0.1704726,-0.03293724,
0.07032029,-0.2496714,-0.02984706,
0.1042921,-0.2809607,-0.03194597,
0.1412945,-0.3086017,-0.04002592,
0.1786572,-0.336081,-0.03941522,
0.2472438,-0.3431265,-0.05077559,
0.2995321,-0.2969511,-0.04301327,
0.3146306,-0.2728881,-0.04768322,
0.3217827,-0.1983505,-0.04987917,
0.3127534,-0.1824774,-0.04702752,
0.3005024,-0.1725832,-0.04378913,
0.2723481,-0.1779647,-0.009697702,
0.258202,-0.1929687,-0.001155378,
