0.4927827835083008,0.12409820556640626,-0.046559694409370425,-0.11868353933095932,0.05018428713083267,0.17697465419769287,
0.574261474609375,0.14646694660186768,0.022143825888633728,-0.11249168962240219,-0.11539775878190994,0.06285819411277771,
0.6426326751708985,0.172607421875,0.08386742472648621,-0.1173519641160965,-0.12951251864433289,-0.040072984993457794,
0.6583615779876709,0.1781780004501343,0.06155391335487366,-0.10396957397460938,0.003911859821528196,-0.0732293426990509,
0.5352077484130859,0.19634742736816407,0.08494070172309875,-0.06049346923828125,0.08234195411205292,-0.1346151977777481,
0.4630255699157715,0.18516254425048828,0.12645727396011353,-0.046445295214653015,-0.04056292772293091,-0.22150082886219025,
0.3821707010269165,0.1515002727508545,0.11803389787673951,-0.04990740492939949,-0.14356069266796112,-0.27556300163269043,
0.18152568340301514,0.09384317994117737,0.09161429405212403,-0.065620057284832,-0.1079409047961235,-0.3001306653022766,
0.08882360458374024,0.07618536949157716,0.06415974497795106,-0.07680533081293106,-0.0068073635920882225,-0.2922743260860443,
0.006300128251314163,0.04251732230186463,0.06474860310554505,-0.052703723311424255,0.016362138092517853,-0.27329930663108826,
-0.08083249926567078,-0.0019916377961635592,0.11941968202590943,-0.03419475257396698,-0.03177449852228165,-0.2579861581325531,
-0.20110931396484377,-0.04415204823017121,0.14442321062088012,-0.025672638788819313,-0.1060766950249672,-0.24979692697525024,
-0.2396418571472168,-0.042894905805587774,0.14781110286712648,-0.02613869123160839,-0.10048405826091766,-0.21317845582962036,
-0.29980292320251467,-0.04153748154640198,0.12907563447952272,-0.04291660711169243,-0.033438973128795624,-0.16983550786972046,
-0.35289573669433594,-0.03946886360645294,0.08602639436721803,-0.04364897683262825,0.03140899911522865,-0.11217807233333588,
-0.40160651206970216,-0.05304255485534668,0.11692672967910767,-0.02806948311626911,0.025816360488533974,-0.03334850072860718,
-0.4589091777801514,-0.06284315586090088,0.14255808591842653,-0.00916103832423687,-0.0026794634759426117,0.026972096413373947,
-0.47643909454345706,-0.06644637584686279,0.15456840991973878,0.005153452977538109,-0.014597109518945217,0.058264244347810745,
-0.4261697292327881,-0.05493727922439576,0.13753721714019776,-0.00243655638769269,-0.008138943463563919,0.1121266707777977,
-0.4391359806060791,-0.04594344198703766,0.1189438819885254,-0.0008386597619391978,-0.004210781306028366,0.16658832132816315,
-0.44526014328002933,-0.03949938118457794,0.1270477294921875,0.018204830586910248,0.0010485206730663776,0.2213865965604782,
-0.4000701904296875,-0.03290548920631409,0.16222611665725709,0.04104143753647804,0.0073069497011601925,0.28550219535827637,
-0.35429794788360597,-0.021400292217731477,0.1844624400138855,0.06654120981693268,0.001447994727641344,0.3206559121608734,
-0.2644216537475586,-0.02210498154163361,0.19420634508132936,0.08931123465299606,0.03626882657408714,0.3508162200450897,
-0.04148359298706055,-0.025800296664237977,0.17151004076004028,0.10236072540283203,0.11869366466999054,0.37917888164520264,
0.10996822118759156,-0.03697863519191742,0.14285268783569335,0.1424413025379181,0.07867967337369919,0.32864540815353394,
0.2724433183670044,-0.025712794065475466,0.1628408432006836,0.16587711870670319,0.07282071560621262,0.2333042323589325,
0.6207562446594239,0.1207316517829895,-0.013882561028003693,0.10815310478210449,0.1256178766489029,0.10474013537168503,
0.7283134460449219,0.1998423457145691,-0.13431494235992433,0.06813910603523254,0.06230122596025467,-0.024955816566944122,
0.7339540004730225,0.22842724323272706,-0.08220164179801942,0.07859200984239578,-0.009271228685975075,-0.12036356329917908,
0.7010649204254151,0.1816701650619507,0.02595388889312744,0.11447811126708984,-0.002080693608149886,-0.21756894886493683,
0.6162161827087402,0.16842023134231568,0.01561126857995987,0.1184062734246254,0.053446214646101,-0.28621193766593933,
0.5191695690155029,0.15251355171203615,-0.04232744872570038,0.10016361624002457,0.05544358491897583,-0.3377440869808197,
0.32186346054077153,0.03566864430904389,-0.10792531967163087,0.07046937197446823,-0.003878327552229166,-0.390807569026947,
0.21537466049194337,0.007087415456771851,-0.10317347049713135,0.046234600245952606,-0.04089626669883728,-0.43561527132987976,
0.10510369539260865,-0.028088417649269105,-0.08880366683006287,0.03984301537275314,-0.03596942126750946,-0.4354155361652374,
-0.16722500324249268,-0.08822473883628845,-0.04220528602600098,0.03012247569859028,0.006374842952936888,-0.3972657322883606,
-0.26438336372375487,-0.10396692752838135,-0.059421163797378544,0.009949030354619026,0.04785357788205147,-0.3430038392543793,
-0.34967846870422364,-0.11168978214263917,-0.07152108550071716,-0.004498618189245462,0.0516485832631588,-0.2948671877384186,
-0.4294573783874512,-0.1345737338066101,-0.035938745737075804,-0.01302229706197977,0.013832059688866138,-0.24526891112327576,
-0.4695204257965088,-0.13948501348495485,-0.005849306657910347,-0.014686772599816322,-0.024850357323884964,-0.17709198594093323,
-0.5121438026428223,-0.16616220474243165,0.003957391530275345,0.004554567392915487,-0.023651935160160065,-0.11816953867673874,
-0.5315784454345703,-0.16403223276138307,0.03420913219451904,0.013542735949158669,0.002313887467607856,-0.05611788481473923,
-0.5568699836730957,-0.1620814561843872,0.02664919495582581,0.01048010028898716,0.035803139209747314,0.02637352980673313,
-0.5565183162689209,-0.1662084460258484,0.021547269821166993,0.009614572860300541,0.0230865441262722,0.0860949233174324,
-0.5593280792236328,-0.15822283029556275,0.019304519891738894,0.01873590052127838,-0.009603758342564106,0.14941157400608063,
-0.5290385723114014,-0.1293734312057495,0.01975609064102173,0.03311697021126747,-0.026115357875823975,0.21033138036727905,
-0.5183077812194824,-0.10611226558685304,0.013820433616638185,0.03158565238118172,-0.006940597668290138,0.2659914493560791,
-0.49995102882385256,-0.09555160999298096,-0.019758568704128267,-0.009427029639482498,0.035137347877025604,0.34388890862464905,
-0.505321741104126,-0.07800539135932923,-0.07719060182571412,-0.02893468551337719,0.03373918682336807,0.390028178691864,
-0.4753298282623291,-0.07300889492034912,-0.09953635334968568,-0.02081204392015934,-0.0277798343449831,0.4234508275985718,
-0.3619599580764771,-0.10944041013717652,-0.027877119183540345,-0.0051659708842635155,-0.10414597392082214,0.4574061334133148,
-0.2562525510787964,-0.09859960079193116,-0.048855906724929815,-0.06122551113367081,0.023952070623636246,0.4687911570072174,
-0.09508158564567566,-0.07031291127204896,-0.14514769315719606,-0.12460874766111374,0.1145661324262619,0.4789111614227295,
0.22324814796447756,-0.06574245095252991,-0.18322104215621948,-0.13492849469184875,-0.14009864628314972,0.35720470547676086,
0.4623309135437012,-0.0614740252494812,-0.03988277316093445,-0.1081637293100357,-0.19136449694633484,0.21459244191646576,
0.6975648880004883,0.029433295130729675,0.02582713067531586,-0.11675242334604263,-0.08430542796850204,0.13689471781253815,
0.7044090747833253,0.19786694049835207,-0.08108569979667664,-0.15769852697849274,0.08127661794424057,0.0836314931511879,
