0.12060751914978028,-0.0752888023853302,-0.31206803321838383,-0.11703167855739594,-0.03893785551190376,0.34003573656082153,
0.2327190637588501,-0.07296656966209412,-0.1957453489303589,-0.09645876288414001,0.021715637296438217,0.3420330882072449,
0.3520483493804932,-0.0337733268737793,-0.1333968758583069,-0.08394189924001694,-0.0067801871336996555,0.2675977349281311,
0.4888465404510498,-0.00831625908613205,-0.09305902719497681,-0.08640532940626144,-0.06596894562244415,0.19023293256759644,
0.5527767658233643,0.11318931579589844,-0.169271719455719,-0.15245172381401062,-0.024223892018198967,0.11260177940130234,
0.5398335456848145,0.14983373880386353,-0.17782762050628664,-0.162638321518898,-0.01889757066965103,0.05208143964409828,
0.5449261188507081,0.16653716564178467,-0.08646016716957093,-0.15474934875965118,-0.07724969834089279,-0.022131111472845078,
0.47575950622558594,0.14020835161209108,0.0013164681382477285,-0.1481580287218094,-0.11247000098228455,-0.09656646847724915,
0.40569643974304204,0.10860837697982789,0.021297913789749146,-0.1397690623998642,-0.06619757413864136,-0.12646044790744781,
0.31037180423736577,0.09180705547332764,0.04986958205699921,-0.1445627510547638,-0.01566409319639206,-0.1414407193660736,
0.11774097681045533,0.04937585890293122,0.09436769485473634,-0.12452246248722076,-0.018393835052847862,-0.1486312597990036,
0.03551936149597168,0.019427193701267245,0.15037276744842532,-0.09269768744707108,-0.050484925508499146,-0.15209336578845978,
-0.024646067619323732,-0.003956308215856553,0.17700265645980837,-0.05721106380224228,-0.04948624223470688,-0.1497631072998047,
-0.15284593105316163,-0.03295160531997681,0.14982433319091798,-0.058209747076034546,-0.005277765449136496,-0.11514201760292053,
-0.21823744773864748,-0.048730820417404175,0.1522973656654358,-0.03484050929546356,0.003710403572767973,-0.08038776367902756,
-0.25157780647277833,-0.06125743389129639,0.19786356687545778,-0.003681524656713009,-0.0058769769966602325,-0.05548720806837082,
-0.3109742164611817,-0.07922645807266236,0.16387579441070557,0.003375852480530739,-0.00541092362254858,-0.01846926659345627,
-0.349566125869751,-0.08741387724876404,0.14268516302108766,-0.0042807357385754585,-0.0034801315050572157,0.016218407079577446,
-0.35903794765472413,-0.08846893906593323,0.1612502932548523,0.020752979442477226,0.0017796115716919303,0.043648965656757355,
-0.3555786609649658,-0.09132151007652284,0.1954584836959839,0.06582698225975037,0.025282008573412895,0.09551402926445007,
-0.3529296636581421,-0.10279906988143922,0.17449841499328614,0.08386989682912827,0.0539109893143177,0.13612724840641022,
-0.3200062990188599,-0.1111454963684082,0.1596526622772217,0.10783834755420685,0.0406617633998394,0.14884383976459503,
-0.17045125961303711,-0.05977143049240113,0.1333741545677185,0.10171307623386383,0.031540438532829285,0.1377917230129242,
-0.025323304533958438,0.014975909888744355,0.03243134021759033,0.0503806471824646,0.08553603291511536,0.11568747460842133,
0.10160419940948487,0.07830380201339722,0.015579178929328918,0.08340312540531158,0.0844043493270874,0.11868211627006531,
0.3300562143325806,0.13095471858978272,0.0778765082359314,0.12887659668922424,0.07448407262563705,0.09178419411182404,
0.47187623977661136,0.17375787496566775,-0.013731087744235993,0.11016789078712463,0.07814592123031616,0.013953307643532753,
0.5559192180633545,0.24096438884735108,-0.11076689958572389,0.08513417840003967,0.05724010616540909,-0.05968309938907623,
0.5879117965698243,0.1832878351211548,-0.1634242057800293,0.07295021414756775,0.01855769008398056,-0.1425739824771881,
0.550079345703125,0.13767307996749878,-0.13170552253723145,0.09085997194051743,0.04838509485125542,-0.21621039509773254,
0.4653005123138428,0.10263830423355103,-0.13773750066757204,0.08906234055757523,0.05963695049285889,-0.23931331932544708,
0.32769303321838383,0.06526285409927368,-0.14476089477539064,0.0588354617357254,0.058371949940919876,-0.2622830867767334,
0.22616283893585207,0.037722563743591314,-0.17536100149154665,0.032137271016836166,0.04026245325803757,-0.2906457483768463,
0.05404477715492249,-0.04736592769622803,-0.10920598506927491,0.021884098649024963,0.03213981166481972,-0.2935752272605896,
-0.04266377389431,-0.0842058300971985,-0.07748353481292725,0.048249393701553345,0.015361896716058254,-0.26967334747314453,
-0.18394325971603395,-0.0967591941356659,-0.04108994007110596,0.03340227156877518,0.04292561486363411,-0.23718278110027313,
-0.20828073024749758,-0.10193543434143067,-0.08688291907310486,0.01788935624063015,0.04805219918489456,-0.2044924795627594,
-0.2615957498550415,-0.12008918523788453,-0.06782437562942505,0.0184885673224926,0.02295190654695034,-0.17892614006996155,
-0.35006041526794435,-0.1330338478088379,-0.05817017555236817,0.013295403681695461,-0.009072607383131981,-0.12786002457141876,
-0.3875217914581299,-0.14101501703262329,-0.04819964468479157,0.009300662204623222,-0.002081809099763632,-0.08318549394607544,
-0.41634731292724614,-0.15208289623260499,-0.04238766729831696,0.017623040825128555,0.009502941742539406,-0.03804491460323334,
-0.4720169067382813,-0.16999971866607666,-0.0397854745388031,0.01855514757335186,0.0039103031158447266,0.021143842488527298,
-0.49642324447631836,-0.1811121106147766,-0.037439155578613284,0.035732537508010864,-0.036836061626672745,0.08306233584880829,
-0.5053255558013916,-0.16741937398910522,-0.02544527053833008,0.038130369037389755,-0.05408025160431862,0.12966959178447723,
-0.5046966552734375,-0.1484587550163269,-0.053654837608337405,0.024148771539330482,-0.03983234241604805,0.17987017333507538,
-0.4717298030853272,-0.15078520774841309,-0.11226428747177125,0.013496127910912037,0.005308240652084351,0.25909924507141113,
-0.43011527061462407,-0.1470592737197876,-0.1033245325088501,0.021951664239168167,0.0015132362022995949,0.30370718240737915,
-0.3678515434265137,-0.12875691652297974,-0.08771830201148988,0.017357710748910904,-0.0056107197888195515,0.32700982689857483,
-0.19218391180038452,-0.08261228203773499,-0.21056339740753174,-0.03557261452078819,-0.03783496841788292,0.33979302644729614,
-0.05775116086006165,-0.07156381607055665,-0.22437474727630616,-0.06040659174323082,-0.04016523435711861,0.3483816981315613,
0.06065472364425659,-0.07222703099250793,-0.19141151905059817,-0.09089978784322739,-0.005410982761532068,0.33912721276283264,
0.3671330213546753,-0.013179230690002442,-0.12946085929870607,-0.08703820407390594,-0.06766237318515778,0.23905892670154572,
0.5074639797210694,0.04115491509437561,-0.084982168674469,-0.09476137161254883,-0.08563870936632156,0.1654891073703766,
0.5536312103271485,0.0959513783454895,-0.1652000904083252,-0.13637326657772064,-0.006542826071381569,0.10743218660354614,
0.5846378803253174,0.13674994707107543,-0.19513511657714844,-0.1522856503725052,0.007771664764732122,0.04438185319304466,
