0.6857332706451417,-0.21404504776000977,-0.6081892967224122,-0.7818998694419861,0.13486741483211517,0.6762501001358032,
1.5729884147644044,-0.04131685793399811,-0.30929644107818605,-0.3461401164531708,0.2841376066207886,0.32497912645339966,
1.6452632904052735,0.2919742584228516,1.56604642868042,0.3885594606399536,0.06003258377313614,-0.2073867917060852,
1.2649085044860842,0.1728553056716919,1.1238523483276368,0.4022747576236725,-0.1291850060224533,-0.2839526832103729,
0.4621846675872803,0.13502942323684694,0.29254305362701416,0.19521395862102509,-0.02126040682196617,-0.23841261863708496,
-0.08433039188385011,0.014356255531311035,-0.2732114315032959,0.09847463667392731,0.04145703464746475,-0.22529655694961548,
-0.19727448225021363,-0.07330147027969361,-0.1405305504798889,0.10380095988512039,-0.017798297107219696,-0.18308544158935547,
-0.30706205368041994,-0.14652018547058107,-0.05853390097618103,0.08296172320842743,-0.06407071650028229,-0.11444246768951416,
-0.39931797981262207,-0.18277883529663086,-0.05463606715202332,0.050138261169195175,-0.07372467964887619,-0.05372238904237747,
-0.4688194274902344,-0.20907235145568848,-0.04030809700489044,0.019245591014623642,-0.09150128066539764,0.03762403503060341,
-0.47098908424377445,-0.21566498279571533,0.004846245050430298,0.009192158468067646,-0.11447104811668396,0.09208568185567856,
-0.4429381370544434,-0.22086246013641359,0.03207196593284607,-0.026827096939086914,-0.09196733683347702,0.15933048725128174,
-0.31455230712890625,-0.16799277067184448,0.01573503613471985,-0.07243373245000839,-0.07731994986534119,0.23057004809379578,
-0.11479829549789429,-0.10452477931976319,0.025056275725364688,-0.10099613666534424,-0.054017290472984314,0.1825665831565857,
0.20417411327362062,-0.04748415946960449,0.10694671869277955,-0.03601500019431114,0.004439097363501787,0.08163277804851532,
0.41280689239501955,0.016644398868083953,0.2500722646713257,0.030697183683514595,0.04378730058670044,0.01338927075266838,
0.2946335315704346,0.09850077629089356,0.21306405067443848,0.04348035901784897,0.04951309785246849,-0.020898928865790367,
0.19673169851303102,0.0808444082736969,0.11353157758712769,0.03788924589753151,0.04032479599118233,-0.04253441095352173,
0.08578262329101563,0.06217314004898072,0.06492101550102235,0.04428083449602127,0.023280568420886993,-0.03720809146761894,
-0.08778960704803468,0.011457023769617082,0.03283490836620331,0.04428083449602127,-0.0037505177315324545,-0.0171012245118618,
-0.13728666305541992,-0.01502378433942795,0.015250529348850251,0.02537238784134388,-0.01826474629342556,7.616449147462845e-05,
-0.17897884845733644,-0.042441725730895996,-0.00051713683642447,0.006397365592420101,-0.03277897462248802,0.03070252016186714,
-0.23217988014221191,-0.08708351850509644,0.03390767574310303,0.01199000421911478,-0.06200717017054558,0.06186150386929512,
-0.24128892421722414,-0.10808684825897218,0.07365186214447021,0.06112532690167427,-0.10135537385940552,0.07597625255584717,
-0.2576773166656494,-0.12163656949996948,0.0956477165222168,0.0889553651213646,-0.08950430154800415,0.0816354751586914,
-0.2831867218017578,-0.12686071395874024,0.06460766792297364,0.0649203360080719,-0.021527117118239403,0.08835995197296143,
-0.20904123783111572,-0.06550692915916444,-0.09717159271240235,-0.13894465565681458,0.15397518873214722,0.13489870727062225,
0.12025115489959717,0.08955518603324891,-0.16249287128448486,-0.4154473543167114,0.2922598421573639,-0.5169765949249268,
1.236552429199219,0.3122769117355347,-0.1498781204223633,-0.4086562991142273,0.40877315402030945,-1.1090638637542725,
1.337455463409424,0.30183033943176274,0.5985012531280518,0.030898448079824448,0.30843856930732727,-0.8863570690155029,
0.27126893997192386,0.40408329963684086,0.6878933906555176,0.19747917354106903,0.12088542431592941,-0.8671823143959045,
0.32609181404113774,0.19548668861389162,0.43817939758300783,0.21685367822647095,0.12647806107997894,-0.7884858846664429,
0.0022078949958086016,-0.18100759983062745,-0.002458898536860943,0.2201826274394989,0.17927522957324982,-0.6080567240715027,
-0.04237591028213501,-0.3619709491729737,-0.04858376979827881,0.2473468780517578,0.12135148048400879,-0.48608389496803284,
-0.07718411087989807,-0.4428153514862061,0.004634791985154152,0.25786635279655457,0.10903435945510864,-0.4250974953174591,
-0.022173118591308594,-0.49526624679565434,0.0014401611872017384,0.26166054606437683,0.0966508612036705,-0.38501834869384766,
-0.03852211833000183,-0.49169602394104006,0.019391106069087984,0.2637910842895508,0.01362681481987238,-0.31091591715812683,
-0.10887070894241334,-0.4666458606719971,0.040037047863006596,0.23789183795452118,-0.021793227642774582,-0.22968947887420654,
-0.15799442529678345,-0.3821125507354737,0.020580069720745088,0.17517440021038055,0.004239172674715519,-0.1445349007844925,
-0.15315837860107423,-0.32677621841430665,0.004473689198493958,0.09268298000097275,0.0340665765106678,-0.07436060160398483,
-0.15162078142166138,-0.2842585325241089,-0.0411911815404892,0.053933992981910706,0.010098126716911793,-0.0069160470739007,
-0.15547302961349488,-0.2330509901046753,-0.007053147256374359,0.04361424222588539,0.002241801470518112,0.017585035413503647,
-0.053508567810058597,-0.18151690959930422,0.031243905425071716,0.006463144905865192,0.010364443063735962,0.028171099722385406,
-0.041850581765174866,-0.1669687867164612,0.015777409076690674,-0.04114086180925369,-0.009276370517909527,0.06705325841903687,
-0.08504279851913453,-0.13574327230453492,0.006531118601560593,-0.07110142707824707,0.004971541929990053,0.10293935239315033,
-0.08923693299293518,-0.11699342727661133,0.04101275205612183,-0.06996957957744598,0.02274814248085022,0.15007729828357697,
-0.09470472931861879,-0.12016875743865968,0.06683619618415833,-0.06817194819450378,0.01908629573881626,0.18543076515197754,
-0.10158947706222535,-0.13556318283081056,0.07316359877586365,-0.08122143894433975,0.009831810370087624,0.19168919324874878,
-0.04655674397945404,-0.2420907497406006,0.02745020091533661,-0.10592225939035416,-0.037039823830127716,0.22704266011714935,
-0.09692635536193848,-0.27980618476867675,0.009840548038482666,-0.14993099868297577,-0.05315195024013519,0.3024100959300995,
-0.14846813678741455,-0.31309061050415044,-0.006112006679177284,-0.20559106767177582,-0.05102141946554184,0.37558045983314514,
-0.166465961933136,-0.3965415954589844,-0.03317788243293762,-0.2332213670015335,-0.06440380960702896,0.48816558718681335,
-0.1661204695701599,-0.4281181335449219,0.0019542904570698737,-0.2037268579006195,-0.11959782242774963,0.686970591545105,
-0.26184070110321045,-0.46881179809570317,0.015196225047111512,-0.12915833294391632,-0.2186674177646637,1.0257912874221802,
-0.6775943756103516,-0.5114086627960205,0.0074704475700855255,-0.15552565455436707,-0.207681342959404,1.2773898839950562,
-0.09909378290176392,-0.47002239227294923,-0.30310649871826173,-0.7250427007675171,0.10271008312702179,0.7209222912788391,
