0.5846378803253174,0.13674994707107543,-0.19513511657714844,-0.1522856503725052,0.007771664764732122,0.04438185319304466,
0.5944581508636475,0.13869503736495972,-0.014632973074913026,-0.11127297580242157,-0.06906053423881531,-0.06274380534887314,
0.5032774925231934,0.1330769419670105,0.00896485447883606,-0.12385641038417816,-0.06393394619226456,-0.0980306938290596,
0.3770058393478394,0.13318614959716799,-0.037543106079101565,-0.13604037463665009,-0.03430628031492233,-0.12792466580867767,
0.21895477771759034,0.10142223834991455,0.014351612329483033,-0.14542801678180695,-0.033241018652915955,-0.14789839088916779,
0.11534005403518677,0.05284639596939087,0.057367372512817386,-0.12938247621059418,-0.06226947531104088,-0.16008234024047852,
0.049333661794662476,0.02077603489160538,0.1328068256378174,-0.1000211164355278,-0.07784896343946457,-0.16314497590065002,
-0.012895157933235169,-0.0009648422710597515,0.16074751615524294,-0.0813789889216423,-0.063601054251194,-0.15555498003959656,
-0.16420539617538454,-0.04929914772510529,0.16681325435638428,-0.06679818034172058,-0.022521793842315674,-0.11207886785268784,
-0.22350757122039797,-0.06060729026794434,0.18835644721984865,-0.03550603613257408,-0.006209930870682001,-0.08384936302900314,
-0.24341163635253907,-0.06003546118736267,0.2217729091644287,-0.01100495457649231,-0.004811771679669619,-0.06627249717712402,
-0.31658639907836916,-0.08244001865386963,0.19914411306381227,0.01396218128502369,-0.029978644102811813,-0.02346217818558216,
-0.35191571712493896,-0.0848928451538086,0.19499534368515015,0.02954167313873768,-0.036902863532304764,-0.0027561006136238575,
-0.334760856628418,-0.07236412763595582,0.18142658472061157,0.03020746447145939,-0.014598888345062733,0.010626283474266529,
-0.3603454828262329,-0.08195475935935975,0.17385150194168092,0.052444860339164734,0.0043095555156469345,0.06608661264181137,
-0.3502737045288086,-0.08285742402076722,0.20540633201599123,0.08373700082302094,0.028144847601652145,0.1114269271492958,
-0.3063546657562256,-0.06941795349121094,0.19215867519378663,0.08027489483356476,0.07375147938728333,0.1252087950706482,
-0.11378822326660157,-0.021551094949245453,0.12265317440032959,0.06902303546667099,0.08407123386859894,0.11961615085601807,
-0.04302156269550324,-0.017826111614704133,0.14675908088684084,0.1262809932231903,0.014962200075387955,0.12460957467556,
0.04973784387111664,-0.006470040977001191,0.18136203289031982,0.1569739282131195,0.06502962857484818,0.12973617017269135,
0.15821187496185304,0.03697793185710907,0.10700215101242067,0.1370667964220047,0.1794789880514145,0.11835114657878876,
0.39552786350250246,0.1584444880485535,-0.05691899061203003,0.12435020506381989,0.15524421632289886,0.04984133318066597,
0.4642975330352783,0.16945582628250122,-0.04389066100120545,0.14385786652565002,0.006906137336045504,-0.03351560980081558,
0.505579137802124,0.18696552515029907,-0.08186329603195192,0.10184649378061295,0.026080897077918053,-0.10568728297948837,
0.5251456260681152,0.20958371162414552,-0.20838451385498047,0.06502829492092133,0.09492361545562744,-0.14536838233470917,
0.4431534767150879,0.16278347969055176,-0.2453326940536499,0.05783776193857193,0.05990304425358772,-0.20981688797473907,
0.3683192729949951,0.11871777772903443,-0.20171146392822267,0.05051406845450401,0.016892991960048676,-0.2542916536331177,
0.28858151435852053,0.0708135187625885,-0.18306236267089845,0.03353641554713249,0.007305611856281757,-0.2702040374279022,
0.19001771211624147,0.020128367841243746,-0.1731431484222412,0.028143251314759254,0.012498835101723671,-0.2731340527534485,
-0.0024275077506899835,-0.05703838467597962,-0.08793850541114807,0.019221661612391472,0.039729658514261246,-0.26694220304489136,
-0.07546350955963135,-0.08834615349769592,-0.07890299558639527,0.021285612136125565,0.03939676284790039,-0.253892719745636,
-0.13190890550613404,-0.115016508102417,-0.0553500235080719,0.017623765394091606,0.023950427770614624,-0.23178847134113312,
-0.25333218574523925,-0.13615421056747437,-0.0595889687538147,0.012430600821971893,0.007705145049840212,-0.1937718391418457,
-0.3022477626800537,-0.1342413902282715,-0.05459421277046204,0.009367965161800385,-0.0001511802402092144,-0.15868470072746277,
-0.34175612926483157,-0.13831385374069213,-0.048246857523918156,-0.0023499440867453814,0.004376193508505821,-0.11294490844011307,
-0.4200434684753418,-0.16485297679901123,-0.022930407524108888,0.015626393258571625,-0.001482760882936418,-0.051292724907398224,
-0.4559809684753418,-0.17031683921813967,-0.0021856464445590973,0.026811670511960983,0.007039354648441076,0.012223666533827782,
-0.49282727241516117,-0.16678938865661622,-0.03261717855930329,0.023083245381712914,0.014629364013671875,0.07194504886865616,
-0.5088087558746338,-0.1623273253440857,-0.06514111161231995,0.020220346748828888,0.0016464535146951675,0.1124916821718216,
-0.5171209812164307,-0.1529058575630188,-0.05676881074905396,0.034468259662389755,-0.037302277982234955,0.1734115034341812,
-0.5145198345184326,-0.14167528152465822,-0.04103757441043854,0.025746406987309456,-0.005943555850535631,0.24205447733402252,
-0.5036349296569824,-0.1395028829574585,-0.10807044506072999,-0.012936009094119072,0.054709937423467636,0.31269481778144836,
-0.44082155227661135,-0.1497251033782959,-0.15369877815246583,-0.02019312232732773,0.05424388498067856,0.3615638315677643,
-0.30439348220825196,-0.14405051469802857,-0.14923617839813233,-0.04096578061580658,-0.01879330910742283,0.349779337644577,
-0.1641891360282898,-0.11393524408340455,-0.18694939613342287,-0.08890268206596375,-0.10567893832921982,0.33013850450515747,
-0.01386414021253586,-0.11135438680648804,-0.24866392612457278,-0.12465561926364899,-0.0923631340265274,0.34738248586654663,
0.32914052009582523,-0.027899277210235596,-0.20793435573577881,-0.12911641597747803,-0.0016824979102239013,0.28839346766471863,
0.5527860641479493,0.060337573289871216,-0.1207320809364319,-0.1404348611831665,-0.0478217639029026,0.1588306874036789,
0.7112936019897461,0.09644786715507508,-0.10502383708953858,-0.14915531873703003,-0.10561267286539078,0.06302616745233536,
