0.3165653705596924,0.03885277211666108,-0.32191240787506104,-0.1942293792963028,-0.04096442461013794,0.30510738492012024,
0.6161578655242921,0.14250993728637695,-0.06961470246315003,-0.1586761772632599,-0.06619787216186523,0.173081174492836,
0.655349349975586,0.17582057714462282,-0.04029734432697296,-0.15488117933273315,-0.02764861471951008,0.07813946902751923,
0.6784450054168701,0.1940399408340454,-0.038511878252029424,-0.17039409279823303,-0.008873329497873783,-0.018666431307792664,
0.6662341117858888,0.1908087134361267,-0.006553119421005249,-0.15721143782138824,-0.019326236099004745,-0.09256915748119354,
0.47044095993041996,0.19302897453308107,0.08510925769805909,-0.12844930589199066,-0.05980628728866577,-0.1867784857749939,
0.37174167633056643,0.17088977098464966,0.07458364367485047,-0.12452114373445511,-0.07964684069156647,-0.23484854400157928,
0.26762793064117435,0.11774383783340454,0.09604411721229554,-0.09649137407541275,-0.10235028713941574,-0.25502198934555054,
0.12521625757217408,0.06016411185264588,0.13504768610000611,-0.06739851087331772,-0.09056530892848969,-0.2545601725578308,
-0.06668132543563843,0.03125618398189545,0.06364789009094239,-0.10135381668806076,0.023417986929416656,-0.22007223963737488,
-0.12267810106277466,0.016309095919132235,0.04879638254642487,-0.09176643937826157,0.023484567180275917,-0.1877148151397705,
-0.2538280248641968,-0.028792187571525574,0.1587631940841675,-0.021458981558680534,-0.03836734965443611,-0.15249451994895935,
-0.2999066114425659,-0.03819983899593354,0.1429103493690491,0.0013776258565485477,-0.060538165271282196,-0.113079734146595,
-0.33004536628723147,-0.050749427080154424,0.10245684385299683,-0.013868971727788448,-0.04316103830933571,-0.08185417205095291,
-0.3806246995925904,-0.08895035982131959,0.0703718364238739,-0.047691117972135544,-0.04435946047306061,-0.03444990515708923,
-0.3997308015823364,-0.12019022703170777,0.1367802619934082,-0.014534762129187584,-0.07119081169366837,0.0046319859102368355,
-0.4159984111785889,-0.1320529580116272,0.19886194467544557,0.06263033300638199,-0.07238923013210297,0.08639103174209595,
-0.39933454990386963,-0.11264079809188843,0.14723546504974366,0.07561324536800385,0.020754827186465263,0.15922850370407104,
-0.36662254333496097,-0.10296204090118409,0.09631375670433046,0.046717941761016846,0.07574910670518875,0.19791090488433838,
-0.32711448669433596,-0.1000180721282959,0.11205810308456421,0.06948797404766083,0.031407471746206284,0.2119590938091278,
-0.2782472848892212,-0.0836336374282837,0.16637015342712402,0.10943538695573807,-0.005677047185599804,0.23140016198158264,
-0.1251574158668518,-0.049374067783355714,0.10904917716979981,0.1144288182258606,0.023284830152988434,0.253304660320282,
-0.010734062641859055,-0.01847638338804245,0.07851499915122986,0.10464169830083847,0.13413891196250916,0.26981624960899353,
0.12273037433624268,-0.0006359838880598545,0.0815337598323822,0.12960883975028992,0.0941249206662178,0.23985570669174194,
0.4439605712890625,0.06446731090545654,0.08700863122940064,0.18626758456230164,-0.05747552961111069,0.13625872135162354,
0.6248304843902588,0.15786516666412354,0.013046543300151826,0.20038233697414398,-0.06147027015686035,0.0451786145567894,
0.6759242057800293,0.2704494476318359,-0.12789970636367798,0.15377701818943024,0.0573732927441597,-0.06294572353363037,
0.644889497756958,0.31179625988006593,-0.1738465428352356,0.16143518686294556,0.06842505186796188,-0.11826981604099274,
0.6287434577941895,0.24617440700531007,-0.2883101224899292,0.09692011028528214,0.0805424377322197,-0.2389775812625885,
0.5997721195220947,0.22470028400421144,-0.3855654001235962,-0.010005808435380459,0.09692087769508362,-0.337115079164505,
0.4651960849761963,0.14383890628814697,-0.3664155721664429,-0.04942059516906738,0.07428400963544846,-0.3846524953842163,
0.30621104240417485,0.04780764877796173,-0.24455997943878174,-0.04156426712870598,0.03839791193604469,-0.4106183350086212,
-0.011054880172014237,-0.07362396121025086,-0.04558108448982239,0.008370003663003445,0.0017794485902413726,-0.3937072455883026,
-0.11205458641052246,-0.1153429388999939,-0.039032891392707825,0.01183211337774992,0.05377766862511635,-0.3322547972202301,
-0.24371087551116943,-0.16389389038085939,-0.09222214818000794,-0.0004850070981774479,0.08566902577877045,-0.26141470670700073,
-0.28014867305755614,-0.17448614835739137,-0.07697239518165588,0.021419493481516838,0.05304529890418053,-0.21900388598442078,
-0.31198897361755373,-0.1779351830482483,-0.051483505964279176,0.04279135912656784,0.011233670637011528,-0.19669990241527557,
-0.32702431678771976,-0.1743072271347046,-0.06542680263519288,0.03486845642328262,-0.01925952360033989,-0.18251857161521912,
-0.4165073394775391,-0.20388710498809814,-0.10919965505599977,-0.004812643863260746,-0.0729222223162651,-0.1300542950630188,
-0.4616124153137207,-0.222153377532959,-0.07843350172042847,0.00683868583291769,-0.10887489467859268,-0.08111871778964996,
-0.4839334011077881,-0.23612706661224367,-0.03733333945274353,0.033137399703264236,-0.11073911190032959,-0.008680734783411026,
-0.4963103294372559,-0.2371682643890381,-0.04611510932445526,0.05770506337285042,-0.057808782905340195,0.09598150104284286,
-0.49203214645385746,-0.2156869649887085,-0.06518083214759827,0.04452241584658623,0.0065065594390034676,0.18120266497135162,
-0.48224897384643556,-0.19540554285049438,-0.08017867803573608,0.0407274104654789,0.01642683520913124,0.2465832531452179,
-0.43891606330871585,-0.14847590923309326,-0.0990426778793335,0.023683181032538414,0.0017128695035353303,0.3184220492839813,
-0.41315765380859376,-0.1302488088607788,-0.09354791641235352,0.04292451962828636,0.006240243557840586,0.3873313367366791,
-0.3413449048995972,-0.08697858452796936,-0.11498398780822755,0.01695738174021244,0.08540300279855728,0.4345332980155945,
-0.1056188464164734,0.008060750365257264,-0.3123279809951782,-0.07425589114427567,0.1932610273361206,0.47035282850265503,
0.07816087603569032,0.040386405587196354,-0.3425847291946411,-0.1411678045988083,0.04032900184392929,0.3716161251068115,
0.3085217952728272,0.048348587751388554,-0.2659125089645386,-0.12905041873455048,-0.2689971625804901,0.22434329986572266,
0.5392173767089844,0.16177221536636355,-0.13310476541519164,-0.11620067805051804,-0.2573458254337311,0.15250451862812042,
0.5500558853149414,0.19461722373962403,-0.1760567665100098,-0.15521597862243652,0.024350035935640335,0.15616637468338013,
0.5824965000152588,0.2245464324951172,-0.14056442975997926,-0.18144811689853668,0.06223350390791893,0.052103348076343536,
