0.588634729385376,-0.30068087577819824,-0.11514533758163453,-0.1288592666387558,0.03426948934793472,0.6539604067802429,
1.1352139472961427,-0.2717872142791748,-0.008363908529281617,-0.10509056597948074,-0.06000641733407974,0.585517168045044,
1.8563999176025392,-0.234033203125,0.07108561992645264,-0.058218926191329956,-0.12924860417842865,0.33757686614990234,
2.1839683532714846,0.14538697004318238,0.058177983760833746,-0.07266657799482346,0.04099396988749504,0.19855985045433044,
2.0160411834716796,0.2630211114883423,0.1817837953567505,-0.12792716920375824,0.04432292282581329,0.02305753342807293,
1.6894945144653322,0.28187921047210696,0.17876548767089845,-0.06734025478363037,0.048117924481630325,-0.10770367830991745,
1.1816043853759766,0.0876540780067444,0.08618459701538086,0.011555895209312439,0.01902289129793644,-0.26662781834602356,
0.9862187385559082,0.03607526421546936,-0.004798303171992303,0.01788090169429779,-0.021989790722727776,-0.32182183861732483,
0.8929835319519044,-0.07795637249946595,-0.03994334936141968,-0.026793627068400383,-0.08896829187870026,-0.35198214650154114,
0.7112934112548829,-0.18170303106307983,0.04696601331233979,-0.05988340452313423,-0.1042814701795578,-0.3655642569065094,
0.5468568325042725,-0.259173059463501,0.09316001534461976,-0.06960394233465195,-0.05654430761933327,-0.3121678829193115,
0.47343130111694337,-0.25473711490631107,0.1587801218032837,-0.02666046842932701,-0.038301654160022736,-0.2531122863292694,
0.42246899604797367,-0.24780631065368652,0.1716356635093689,0.0053610908798873425,-0.03184409812092781,-0.2049150913953781,
0.35482771396636964,-0.2433506727218628,0.10953147411346437,0.01794452592730522,-0.01606486551463604,-0.15811003744602203,
0.2533195734024048,-0.24104251861572268,0.10314455032348634,0.009555568918585777,-0.04236358404159546,-0.07415389269590378,
0.19011597633361818,-0.2755403995513916,0.12884652614593506,0.008024251088500023,-0.10501444339752197,0.012532003223896027,
0.1324036240577698,-0.3122628450393677,0.10962117910385133,0.010820570401847363,-0.09536048769950867,0.11639528721570969,
0.12753626108169555,-0.32441325187683107,0.11979598999023439,0.03938297554850578,-0.057144127786159515,0.22491911053657532,
0.14539910554885865,-0.31223199367523197,0.10491671562194825,0.05036851391196251,0.0015785754658281803,0.3359729051589966,
0.18215662240982056,-0.32998342514038087,0.08058750629425049,0.049436409026384354,0.06416286528110504,0.4331117272377014,
0.4548025131225586,-0.3250790596008301,0.18055286407470705,0.0701424852013588,0.08153998851776123,0.5269215703010559,
0.7461832523345948,-0.34415118694305424,0.24274775981903077,0.18352656066417694,-0.055213335901498795,0.5026868581771851,
1.3214158058166505,-0.2712505340576172,0.07400053143501283,0.1712760329246521,0.06036785617470741,0.3589426875114441,
1.8678474426269531,-0.18715537786483766,-0.20157673358917239,0.07007590681314468,0.13447031378746033,0.20334750413894653,
2.398601341247559,0.08863651752471924,-0.10859625339508057,0.0449090339243412,0.08573447167873383,-0.025750936940312386,
2.237491226196289,0.1944545388221741,-0.06150423288345337,0.057625629007816315,0.11895740777254105,-0.4087800979614258,
1.7230247497558595,0.0894919216632843,-0.04014002978801728,0.0882519856095314,0.09232579171657562,-0.482283353805542,
1.136348056793213,-0.1329244017601013,-0.10184566974639893,0.10616174340248108,0.0458536297082901,-0.5856805443763733,
0.8423647880554199,-0.20611443519592287,-0.1321433424949646,0.08545566350221634,0.016159383580088615,-0.5949350595474243,
0.5952539920806885,-0.22635648250579835,-0.11439259052276612,-0.0025618134532123804,-0.020725399255752563,-0.5301536321640015,
0.2751964330673218,-0.271803879737854,0.006312512606382371,-0.023867102339863777,0.004907527007162571,-0.4329482913017273,
0.15545095205307008,-0.28474457263946534,0.04721311926841736,-0.03844790905714035,0.02141912654042244,-0.3185655176639557,
0.08929914236068726,-0.2960373878479004,0.1290340781211853,-0.0006957148434594274,-0.058874793350696564,-0.22941233217716217,
0.01618993580341339,-0.30523338317871096,0.19421573877334597,0.03339274600148201,-0.10175168514251709,-0.13520300388336182,
-0.012243922799825668,-0.21040985584259034,0.06131539344787598,0.01914483681321144,-0.028315018862485886,0.029713250696659088,
0.03658319711685181,-0.21033539772033694,0.012902987003326417,-0.028392590582370758,0.03859690576791763,0.12378942221403122,
0.04125256538391114,-0.26240680217742923,0.0443453460931778,0.0023003416135907173,-0.012868684716522694,0.22219321131706238,
0.04894547760486603,-0.24400298595428468,0.019080691039562225,0.02919827029109001,-0.03943371772766113,0.3578812777996063,
0.08911803960800171,-0.2798618793487549,-0.10325871706008911,-0.04303997755050659,-0.01206973660737276,0.5091488361358643,
0.5634464263916016,-0.2687330722808838,-0.15442622900009156,-0.1219361200928688,0.13380490243434906,0.6683392524719238,
1.0578010559082032,-0.2533405065536499,-0.028386452794075014,-0.12633034586906433,0.09791881591081619,0.6502297520637512,
