2.487558937072754,-0.044151902198791504,-0.5595353126525879,-0.12667639553546906,0.17382213473320007,0.1491008847951889,
2.1733190536499025,0.13985779285430908,0.03764703869819641,-0.050842877477407455,-0.023118631914258003,-0.34105390310287476,
1.6295913696289064,0.05632554888725281,0.02163630872964859,-0.020416265353560448,-0.045822080224752426,-0.4003092348575592,
0.948335361480713,-0.12017248868942261,-0.15596880912780764,-0.015955468639731407,-0.03177390620112419,-0.41262635588645935,
0.7040743827819824,-0.2027069330215454,-0.13150676488876342,-0.02421126887202263,-0.06599552929401398,-0.38972318172454834,
0.5166065692901611,-0.22634403705596925,-0.10525138378143312,-0.049111008644104004,-0.07145483791828156,-0.33379513025283813,
0.4026645660400391,-0.23695552349090576,-0.08084116578102113,-0.05596864968538284,-0.04562217742204666,-0.2715437412261963,
0.23846583366394045,-0.24449148178100588,0.004124379530549049,-0.05616838485002518,0.03700239956378937,-0.12000986933708191,
0.1947432041168213,-0.24455835819244387,0.023152251541614533,-0.04651442542672157,0.016629215329885483,-0.046706363558769226,
0.18914915323257447,-0.25431973934173585,0.08336635231971741,-0.020948078483343124,-0.03437032178044319,0.0025621168315410614,
0.20359742641448975,-0.2716036081314087,0.0926076889038086,0.005816690623760223,-0.059004560112953186,0.10755723714828491,
0.19248465299606324,-0.2711327314376831,0.08676998615264893,0.0127409091219306,-0.004276599269360304,0.19983577728271484,
0.26216423511505127,-0.2727604627609253,0.17369976043701174,0.05069095641374588,0.07055822759866714,0.3073609173297882,
0.33844535350799565,-0.26183557510375977,0.20725967884063723,0.12772288918495178,0.13241015374660492,0.4048326313495636,
0.3899340391159058,-0.2500255823135376,0.10536359548568726,0.1319839507341385,0.14146488904953003,0.5117585062980652,
1.2954144477844238,-0.2771272420883179,0.1097190022468567,0.23644645512104034,-0.17664970457553864,0.33825358748435974,
2.561656761169434,-0.047739204764366154,-0.623768949508667,0.052222274243831635,0.2075778692960739,-0.07706640660762787,
2.464834213256836,0.0670608937740326,-0.5962512493133545,0.010610380209982395,0.22661946713924408,-0.3522375226020813,
1.5627917289733888,0.019330815970897676,-0.15231486558914187,0.06394017487764359,-0.011866608634591103,-0.54398512840271,
1.2675124168395997,-0.07416141033172607,-0.2924566507339478,0.024192502722144127,-0.014596348628401756,-0.6160902380943298,
0.975323486328125,-0.1640783786773682,-0.3010682821273804,0.004152214620262384,-0.01912372186779976,-0.6006438732147217,
0.6163388729095459,-0.20439713001251222,-0.2256234884262085,-0.015422020107507706,-0.04475664719939232,-0.5194840431213379,
0.18107620477676392,-0.21854367256164553,-0.06972135901451111,-0.022412817925214767,-0.11799357831478119,-0.37054675817489624,
0.1244284987449646,-0.22276670932769777,0.00850871354341507,0.003754689358174801,-0.14076320827007294,-0.2585568428039551,
0.08802382349967958,-0.17328578233718872,-0.022741572558879854,-0.004567689262330532,-0.0761149674654007,-0.10815481841564178,
0.16040061712265016,-0.1591178297996521,-0.06502730846405029,-0.041319314390420914,-0.002411983907222748,-0.011282335966825485,
0.15941209793090821,-0.17467122077941896,-0.048569810390472416,-0.03978799656033516,-0.004675670992583036,0.06215433403849602,
0.11443253755569459,-0.20106725692749025,0.06697279214859009,-0.005699532572180033,-0.04029545187950134,0.19904081523418427,
0.10940740108489991,-0.20717236995697022,0.03902462422847748,0.009347327053546906,-0.025847801938652992,0.2998414635658264,
0.13607710599899292,-0.21841206550598147,0.03363851308822632,0.029454194009304047,0.005510920658707619,0.37880417704582214,
0.17622282505035403,-0.23590099811553955,-0.03277604877948761,0.03025314211845398,0.1115713119506836,0.5498456954956055,
0.22193822860717774,-0.24655535221099856,-0.11870920658111572,-0.00410163588821888,0.10657788813114166,0.6617650389671326,
0.36599760055541997,-0.3062518835067749,-0.14516065120697022,0.01307575311511755,-0.09229367226362228,0.6607663631439209,
1.2666366577148438,-0.3718324184417725,-0.28863646984100344,-0.014754281379282475,-0.14788715541362762,0.5288733243942261,
1.8429994583129883,-0.3347103834152222,-0.42912130355834965,-0.04025404900312424,0.07215652614831924,0.35849758982658386,
2.434823799133301,-0.07503631711006165,-0.3159987449645996,-0.09970912337303162,0.08886786550283432,-0.060817133635282516,
