0.20967342853546145,-0.3048290014266968,0.10293089151382447,-0.05536375939846039,0.033269207924604416,0.464726984500885,
0.36615049839019775,-0.3369563817977905,0.16151386499404907,-0.025597861036658287,-0.010932283475995064,0.5161081552505493,
1.1086942672729492,-0.30804243087768557,0.24590535163879396,0.07953042536973953,-0.07837683707475662,0.3635755777359009,
1.4166662216186525,-0.2231379508972168,0.12291983366012574,0.11042308807373047,-0.029840728268027306,0.1916685551404953,
1.3596025466918946,-0.09090335369110109,0.04628602266311646,0.09491017460823059,0.0006524674827232957,0.13607506453990936,
1.5099454879760743,-0.010107959806919099,-0.038988095521926884,0.05349802225828171,0.049055423587560654,-0.018721185624599457,
1.6606430053710939,0.015385590493679047,-0.00826176255941391,0.05423039197921753,0.047857001423835754,-0.26499703526496887,
1.4242826461791993,-0.028521198034286502,0.013767237961292268,0.05542881414294243,0.05238437280058861,-0.38097769021987915,
1.1694757461547851,-0.05437771081924439,-0.034076550602912904,0.006160334683954716,0.059841226786375046,-0.44768989086151123,
0.9945003509521485,-0.14890944957733154,-0.02888850271701813,-9.809376206248999e-05,0.035340141505002975,-0.4926307201385498,
0.611579990386963,-0.32979223728179935,0.08750114440917969,0.0076250736601650715,-0.012064127251505852,-0.4798475503921509,
0.44652996063232425,-0.3528860330581665,0.0950200617313385,-0.0044257305562496185,-0.021052295342087746,-0.4383688271045685,
0.21938676834106446,-0.3547293901443482,0.14186933040618896,-0.009552315808832645,0.022090913727879524,-0.3493526577949524,
0.12382686138153076,-0.3470257997512818,0.14701728820800783,-0.00855363067239523,0.04805673658847809,-0.24482356011867523,
0.04030692875385285,-0.35138218402862553,0.17468678951263428,0.014083239249885082,-0.020319925621151924,-0.16126687824726105,
-0.006379698961973191,-0.36193451881408695,0.2049952268600464,0.025335095822811127,-0.07231814414262772,-0.10254418849945068,
-0.021337418258190157,-0.357917857170105,0.18805644512176514,-9.809376206248999e-05,-0.07684551924467087,-0.04854859039187431,
-0.07109910845756531,-0.3883981704711914,0.16841922998428346,-0.004026256501674652,-0.06279734522104263,0.11323845386505127,
-0.09359356760978699,-0.4123722076416016,0.23435671329498292,0.03925010934472084,-0.027244145050644875,0.24373336136341095,
-0.07016838192939759,-0.40082869529724124,0.1875390648841858,0.027265887707471848,0.014500905759632587,0.33687740564346313,
-0.046612402796745306,-0.41950602531433107,0.09890360236167908,0.0026316463481634855,0.02129196561872959,0.4082501232624054,
-0.004100901633501053,-0.42344083786010744,0.08287086486816407,-0.0019626207649707794,-0.050347134470939636,0.4989301264286041,
0.1624604105949402,-0.3504724740982056,0.06665313839912415,-0.021070802584290504,-0.00360865518450737,0.5822870135307312,
0.7163243770599366,-0.39846549034118656,0.023531828820705415,-0.027995022013783455,0.008908201940357685,0.607254147529602,
1.4222207069396973,-0.3609649181365967,0.006570317596197129,-0.04976636543869972,-0.01392840500921011,0.25358641147613525,
1.8941438674926758,-0.20393469333648684,-0.06901927590370179,-0.09410800039768219,-0.009534189477562904,0.05751115828752518,
1.9616632461547852,0.19090458154678347,0.0004979489371180534,-0.17027440667152405,0.15904392302036285,-0.09209191799163818,
