0.013956801593303682,-0.16879122257232668,0.08901426196098328,-0.3808404207229614,-0.21104948222637177,-0.31066662073135376,
0.0032891053706407547,-0.22359983921051027,0.17414366006851198,-0.34908223152160645,-0.18448445200920105,-0.3020113706588745,
-0.051483947038650515,-0.2438156843185425,0.23287131786346438,-0.28663110733032227,-0.13221991062164307,-0.2579360604286194,
-0.0825432538986206,-0.24768195152282715,0.2507845640182495,-0.2285076081752777,-0.07855720818042755,-0.19754888117313385,
-0.1650581955909729,-0.2749959707260132,0.279328727722168,-0.14681513607501984,-0.018303191289305687,-0.0979466438293457,
-0.1972549557685852,-0.27316854000091556,0.28306381702423095,-0.05353792384266853,0.019846592098474503,0.0005237367004156113,
-0.21282584667205812,-0.28302645683288574,0.2797357797622681,0.05625089630484581,0.047610048204660416,0.13481363654136658,
-0.18312599658966067,-0.22441463470458986,0.2184227228164673,0.14067311584949493,0.08988773077726364,0.27296513319015503,
-0.07267756462097168,-0.23926289081573487,0.10813608169555665,0.15219128131866455,0.14155304431915283,0.3201696574687958,
0.007470281422138215,-0.21669034957885744,0.039814844727516174,0.15239101648330688,0.14601384103298187,0.3396773040294647,
0.06753671765327454,-0.1761246204376221,0.008684470504522325,0.1746950000524521,0.158797025680542,0.31337860226631165,
0.14432812929153443,-0.12659003734588622,0.013568952679634094,0.25458982586860657,0.1082635447382927,0.27123406529426575,
0.12021249532699585,-0.06294521093368531,-0.004348293319344521,0.2524592876434326,0.10320353507995605,0.2547890543937683,
0.1807358741760254,-0.03037218451499939,-0.12881664037704468,0.20445582270622253,0.12117987871170044,0.20851661264896393,
0.13991552591323853,-0.001386686135083437,-0.12223656177520753,0.22968927025794983,0.08229772001504898,0.1765586882829666,
0.0983925461769104,0.0022946758195757865,-0.05976707339286805,0.2807554006576538,0.06745059788227081,0.1915389597415924,
0.06916433572769165,0.024182438850402832,-0.08423992395401002,0.2993975281715393,0.09235115349292755,0.21544083952903748,
0.10939733982086182,0.0345833957195282,-0.17730008363723757,0.2589840590953827,0.10693196207284927,0.18867607414722443,
0.13291773796081544,0.004422686621546746,-0.2252319097518921,0.23494862020015717,0.07797014713287354,0.16923421621322632,
0.07069305777549743,0.010193590074777603,-0.169291353225708,0.27203312516212463,0.051205381751060486,0.17828896641731262,
0.1358367919921875,0.02557194530963898,-0.18615417480468752,0.2699691653251648,0.0488751120865345,0.12376075237989426,
0.12259397506713868,0.022226987779140474,-0.2119624137878418,0.2075180560350418,-0.03241787850856781,0.10285492986440659,
0.07918626666069031,0.04699614942073822,-0.2668004512786865,0.14506693184375763,-0.039674993604421616,0.10005861520767212,
0.07058661580085755,0.04285145103931427,-0.2631736516952515,0.10738318413496017,-0.02689182199537754,0.1017230898141861,
0.08974787592887878,0.027583688497543335,-0.2050858497619629,0.051257066428661346,-0.06890319287776947,0.05857987701892853,
0.133311665058136,0.03110928535461426,-0.17962977886199952,0.018633343279361725,-0.11817166954278946,0.015436667948961258,
0.1051443099975586,0.019692143797874453,-0.14104137420654297,0.009112542495131493,-0.13634774088859558,0.01490403525531292,
0.06891728639602661,-0.006319265067577362,-0.07440003156661988,-0.007998268119990826,-0.11317824572324753,0.01736745983362198,
0.07623886466026307,-0.008899496495723724,-0.07654157280921936,-0.04122120514512062,-0.1166403517127037,0.0036521796137094498,
0.08265826106071472,-0.012440626323223115,-0.07082997560501099,-0.05819885805249214,-0.12782561779022217,-0.014989947900176048,
0.08431469202041626,-0.03355392515659333,-0.01625855565071106,-0.05926411971449852,-0.13834510743618011,-0.02144811302423477,
0.06584874987602234,-0.03529285192489624,0.029734668135643006,-0.05034253001213074,-0.12349799275398254,-0.018718373030424118,
0.06011766195297241,-0.04993251264095307,0.02904878556728363,-0.05000963434576988,-0.12003588676452637,-0.019850216805934906,
0.0628016710281372,-0.04841914772987366,0.01431061178445816,-0.07930441200733185,-0.1316872090101242,-0.03862550109624863,
0.08623566627502442,-0.03923150002956391,-0.01751832365989685,-0.11798682063817978,-0.12196667492389679,-0.05660184100270271,
0.05811409950256348,-0.04817996323108673,0.007637609541416169,-0.1259097158908844,-0.09127374738454819,-0.052340783178806305,
0.04305587410926819,-0.0563219428062439,0.032040730118751526,-0.14535079896450043,-0.0979316458106041,-0.05819973722100258,
0.03713105618953705,-0.06335117220878601,0.025171238183975223,-0.20866745710372925,-0.11337798088788986,-0.08037055283784866,
0.036364218592643736,-0.08191078305244447,0.049452006816864014,-0.2462180256843567,-0.10825140029191971,-0.10120978951454163,
0.03147087693214417,-0.11259692907333374,0.09951613545417787,-0.2137274593114853,-0.06737187504768372,-0.08855977654457092,
-0.07743002772331238,-0.15032310485839845,0.2995758533477783,-0.0795707255601883,-0.03574683144688606,-0.029770493507385254,
-0.09583490490913392,-0.14260475635528566,0.3186551094055176,0.009445437230169773,-0.0003933688858523965,0.02435825765132904,
-0.08245909810066224,-0.1361676812171936,0.24879128932952882,0.04732890427112579,0.07184487581253052,0.06410593539476395,
-0.0324013501405716,-0.1154402494430542,0.1423161268234253,0.07542525231838226,0.113856241106987,0.08860702067613602,
-0.011030838638544083,-0.1054744839668274,0.10357362031936646,0.09100474417209625,0.10879623889923096,0.08780807256698608,
0.013462771475315095,-0.0929326593875885,0.08120940923690796,0.10685055702924728,0.11312387138605118,0.08567754179239273,
0.01645374745130539,-0.08361710309982301,0.06199638843536377,0.12456057965755463,0.13269811868667603,0.09546466171741486,
0.00029642120935022834,-0.06077356338500977,-0.0038039397448301317,0.11803583055734634,0.13056758046150208,0.11384046822786331,
0.0212576299905777,-0.03681570291519165,-0.03796124458312988,0.0948663279414177,0.1384904831647873,0.09912650287151337,
0.06263425946235657,-0.025218912959098817,-0.06014196872711182,0.10565213114023209,0.16285841166973114,0.09806124120950699,
0.013617166876792909,-0.0002496614120900631,-0.024932436645030975,0.14460086822509766,0.16645368933677673,0.11643705517053604,
0.04414303302764893,0.015669970214366915,-0.04222196340560913,0.12655796110630035,0.1565334051847458,0.08960570394992828,
0.10651999711990356,0.03130615055561066,-0.13349002599716187,0.0973297506570816,0.19182029366493225,0.059112511575222015,
0.12098299264907837,0.06355488896369935,-0.18598942756652834,0.0768899917602539,0.2191176861524582,0.05698198080062866,
0.1433725118637085,0.11335451602935792,-0.28037798404693604,0.01084359735250473,0.16898368299007416,0.01876561902463436,
0.19526414871215822,0.1374561905860901,-0.312193775177002,-0.014123538509011269,0.12370993942022324,-0.05154183506965637,
0.1907812833786011,0.13195594549179077,-0.28997552394866943,-0.03789225220680237,0.06998065859079361,-0.08050370961427689,
0.053856611251831055,0.09568412899971009,-0.2979510545730591,-0.07630875706672668,0.02171093225479126,-0.07657632231712341,
0.08388383984565735,0.0780100166797638,-0.288421368598938,-0.11505775153636932,0.031364887952804565,-0.10167661309242249,
0.12169660329818727,0.05773051977157593,-0.2743466138839722,-0.14362014830112457,0.04927464947104454,-0.12564507126808167,
0.12334163188934327,-0.0018516318872570992,-0.15901135206222536,-0.13982513546943665,0.03709068521857262,-0.1438211351633072,
0.09221997857093811,-0.031384733319282536,-0.08792476654052735,-0.13509802520275116,-0.023030174896121025,-0.16705721616744995,
0.07934108972549439,-0.05862722992897034,-0.07298159599304199,-0.13463197648525238,-0.07036786526441574,-0.19009356200695038,
0.0943396031856537,-0.08729180097579957,-0.04571759402751923,-0.15753516554832458,-0.10785185545682907,-0.2251141369342804,
0.012312606722116471,-0.1171566128730774,-0.027036473155021667,-0.19288863241672516,-0.15039585530757904,-0.22344964742660522,
-0.02737725079059601,-0.13639758825302126,0.03313283622264862,-0.17524518072605133,-0.19899854063987732,-0.2124641090631485,
0.003075813688337803,-0.14209818840026855,0.09362748861312867,-0.18742914497852325,-0.20292671024799347,-0.24901600182056427,
0.06259417533874512,-0.14350590705871583,0.051171720027923584,-0.2305057793855667,-0.17875851690769196,-0.2510799467563629,
0.012324945628643037,-0.14588694572448732,0.028812175989151003,-0.2786424160003662,-0.14160741865634918,-0.2581373453140259,
0.042122346162796025,-0.1621499300003052,0.05708515644073486,-0.29761743545532227,-0.12096792459487915,-0.28922972083091736,
0.04999489486217499,-0.1739208459854126,0.0728885293006897,-0.3259800970554352,-0.13408398628234863,-0.31140056252479553,
0.03088040351867676,-0.1871402621269226,0.03407585024833679,-0.3633309304714203,-0.1207016110420227,-0.3021460771560669,
