-0.1549684524536133,-0.16382277011871338,-0.06431004405021667,-0.17178502678871155,0.12697267532348633,-0.33397457003593445,
-0.2135931968688965,-0.18648550510406495,-0.021787725389003754,-0.1348336637020111,0.08615973591804504,-0.2855050265789032,
-0.25815763473510744,-0.1800714135169983,0.05152338147163391,-0.07464621961116791,-0.0017245825147256255,-0.22804734110832214,
-0.28737492561340333,-0.17342770099639893,0.05113925337791443,-0.05220908671617508,-0.07196545600891113,-0.15747356414794922,
-0.28324260711669924,-0.1669541597366333,0.019345365464687347,-0.05214250832796097,-0.07735835760831833,-0.07804478704929352,
-0.24631361961364748,-0.1684678316116333,-0.00038793352432549,-0.04115696996450424,-0.04113936796784401,0.007775578647851944,
-0.2958348274230957,-0.1778130888938904,0.015216039121150972,-0.0130606172606349,-0.006185377482324839,0.17022842168807983,
-0.29699819087982177,-0.1859299182891846,0.01837037354707718,0.028085220605134964,0.004267530050128698,0.279418021440506,
-0.27563750743865967,-0.18311516046524048,0.028082308173179627,0.012638887390494347,0.0302333515137434,0.3480609953403473,
-0.16736563444137575,-0.19999632835388184,-0.09860560894012452,-0.018187204375863075,0.048076529055833817,0.40199002623558044,
-0.13933873176574707,-0.20274071693420412,-0.07794434428215027,0.010175463743507862,-0.003056163201108575,0.46337586641311646,
-0.1297360062599182,-0.19487234354019167,-0.028130361437797548,0.0027851914055645466,-0.020166972652077675,0.48574644327163696,
0.06432307958602905,-0.17330242395401002,-0.11931099891662598,-0.02231563813984394,0.0698479562997818,0.4633748233318329,
0.1280661702156067,-0.1508602499961853,-0.09262184500694276,0.04992260783910751,0.027636852115392685,0.43667665123939514,
0.10306439399719239,-0.0982224464416504,0.014134128391742707,0.10857873409986496,-0.10392330586910248,0.3659031391143799,
0.15976214408874512,-0.07912439703941346,0.012270846217870713,0.14533035457134247,-0.14000913500785828,0.3161686062812805,
0.15280259847640992,-0.02566579580307007,-0.039283964037895205,0.23907361924648285,-0.1383446604013443,0.3093109726905823,
0.12769476175308228,0.020993344485759735,-0.06269201040267945,0.20558437705039978,-0.0908072367310524,0.33381205797195435,
0.08155051469802857,0.03206717669963837,-0.1788818359375,0.15178851783275604,-0.02655847556889057,0.2751559317111969,
0.30270454883575443,0.07266884446144105,-0.1445427417755127,0.20538462698459625,-0.10971567779779434,0.2264200747013092,
0.18021211624145508,0.0972697675228119,-0.08359326124191285,0.21663649380207062,-0.1323525458574295,0.26210641860961914,
0.08116636276245118,0.11109899282455445,-0.14827888011932375,0.20678278803825378,-0.11763858795166016,0.3015212118625641,
0.003152108192443848,0.1080508828163147,-0.1905516266822815,0.20425279438495636,-0.16284574568271637,0.2299487590789795,
0.27921237945556643,0.07599508166313172,-0.13637659549713135,0.18061722815036774,-0.19580236077308655,0.1463920772075653,
0.23118984699249268,0.09189971685409547,-0.17114272117614748,0.13740745186805725,-0.12702623009681702,0.16163867712020874,
0.12216527462005616,0.09459657669067384,-0.17938942909240724,0.09572897851467133,-0.11171305179595947,0.15677841007709503,
0.08860992193222046,0.0659565806388855,-0.12631736993789675,0.04845786839723587,-0.18361839652061462,0.07728305459022522,
0.13744673728942872,0.06737868189811706,-0.09857212901115418,0.010308085940778255,-0.19280630350112915,0.02608378231525421,
0.13953546285629273,0.06525383591651916,-0.0806545615196228,-0.02923985756933689,-0.12782517075538635,0.019891932606697083,
0.07340423464775085,0.05006123781204224,-0.09171387553215027,-0.09102519601583481,-0.060580357909202576,-0.002278883010149002,
0.08151987791061402,0.04143453538417816,-0.06400581002235413,-0.10447415709495544,-0.06231141462922096,-0.054410260170698166,
0.0840945303440094,0.02436146289110184,0.004143397137522697,-0.1052069291472435,-0.08148611336946487,-0.0733860582113266,
0.029777374863624573,0.015839238464832307,0.03699401021003723,-0.13217143714427948,-0.10292456299066544,-0.08104264736175537,
-0.00630556270480156,0.012483611702919006,0.015424932539463044,-0.1323045939207077,-0.10159298032522202,-0.10434530675411224,
0.003436905145645142,-0.011073592305183412,0.056896942853927615,-0.12731117010116577,-0.06943530589342117,-0.10481136292219162,
-0.019572010636329653,-0.015183703601360322,0.05715716481208802,-0.14835014939308167,-0.03281684219837189,-0.1040789932012558,
-0.04801170527935028,-0.0158456027507782,0.01927987337112427,-0.1371648758649826,-0.048995546996593475,-0.10241451859474182,
-0.07624433636665345,-0.021752224862575532,0.06610380411148072,-0.11193141341209412,-0.09460218250751495,-0.09768740832805634,
-0.09088665246963501,-0.024598149955272677,0.09240807294845582,-0.10900193452835083,-0.08561401069164276,-0.09708819538354874,
-0.06268876194953919,-0.01270829737186432,0.036130407452583314,-0.09635192155838013,-0.03940816596150398,-0.08257396519184113,
-0.06594002842903138,-0.01972073018550873,0.054580396413803106,-0.08077242225408554,-0.028156310319900513,-0.08383896946907043,
-0.053919273614883426,-0.02209248244762421,0.04998421967029572,-0.08563269674777985,-0.020033668726682663,-0.07857922464609146,
-0.07426285147666932,-0.004015346989035606,0.020326465368270874,-0.09002690762281418,-0.0015912777744233608,-0.06819289177656174,
-0.08125144839286805,-0.014211839437484742,0.03410913348197937,-0.09075927734375,0.012523476965725422,-0.06965763121843338,
-0.08918792605400086,-0.01037234589457512,0.02932672500610352,-0.10234402865171432,0.011125316843390465,-0.06812631338834763,
-0.10538438558578492,-0.014960551261901857,0.01646249443292618,-0.11046667397022247,-0.01670471765100956,-0.06825947016477585,
-0.13743307590484619,-0.02282233834266663,0.02501119077205658,-0.10833614319562912,-0.03414842486381531,-0.038698382675647736,
-0.1487102508544922,-0.032374757528305056,0.04334537088871002,-0.11013377457857132,-0.02542657032608986,-0.02078862488269806,
-0.12077348232269287,-0.030950331687927247,0.04264898300170899,-0.13510091602802277,-0.00978049822151661,-0.011201243847608566,
-0.0990006446838379,-0.03042104244232178,0.017049872875213624,-0.1949554681777954,0.011058738455176353,-0.007805713452398777,
-0.09773414731025697,-0.0422425925731659,0.017422214150428772,-0.21645988523960114,0.034960515797138214,0.04932025074958801,
