0.49308199882507325,0.10470802783966066,-0.06723450422286988,-0.15005359053611755,-0.07023034989833832,0.08783720433712006,
0.5299511909484863,0.10506316423416139,-0.0424361914396286,-0.14778989553451538,-0.033079251646995544,0.027050554752349854,
0.5066648960113526,0.11882807016372682,0.01089286059141159,-0.13940094411373138,-0.028218982741236687,-0.027943722903728485,
0.375706958770752,0.11424013376235963,0.051746016740798956,-0.13001330196857452,-0.04359873756766319,-0.08753195405006409,
0.2965587854385376,0.10614651441574097,0.08640825748443604,-0.11829538643360138,-0.04779321700334549,-0.11656041443347931,
0.209938645362854,0.08107791543006898,0.10421055555343628,-0.09239614009857178,-0.0442645289003849,-0.12341805547475815,
0.05585423707962037,0.042497640848159796,0.14781266450881958,-0.07275532931089401,-0.030149774625897408,-0.12707988917827606,
0.011959935724735261,0.01071089655160904,0.15728344917297366,-0.06469926983118057,-0.040070049464702606,-0.14372465014457703,
-0.031658506393432616,-0.017236460745334626,0.1452902913093567,-0.05477899685502052,-0.06703455746173859,-0.15357834100723267,
-0.18564430475234986,-0.07155307531356812,0.17057783603668214,-0.027415014803409576,-0.07981773465871811,-0.12042199820280075,
-0.24326667785644532,-0.08750410079956056,0.18576391935348513,0.0046094986610114574,-0.04805953428149223,-0.06762482225894928,
-0.27734539508819583,-0.0902628779411316,0.17464091777801516,0.0229853093624115,-0.0011213187826797366,-0.016225814819335938,
-0.29844484329223636,-0.08240840435028077,0.16045321226119996,0.035835061222314835,0.015856333076953888,0.004879738204181194,
-0.31490089893341067,-0.07747108936309816,0.16275147199630738,0.033438216894865036,-0.0075129056349396706,0.03563924878835678,
-0.35981523990631104,-0.07785181403160096,0.13651363849639894,0.03110795095562935,-0.03327899053692818,0.07512061297893524,
-0.3096390962600708,-0.03934575915336609,0.1452033281326294,0.025248996913433075,-0.04446426406502724,0.10348327457904816,
-0.254783034324646,-0.039361420273780826,0.1546099662780762,0.030508331954479218,0.011195887811481953,0.128982275724411,
-0.19149426221847535,-0.028565627336502076,0.1766529679298401,0.06719338148832321,0.06825411319732666,0.15368309617042542,
-0.1448407292366028,-0.021595451235771182,0.2035789966583252,0.0923602506518364,0.07884018123149872,0.1709936410188675,
-0.008291446417570115,-0.018571625649929046,0.13568392992019654,0.11359896510839462,-0.0011878111399710178,0.1626046895980835,
0.09346250295639039,0.014739868044853211,0.10246614217758179,0.122453972697258,-0.023358628153800964,0.12039358913898468,
0.21587154865264893,0.04337493777275086,0.056370490789413454,0.1134658008813858,0.04208855703473091,0.0867711752653122,
0.42422137260437015,0.03631893396377563,0.005264463275671006,0.1687929779291153,0.12537892162799835,0.06060561537742615,
0.49723181724548343,0.04949016273021698,0.06522293090820312,0.2175288200378418,0.11752259731292725,-0.004774993285536766,
0.5416975498199463,0.10558923482894898,-0.03505835831165314,0.17565061151981354,0.07677622884511948,-0.09425720572471619,
0.4941107273101807,0.16519345045089723,-0.21356587409973146,0.1327737271785736,-0.006247817073017359,-0.21017129719257355,
0.46027541160583496,0.1679341197013855,-0.2849219560623169,0.056673888117074966,0.06918621808290482,-0.2551121413707733,
0.409026575088501,0.13493692874908447,-0.3843526601791382,0.006606460083276033,0.12577839195728302,-0.2857384979724884,
0.34611704349517824,0.08335068225860597,-0.33542110919952395,0.006273564882576466,0.10706968605518341,-0.31263643503189087,
0.1706608533859253,-0.022236406803131104,-0.18236848115921023,0.0008140845457091928,0.031635649502277374,-0.3488554358482361,
0.08871047496795655,-0.05691071152687073,-0.1635664224624634,-0.0012498653959482908,0.0004100855439901352,-0.3598409593105316,
-0.09225699901580811,-0.10790404081344605,-0.11626293659210206,-0.024619104340672493,0.020450372248888016,-0.3337419927120209,
-0.1755373239517212,-0.13308320045471192,-0.12287648916244508,-0.03174306079745293,0.06259489804506302,-0.27814850211143494,
-0.26050376892089844,-0.1584894061088562,-0.08079861998558045,-0.01350040640681982,0.055537521839141846,-0.22288788855075836,
-0.3338080167770386,-0.186540424823761,-0.04093579053878785,0.0070725129917263985,0.03017091006040573,-0.172554150223732,
-0.4395823955535889,-0.2015391826629639,-0.017356030642986298,0.017924485728144646,-0.012239842675626278,-0.09246034920215607,
-0.42965240478515626,-0.20979547500610352,-0.02222523242235184,-0.011370286345481873,0.005403599236160517,-0.07787954062223434,
-0.4249593734741211,-0.22367610931396487,-0.02416912764310837,-0.020225297659635544,0.0007430673576891422,-0.03566843271255493,
-0.4547163009643555,-0.24871578216552737,0.024016357958316803,0.01386316493153572,-0.021294590085744858,0.04775509238243103,
-0.4762195110321045,-0.2612135648727417,0.019616615772247315,0.02564765326678753,-0.01949695684015751,0.0788474902510643,
-0.4299067497253418,-0.22135396003723146,-0.011790619790554048,0.045887675136327744,0.03483152762055397,0.17472130060195923,
-0.41799225807189944,-0.18483904600143433,-0.03363809585571289,0.032771605998277664,0.0651249885559082,0.22731873393058777,
-0.41549167633056644,-0.15704095363616943,-0.06578599810600282,0.038430824875831604,0.05347365513443947,0.2785845994949341,
-0.33218410015106203,-0.1416995882987976,-0.14422302246093752,0.012664742767810822,0.025110991671681404,0.29762619733810425,
-0.17351305484771729,-0.11540882587432862,-0.19503935575485232,-0.003314224537461996,-0.03161434084177017,0.2648693025112152,
-0.06043514609336853,-0.09507441520690918,-0.18738262653350832,-0.042862169444561005,-0.0919349417090416,0.26340457797050476,
0.014684413373470307,-0.022623549401760104,-0.2596026182174683,-0.1023838147521019,-0.030482497066259384,0.30135461688041687,
0.08894405364990235,-0.006181055307388306,-0.24046690464019777,-0.12941491603851318,0.11679031699895859,0.32658806443214417,
0.16038284301757813,0.026919037103652954,-0.1988966464996338,-0.14426203072071075,0.18516698479652405,0.32099542021751404,
0.3150282621383667,0.029167458415031433,-0.055379509925842285,-0.11889541894197464,-0.04919120669364929,0.22106029093265533,
0.41749672889709477,0.05922858715057373,-0.023302392661571504,-0.11776357144117355,-0.21457350254058838,0.1137349009513855,
0.48290762901306156,0.13540430068969728,-0.04801858961582184,-0.13201148808002472,-0.06883201748132706,0.0956919863820076,
0.45374884605407717,0.14236279726028442,-0.05076934695243836,-0.14592650532722473,0.09908029437065125,0.09169724583625793,
