1.3397205352783204,0.5545987606048585,-1.1216937065124513,-0.6945621371269226,0.29885491728782654,-0.2348431944847107,
1.7835914611816408,0.8240466117858887,-0.7212942123413086,-0.620193362236023,0.08813231438398361,-0.7468358874320984,
1.3925189971923828,0.6649173259735108,-0.5100619792938232,-0.48304060101509094,0.03779856488108635,-0.8671442270278931,
0.1662360429763794,0.2404951095581055,-0.017058733105659484,-0.2137284129858017,-0.05840812996029854,-0.7692064642906189,
0.1527375340461731,-0.01472882628440857,0.011712633818387986,-0.0741121917963028,-0.1062784492969513,-0.7604179978370667,
0.20588743686676025,-0.2978431463241577,-0.036774635314941406,0.012107651680707932,-0.16793063282966614,-0.7607508897781372,
0.05782002806663514,-0.5268728733062744,0.0999134361743927,0.08747511357069016,-0.23317807912826538,-0.6468341946601868,
0.024498499929904938,-0.4791266918182373,0.12195110321044922,0.0750914141535759,-0.20907647907733917,-0.5148745775222778,
0.043338713049888615,-0.46278061866760256,0.07335717678070068,0.0072473823092877865,-0.14995430409908295,-0.41041210293769836,
0.005526747927069664,-0.3846077680587769,0.0708661437034607,-0.0711161345243454,-0.058208394795656204,-0.2492908388376236,
0.004585077241063118,-0.353764820098877,0.11638607978820802,-0.06592296808958054,-0.019259661436080933,-0.1308467537164688,
0.027116852998733523,-0.31725075244903567,0.16738095283508303,-0.03250029683113098,-0.00874017458409071,-0.077250637114048,
0.05487973093986512,-0.24620437622070312,0.17247016429901124,0.015969235450029373,-0.015398076735436916,-0.05441402271389961,
0.04734665453433991,-0.21491630077362062,0.1715038061141968,0.08301431685686111,-0.027648618444800377,-0.03357478976249695,
0.03522000014781952,-0.18018661737442018,0.13300087451934814,0.1039867103099823,-0.03989916294813156,0.00863631535321474,
0.04218947291374207,-0.12107752561569214,0.012535423040390015,0.051122963428497314,-0.029512831941246986,0.04219214618206024,
0.026870697736740112,-0.10199791193008423,-0.0048221141099929815,0.012775848619639874,-0.0035475522745400667,0.07868208736181259,
-0.013181038200855255,-0.07823604941368104,0.028584572672843936,-0.0007396949222311378,0.02767801284790039,0.13740478456020355,
-0.04509778022766114,-0.05359576940536499,0.04390409588813782,0.00818189512938261,0.05450936034321785,0.18234562873840332,
0.07735574841499329,-0.08100335001945497,0.061370921134948735,0.029886659234762192,0.04498856142163277,0.17289140820503235,
0.09589447975158692,-0.1115811824798584,0.02604877054691315,0.013707954436540604,0.03886329010128975,0.18154668807983398,
0.07730501294136048,-0.14605177640914918,0.04487702548503876,0.046331677585840225,0.05464251711964607,0.21989621222019196,
0.047548532485961914,-0.1945609450340271,0.1431937336921692,0.11257781088352203,0.05763857439160347,0.28241389989852905,
0.048667493462562564,-0.227089262008667,0.11065046787261963,0.10205832868814468,0.06596095114946365,0.32435867190361023,
0.08409602642059327,-0.2686368227005005,0.04485015869140625,0.03394797816872597,0.10550889372825623,0.36543795466423035,
0.07146239280700684,-0.2981935977935791,0.025945216417312622,-0.009261810220777988,0.15963764488697052,0.40685009956359863,
0.03436182737350464,-0.34005537033081057,0.1828263282775879,0.09666542708873749,0.16602922976016998,0.47309622168540955,
-0.046511304378509526,-0.32578320503234864,0.22144198417663574,0.24140822887420654,0.13673445582389832,0.591740071773529,
-0.14150906801223756,-0.36195163726806645,0.23048043251037598,0.45372873544692993,0.15251369774341583,0.7926089763641357,
-0.12036461830139161,-0.12909196615219118,-0.1051027774810791,0.3736341893672943,0.30617809295654297,1.091681957244873,
0.1680983066558838,0.08732848167419434,-0.8109551429748536,0.07409512996673584,0.2619030475616455,1.1428146362304688,
0.9382513999938965,0.34701089859008794,-0.9630374908447266,-0.12451010942459106,-0.00554492324590683,0.30232101678848267,
2.0354228973388673,0.5956876754760743,-0.6069888591766358,-0.12644091248512268,-0.2100091129541397,-0.39635929465293884,
0.493247127532959,0.49449210166931157,-0.1793738603591919,0.0179024338722229,-0.2611418068408966,-0.22318722307682037,
0.005362574011087418,0.31546759605407715,0.057020109891891484,0.06024669483304024,-0.2225925624370575,-0.2245188057422638,
0.08190870881080628,-0.07047720551490784,-0.09335166215896606,-0.007996808737516403,-0.18857067823410034,-0.25308123230934143,
-0.07137990593910218,-0.17641509771347047,0.09275650978088379,-0.007864318788051605,-0.19056789577007294,-0.21599799394607544,
-0.15613723993301393,-0.24151425361633302,0.2729207515716553,0.06743656098842621,-0.17871682345867157,-0.1261163055896759,
-0.18820133209228518,-0.27876193523406984,0.3697052955627442,0.11577293276786804,-0.15801075100898743,-0.04788593575358391,
-0.13136789798736573,-0.2629104137420654,0.34486391544342043,0.12622584402561188,-0.1229235976934433,0.0003838595002889633,
-0.05568438172340393,-0.23353776931762696,0.2839212417602539,0.08940763771533966,-0.09602567553520203,-0.011600365862250328,
0.0053648255765438085,-0.20625331401824953,0.2214665412902832,0.06530603021383286,-0.044493503868579865,0.010969923809170723,
-0.024126085638999942,-0.1586606502532959,0.1906282186508179,0.06350839883089066,0.003643133444711566,0.0496523417532444,
0.0010084774345159532,-0.08519386053085327,0.16232094764709473,0.08108525723218918,0.021286576986312866,0.038067590445280075,
0.051660120487213135,-0.04430883824825287,0.08328555822372437,0.03561178594827652,-0.0203253161162138,0.005510443821549416,
0.06617929339408875,-0.030830743908882144,-0.026000964641571048,-0.014788538217544556,-0.014333204366266727,0.014631770551204681,
0.016697850823402405,0.013525480031967164,0.006197350844740868,-0.013656694442033768,0.06469610333442688,0.046256810426712036,
0.02364819496870041,0.010335861891508103,0.0487718939781189,0.010977545753121376,0.08114112168550491,0.04765496775507927,
0.020421145856380465,0.0055728755891323095,0.06845844984054565,0.01617071032524109,0.05723924934864044,0.03726864233613014,
0.0479105681180954,-0.01584388017654419,0.03176044523715973,0.0027217462193220854,0.047984763979911804,0.03334047645330429,
0.049665343761444096,-0.027829450368881226,0.032080438733100895,-0.010061427019536495,0.0774126946926117,0.03973206505179405,
0.03449162542819977,-0.04202297627925873,0.054216861724853516,0.013507548719644547,0.08420375734567642,0.04392654448747635,
0.005373913422226906,-0.05672172904014588,0.10501058101654054,0.042735740542411804,0.05597424879670143,0.0496523417532444,
-0.020320993661880494,-0.07993494868278504,0.0858678162097931,0.047729168087244034,0.02022131159901619,0.036203376948833466,
-0.031685379147529606,-0.09138310551643372,0.06392928957939148,0.019033608958125114,0.035467907786369324,0.04159627854824066,
-0.0638655424118042,-0.09867238402366639,0.07408190965652466,-0.0032033196184784174,0.06589441746473312,0.05651088058948517,
-0.11427161693572999,-0.13476755619049072,0.1474197030067444,-0.00919543206691742,0.15204767882823944,0.0813448578119278,
-0.17498934268951416,-0.14588735103607178,0.18840917348861697,0.0426696315407753,0.254046767950058,0.13048018515110016,
-0.22074708938598633,-0.1084995985031128,0.21033337116241457,-0.04548100382089615,0.5070470571517944,0.17062734067440033,
0.9712100982666017,0.5208067417144776,-1.0974278450012207,-0.7269173264503479,0.5589786767959595,-0.39862337708473206,
2.0429134368896484,0.37721872329711914,-1.2796411514282227,-0.7807797789573669,-0.07891497015953064,-0.8935718536376953,
