0.5512681484222413,0.1373674750328064,-0.06468575596809388,-0.1664987951517105,-0.031880732625722885,0.026317540556192398,
0.5479488372802734,0.11594561338424683,0.016856452822685244,-0.12202399224042892,-0.09719475358724594,-0.057039402425289154,
0.49499120712280276,0.09460116624832154,0.10138716697692872,-0.08786895126104355,-0.11570372432470322,-0.09771918505430222,
0.30369114875793457,0.12337357997894288,0.08182068467140198,-0.08846815675497055,-0.06710103154182434,-0.12601527571678162,
0.20038785934448244,0.10878435373306275,0.04611554741859436,-0.09485974907875061,-0.048725225031375885,-0.13480371236801147,
0.10766192674636842,0.08215919137001038,0.0721681535243988,-0.07275550812482834,-0.081881582736969,-0.14585581421852112,
0.02763248383998871,0.048354098200798036,0.1205385446548462,-0.06017207354307175,-0.10844661295413971,-0.15031662583351135,
-0.08095251917839051,-0.0007691196631640196,0.13854814767837526,-0.03407309204339981,-0.11284082382917404,-0.1338050216436386,
-0.13909354209899902,-0.02370972037315369,0.1381467580795288,-0.01709544099867344,-0.08654211461544037,-0.10983657091856003,
-0.18089498281478883,-0.03908664882183075,0.13148034811019899,-0.0185596514493227,-0.029350848868489265,-0.07301734387874603,
-0.2183243274688721,-0.043245866894721985,0.11843795776367189,-0.018892547115683556,0.003672350198030472,-0.0463191494345665,
-0.2698718547821045,-0.06773170232772828,0.1447644829750061,0.002279583364725113,-0.01423740852624178,-0.012696740217506886,
-0.28239150047302247,-0.08372434973716736,0.15823814868927003,0.01892434060573578,-0.030016638338565826,0.017663296312093735,
-0.3058643817901612,-0.09456549286842347,0.16439642906188967,0.03257304057478905,-0.030615849420428276,0.05381570756435394,
-0.3215767621994019,-0.08714408278465272,0.1735274434089661,0.03776620328426361,0.026508957147598267,0.09802418202161789,
-0.27162668704986576,-0.07333730459213257,0.15854671001434328,0.04295936971902847,0.08296797424554825,0.130581334233284,
-0.261283802986145,-0.0685538649559021,0.16788915395736695,0.06153491884469986,0.10094431042671204,0.15974295139312744,
-0.18118071556091309,-0.026704847812652588,0.17934376001358032,0.09402548521757126,0.0766429677605629,0.17605480551719666,
-0.09175004959106446,-0.018507957458496094,0.15436688661575318,0.10321339219808578,0.07411296665668488,0.17618797719478607,
0.035632637143135075,-0.000825711339712143,0.10600509643554688,0.09901891648769379,0.11692328006029129,0.1552155762910843,
0.199109160900116,0.015516768395900727,0.05184106826782227,0.11979157477617264,0.11645722389221191,0.11899658292531967,
0.47773461341857915,0.04723989665508271,0.028386062383651735,0.1712571531534195,0.055803727358579636,0.021591458469629288,
0.5262139797210693,0.08809757232666016,-0.032484370470047,0.1436934471130371,0.1037406325340271,-0.041192565113306046,
0.5379190444946289,0.13203340768814087,-0.15064585208892822,0.08390547335147858,0.19055968523025513,-0.09106025844812393,
0.5143066883087158,0.1477393388748169,-0.18658361434936524,0.08457126468420029,0.14621804654598236,-0.18240667879581451,
0.4632164001464844,0.1087315320968628,-0.12259688377380372,0.09422522783279419,0.02670869417488575,-0.25018414855003357,
0.37070746421813966,0.0834197759628296,-0.1339028596878052,0.07165493071079254,0.017454208806157112,-0.2842060327529907,
0.2444687604904175,0.032246580719947814,-0.19692444801330566,0.017459603026509285,0.05946557596325874,-0.30970579385757446,
0.15910732746124268,-0.03309740424156189,-0.1549263596534729,0.03324100375175476,0.03136873617768288,-0.3125644326210022,
0.05803060531616211,-0.06066507697105408,-0.06585755348205567,0.06493262201547623,-0.00018972231191582978,-0.3012459874153137,
-0.12575769424438477,-0.09601708054542542,-0.05198776721954346,0.07358789443969727,0.0033389662858098745,-0.2696875333786011,
-0.19177280664443971,-0.11215983629226685,-0.1016545295715332,0.049086809158325195,0.038892168551683426,-0.24418778717517853,
-0.21366798877716064,-0.11098785400390626,-0.11160091161727906,0.03237547352910042,0.04368585720658302,-0.2187545895576477,
-0.26670987606048585,-0.12032253742218019,-0.10293060541152954,0.028580471873283386,0.010396343655884266,-0.18333454430103302,
-0.3843108177185059,-0.1415130376815796,-0.062315630912780764,0.03896679729223251,-0.04652872681617737,-0.12154920399188995,
-0.42242045402526857,-0.15140311717987062,-0.05627290010452271,0.026183627545833588,-0.03927161172032356,-0.07061625272035599,
-0.4397434711456299,-0.15935838222503662,-0.0724231481552124,0.008340447209775448,-0.011974209919571877,-0.009696440771222115,
-0.44275450706481934,-0.18384861946105957,-0.05045698881149292,0.012867821380496025,-0.00877841655164957,0.04263467341661453,
-0.41505088806152346,-0.19382447004318237,-0.04148321449756623,0.020457830280065536,-0.0160355307161808,0.08524525910615921,
-0.4102442264556885,-0.19784735441207887,-0.050545692443847656,0.027248891070485115,-0.026887912303209305,0.13225004076957703,
-0.41006402969360356,-0.15282835960388186,-0.06815434694290161,0.024718888103961945,-0.016301847994327545,0.19483433663845062,
-0.39447641372680664,-0.12778067588806152,-0.10480011701583863,-0.00497535802423954,0.014191348105669022,0.23717859387397766,
-0.36077134609222417,-0.1165426254272461,-0.14164419174194337,-0.015761161223053932,-0.004384201020002365,0.2735307514667511,
-0.28114459514617923,-0.11254279613494873,-0.13545207977294924,-0.018890375271439552,-0.04013713821768761,0.2953020930290222,
-0.2081092357635498,-0.1001702904701233,-0.13225336074829103,-0.037931978702545166,-0.035676345229148865,0.3139442205429077,
-0.14450958967208863,-0.09167191982269288,-0.17803778648376467,-0.07861176878213882,-0.011042104102671146,0.3290576636791229,
-0.07128334641456605,-0.07672501206398011,-0.23244404792785645,-0.11243391036987305,0.0022071227431297302,0.33638134598731995,
0.15274139642715456,-0.07126269936561584,-0.19936763048172,-0.12209010869264603,-0.07928510010242462,0.2739924192428589,
0.28277542591094973,-0.045356208086013795,-0.1511922359466553,-0.12788249552249908,-0.14333412051200867,0.18431048095226288,
0.39954776763916017,-0.010751935094594956,-0.14040272235870363,-0.13234327733516693,-0.10691539943218231,0.1531514972448349,
0.4108306407928467,0.07778326869010926,-0.10583791732788086,-0.13493986427783966,-0.003984223119914532,0.13517515361309052,
0.4247499465942383,0.1059133529663086,-0.08866897225379944,-0.12888117134571075,-0.060909293591976166,0.053282950073480606,
0.4583425045013428,0.11861639022827149,-0.0312538206577301,-0.11450009793043137,-0.12076383829116821,-0.023482671007514,
0.42399044036865235,0.11899464130401612,-0.04845690131187439,-0.14099855720996857,-0.0617082417011261,-0.05923561006784439,
