1.9616632461547852,0.19090458154678347,0.0004979489371180534,-0.17027440667152405,0.15904392302036285,-0.09209191799163818,
1.7664289474487305,0.20598173141479492,0.30857763290405277,0.011419764719903469,0.03227744251489639,-0.23683471977710724,
1.4148741722106934,0.14876621961593628,0.4430851936340332,0.0761345773935318,-0.09422271698713303,-0.35108432173728943,
0.8037925720214845,-0.03531668186187744,0.09800407290458679,-0.00016498709737788886,-0.04601949825882912,-0.34149694442749023,
0.5786169528961181,-0.20912809371948243,-0.06229534149169922,-0.0664777010679245,0.04326298087835312,-0.3576090633869171,
0.3681287050247193,-0.36626920700073246,0.03474545776844025,-0.04570504277944565,-0.0567387193441391,-0.33257535099983215,
0.127849280834198,-0.43666863441467285,0.2209179162979126,-0.006356836762279272,-0.14302513003349304,-0.3014829456806183,
0.06406312584877015,-0.4028772830963135,0.2057114839553833,-0.007488680072128773,-0.1109340488910675,-0.2124667912721634,
0.03876538574695587,-0.3934056758880615,0.1734695076942444,-0.019006852060556412,-0.024514470249414444,-0.08590006828308105,
0.038279205560684204,-0.37399115562438967,0.16430160999298096,-0.0321894995868206,0.038602448999881744,-0.0223836749792099,
0.12360327243804932,-0.4017075538635254,0.16713285446166992,-0.044240303337574005,0.0798148661851883,0.04006745293736458,
0.0769677460193634,-0.4039625644683838,0.21732592582702637,-0.022136066108942032,0.04412850737571716,0.12848441302776337,
0.05334396362304688,-0.4122373104095459,0.2557543277740479,0.01674608513712883,0.02635190635919571,0.20731398463249207,
0.08206946253776551,-0.3969148635864258,0.2567831754684448,0.05249902233481407,0.036205604672431946,0.2867427468299866,
0.08026002645492554,-0.3892783403396607,0.21744081974029542,0.05376226827502251,0.039933666586875916,0.370761901140213,
0.09993250966072083,-0.37598109245300293,0.19241626262664796,0.053096476942300797,-0.024581411853432655,0.4429335594177246,
0.4495447158813477,-0.33194181919097904,0.19041500091552735,0.08245782554149628,-0.025912992656230927,0.45092302560806274,
0.774881935119629,-0.3232944965362549,0.12474466562271119,0.08478809148073196,0.05191789194941521,0.4193645715713501,
1.067833423614502,-0.32423310279846196,0.11060696840286255,0.09890285134315491,0.028415493667125702,0.29699233174324036,
1.412023735046387,-0.2325289249420166,0.08494837284088136,0.08838336169719696,0.028149178251624107,0.1172955334186554,
1.6096906661987305,0.0008063649758696557,-0.0006213340908288956,0.027796443551778793,0.06862922757863998,-0.12491898238658905,
1.5015501022338869,0.049511453509330755,0.044569078087806704,0.05529358610510826,0.08700503408908844,-0.25248438119888306,
1.1390270233154298,-0.030726680159568788,0.09894880652427673,0.09850337356328964,0.022489961236715317,-0.3995574712753296,
0.9463291168212891,-0.11157563924789429,0.0211371049284935,0.04637199640274048,-0.028309838846325874,-0.4548846483230591,
0.7782648086547852,-0.18960610628128052,-0.03079812824726105,-0.03345625847578049,-0.00640533771365881,-0.47752150893211365,
0.5008828639984131,-0.34251387119293214,0.09518485665321351,-0.04743785783648491,0.022556539624929428,-0.4556835889816284,
0.36589176654815675,-0.36515693664550786,0.17490141391754152,-0.011085707694292068,0.017962586134672165,-0.3955627381801605,
0.2660893440246582,-0.3641636371612549,0.2023646593093872,0.0043606264516711235,0.022223643958568573,-0.3466271460056305,
0.11292505264282227,-0.37199239730834965,0.1822014927864075,0.011817478574812412,-0.0040084924548864365,-0.28084707260131836,
0.02084161788225174,-0.36605210304260255,0.20356550216674807,0.022936174646019936,-0.01992087997496128,-0.1841743141412735,
-0.05870571732521057,-0.3641785860061646,0.20213418006896974,0.0018306236015632749,-0.02984115667641163,-0.06845995783805847,
-0.15296870470046997,-0.4037214279174805,0.1920535206794739,-0.012683603912591934,-0.04355643317103386,0.052314393222332,
-0.16018800735473634,-0.41424121856689455,0.25127682685852054,0.03278987482190132,-0.05440881475806236,0.17288900911808014,
-0.12830138206481934,-0.43504104614257816,0.24265451431274415,0.051231320947408676,-0.028509769588708878,0.2802124619483948,
-0.06621078252792359,-0.46223273277282717,0.17621620893478396,0.026597078889608383,-0.0030765808187425137,0.3548475503921509,
-0.07835406064987183,-0.4742952823638916,0.10915309190750122,-0.010687177069485188,0.00011921254190383479,0.492799311876297,
0.02102208286523819,-0.46679739952087407,0.09020196795463563,-0.03472220525145531,0.021757397800683975,0.5437322854995728,
0.20127313137054445,-0.41534991264343263,0.051446574926376346,-0.03425615280866623,-0.08436957746744156,0.5789526104927063,
1.022430992126465,-0.31490390300750737,-0.0012288233265280724,-0.05542828142642975,-0.11765909194946289,0.44792503118515015,
1.6315853118896486,-0.2565351724624634,-0.13133872747421266,-0.10056886821985245,-0.01739107072353363,0.2521826922893524,
1.7436763763427736,-0.0901158332824707,-0.09915482997894287,-0.1254694163799286,0.05970744043588638,0.0836046114563942,
