0.13723605871200562,-0.2796363115310669,-0.12479686737060547,-0.09722676128149033,0.06469765305519104,0.7149621248245239,
0.6836605548858643,-0.4262073040008545,-0.027005356550216675,-0.05714542791247368,-0.14808878302574158,0.571286141872406,
1.367006778717041,-0.4898083686828614,0.032497030496597294,-0.03590671718120575,-0.26959550380706787,0.2924531102180481,
2.243844413757324,-0.2120299577713013,-0.29770641326904296,-0.14722685515880585,0.1406644731760025,0.07800207287073135,
2.169020462036133,-0.09345071315765381,-0.3024489402770996,-0.11107444018125534,0.09918574243783951,-0.13704818487167358,
1.815962791442871,-0.010404457896947862,0.22389686107635498,-0.007077998016029596,-0.03037704899907112,-0.3514326512813568,
1.3779017448425295,-0.06218331456184387,0.10767621994018556,-0.0062124705873429775,-0.009604391641914845,-0.39817115664482117,
0.8919840812683106,-0.17462130784988406,-0.06583361029624939,-0.030580395832657814,-0.03663547709584236,-0.3929779827594757,
0.6940805435180665,-0.22589797973632814,-0.04606972634792328,-0.030780132859945297,-0.08670290559530258,-0.3779976963996887,
0.5925619125366212,-0.24529528617858887,-0.0024767205119133,-0.040034614503383636,-0.09302791208028793,-0.3459066152572632,
0.3680829763412476,-0.26203112602233886,-0.018573449552059175,-0.06473544239997864,-0.027447571977972984,-0.23758253455162048,
0.29911015033721927,-0.26844799518585205,0.00440279133617878,-0.04143277555704117,0.012699582614004612,-0.1492321491241455,
0.2615855932235718,-0.25683763027191164,0.06398028731346131,-0.015666693449020386,0.017493272200226784,-0.06967021524906158,
0.1799465298652649,-0.24604706764221193,0.07884295582771302,0.010498865507543087,-0.018858877941966057,0.04464598372578621,
0.17046923637390138,-0.2391700029373169,0.08947473168373109,0.027676254510879517,-0.04615627974271774,0.11362185329198837,
0.14538928270339965,-0.23383102416992188,0.0936439037322998,0.0636955052614212,-0.05268102511763573,0.2580983340740204,
0.12581779956817626,-0.23264994621276858,0.10534834861755371,0.09412211924791336,0.02095538191497326,0.37594321370124817,
0.2222014904022217,-0.22909533977508545,0.06740854382514953,0.11429556459188461,0.11090365052223206,0.5192878842353821,
0.35551066398620607,-0.25741090774536135,0.0920579493045807,0.18773223459720612,-0.11906031519174576,0.4941875636577606,
0.7258331298828126,-0.3004722356796265,0.17549028396606448,0.25471287965774536,-0.20161786675453186,0.3285433351993561,
1.898149299621582,-0.2694644212722778,-0.32601935863494874,0.15877249836921692,0.1459246575832367,0.14951232075691223,
2.083881187438965,-0.17127766609191897,-0.52714581489563,0.08453688025474548,0.0972553938627243,-0.13191723823547363,
2.327600860595703,-0.027413162589073184,-0.44372262954711916,-0.0033474350348114967,-0.0066078947857022285,-0.4204041659832001,
1.7248495101928711,-0.021159708499908447,-0.4108924388885498,-0.03530536964535713,0.03127557411789894,-0.5483690500259399,
1.354912281036377,-0.1290365695953369,-0.28074371814727783,-0.03404036909341812,0.018292661756277084,-0.5993685722351074,
0.834903621673584,-0.24658284187316895,-0.20884451866149903,-0.07671752572059631,-0.047886889427900314,-0.5660790801048279,
0.5161007404327392,-0.2661984205245972,-0.15270212888717652,-0.0862383246421814,-0.031242135912179947,-0.4740668535232544,
