0.38760988712310795,0.10555320978164673,-0.042227703332901004,-0.1628381758928299,-0.06277312338352203,-0.015230215154588223,
0.34690408706665044,0.09994723200798035,-0.008736357837915421,-0.14825737476348877,-0.03381124138832092,-0.0399310365319252,
0.31462006568908696,0.07673125863075257,0.07748448848724365,-0.1183633953332901,-0.06410470604896545,-0.0838731974363327,
0.23790695667266848,0.034307682514190675,0.15105204582214357,-0.07968097925186157,-0.09166841953992844,-0.13181008398532867,
0.16692217588424685,0.015262208878993988,0.17127434015274048,-0.05331568419933319,-0.07515682280063629,-0.130811408162117,
0.07106041312217713,0.009482244402170182,0.16165927648544312,-0.06303621828556061,-0.03427729383111,-0.12029192596673965,
-0.010895535349845886,-0.0034301914274692535,0.11912750005722046,-0.05391489341855049,-0.018165171146392822,-0.10564453899860382,
-0.1015103578567505,-0.03070037066936493,0.17550536394119265,-0.025018280372023582,-0.04080233722925186,-0.10883776098489761,
-0.11994506120681764,-0.041286104917526247,0.1739457130432129,-0.007774310652166605,-0.05764682963490486,-0.10417722910642624,
-0.15212651491165163,-0.05515830516815186,0.17745707035064698,0.009070184081792831,-0.0597107820212841,-0.08793194591999054,
-0.22444634437561037,-0.08826804161071777,0.16765102148056032,0.023917306214571,-0.019896522164344788,-0.037398457527160645,
-0.2637864828109741,-0.09654720425605774,0.16489559412002563,0.021254144608974457,0.037161704152822495,0.020858189091086388,
-0.3028084516525269,-0.08913202285766603,0.1437556266784668,0.03516916558146477,0.05800094082951546,0.05800928920507431,
-0.31297509670257573,-0.06521123051643372,0.17334856986999514,0.04282575100660324,0.04515118896961212,0.08524011075496674,
-0.2932866096496582,-0.07100552320480347,0.16679509878158572,0.05540918931365013,0.02637590281665325,0.1187293529510498,
-0.28483405113220217,-0.07013696432113647,0.17397528886795044,0.06819236278533936,0.03602986037731171,0.14183227717876434,
-0.1797415852546692,-0.059145581722259526,0.1646538853645325,0.07471710443496704,0.08589755743741989,0.17492206394672394,
-0.10670727491378784,-0.04146763384342194,0.16621352434158326,0.08497028052806854,0.11632417142391205,0.18397681415081024,
-0.0043572187423706055,-0.022405689954757693,0.149666690826416,0.10354582965373993,0.11599127948284149,0.17538811266422272,
0.09650806784629823,-0.001106996461749077,0.1406983971595764,0.12598295509815216,0.1135944351553917,0.16533468663692474,
0.3392985343933106,0.04899596273899079,0.04618377089500428,0.11759400367736816,0.09608414769172668,0.09116563946008682,
0.49392223358154297,0.08147833347320557,-0.01215728223323822,0.10687477886676788,0.07737544178962708,0.004879223182797432,
0.6133762359619142,0.07965872287750245,-0.05874455571174622,0.11200135946273804,0.08902677148580551,-0.07960956543684006,
0.6498979568481446,0.08010091185569763,-0.07360162138938904,0.1418287605047226,0.11639074981212616,-0.1346704214811325,
0.5641053676605224,0.10790359973907471,-0.10032939910888672,0.13723482191562653,0.1400928795337677,-0.2158968448638916,
0.46752247810363773,0.08714056611061097,-0.20421950817108156,0.0865015983581543,0.1358984112739563,-0.2676287293434143,
0.37110767364501956,0.060630351305007935,-0.23763933181762698,0.06153472140431404,0.0870293378829956,-0.32202330231666565,
0.14741134643554688,-0.03003986477851868,-0.1627899169921875,0.05434418469667435,0.03270085155963898,-0.34665754437446594,
0.030854111909866335,-0.06855614185333252,-0.10656236410140991,0.0594707690179348,0.014791092835366726,-0.33154410123825073,
-0.08997467756271363,-0.09723206162452698,-0.10077087879180908,0.05907129496335983,0.033166904002428055,-0.2887337803840637,
-0.18171726465225221,-0.09955345392227173,-0.1025429129600525,0.046621017158031464,0.04901271313428879,-0.26323401927948,
-0.2746323108673096,-0.10778980255126953,-0.13793398141860963,0.014063873328268528,0.04575033858418465,-0.21855947375297546,
-0.3293280839920044,-0.12005186080932617,-0.08210696578025818,0.020522041246294975,0.0017416029004380107,-0.17521652579307556,
-0.37648398876190187,-0.10898629426956177,-0.04907903671264649,0.014330189675092697,-0.02096184715628624,-0.13240621984004974,
-0.40192565917968753,-0.12687349319458008,-0.05523539781570435,0.0020796486642211676,-0.016367893666028976,-0.08533484488725662,
-0.3951362848281861,-0.15227700471878053,-0.03793708682060242,0.0008146472973749042,-0.0023862970992922783,-0.027211353182792664,
-0.4118198871612549,-0.1750980019569397,-0.02746589481830597,0.008138339966535568,0.006202397868037224,0.032177139073610306,
-0.4102698802947998,-0.16525127887725832,-0.004099328815937042,0.024916255846619606,-0.006114722695201635,0.0809129849076271,
-0.39317374229431157,-0.15750851631164553,-0.008951014280319214,0.03516942635178566,-0.01503631193190813,0.12998174130916595,
-0.39136695861816406,-0.14149917364120485,-0.03241286277770996,0.030309157446026802,-0.01603499799966812,0.1892370730638504,
-0.38627750873565675,-0.08757538199424744,-0.08594195246696473,0.012532556429505348,-0.009177357889711857,0.24769346415996552,
-0.35162200927734377,-0.06095182299613953,-0.10692776441574098,-0.018826166167855263,0.002141077071428299,0.2855769097805023,
-0.3009004831314087,-0.04969252049922943,-0.14239238500595094,-0.024019328877329826,-0.02462369203567505,0.30621641874313354,
-0.2559599161148071,-0.04458368718624115,-0.13918579816818238,-0.024485383182764053,-0.05418478325009346,0.31101009249687195,
-0.17927500009536745,-0.03351535201072693,-0.1530611515045166,-0.06563122570514679,-0.043132662773132324,0.31227511167526245,
0.029896467924118042,-0.002010311558842659,-0.29825868606567385,-0.16157159209251404,-0.05611557513475418,0.29895928502082825,
0.10840481519699097,-0.012308735400438309,-0.2759683609008789,-0.1475234180688858,-0.12356012314558029,0.2614087164402008,
0.31346964836120605,0.0086634062230587,-0.055716937780380255,-0.09186336398124695,-0.1271553933620453,0.21067552268505096,
0.38924617767333985,0.040938326716423036,-0.053088521957397466,-0.13221023976802826,-0.0592447891831398,0.15947625041007996,
0.49900527000427247,0.05171911120414734,-0.13885529041290284,-0.17182476818561554,-0.07555664330720901,0.051618218421936035,
