0.5889515399932862,0.23033499717712402,-0.019269002974033358,-0.18972165882587433,0.043126512318849564,-0.12648922204971313,
0.5173974514007569,0.16462033987045288,0.0886157274246216,-0.14884214103221893,0.02548306994140148,-0.19533193111419678,
0.4540796756744385,0.07085369229316711,0.20741467475891115,-0.06182335689663887,-0.046954914927482605,-0.2551864683628082,
0.3088712692260742,0.00898127406835556,0.27334089279174806,-0.0052977618761360645,-0.058805983513593674,-0.2545872628688812,
-0.005368176847696304,0.008437261730432511,0.10094363689422609,-0.012821191921830177,0.002646462991833687,-0.2400064617395401,
-0.07675156593322754,-0.0017831195145845413,0.03630548715591431,-0.035790953785181046,0.013632003217935562,-0.238874614238739,
-0.14259525537490844,-0.010380659997463227,0.030509352684020996,-0.049639392644166946,-0.01785987801849842,-0.23414750397205353,
-0.29273810386657717,-0.023696801066398623,0.07421146631240845,-0.03938622400164604,-0.06586335599422455,-0.20192326605319977,
-0.35303170680999757,-0.027959528565406802,0.11722376346588136,-0.019279228523373604,-0.0698581263422966,-0.1672353297472,
-0.38548772335052495,-0.028867611289024354,0.122917377948761,-0.021343177184462547,-0.0012817301321774721,-0.10724762082099915,
-0.40879149436950685,-0.02034507989883423,0.08630061149597168,-0.04105056822299957,0.047986749559640884,-0.06816573441028595,
-0.45508337020874023,-0.03127528131008148,0.06431163549423217,-0.04690952226519585,0.03087594173848629,-0.01616751030087471,
-0.4646184921264649,-0.0482141137123108,0.1457744836807251,-0.01242158841341734,-0.017527012154459953,0.026309911161661148,
-0.46839632987976076,-0.038487118482589726,0.18008959293365479,0.009349754080176353,-0.019923856481909752,0.07151707261800766,
-0.47497043609619144,-0.007799988985061646,0.17328121662139895,0.03172031044960022,0.023219352588057518,0.14961425960063934,
-0.44772958755493164,0.004944345727562905,0.1542319655418396,0.035049259662628174,0.06476467102766037,0.21053408086299896,
-0.3952960968017578,0.0162433996796608,0.129113245010376,0.05562218278646469,-0.003545416984707117,0.22384987771511078,
-0.19884600639343264,0.01741241365671158,0.16325577497482302,0.06787272542715073,-0.07445207983255386,0.2148617058992386,
-0.10501111745834352,0.035308542847633365,0.08776536583900452,0.06321219354867935,0.02907830849289894,0.23130673170089722,
-0.010667169839143753,0.04767948687076569,0.049114090204238896,0.06181403249502182,0.13760212063789368,0.24668647348880768,
0.17542901039123537,0.0890459418296814,0.027573195099830628,0.07413115352392197,0.11503183841705322,0.21779118478298187,
0.33615210056304934,0.10199741125106812,0.07713757157325746,0.10628882050514221,-0.06013759225606918,0.09621789306402206,
0.5274999141693115,0.12110773324966431,0.08106722235679627,0.09770012646913528,-0.062134962528944016,0.0175880566239357,
0.6841995716094971,0.2092653512954712,-0.05618206858634949,0.10449118912220001,0.05444491654634476,-0.06936415284872055,
0.7278124332427979,0.1996471405029297,-0.10618386268615723,0.08831248432397842,0.08460521697998047,-0.1600448042154312,
0.7253823757171631,0.16822148561477662,-0.147763991355896,0.07326562702655792,0.04066305607557297,-0.27502676844596863,
0.46092066764831546,0.1055509090423584,-0.08172337412834169,0.06960377842187881,-0.01386516634374857,-0.3288891911506653,
0.2746696472167969,0.09631546139717102,-0.06361792683601379,0.061414554715156555,0.03640199825167656,-0.3406071066856384,
0.1850440502166748,0.052784031629562383,-0.08204234838485719,0.05655428767204285,0.07508441805839539,-0.3380770981311798,
0.07943243384361268,0.007994581013917923,-0.07211427092552185,0.06760640442371368,0.06995783001184464,-0.32988789677619934,
-0.11833473443984986,-0.01589413285255432,-0.03274029791355133,0.07166772335767746,0.049384910613298416,-0.3152405023574829,
-0.20933938026428223,-0.022146855294704438,-0.03831193447113038,0.07579562813043594,0.043592534959316254,-0.27216386795043945,
-0.30977678298950195,-0.03237277269363403,-0.04857386648654938,0.06940404325723648,0.08314047753810883,-0.20305484533309937,
-0.40806126594543457,-0.029588940739631656,-0.1034772276878357,0.05176059901714325,0.10977209359407425,-0.1484600454568863,
-0.40973854064941406,-0.04802405834197998,-0.08123741745948793,0.037579264491796494,0.06716151535511017,-0.1256900131702423,
-0.4090141296386719,-0.055259895324707035,-0.0819779634475708,0.023730823770165443,-0.0040114703588187695,-0.12156210839748383,
-0.3955765962600708,-0.057826793193817144,-0.07397099137306214,0.000761060044169426,-0.05694179981946945,-0.10778025537729263,
-0.4256288528442383,-0.08189350962638856,-0.07730900645256043,-0.007228423375636339,-0.10754185914993286,-0.08061601221561432,
-0.438057279586792,-0.09189603328704835,-0.03048784136772156,-0.005097894463688135,-0.09043104946613312,-0.03554200753569603,
-0.4749748706817627,-0.11066977977752686,-0.03260825872421265,0.004955539014190435,-0.057740747928619385,0.04009176790714264,
-0.5072859287261963,-0.11294479370117189,0.00504516176879406,0.029057146981358528,-0.046555470675230026,0.09655078500509262,
-0.4564689159393311,-0.11092915534973145,0.008780022710561752,0.03678031638264656,-0.040896251797676086,0.1253795027732849,
-0.4436673164367676,-0.11758017539978027,-0.006592588126659394,0.040841635316610336,-0.014997010119259357,0.18716482818126678,
-0.49821190834045415,-0.0862978994846344,-0.009485574811697007,0.05349165201187134,-0.008871739730238914,0.2710544168949127,
-0.463534164428711,-0.09250771403312684,-0.0038380794227123264,0.06421087682247162,0.013099339790642262,0.31759315729141235,
-0.38686268329620366,-0.07955846190452576,-0.03412364423274994,0.016207395121455193,0.06749440729618073,0.3496842682361603,
-0.3301751136779785,-0.06395289897918702,-0.12475519180297852,-0.017348436638712883,0.0715557262301445,0.3713224530220032,
-0.2151432514190674,-0.07240902185440064,-0.05528480410575867,0.006485749501734972,0.0035122185945510864,0.41672712564468384,
-0.09746329784393311,-0.05819646120071412,-0.08527588844299316,-0.023474812507629395,0.03773384168744087,0.42225319147109985,
0.0929227113723755,-0.02082805931568146,-0.1668245792388916,-0.07414145767688751,0.11836104094982147,0.3791099786758423,
0.29128417968750003,0.02501003742218018,-0.20552599430084229,-0.09105253219604492,0.10218233615159988,0.33430230617523193,
0.576121997833252,0.10040159225463868,-0.12019177675247193,-0.09538016468286514,-0.19003301858901978,0.17251527309417725,
0.6796215057373047,0.25386545658111576,-0.09421542286872864,-0.1547020822763443,-0.18803563714027405,0.08343252539634705,
0.7685632228851319,0.36390061378479005,-0.1879252791404724,-0.17347736656665802,-0.0033454212825745344,0.01498928852379322,
