2.268939781188965,0.16267482042312623,-0.43604950904846196,-0.1521059274673462,0.14665864408016205,-0.34111303091049194,
1.709102249145508,0.04275654554367066,-0.17185980081558228,-0.054301343858242035,0.02655007503926754,-0.4588913321495056,
1.2888533592224123,-0.03574427664279938,-0.12148792743682862,-0.0558992400765419,-0.012465235777199268,-0.48139503598213196,
0.6204297065734864,-0.18025509119033814,-0.19496263265609742,-0.07600610703229904,-0.03363736718893051,-0.44231316447257996,
0.3897913455963135,-0.21085476875305176,-0.13254343271255495,-0.1100945696234703,-0.00021469448984134942,-0.3202072083950043,
0.15145113468170168,-0.25120015144348146,0.004618330299854279,-0.07360926270484924,0.033807188272476196,-0.1699383556842804,
0.1001798152923584,-0.27453200817108153,0.12953399419784548,-0.00756273977458477,-0.033703919500112534,-0.058884285390377045,
0.11370970010757447,-0.29567723274230956,0.12142127752304077,0.02426203526556492,-0.107540063560009,0.024872131645679474,
0.18008637428283691,-0.2949908494949341,0.05998443365097046,0.007084646727889776,-0.03097418136894703,0.11668461561203003,
0.1172156572341919,-0.321343207359314,0.028504189848899842,0.05448891595005989,0.07162410765886307,0.31042957305908203,
0.14886730909347534,-0.31833622455596927,0.10962432622909546,0.12066847085952759,0.1301470696926117,0.41702258586883545,
0.341091799736023,-0.2876308441162109,-0.006793284416198731,0.11800530552864075,0.14932182431221008,0.5160922408103943,
0.5145973682403565,-0.3243999004364014,0.0724327027797699,0.18232065439224243,-0.021386800333857536,0.4918574392795563,
1.2035649299621582,-0.33152618408203127,-0.11025625467300415,0.15735352039337158,0.11596573889255524,0.42541155219078064,
1.6862131118774415,-0.2592615842819214,-0.3709241628646851,0.09616738557815552,0.22069454193115234,0.2622263729572296,
2.6256410598754885,-0.09085328578948976,-0.2149308443069458,0.05016127601265907,-0.09981689602136612,-0.3242017328739166,
2.385404396057129,0.01988949477672577,-0.3978472709655762,-0.025472499430179596,0.08700385689735413,-0.4749366343021393,
1.5650686264038087,-0.1280566692352295,-0.203087592124939,0.0389094203710556,0.08314227312803268,-0.6451126337051392,
1.31112060546875,-0.24349882602691653,-0.16651242971420288,0.005553328897804022,-0.04282524436712265,-0.6948471665382385,
0.58969144821167,-0.3222225189208985,-0.18872703313827516,-0.04304936155676842,-0.09682083874940872,-0.6078283786773682,
0.3597654104232788,-0.2905979871749878,-0.11629805564880372,-0.06155833229422569,-0.011732839979231358,-0.48732033371925354,
0.19941807985305787,-0.2725712299346924,-0.08718053102493287,-0.06075938418507576,0.04852117970585823,-0.3750015199184418,
0.05412389636039734,-0.212015438079834,0.05310757160186768,-0.004766420461237431,-0.00906967930495739,-0.2029612958431244,
0.05109190344810486,-0.19609174728393555,0.09804620742797852,0.013813025318086147,-0.06479552388191223,-0.10894374549388885,
0.07119951248168946,-0.19307881593704224,0.06404267549514771,-0.0041633122600615025,-0.04748497158288956,-0.04356313496828079,
0.03652188181877136,-0.2013650178909302,0.05512015223503113,0.028194095939397812,0.0026490341406315565,0.1399286687374115,
0.00532248392701149,-0.193893837928772,0.060118204355239874,0.037115685641765594,0.036537762731313705,0.2631664574146271,
0.0364553689956665,-0.20859684944152834,-0.029280352592468264,0.044772274792194366,0.05411462485790253,0.4113048017024994,
0.07307612299919129,-0.23638126850128174,-0.05441629886627197,0.024132775142788887,0.07648517936468124,0.5449288487434387,
0.12402093410491943,-0.25883824825286866,-0.15382611751556396,-0.00982252974063158,0.07934807986021042,0.6559826731681824,
0.41183013916015626,-0.30803339481353764,-0.19742813110351565,-0.06255312263965607,-0.0380973294377327,0.7536541223526001,
0.8432112693786622,-0.33646099567413335,-0.21674098968505862,-0.05762627348303795,-0.20873938500881195,0.6159021258354187,
2.400677108764649,-0.2513263463973999,-0.3389978647232056,-0.10323290526866913,-0.10081477463245392,0.20051558315753937,
2.8031562805175785,-0.06598145961761474,-0.4118685245513916,-0.18199588358402252,0.10291705280542374,-0.10954295098781586,
