-0.019013208150863648,-0.38414640426635743,-0.07323822379112244,-0.16928304731845856,0.16236989200115204,0.6497160196304321,
0.563713788986206,-0.39729034900665283,-0.023699627816677095,0.006152687128633261,-0.08363961428403854,0.3793386220932007,
1.858754348754883,0.08025240302085877,0.02855825126171112,-0.1563667207956314,0.028346311300992966,0.11328882724046707,
1.7436557769775392,0.30215363502502446,-0.18173444271087646,-0.1778738647699356,0.1199595034122467,-0.08798356354236603,
1.6134794235229493,0.4078427791595459,0.18619120121002197,-0.029402628540992737,0.040397562086582184,-0.2628866732120514,
0.8639225006103516,0.22169816493988037,0.3113003969192505,0.057016950100660324,-0.015595398843288422,-0.3176146447658539,
0.5757616043090821,0.06881283521652222,0.13923243284225464,0.030784813687205315,0.009371737018227577,-0.3230075240135193,
0.3677362442016602,-0.04592671394348145,0.044925725460052496,-0.029735524207353592,0.02275412157177925,-0.34384676814079285,
0.23914616107940675,-0.16934568881988527,0.03324905037879944,-0.05909687653183937,0.005044099409133196,-0.3339930772781372,
-0.08967768549919129,-0.32858431339263916,0.16767473220825196,-0.05350423604249954,-0.052679918706417084,-0.2795979976654053,
-0.13842060565948486,-0.37129786014556887,0.23715057373046877,-0.012225238606333733,-0.06879204511642456,-0.23179426789283752,
-0.17572854757308962,-0.43163504600524905,0.2768899202346802,0.033914025872945786,-0.047753069549798965,-0.13865020871162415,
-0.22624516487121582,-0.44374814033508303,0.233528208732605,0.012875054962933064,-0.0017469614977017045,-0.06701117008924484,
-0.22201831340789796,-0.4546170234680176,0.187771475315094,-0.013090766035020351,0.017161482945084572,0.015280510298907757,
-0.278645396232605,-0.4654075622558594,0.1920608639717102,-0.005833652336150408,-0.009936181828379631,0.09011533856391907,
-0.2959259271621704,-0.4361937999725342,0.2550039529800415,0.025192175060510635,-0.05261334031820297,0.1781993955373764,
-0.2936171770095825,-0.46194343566894536,0.271500301361084,0.0586814247071743,-0.05913808196783066,0.2700784504413605,
-0.3035394430160523,-0.4737287998199463,0.27136299610137943,0.04749615117907524,0.005843047518283129,0.3549667000770569,
-0.2668774127960205,-0.44443178176879883,0.2172024965286255,0.03244929015636444,0.029278866946697235,0.432731032371521,
-0.10657496452331544,-0.3959411382675171,0.24667148590087892,0.1002267375588417,-0.1093386709690094,0.4397884011268616,
0.07607117295265198,-0.3238247871398926,0.3009490013122559,0.14303705096244812,-0.14748845994472504,0.38079938292503357,
0.4424369812011719,-0.2395787239074707,0.20944042205810548,0.12273044884204865,0.05697574093937874,0.37094569206237793,
0.9870990753173828,0.001205314975231886,-0.04680715501308441,0.07905556261539459,0.09485901147127151,0.2606925964355469,
1.2907355308532715,0.1307639241218567,-0.012654168903827668,0.051625002175569534,0.011901536956429482,-0.0646791011095047,
1.5403897285461428,0.219573712348938,-0.006127115339040756,0.03930788114666939,0.04712184518575668,-0.25083407759666443,
1.4303837776184083,0.24921786785125732,-0.025286027789115907,0.036045510321855545,0.06729529052972794,-0.34238025546073914,
0.8855177879333497,0.11800584793090821,-0.012238219380378723,0.02459391951560974,0.03766762092709541,-0.42194217443466187,
0.698281192779541,-0.019495274126529696,-0.01749272644519806,-0.015686392784118652,-0.03563588857650757,-0.5030354261398315,
0.5298796653747558,-0.1495866656303406,-0.001989613473415375,-0.03892247751355171,-0.0418277382850647,-0.512423038482666,
0.1993457913398743,-0.3258652210235596,0.08774313926696778,-0.04058695212006569,-0.007472960278391838,-0.4744730293750763,
0.04424248039722443,-0.40057058334350587,0.1419788718223572,-0.00663164583966136,0.013432854786515236,-0.38885241746902466,
-0.09674461483955384,-0.42591862678527836,0.18225725889205935,0.010545743629336357,0.016695227473974228,-0.326334685087204,
-0.26565513610839847,-0.46470022201538086,0.2007169246673584,0.012343376874923706,-0.012666124850511551,-0.25276485085487366,
-0.3121508836746216,-0.47332839965820317,0.19079838991165163,-0.008895332925021648,-0.04688774421811104,-0.15416131913661957,
-0.39648954868316655,-0.476779842376709,0.1953003525733948,-0.001172165386378765,-0.07052329927682877,-0.02346668392419815,
-0.47994513511657716,-0.51311354637146,0.2373910188674927,0.03424787521362305,-0.04455747827887535,0.08785345405340195,
-0.42554469108581544,-0.537764310836792,0.22369582653045655,0.038575515151023865,0.020090756937861443,0.24451391398906708,
-0.4266237258911133,-0.529946231842041,0.15102424621582033,-0.012823496013879776,0.02548365853726864,0.32660582661628723,
-0.37432916164398194,-0.5302639007568359,0.10199508666992188,-0.01675165817141533,-0.03556931018829346,0.38872405886650085,
-0.3903784513473511,-0.5171195507049561,0.12372382879257203,-0.026006141677498817,-0.03397141024470329,0.4703499674797058,
-0.21449942588806153,-0.3697213411331177,0.05985376834869385,-0.13532890379428864,0.16949409246444702,0.617822527885437,
