0.39144740104675296,0.15695956945419312,-0.13700011968612671,-0.138956680893898,-0.06397673487663269,-0.03855403885245323,
0.45727281570434575,0.1548204779624939,-0.13233715295791626,-0.13542798161506653,-0.04766487702727318,-0.1081956997513771,
0.16069864034652712,0.09818230271339418,0.06780344247817993,-0.07404211908578873,-0.09673362225294113,-0.13296310603618622,
0.15115211009979249,0.08133239746093751,0.02465394288301468,-0.07517395913600922,-0.07815807312726974,-0.1586626172065735,
0.14558658599853516,0.06617885828018188,-0.009592121094465257,-0.07890238612890244,-0.05638672783970833,-0.18356317281723022,
0.09981433749198915,0.023571781814098358,0.03062368929386139,-0.06718689203262329,-0.04240475594997406,-0.218987837433815,
0.03267473876476288,0.006352067738771439,0.05246596932411194,-0.04947686940431595,-0.06650637090206146,-0.21126466989517212,
-0.008731692284345628,-0.006093799695372582,0.05332741141319275,-0.032366059720516205,-0.06118004396557808,-0.19621780514717102,
0.021211571991443634,-0.012749220430850984,0.040746751427650454,-0.029170265421271324,-0.03508106246590614,-0.20720334351062775,
0.019288741052150726,-0.022036896646022798,0.03491601645946503,-0.036693695932626724,-0.022763943299651146,-0.22005309164524078,
-0.0128352090716362,-0.03217532932758332,0.04518856108188629,-0.020448412746191025,-0.020300518721342087,-0.21399439871311188,
-0.057438176870346073,-0.044442328810691836,0.06849415302276611,0.004651881288737059,-0.01856946386396885,-0.21279598772525787,
-0.07349933385848999,-0.04830056428909302,0.033615443110466006,-0.002738390816375613,0.0011379277566447854,-0.20973335206508636,
-0.10420534610748292,-0.050399702787399296,0.02109736502170563,-0.014656037092208862,0.016917157918214798,-0.20400755107402802,
-0.12042486667633057,-0.05053471922874451,-0.030998489260673525,-0.03882422670722008,0.045546140521764755,-0.20347492396831512,
-0.1624983549118042,-0.05241919159889222,-0.0442478746175766,-0.06312557309865952,0.07923512160778046,-0.1809712052345276,
-0.22201638221740724,-0.06255457401275635,-0.04298675060272217,-0.06805241852998734,0.0963459387421608,-0.13489851355552673,
-0.26919739246368407,-0.06474169492721558,-0.01474941223859787,-0.04774581640958786,0.08436170965433121,-0.0920216292142868,
-0.2571460008621216,-0.061793053150177,-0.04134578704833985,-0.04348475858569145,0.03775639459490776,-0.06752054393291473,
-0.2878418445587158,-0.06695458889007569,-0.04272043704986572,-0.04022238403558731,-0.0266921054571867,-0.027573127299547195,
-0.3259905815124512,-0.06052751541137696,-0.031241312623023987,-0.03629422187805176,-0.0655076801776886,0.03840668871998787,
-0.3060281038284302,-0.05324756503105164,-0.051320177316665654,-0.05793240666389465,-0.026359209790825844,0.14280261099338531,
-0.24505126476287842,-0.06294000148773193,-0.0432470977306366,-0.06006293371319771,0.02830217219889164,0.20751743018627167,
-0.1692794919013977,-0.08064154982566835,0.05064438581466675,-0.04940982162952423,0.02317551150918007,0.24413679540157318,
-0.10890574455261232,-0.07034494876861573,0.07602484822273255,0.005784193519502878,0.000538643158506602,0.24446968734264374,
-0.044182810187339785,-0.042739263176918035,0.08350365161895752,0.043001871556043625,-0.035014558583498,0.21124674379825592,
0.009191112220287323,-0.020461827516555786,0.031414160132408143,0.03241580352187157,-0.06976880878210068,0.17003433406352997,
0.0010844484902918338,0.010224296897649766,-0.015616083145141603,0.010977357625961304,-0.0542558990418911,0.17908906936645508,
-0.04117994010448456,0.008125053346157074,0.048340991139411926,0.02762211486697197,0.0006718012155033648,0.23388361930847168,
-0.03280928432941437,0.0015962185338139535,0.07866552472114563,0.06950032711029053,0.046211857348680496,0.27649420499801636,
0.18858531713485718,0.0826741397380829,0.0032229244709014895,0.07649112492799759,0.06565293669700623,0.2297557145357132,
0.22659215927124024,0.11053012609481812,-0.06407936215400696,0.04313502833247185,0.051804494112730026,0.18727830052375793,
0.18017194271087647,0.1145134449005127,-0.03733440637588501,0.02828790433704853,0.06944794207811356,0.19952884316444397,
0.15159411430358888,0.13010153770446778,0.052540129423141485,0.04939345642924309,0.13635985553264618,0.2316199243068695,
0.20739679336547853,0.12970499992370607,0.020940575003623965,0.042868711054325104,0.17670674622058868,0.21224543452262878,
0.23524820804595947,0.1235310196876526,0.008764203637838364,0.0735616460442543,0.14155301451683044,0.1870119720697403,
0.34971122741699223,0.1345085382461548,0.05722019076347351,0.1306198686361313,0.12770457565784454,0.09713029116392136,
0.4022591590881348,0.14267314672470094,-0.03711629509925842,0.11796985566616058,0.1400882750749588,0.010178081691265106,
0.3943692207336426,0.136420476436615,-0.05534619092941284,0.1343483030796051,0.0907532274723053,-0.05167383700609207,
0.3610222578048706,0.10718953609466553,-0.026777949929237366,0.15338990092277527,0.06472083181142807,-0.12963788211345673,
0.33519313335418705,0.05479120016098023,-0.04201590418815613,0.17362992465496063,0.09461481124162674,-0.24488617479801178,
0.24925572872161866,0.019308514893054962,-0.07144718170166016,0.1764928251504898,0.06924820691347122,-0.2731822431087494,
0.1605136513710022,-0.014244170486927034,-0.07872199416160584,0.18588046729564667,0.042882904410362244,-0.28556594252586365,
0.04415816962718964,-0.06036134958267212,-0.06901918649673462,0.19247224926948547,0.0038009420968592167,-0.30274245142936707,
0.05953660011291504,-0.06700639724731446,-0.09858689904212953,0.15212535858154297,0.03256308287382126,-0.33157116174697876,
0.04598117768764496,-0.06612977385520935,-0.1617833971977234,0.10751742124557495,0.05599890276789665,-0.34482038021087646,
-0.05171204805374146,-0.10163787603378296,-0.04170648157596588,0.1288892775774002,0.03595861420035362,-0.343954861164093,
-0.061704355478286746,-0.11633906364440919,0.015334327518939973,0.1806877702474594,0.007063314318656921,-0.3505461812019348,
-0.07530458569526673,-0.13270589113235473,0.006528129428625107,0.19946305453777313,-0.029022518545389175,-0.3629298806190491,
-0.11703438758850099,-0.13190551996231079,-0.13761154413223267,0.1264258623123169,-0.057118866592645645,-0.3882299065589905,
-0.13137325048446655,-0.13890362977981568,-0.12548861503601075,0.1101805791258812,-0.08015520870685577,-0.42225179076194763,
-0.13525274991989136,-0.14975500106811523,-0.036769899725914004,0.13388270139694214,-0.09946312755346298,-0.4444892108440399,
-0.2543206214904785,-0.17894910573959352,-0.0628037989139557,0.10731767863035202,-0.08082100003957748,-0.4136631190776825,
-0.2655853271484375,-0.16902953386306763,-0.10874754190444946,0.06663789600133896,-0.025826726108789444,-0.38809674978256226,
-0.27896008491516117,-0.17796860933303835,-0.10189694166183472,0.057050514966249466,0.011457530781626701,-0.3557393550872803,
-0.3181344032287598,-0.1959948778152466,-0.10782573223114014,0.03208337724208832,0.08655867725610733,-0.29248929023742676,
-0.34442145824432374,-0.19416613578796388,-0.13166524171829225,-0.0034698229283094406,0.12870319187641144,-0.20074337720870972,
-0.3817225694656372,-0.17049390077590942,-0.1467906713485718,-0.05034145712852478,0.09088630974292755,-0.08309824019670486,
-0.380807900428772,-0.18526061773300173,-0.12981196641921997,-0.08189991861581802,0.047476787120103836,0.020698469132184982,
-0.4112444877624512,-0.18837080001831055,-0.11943308115005494,-0.09408388286828995,-0.003389592980965972,0.16663970053195953,
-0.37439718246459963,-0.18482556343078616,-0.091764897108078,-0.06498884409666061,0.004333574324846268,0.27076929807662964,
-0.256386399269104,-0.14595171213150024,-0.12181745767593384,-0.08143453299999237,-0.02476135641336441,0.34300628304481506,
-0.18942787647247317,-0.12454737424850465,-0.1680769920349121,-0.15593646466732025,-0.04533427581191063,0.3835529088973999,
