-0.1924796462059021,0.05211362838745118,-0.09332935214042665,-0.3615320026874542,0.15058301389217377,0.15538010001182556,
2.11364803314209,0.8468274116516114,-0.22535400390625002,-0.3102661371231079,0.23061101138591766,-0.6188008189201355,
2.0493751525878907,1.1986261367797852,0.07885301113128662,-0.1307690590620041,0.31789612770080566,-0.7933045029640198,
1.0704051017761231,1.0200140953063965,0.1807931661605835,0.0894077718257904,0.1200898215174675,-0.8222663402557373,
0.5353426456451417,0.5606687068939209,0.28868994712829593,0.16630655527114868,0.11875823885202408,-0.7849155068397522,
0.06799980998039246,-0.2375713109970093,-0.0696312427520752,0.22383083403110504,0.048517368733882904,-0.6387079954147339,
-0.06972485184669495,-0.447709321975708,-0.07453714609146118,0.22403058409690857,-0.05674407631158829,-0.49276673793792725,
-0.1277591109275818,-0.5466559886932373,-0.07172582745552063,0.19513528048992157,-0.09389517456293106,-0.38697266578674316,
-0.08999431133270264,-0.5583878517150879,-0.05494973063468933,0.12422860413789749,-0.06173750385642052,-0.2883691191673279,
-0.05653051137924195,-0.5308931827545166,-0.06226591467857361,0.02968638762831688,0.0007802050095051527,-0.20155006647109985,
-0.09605845808982849,-0.4866879463195801,-0.0649435818195343,0.013441103510558605,0.013496799394488335,-0.17212213575839996,
-0.1375882625579834,-0.4444812297821045,0.019540300965309145,0.045000165700912476,-0.035638660192489624,-0.029974762350320816,
-0.13413236141204835,-0.3169238090515137,0.12323622703552246,0.07509388774633408,-0.06360185146331787,0.022556088864803314,
-0.07193835973739625,-0.2562755107879639,0.07500206232070923,0.03534620627760887,-0.014932581223547459,0.037736110389232635,
-0.028292736411094668,-0.21144962310791016,0.004450741410255432,0.013108809478580952,0.012165083549916744,0.07255694270133972,
-0.054745787382125856,-0.1045421838760376,0.03323750197887421,0.016238024458289146,0.003376651555299759,0.11443515121936798,
-0.039312234520912176,-0.08620061278343201,0.031859195232391356,-0.006598582491278648,0.005706917494535446,0.12701858580112457,
-0.014689190685749054,-0.07697965502738953,0.007114943116903305,-0.022111495956778526,0.022285096347332,0.14386306703090668,
-0.026948702335357667,-0.0861440658569336,0.018314573168754577,0.0005253734416328371,0.022551411762833595,0.17215916514396667,
-0.027632203698158265,-0.1273100733757019,0.036663669347763064,0.01117801759392023,0.0021782289259135723,0.19712629914283752,
-0.04267842471599579,-0.17345608472824098,0.03101640045642853,-0.029435189440846443,-0.0006180901546031237,0.20278550684452057,
-0.03407033383846283,-0.18743802309036256,-0.04461488425731659,-0.07450918853282928,0.028676683083176613,0.25378507375717163,
-0.08065913915634156,-0.1629455924034119,-0.009806737303733826,-0.0812336727976799,0.021486148238182068,0.3084464371204376,
-0.08262564539909363,-0.1321161150932312,0.024642254412174228,-0.09781184792518616,0.019888250157237053,0.2981932759284973,
0.06894152164459229,-0.13600995540618896,0.020702271163463595,-0.10247237980365753,0.05051460489630699,0.26643508672714233,
0.04149563312530518,-0.15179278850555422,0.06235687136650086,-0.017517542466521263,0.03839722275733948,0.28933826088905334,
-0.04521653950214386,-0.17657241821289063,0.1602324962615967,0.08960811793804169,0.026479575783014297,0.3566496670246124,
-0.13651926517486573,-0.22239160537719727,0.19434323310852053,0.21937063336372375,0.045055124908685684,0.5007932186126709,
-0.4672696590423584,-0.3472287178039551,0.11611460447311402,0.30845335125923157,0.0051077064126729965,0.9571259021759033,
-0.7241872310638429,-0.287563157081604,-0.0679405927658081,0.08374855667352676,-0.059673555195331573,1.0701758861541748,
-0.1679611086845398,-0.10081536769866944,-0.41123781204223636,-0.2837011218070984,0.0521126352250576,0.5135752558708191,
1.2069823265075685,0.029739549756050112,-0.9804841995239258,-0.25280845165252686,0.06629396975040436,0.09346160292625427,
1.6197385787963867,0.6248856067657471,0.058315730094909674,-0.01718524843454361,-0.05507960170507431,-0.22851458191871643,
0.9417147636413574,0.5355418205261231,0.20037710666656494,0.008913729339838028,-0.09669149667024612,-0.27318909764289856,
0.4390284061431885,0.3473870277404785,0.04573950469493866,0.02096453495323658,-0.06240329518914223,-0.28710412979125977,
-0.01230876073241234,-0.03207087814807892,0.05411165952682495,0.09799646586179733,-0.08317594975233078,-0.24389433860778809,
-0.1935108542442322,-0.15705244541168215,0.10869525671005249,0.12283044308423996,-0.11433493345975876,-0.1723218858242035,
-0.3029268503189087,-0.23341219425201418,0.10906680822372437,0.09426804631948471,-0.11892888695001602,-0.07777966558933258,
-0.4122804164886475,-0.3140352487564087,0.08705934286117555,0.02336137928068638,-0.06659777462482452,0.014632027596235275,
-0.3216319799423218,-0.3331962108612061,0.0998796045780182,0.004586092662066221,-0.05075196549296379,0.030877310782670975,
-0.21630520820617677,-0.31312735080718995,0.14225281476974488,0.04985982924699783,-0.06966041028499603,0.06856104731559753,
-0.12827149629592896,-0.17944194078445436,0.23415026664733887,0.11956807225942612,-0.059806711971759796,0.0948597639799118,
-0.013810941576957704,-0.0700401484966278,0.16541718244552614,0.08115197718143463,-0.007542173843830824,0.04892022907733917,
0.11082887649536133,0.016259486973285674,-0.02006295770406723,0.01603768579661846,0.020953651517629623,0.011103339493274689,
0.15350564718246462,0.05345667004585267,-0.1336178421974182,0.012642154470086098,0.024881813675165176,0.001116485334932804,
0.04171012043952942,0.0708983838558197,-0.03535560965538025,0.038807712495326996,0.00311047094874084,0.0005172742530703545,
0.011051016300916672,0.057848370075225836,-0.04252466559410095,0.03587823361158371,-0.020325345918536186,-0.006872998084872961,
-0.0023735405877232554,0.04488550424575806,-0.059981852769851685,0.025491908192634583,-0.028314828872680664,-0.017991695553064346,
-0.0022667203098535537,0.02583189308643341,-0.06476336717605591,0.025691645219922066,-0.02005903050303459,-0.010335107333958149,
-0.06175186038017273,-0.02398911863565445,0.003182660788297653,0.03501250967383385,4.788083606399596e-05,0.022155072540044785,
-0.0881940245628357,-0.053831666707992554,0.032021877169609074,0.0401390939950943,0.008370259776711464,0.049119576811790466,
-0.10142542123794557,-0.08572387099266053,0.05138571858406067,0.0503922663629055,0.00011445986456237733,0.059905387461185455,
-0.11129589080810548,-0.14267399311065673,0.1053620457649231,0.056051481515169144,0.02501501701772213,0.08314146846532822,
-0.1372822642326355,-0.1710548758506775,0.11724307537078858,0.06736991554498672,0.1160285472869873,0.13127809762954712,
-0.2088944911956787,-0.17330979108810426,0.13531843423843384,0.016037484630942345,0.34492725133895874,0.10864122956991196,
0.1950364947319031,0.1378611445426941,-0.1499683976173401,-0.4044090807437897,0.5587124824523926,-0.3924325406551361,
1.1220131874084474,0.42951474189758304,-0.6477027416229248,-0.5948250889778137,0.16483096778392792,-0.9921764731407166,
