0.6932244777679444,0.16610915660858155,-0.1316174626350403,-0.29279106855392456,0.02794739603996277,-0.07150149345397949,
0.6603583335876465,0.1536273241043091,0.08802281618118286,-0.15650376677513123,-0.061734557151794434,-0.1852850466966629,
0.5714059829711914,0.13416724205017092,0.21409094333648682,-0.06162865459918976,-0.14708887040615082,-0.2665780484676361,
0.4410784721374512,0.11500406265258789,0.18984488248825074,-0.046382058411836624,-0.14362676441669464,-0.2744343876838684,
0.129016649723053,0.07543742060661317,0.02731652557849884,-0.1419229656457901,-0.01586160436272621,-0.21624429523944855,
0.03484995663166046,0.04931391477584839,-0.049552696943283084,-0.14898033440113068,0.005576841998845339,-0.2038605958223343,
-0.034030410647392276,-0.006297893077135086,-0.0037574999034404757,-0.07414551079273224,-0.06599561125040054,-0.22902746498584747,
-0.09160133004188538,-0.07352584600448608,0.11072217226028443,-0.007766221184283495,-0.12578357756137848,-0.23295563459396362,
-0.1534537434577942,-0.09152137637138368,0.09090013504028321,-0.006767536047846079,-0.09049669653177261,-0.18908004462718964,
-0.2104867696762085,-0.10816632509231568,0.05492439866065979,-0.040789421647787094,-0.015528709627687931,-0.11531049013137817,
-0.2509091138839722,-0.10342342853546144,0.01711508184671402,-0.038991786539554596,-0.0015471138758584857,-0.07716070860624313,
-0.3045745611190796,-0.15469558238983155,0.08287178874015809,0.032514091581106186,-0.03783268481492996,-0.06797280162572861,
-0.30190365314483647,-0.1590291738510132,0.11623533964157105,0.059944652020931244,-0.07591588795185089,-0.019703004509210587,
-0.3385802745819092,-0.15592679977416993,0.11558413505554199,0.05648254230618477,-0.07019008696079254,0.03089705854654312,
-0.3480849266052246,-0.16339169740676882,0.08041408061981202,0.06094333529472351,-0.0027455363888293505,0.09494607895612717,
-0.33150360584259037,-0.14155919551849366,0.07054104208946228,0.05102305859327316,0.047654785215854645,0.15040642023086548,
-0.3227106094360352,-0.12474079132080079,0.05631123781204224,0.05228806287050247,0.03813398629426956,0.1794348806142807,
-0.30801818370819095,-0.11417109966278077,0.0795365333557129,0.06367198377847672,0.03627000376582146,0.19767546653747559,
-0.20819141864776614,-0.06773012280464173,0.0791033685207367,0.05661460757255554,0.08673691004514694,0.22750288248062134,
-0.16534254550933838,-0.04122295379638672,0.053908908367156984,0.06440435349941254,0.06216924637556076,0.2320968359708786,
-0.015600599348545074,-0.002071913331747055,0.073444402217865,0.10062334686517715,0.024352358654141426,0.19827468693256378,
0.13627032041549683,0.042249980568885806,0.04971418678760529,0.09136886149644852,0.06949294358491898,0.16072410345077515,
0.28396856784820557,0.048177748918533325,-0.009043563902378083,0.08710779994726181,0.1460588127374649,0.15699568390846252,
0.37242627143859863,0.11038321256637573,-0.045809733867645266,0.10182176530361176,0.15657830238342285,0.1008695587515831,
0.6315253734588624,0.17567207813262942,-0.029127061367034912,0.12825365364551544,0.021156566217541695,-0.10625780373811722,
0.6976839065551759,0.19124429225921633,-0.045937761664390564,0.14043761789798737,0.05411318317055702,-0.1981368511915207,
0.6731196880340576,0.22182037830352785,-0.09500954747200013,0.15015815198421478,0.09093139320611954,-0.22030766308307648,
0.45856399536132814,0.17484966516494752,-0.1752428412437439,0.13977181911468506,0.09279560297727585,-0.2663803696632385,
0.3866585731506348,0.14617302417755126,-0.19808216094970704,0.09709465503692627,0.056110553443431854,-0.3091241121292114,
0.2353146553039551,0.01886151283979416,-0.22933130264282228,0.08717437833547592,-0.011866631917655468,-0.3522007465362549,
0.1572312355041504,-0.03440041244029999,-0.16750360727310182,0.09017043560743332,-0.0044763595797121525,-0.3474070429801941,
0.04056974351406098,-0.12204668521881104,-0.16892068386077883,0.08377885073423386,0.02641630917787552,-0.30273252725601196,
-0.1725627422332764,-0.19382833242416384,-0.1548655390739441,0.05921119078993797,0.049319494515657425,-0.24620690941810608,
-0.2317997694015503,-0.20852861404418946,-0.1632694959640503,0.05468381568789482,0.04006500914692879,-0.2169121354818344,
-0.2894363164901734,-0.23487412929534912,-0.14989254474639893,0.018198508769273758,0.014964716508984566,-0.18841631710529327,
-0.35767333507537846,-0.22731449604034426,-0.17428617477416994,-0.03872676566243172,0.017761077731847763,-0.16697825491428375,
-0.3711368560791016,-0.2690529584884644,-0.13472596406936646,-0.04385334998369217,0.06909351050853729,0.00519510917365551,
-0.3712587594985962,-0.28116836547851565,-0.04143486618995667,-0.01828700490295887,0.05184954032301903,0.04401068389415741,
-0.39463760852813723,-0.3049233675003052,-0.11046298742294312,-0.026276487857103348,-0.0007478909683413804,0.07064229249954224,
-0.31782929897308354,-0.22255704402923585,-0.09048859477043153,0.011740137822926044,-0.056674275547266006,0.12590289115905762,
-0.3284888029098511,-0.23260180950164797,-0.06351923942565918,-0.008699623867869377,0.017761077731847763,0.2605256736278534,
-0.30234704017639163,-0.18072509765625,-0.17008726596832277,-0.03353360295295715,0.03367346525192261,0.35766446590423584,
-0.2782264232635498,-0.15633773803710938,-0.18542301654815674,-0.03273465484380722,-0.018258176743984222,0.38229870796203613,
-0.20343255996704102,-0.11527326107025147,-0.19533454179763796,-0.05350730940699577,-0.05627480149269104,0.3316986560821533,
-0.10307205915451051,-0.051276338100433354,-0.23582301139831544,-0.08333471417427063,-0.0668608620762825,0.3201804757118225,
0.03979560136795044,0.006046824157238007,-0.2730218172073364,-0.15550637245178223,-0.07564929127693176,0.310992568731308,
0.1463740944862366,0.03616684675216675,-0.2699803113937378,-0.2029106467962265,-0.07098875939846039,0.29820939898490906,
0.22794508934020996,0.08283268213272095,-0.2342175006866455,-0.21589355170726776,-0.12511751055717468,0.2202453762292862,
