-0.16495696306228638,-0.06869457960128784,-0.01480429917573929,-0.3913287818431854,-0.06466434895992279,0.3916574716567993,
-0.20393049716949463,0.20794456005096437,-1.236752223968506,-0.17255009710788727,0.09086425602436066,0.4475838541984558,
-0.11527924537658692,-0.06365930438041688,0.20791933536529542,-0.0006430544890463352,-0.02771298587322235,0.42607882618904114,
-0.022380040585994722,-0.17077208757400514,-0.07929690480232239,-0.04545074328780174,-0.2025495171546936,0.4252133071422577,
-0.06693256497383118,-0.02990260124206543,-0.22982275485992432,-0.10157685726881027,-0.27631908655166626,0.45863598585128784,
-0.017540986835956573,0.03546509444713593,-0.2545729160308838,-0.10111080855131149,-0.18124422430992126,0.3760114014148712,
0.3378477096557617,0.1330890655517578,-0.22397699356079104,-0.07953920215368271,-0.06999067217111588,0.2915226221084595,
0.23161051273345948,0.18964085578918458,-0.10224134922027589,-0.07341393083333969,-0.21772952377796173,0.23459754884243011,
0.2534173965454102,0.2141183376312256,-0.09171004295349122,-0.07621024549007416,-0.3096751868724823,0.12108030170202255,
0.29585938453674315,0.21095879077911378,-0.04257805645465851,-0.07714235782623291,-0.27159199118614197,0.08938868343830109,
0.20650217533111573,0.2099538564682007,-0.005575269460678101,-0.06795445084571838,-0.20867478847503662,0.0984434261918068,
0.1915532112121582,0.1900643825531006,0.026359209418296815,-0.06668944656848907,-0.18344132602214813,0.017483331263065338,
0.2729261875152588,0.16004297733306885,0.03395638763904572,-0.08519841730594635,-0.16852763295173645,-0.10981576889753342,
0.24968788623809815,0.11026957035064698,0.0472137600183487,-0.0686202421784401,-0.14495864510536194,-0.17379821836948395,
0.14323112964630128,0.08789141178131105,0.08316165208816528,-0.034931253641843796,-0.11533099412918091,-0.18218716979026794,
0.07314354181289673,0.06383031010627747,0.11057915687561036,-0.01908564567565918,-0.08676855266094208,-0.18851256370544434,
0.047278061509132385,0.05329316854476929,0.0907558798789978,-0.038260407745838165,-0.0706564262509346,-0.19576968252658844,
0.0017550241202116013,0.027767464518547058,0.01936486214399338,-0.0800054520368576,-0.03270638361573219,-0.2082199603319168,
-0.013755287230014802,0.012211391329765321,0.021382211148738863,-0.07021833956241608,0.012833673506975174,-0.2008962631225586,
-0.03839773237705231,-0.009159021824598313,0.055421060323715216,-0.04538436233997345,0.010237091220915318,-0.17406491935253143,
-0.12058959007263184,-0.0008276435546576977,0.06729865670204163,-0.03932567313313484,0.045990027487277985,-0.13764618337154388,
-0.11639688014984131,-0.020429311692714693,0.04793191552162171,-0.04485173150897026,0.09406009316444397,-0.12279906868934631,
-0.0996559739112854,-0.03527707159519196,0.02605995535850525,-0.041922252625226974,0.10078456997871399,-0.09909693896770477,
-0.15251514911651612,-0.016858190298080444,0.038393864035606386,-0.039458829909563065,0.08180955052375793,-0.08491559326648712,
-0.1731420397758484,-0.03954703509807587,0.051522827148437506,-0.005237208213657141,0.05377977341413498,-0.06440925598144531,
-0.19819926023483278,-0.05253195762634277,0.0805770754814148,0.04483022168278694,0.017427626997232437,-0.02865632064640522,
-0.2248702049255371,-0.05057061314582825,0.1056865930557251,0.06819946318864822,-0.009203985333442688,-0.007351031061261892,
-0.19958314895629883,-0.053799796104431155,0.016950832307338716,0.022992299869656563,0.014631307683885098,0.005365563556551933,
-0.20866312980651858,-0.050837385654449466,-0.01626066714525223,0.004749645944684744,0.053513459861278534,0.05083904042840004,
-0.22870333194732667,-0.05118823051452637,0.008519928902387619,0.0006217461777850986,0.08547139912843704,0.10929542779922485,
-0.20779688358306886,-0.03677932024002075,0.016783833503723145,-0.04977858066558838,0.165898859500885,0.16302470862865448,
-0.16545456647872925,-0.02488296926021576,-0.024097859859466553,-0.12281577289104462,0.2897358536720276,0.19638079404830933,
-0.13170827627182008,-0.04398926198482514,-0.03716950416564942,-0.127476304769516,0.3314143121242523,0.22281266748905182,
-0.12065125703811647,-0.003825434297323227,0.06813147068023682,-0.10796864330768585,0.2782176733016968,0.20863133668899536,
-0.08226475119590759,-0.015607194602489473,0.07509300708770753,-0.11336275190114975,0.2210930734872818,0.19258347153663635,
-0.08406941294670106,-0.013394957780838013,0.028492137789726257,-0.09824931621551514,0.1886690855026245,0.22207798063755035,
-0.11854546070098877,0.011278152465820312,0.043628296256065374,-0.054373737424612045,0.17502038180828094,0.2331966757774353,
0.019538488984107972,0.06186242699623108,0.08923155665397645,-0.04571846127510071,0.1813453882932663,0.19304952025413513,
0.06803990602493286,0.06184102892875672,0.002044547162950039,-0.11722433567047119,0.2715599834918976,0.15110473334789276,
0.07388527393341064,0.0687024474143982,-0.10567327737808228,-0.17821073532104492,0.342067152261734,0.14444683492183685,
0.005157122388482094,0.06399436593055725,-0.08166187405586244,-0.16862335801124573,0.3313479423522949,0.14804209768772125,
0.006793496012687684,0.05297365188598633,0.09559366106987,-0.12854278087615967,0.2991902828216553,0.14424709975719452,
-0.008891960978507996,0.06572886109352112,0.12948572635650635,-0.0016431459225714207,0.18034669756889343,0.14311525225639343,
-0.0031694941222667698,0.11504822969436646,0.20043158531188965,0.10674751549959183,0.18820303678512573,0.10483232140541077,
0.1260424494743347,0.09788729548454285,0.1952881455421448,0.11360515654087067,0.29313158988952637,0.08985203504562378,
0.2152942419052124,0.09640185236930848,0.06055648922920227,-0.0366637147963047,0.31297212839126587,0.09917309880256653,
0.17922390699386598,0.14638304710388184,0.066540265083313,-0.0018428830662742257,0.22795070707798004,0.08565755933523178,
0.23011722564697268,0.17955372333526612,0.23422219753265383,0.11473699659109116,0.09858764708042145,0.03818671032786369,
0.2662362575531006,0.1345115303993225,0.2564213275909424,0.17865285277366638,-0.03397119417786598,-0.047433920204639435,
0.32440612316131595,0.12880020141601564,0.188053297996521,0.247362419962883,-0.18430663645267487,-0.17792882025241852,
0.4771471977233887,0.09757407903671265,0.2519963026046753,0.39217182993888855,-0.1562102884054184,-0.4172138571739197,
0.5439352035522461,-0.012871426343917847,0.27403006553649906,0.45901715755462646,-0.06306622922420502,-0.45562994480133057,
0.30879733562469486,-0.05342843532562256,0.13964699506759645,0.4578853249549866,-0.03323882445693016,-0.39717355370521545,
0.12371761798858644,-0.07445151209831238,-0.034040406346321106,0.4134105145931244,-0.07611571997404099,-0.425669401884079,
0.22745058536529542,-0.09725869894027711,-0.0726951539516449,0.34696316719055176,-0.031241225078701973,-0.4924509823322296,
0.19683492183685303,-0.14772897958755493,-0.09996688961982728,0.3392399847507477,0.015696991235017776,-0.4935828149318695,
0.10561158657073975,-0.14796553850173952,-0.0685854196548462,0.34995922446250916,-0.004409875720739365,-0.502770721912384,
0.044727745652198794,-0.22308425903320314,-0.06951901316642761,0.3392399847507477,-0.0629994198679924,-0.5060330629348755,
-0.009342204034328462,-0.25123136043548583,-0.07482984066009522,0.35288870334625244,-0.13390608131885529,-0.5000410079956055,
-0.053186154365539556,-0.28622119426727294,-0.042728286981582646,0.3406381607055664,-0.18603746592998505,-0.49331650137901306,
-0.08650897145271302,-0.3128411293029785,-0.08114286661148072,0.294232577085495,-0.18523851037025452,-0.4732762277126312,
-0.1348780632019043,-0.32992086410522464,-0.10289312601089479,0.23497726023197174,-0.13483819365501404,-0.39890745282173157,
-0.18461873531341555,-0.32415161132812503,-0.09256760478019715,0.1474258303642273,-0.11553027480840683,-0.3285999894142151,
-0.2104036569595337,-0.3022497892379761,-0.15613993406295779,0.0764525830745697,-0.11346632242202759,-0.27127546072006226,
-0.22731285095214845,-0.3010423183441162,-0.1466548204421997,-0.022816749289631844,-0.02737964130938053,-0.13279105722904205,
-0.25882384777069095,-0.30346524715423584,-0.1392993927001953,-0.06542733311653137,0.01709515042603016,-0.020871717482805252,
-0.28011317253112794,-0.30649909973144535,-0.12316838502883912,-0.07960866391658783,-0.005408561322838068,0.04184572771191597,
-0.2658509969711304,-0.3085305213928223,-0.08781835436820984,-0.07501471042633057,-0.05294598639011383,0.08678656816482544,
-0.21605496406555177,-0.29296154975891114,-0.05693148970603943,-0.057171531021595,-0.039563603699207306,0.21435199677944183,
-0.25212380886077884,-0.26964099407196046,-0.057153338193893434,-0.09152630716562271,0.008439877070486546,0.3375231921672821,
-0.2037219047546387,-0.21533207893371584,-0.09440061450004578,-0.1961219608783722,0.05471230298280716,0.3567645251750946,
-0.056522488594055176,-0.2018518924713135,-0.1427473545074463,-0.22834619879722595,0.04645650088787079,0.3656861186027527,
