-0.07368049025535583,-0.14581013917922975,-0.10002256631851197,-0.38005688786506653,-0.14389768242835999,0.2550075054168701,
-0.04484010934829712,-0.13224872350692748,-0.0780891001224518,-0.36334553360939026,-0.1403024047613144,0.2789093852043152,
0.003654001653194428,-0.10895389318466187,0.03600057363510132,-0.28378361463546753,-0.17079560458660126,0.2827043831348419,
0.007591630518436432,-0.07619861364364625,0.07542332410812379,-0.26161277294158936,-0.18118193745613098,0.30700573325157166,
0.02467849850654602,-0.0014226137660443784,0.019774630665779114,-0.17013321816921234,-0.29789498448371887,0.30467545986175537,
0.08425609469413758,0.03535021245479584,0.04033361077308655,-0.1824503391981125,-0.3719974458217621,0.29788440465927124,
0.15959784984588624,0.066545170545578,-0.04024207592010498,-0.19143851101398468,-0.3252589702606201,0.3109338879585266,
0.19628199338912966,0.12939471006393433,0.014553818106651307,-0.23757776618003845,-0.2566825747489929,0.33716604113578796,
0.41116361618041997,0.22507832050323487,0.07334001660346985,-0.2650749087333679,-0.28624364733695984,0.21832245588302612,
0.5577547550201416,0.2635175704956055,0.2335951328277588,-0.19669824838638306,-0.3978966772556305,0.1519431620836258,
0.5588278770446777,0.290339732170105,0.41251645088195804,-0.17366190254688263,-0.35488662123680115,0.10087704658508301,
0.5918323993682861,0.2700169563293457,0.43113389015197756,-0.1506255567073822,-0.14902426302433014,0.019450895488262177,
0.5496834278106689,0.22641685009002688,0.38831911087036136,-0.03830673545598984,0.1021118238568306,-0.08467870205640793,
0.4003135681152344,0.18657586574554444,0.39868319034576416,0.09025736153125763,0.13007502257823944,-0.12755559384822845,
0.2581063985824585,0.1441442370414734,0.3529439449310303,0.15890033543109894,0.07394889742136002,-0.14992615580558777,
0.051286935806274414,0.07379716038703919,0.12931929826736452,0.18546538054943085,0.026344891637563705,-0.17495986819267273,
-0.018110162019729616,0.051111268997192386,0.06097308993339539,0.18772906064987183,0.021484622731804848,-0.17429408431053162,
-0.07704729437828065,0.026640972495079043,0.019306254386901856,0.17534536123275757,0.02354857139289379,-0.16264274716377258,
-0.17094256877899172,-0.0034064419567584993,-0.050332790613174444,0.1389942467212677,0.024546993896365166,-0.15025724470615387,
-0.1948801636695862,-0.009531284123659134,-0.06533023118972779,0.1089005097746849,0.01795567013323307,-0.1191648468375206,
-0.21971042156219484,-0.011729007214307786,-0.06488354206085205,0.09838102757930756,0.01968672312796116,-0.09706060588359833,
-0.2278449058532715,-0.012930288910865784,-0.06933650970458985,0.08559785038232803,0.011297767050564289,-0.0788845345377922,
-0.21446802616119387,-0.014554898440837861,-0.06308266520500183,0.07168283313512802,-0.0006198790506459773,-0.05578160658478737,
-0.201842737197876,-0.004992935806512833,-0.05374470949172974,0.06535782665014267,-0.0036825144197791815,-0.041666850447654724,
-0.18891035318374635,-0.0013375304639339448,-0.05574239492416382,0.05150939151644707,0.0016438078600913286,-0.029216572642326355,
-0.18350734710693362,0.010720303654670716,-0.07425031661987305,0.020550142973661423,0.02800910174846649,-0.01104049850255251,
-0.18698689937591553,0.019643746316432953,-0.08127595186233522,0.0012422243598848581,0.043322280049324036,0.01266163494437933,
-0.20168941020965578,0.028604137897491458,-0.07983543276786804,-0.010142790153622627,0.04505333676934242,0.03623061254620552,
-0.1960356116294861,0.037572997808456424,-0.07739300131797791,-0.0247235968708992,0.004706443287432194,0.07005275785923004,
-0.1819685459136963,0.041494259238243104,-0.0798966944217682,-0.03590887412428856,-0.02279069647192955,0.0860317200422287,
-0.1524982452392578,0.04958682656288147,-0.06406921744346619,-0.0415680930018425,-0.021392537280917168,0.08250303566455841,
-0.08897497653961182,0.057289475202560426,-0.02928128242492676,-0.0247235968708992,0.014560139738023281,0.058468010276556015,
-0.10217219591140747,0.05247640013694763,-0.020585088431835177,-0.0259220190346241,0.0235483068972826,0.07078512758016586,
-0.143000066280365,0.0474702537059784,-0.04198752939701081,-0.03950414061546326,0.008235132321715355,0.09288936108350754,
-0.15161279439926148,0.0407362312078476,-0.05183425545692444,-0.012539634481072426,-0.010806470178067684,0.09122488647699356,
-0.09817120432853699,0.04087760150432587,-0.008938498049974443,0.019351718947291374,-0.012670682743191719,0.06818854063749313,
-0.08815938234329224,0.050195431709289556,-0.017718705534934997,-0.0421673022210598,-0.042498085647821426,0.09708384424448013,
-0.14915658235549928,0.0782846987247467,-0.14215600490570068,-0.16793383657932281,-0.001485726097598672,0.1378989815711975,
-0.08242423534393312,0.05107613801956177,-0.07837648391723634,-0.15847961604595184,0.029540101066231728,0.13936372101306915,
-0.055498290061950686,0.04307481944561005,0.04311610162258148,-0.125123530626297,0.002176120411604643,0.1679261177778244,
0.05419663786888123,0.09761950373649597,0.10624610185623169,-0.16999779641628265,-0.0044152033515274525,0.17651481926441193,
0.20681378841400147,0.1260093927383423,0.13466129302978516,-0.1010885089635849,-0.056879475712776184,0.11652711033821106,
0.40893163681030276,0.1487023949623108,0.40366411209106445,0.11356227844953537,-0.0060131000354886055,0.01499408669769764,
0.7607222557067872,0.24284963607788088,0.603915023803711,0.21229898929595947,0.24279272556304932,-0.11536765098571777,
0.6841171741485597,0.25804188251495364,0.3911524057388306,0.21762530505657196,0.37228894233703613,-0.15598085522651672,
0.5392354488372803,0.2567495584487915,0.2362551212310791,0.28600195050239563,0.3184265196323395,-0.22162777185440063,
0.38510725498199466,0.17790887355804444,0.16896250247955324,0.3761499524116516,0.17122027277946472,-0.2949978709220886,
0.33336379528045657,0.11607660055160524,0.11199496984481812,0.4268166124820709,0.11962153017520905,-0.35125717520713806,
0.28403401374816895,0.0476024329662323,0.042280259728431704,0.40524500608444214,0.1336696892976761,-0.36510559916496277,
0.1533927083015442,-0.05052330493927002,-0.10141270160675049,0.3446580767631531,0.16123341023921967,-0.36996588110923767,
0.106655490398407,-0.0890418291091919,-0.12919948101043702,0.29871854186058044,0.15164603292942047,-0.37715640664100647,
0.06906742453575135,-0.12392216920852661,-0.1159591317176819,0.30124855041503906,0.1439228653907776,-0.38494613766670227,
-0.014683111011981964,-0.20232625007629396,-0.08652866482734681,0.33021044731140137,0.13952864706516266,-0.36683666706085205,
-0.056924211978912356,-0.23124513626098633,-0.11691105365753174,0.3382664918899536,0.11482783406972885,-0.3239597678184509,
-0.10949745178222657,-0.2341756582260132,-0.15599486827850342,0.29026302695274353,0.07161805033683777,-0.27955153584480286,
-0.12865109443664552,-0.2206385374069214,-0.202425217628479,0.25617456436157227,0.05583881959319115,-0.26736757159233093,
-0.11951711177825929,-0.20084280967712403,-0.17919552326202393,0.2208198606967926,0.027010416612029076,-0.2513907849788666,
-0.14253106117248535,-0.2065030336380005,-0.18864253759384156,0.1859990358352661,0.025146204978227615,-0.19473204016685486,
-0.17244380712509155,-0.19274593591690065,-0.18792660236358644,0.13193686306476593,0.022616202011704445,-0.14772725105285645,
-0.14524863958358766,-0.17228825092315675,-0.17632373571395876,0.11322814971208572,0.031071737408638,-0.13647538423538208,
-0.12176302671432496,-0.16931653022766113,-0.14097135066986086,0.1166902557015419,0.035798851400613785,-0.12422484904527664,
-0.17129067182540894,-0.17355215549468994,-0.17054851055145265,0.0919894427061081,0.02301567606627941,-0.07289241999387741,
-0.2024562120437622,-0.16826558113098145,-0.20936517715454103,0.02481120079755783,0.029673578217625618,-0.010707603767514229,
-0.2001448154449463,-0.17560884952545167,-0.25002484321594237,-0.05042310059070587,0.05630519241094589,0.015058481134474277,
-0.1800800681114197,-0.17694951295852662,-0.2745386838912964,-0.08943841606378555,0.04858202487230301,0.02491217851638794,
-0.18151308298110963,-0.17204817533493044,-0.2349148988723755,-0.13098372519016266,-0.009741205722093582,0.07065196335315704,
-0.18461447954177856,-0.1690661072731018,-0.22282612323760986,-0.16473928093910217,-0.033576495945453644,0.09848199784755707,
-0.15374835729599,-0.18839951753616335,-0.2209925174713135,-0.2287217378616333,-0.031113075092434883,0.11279649287462234,
-0.11362589597702027,-0.1901941537857056,-0.2589930772781372,-0.29823023080825806,-0.03157912567257881,0.13496731221675873,
-0.12098098993301393,-0.19215580224990847,-0.23549654483795168,-0.3280576467514038,-0.08257865905761719,0.15980128943920135,
-0.12100638151168824,-0.1936144232749939,-0.2092014789581299,-0.37759244441986084,-0.12791897356510162,0.18303737044334412,
-0.08889905810356141,-0.1897883415222168,-0.19228628873825074,-0.39749956130981445,-0.15441744029521942,0.2064731866121292,
-0.05118322968482972,-0.18602671623229983,-0.10908696651458741,-0.3495626747608185,-0.17678798735141754,0.22697952389717102,
-0.046237182617187504,-0.16650575399398804,-0.0470534086227417,-0.343171089887619,-0.1855098456144333,0.2540771961212158,
-0.05862839818000794,-0.1383310914039612,-0.12874271869659423,-0.40042904019355774,-0.204285129904747,0.29096198081970215,
