0.7077481269836426,-0.28634841442108155,-0.08433384895324708,-0.15582799911499023,0.20923830568790436,0.6423004865646362,
1.3091194152832033,-0.2981867551803589,0.12344273328781129,-0.06634578108787537,-0.2146703600883484,0.3550785183906555,
1.9332746505737306,-0.31485533714294434,0.23759906291961672,-0.021671252325177193,-0.17958322167396545,0.13616669178009033,
1.8667938232421877,0.08620454072952272,0.07666107416152955,-0.041844695806503296,0.20331276953220367,0.07238397747278214,
1.706045150756836,0.1739738941192627,0.23498430252075198,0.0005661436007358134,0.07494840770959854,-0.0969264879822731,
1.535082244873047,0.26083638668060305,0.26951258182525634,0.028729071840643883,-0.017063813284039497,-0.22535744309425354,
1.0097105979919434,-0.03746115267276764,-0.012517590820789338,0.01914169266819954,0.008968588896095753,-0.2937341034412384,
0.8534855842590332,-0.10327340364456178,-0.026703813672065736,-0.036654047667980194,-0.005279842764139175,-0.3384137749671936,
0.7431810855865479,-0.2106947660446167,-0.016753906011581422,-0.07646831125020981,-0.04955489933490753,-0.3900125324726105,
0.41872310638427734,-0.2809217929840088,0.1330324411392212,-0.07380514591932297,-0.10281812399625778,-0.35565775632858276,
0.3614487886428833,-0.3138214826583863,0.1554987668991089,-0.0463080070912838,-0.0704607143998146,-0.2950708270072937,
0.31942753791809086,-0.29950215816497805,0.1731927037239075,-0.009489803574979305,-0.04316331073641777,-0.2149762511253357,
0.30329921245574953,-0.29559011459350587,0.17116779088974,0.003559685545042157,-0.05428200960159302,-0.18867753446102142,
0.2808412075042725,-0.3107355356216431,0.13344858884811403,-0.003564270446076989,-0.060340702533721924,-0.14959564805030823,
0.20298478603363038,-0.3049930095672608,0.13417595624923706,-0.005361904390156269,-0.04942173883318901,-0.06144501268863678,
0.1758782982826233,-0.3118375539779663,0.15748307704925538,0.020803652703762054,-0.024121707305312157,0.0136561319231987,
0.14951466321945192,-0.3035179138183594,0.1517982840538025,0.035917095839977264,0.0029759565368294716,0.09142044186592102,
0.13431752920150758,-0.32003939151763916,0.1473515272140503,0.03265472128987312,-0.007809846196323633,0.20367267727851868,
0.1462856650352478,-0.3451289176940918,0.15086592435836793,0.0505644790828228,-0.034041985869407654,0.2699187994003296,
0.15670566558837892,-0.3454528331756592,0.12972774505615234,0.060218438506126404,-0.046625420451164246,0.3561386466026306,
0.22916455268859864,-0.35070989131927494,0.07292563915252685,0.019738389179110527,0.02820940874516964,0.45194587111473083,
0.3096847772598267,-0.35105662345886235,0.12510687112808228,0.04796789959073067,0.026678090915083885,0.5205888152122498,
0.8446496963500977,-0.3235744714736939,0.14699985980987548,0.1384487897157669,-0.05561358854174614,0.4619992971420288,
1.2498271942138672,-0.3017042398452759,-0.017236047983169557,0.10143085569143295,-0.03524040803313255,0.3158583343029022,
1.5575828552246094,-0.23218488693237305,-0.18369884490966798,0.0255973432213068,0.0716189369559288,0.20433847606182098,
1.7886150360107422,-0.024694110453128817,-0.06486096382141114,-0.003564270446076989,0.12235215306282043,0.025840094313025475,
1.7886346817016603,-0.014629831910133362,0.03859750330448151,0.03578305244445801,0.0699542760848999,-0.21244804561138153,
1.5854792594909668,0.010945674777030946,0.0780002772808075,0.09550444036722183,0.041325297206640244,-0.36910849809646606,
1.0544690132141115,-0.14082366228103638,-0.06866579651832581,0.07473178207874298,0.04425477236509323,-0.44241201877593994,
0.8519294738769532,-0.2233752250671387,-0.07555063366889954,0.023798830807209015,0.01223026029765606,-0.4760344326496124,
0.6590837001800538,-0.27242417335510255,-0.018021665513515472,-0.009224368259310722,-0.03277716040611267,-0.4697760045528412,
0.4918087482452393,-0.3275658130645752,0.03328490853309631,-0.013685163110494614,-0.038769274950027466,-0.44241201877593994,
0.25430119037628174,-0.3469728946685791,0.08057103157043458,-0.015416217967867851,0.019620532169938087,-0.3429429531097412,
0.17336583137512207,-0.32411692142486576,0.09601631760597229,-0.010023316368460655,0.05537347123026848,-0.23854702711105347,
0.14595693349838257,-0.3075795650482178,0.13295997381210328,0.0014282765332609415,0.009500520303845406,-0.1851506531238556,
0.17199169397354128,-0.3184724807739258,0.13791959285736086,-3.646218829089776e-05,-0.09948934614658356,-0.15492376685142517,
0.13969837427139284,-0.3296945333480835,0.12814844846725465,-0.010822264477610588,-0.10614725202322006,-0.08687999844551086,
0.08495944738388062,-0.3193563938140869,0.12228702306747437,-0.01774648390710354,-0.03204479068517685,0.0290340855717659,
0.04081479907035828,-0.33336744308471683,0.1471956968307495,0.0041580162942409515,0.03280318155884743,0.1494089663028717,
0.012772586941719056,-0.3553769111633301,0.16544036865234377,0.03351936489343643,0.04219082370400429,0.2665880620479584,
0.04756019413471222,-0.3731472969055176,0.1346351146697998,0.040709901601076126,-0.008675554767251015,0.33809393644332886,
0.08629113435745239,-0.3466225624084473,0.07229354977607727,0.013079606927931309,0.0035084071569144726,0.4117969274520874,
0.26047911643981936,-0.28230853080749513,-0.09723415970802307,-0.10529790818691254,0.20184732973575592,0.5835042595863342,
0.5590632438659668,-0.2896336317062378,-0.12344380617141724,-0.15190322697162628,-0.021991360932588577,0.5002804398536682,
