-0.16390841007232668,-0.09037413001060486,-0.14698567390441894,-0.23412613570690155,-0.08171015977859497,0.24926318228244781,
-0.09703603982925416,-0.07864248752593994,-0.08290465474128723,-0.22587034106254578,-0.09855465590953827,0.24966265261173248,
-0.037976559996604924,-0.061274063587188725,0.0067325010895729065,-0.18465791642665863,-0.09662386775016785,0.24307133257389069,
-0.045730566978454595,-0.04540345668792725,0.017124588787555694,-0.1507691890001297,-0.1336418092250824,0.2592500150203705,
-0.04243791103363037,-0.022255703806877136,0.004374661669135094,-0.15709419548511505,-0.18211133778095245,0.28854480385780334,
0.0516874372959137,0.011387196928262712,-0.02370043843984604,-0.1778002828359604,-0.12238994985818863,0.298398494720459,
0.029646068811416626,0.02627203464508057,-0.034906166791915896,-0.18379239737987518,-0.08716963976621628,0.28741297125816345,
0.054987120628356936,0.04293462932109833,-0.04013797640800476,-0.22979849576950073,-0.11646441370248795,0.28494954109191895,
0.1430888056755066,0.12023844718933106,-0.03736161589622498,-0.26195618510246277,-0.26154011487960815,0.3033919334411621,
0.2631422996520996,0.14293174743652345,0.08101119995117188,-0.21661585569381714,-0.30847832560539246,0.2286902666091919,
0.5011612415313721,0.15579640865325928,0.1973398804664612,-0.1682794839143753,-0.20754453539848328,0.08141745626926422,
0.6464704513549805,0.16321226358413699,0.23557670116424562,-0.145908921957016,-0.12538601458072662,-0.005801070481538773,
0.42989363670349123,0.15912644863128664,0.330163049697876,-0.040314581245183945,-0.020856933668255806,-0.06485667079687119,
0.315646505355835,0.14799758195877075,0.3429328203201294,0.05522632226347923,-0.006209546234458685,-0.10560303181409836,
0.21553683280944824,0.12071166038513184,0.28969669342041016,0.1001671701669693,-0.00035059190122410655,-0.13882596790790558,
0.09081907272338868,0.06362643241882325,0.13833194971084595,0.12879614531993866,0.017226271331310272,-0.1847655028104782,
0.005968644097447396,0.03046819567680359,0.11790468692779542,0.15203222632408142,-0.0038127012085169554,-0.1799718141555786,
-0.06763473749160767,0.006314465403556824,0.08682773709297181,0.1652148813009262,-0.0199248269200325,-0.16712205111980438,
-0.1259759783744812,-0.021018975973129274,0.003607282042503357,0.13778476417064667,-0.02778126485645771,-0.15853258967399597,
-0.1401978611946106,-0.03248509764671326,-0.02783036828041077,0.0952407568693161,-0.003413340076804161,-0.1539386361837387,
-0.16722092628479004,-0.03287712037563324,-0.016032147407531738,0.08418864011764526,0.006174040026962757,-0.13536308705806732,
-0.21880934238433838,-0.037983587384223944,0.007867419719696045,0.08365600556135178,0.0025787726044654846,-0.09115461260080338,
-0.221414589881897,-0.03827932178974152,0.0004078044090420008,0.080193892121315,0.00024850654881447554,-0.0654551088809967,
-0.21232950687408447,-0.02813703715801239,-0.012359941750764847,0.06834282726049423,-0.006609133444726467,-0.05573456734418869,
-0.21027719974517822,-0.013788577914237977,-0.027109888195991517,0.05029991641640663,-0.013400194235146046,-0.04181955009698868,
-0.2079270362854004,-0.0037025980651378635,-0.044563627243042,0.017010398209095,-0.010270979255437851,-0.013656624592840672,
-0.21708831787109376,-0.007058043777942658,-0.04708240628242493,0.002296433551236987,-0.001415969105437398,0.016903148964047432,
-0.2237727403640747,-0.0063044182956218725,-0.034801313281059267,-0.0006330436444841325,-0.005144394934177399,0.047130025923252106,
-0.1740572452545166,0.003428381681442261,-0.021471889317035676,-0.009488054551184177,-0.008739662356674671,0.0633753091096878,
-0.1434688448905945,0.013025538623332979,-0.03314417898654938,-0.027131497859954834,-0.015064669772982597,0.07189742475748062,
-0.12553969621658326,0.015142980217933656,-0.024948956072330476,-0.02999439463019371,-0.007541240192949772,0.07768980413675308,
-0.12152279615402223,0.016661641001701356,0.0044226784259080885,-0.025400443002581596,0.010967730544507504,0.08175112307071686,
-0.13957875967025757,0.013901041448116304,-0.01155000999569893,-0.0443754643201828,0.020954584702849388,0.09606561064720154,
-0.1534029006958008,0.008153772354125977,-0.0269490122795105,-0.0582239031791687,0.025082483887672424,0.10565299540758133,
-0.17633368968963625,-0.012425974011421204,-0.019919495284557345,-0.06401628255844116,0.005641408264636993,0.1278238147497177,
-0.1858539342880249,-0.011647526174783707,-0.011949034035205842,-0.0642160177230835,-0.019259149208664894,0.1571851670742035,
-0.17548775672912598,-0.007828394323587418,-0.001419917494058609,-0.06674601882696152,-0.02265467867255211,0.15991491079330444,
-0.10853204727172852,0.013656105101108552,-0.0261500746011734,-0.07873024791479111,0.012232732027769089,0.1416056752204895,
-0.05434146523475647,0.02785836160182953,0.022038348019123077,-0.06840968877077103,-0.01120329275727272,0.16051553189754486,
-0.02634305059909821,0.05280029773712158,0.05988126993179321,-0.07872944325208664,-0.031509898602962494,0.1692373901605606,
0.3142781734466553,0.12895187139511108,0.11912802457809449,-0.08758445084095001,0.00024829970789141953,0.10798467695713043,
0.4613826274871826,0.18620158433914186,0.2491044044494629,0.0009656530455686152,0.019689375534653664,0.009314554743468761,
0.7172786235809326,0.21638865470886232,0.423128604888916,0.13545528054237366,0.13240768015384674,-0.1744435578584671,
0.6747119903564454,0.2373292922973633,0.3007435560226441,0.22393880784511566,0.22701647877693176,-0.29208868741989136,
0.44881744384765626,0.20900537967681887,0.19548827409744263,0.2571617662906647,0.1628342866897583,-0.31985214352607727,
0.3321708202362061,0.18109869956970215,0.12287093400955201,0.26468518376350403,0.11536344140768051,-0.3615972101688385,
0.2895344734191895,0.11508678197860718,0.06061509847640992,0.23545698821544647,0.12162186950445175,-0.3813045918941498,
0.18227107524871827,0.0015151905827224255,-0.03208194673061371,0.2192782759666443,0.13267399370670319,-0.41306278109550476,
0.08625879883766174,-0.06341984272003175,-0.04176358580589295,0.2192782759666443,0.09798631817102432,-0.3954193592071533,
-0.027535998821258546,-0.10867525339126588,-0.07362045645713806,0.20389853417873383,0.03020886331796646,-0.3578687906265259,
-0.09107182621955873,-0.17424522638320925,-0.10623487234115601,0.1809287667274475,-0.003613283857703209,-0.3633948266506195,
-0.11455125808715821,-0.20420913696289064,-0.1361904263496399,0.170675590634346,0.018424374982714653,-0.35640403628349304,
-0.1768923044204712,-0.22052378654479982,-0.13246182203292847,0.1669471710920334,0.017225952818989754,-0.2922218441963196,
-0.27115252017974856,-0.17875548601150515,-0.11838603019714355,0.16488321125507355,0.002711723791435361,-0.22704099118709564,
-0.23563773632049562,-0.17551004886627197,-0.11716767549514771,0.14930371940135956,-0.0053443387150764465,-0.18502962589263916,
-0.2358001470565796,-0.15462398529052734,-0.1269012689590454,0.11721263825893402,-0.003080651629716158,-0.13383035361766815,
-0.22676851749420168,-0.14348065853118896,-0.12289018630981446,0.08106022328138351,0.005374884698539972,-0.09368320554494858,
-0.20896043777465823,-0.14250248670578003,-0.11360156536102295,0.04723924398422241,0.002112211659550667,-0.06558479368686676,
-0.2012110233306885,-0.15275832414627077,-0.10428960323333741,0.03086080029606819,-0.00041779145249165595,-0.03435923159122467,
-0.22570366859436036,-0.1553174614906311,-0.08975603580474854,0.011819198727607727,-0.014399386942386627,0.02016899362206459,
-0.22084741592407228,-0.15357409715652467,-0.10038211345672608,-0.032122958451509476,-0.02272176742553711,0.054856665432453156,
-0.15963016748428346,-0.1588807225227356,-0.10999650955200196,-0.07706380635499954,-0.01266833208501339,0.059051141142845154,
-0.14605681896209718,-0.13513818979263306,-0.10479938983917236,-0.1008990928530693,0.011832750402390957,0.07589563727378845,
-0.18665065765380862,-0.1110877275466919,-0.03739595711231232,-0.0851864442229271,0.027012767270207405,0.11431173980236053,
-0.20917761325836182,-0.11046459674835206,-0.03561237454414368,-0.08565250039100647,-0.011137014254927635,0.15186232328414917,
-0.196950900554657,-0.1076819896697998,-0.062112057209014894,-0.10402830690145493,-0.046756792813539505,0.17316760122776031,
-0.1522204041481018,-0.09725335240364075,-0.07101786136627197,-0.1050935760140419,-0.05960654467344284,0.19214263558387756,
-0.14844717979431152,-0.09632070660591126,-0.06770910024642944,-0.11694464087486267,-0.07112472504377365,0.24493980407714844,
-0.15905975103378298,-0.07183673977851868,-0.08199586868286134,-0.14337652921676636,-0.05940680950880051,0.29600590467453003,
-0.13221547603607178,-0.08031030297279358,-0.0813774585723877,-0.16907602548599243,-0.04076468199491501,0.33934885263442993,
-0.08986213207244874,-0.08988937735557556,-0.05644875168800354,-0.1851215809583664,-0.0019491090206429362,0.33402255177497864,
