-0.12108920812606812,-0.2180095911026001,-0.19953017234802248,-0.5024956464767456,-0.17991696298122406,0.24641892313957214,
-0.09234332442283631,-0.19672629833221436,-0.119098699092865,-0.46487849950790405,-0.23511098325252533,0.319123238325119,
-0.05977759957313538,-0.15435535907745362,-0.0008250494487583638,-0.39976420998573303,-0.31873422861099243,0.32345086336135864,
0.09939574003219605,-0.09291805028915406,0.05405463576316834,-0.3911089301109314,-0.36507323384284973,0.2702542245388031,
0.2120586395263672,0.06616780161857605,0.11182729005813599,-0.31933674216270447,-0.39756378531455994,0.3122656047344208,
0.276493501663208,0.14475876092910767,0.2959666967391968,-0.25602009892463684,-0.34516608715057373,0.3010137379169464,
0.530908203125,0.22177765369415284,0.328127670288086,-0.3375793993473053,-0.23697519302368164,0.099945068359375,
0.8261898994445801,0.2720329284667969,0.34903228282928467,-0.32819175720214844,-0.19030329585075378,0.0030060047283768654,
0.5931621551513672,0.30061695575714115,0.7232227325439453,-0.13451336324214935,-0.12465636432170868,-0.03774036094546318,
0.4752861022949219,0.2632233381271362,0.747817611694336,0.04844580963253975,-0.026052823290228844,-0.08128304779529572,
0.3680687189102173,0.2437133312225342,0.6374365329742432,0.1486472487449646,0.03739698976278305,-0.11324097961187363,
0.13457212448120118,0.16033036708831788,0.2905244588851929,0.18553203344345093,0.05197779834270477,-0.10758176445960999,
0.03233026564121246,0.11951788663864137,0.175778067111969,0.19445361196994781,0.03353540599346161,-0.07881961762905121,
-0.04214278757572174,0.09089698195457459,0.11122450828552247,0.21049916744232178,-0.011671753600239754,-0.06423881649971008,
-0.03536904752254486,0.029879844188690188,0.06700066924095154,0.22907711565494537,-0.03444240242242813,-0.09805671870708466,
-0.07282466888427734,0.0013701089657843113,0.025641906261444095,0.2298094779253006,0.004839225206524134,-0.112171471118927,
-0.1515261769294739,-0.005320967733860016,-0.02968133091926575,0.20550814270973206,0.03020583465695381,-0.0838753879070282,
-0.2290573835372925,-0.020762257277965546,-0.0924920916557312,0.18819758296012878,0.01136397011578083,-0.050452712923288345,
-0.21516008377075196,-0.015009143948554994,-0.08023750185966493,0.17015467584133148,-0.0008199922158382833,-0.052916135638952255,
-0.19800243377685547,-0.01050109788775444,-0.09903205037117005,0.15357649326324463,0.0002452722401358187,-0.05491350591182709,
-0.20664908885955813,-0.0010702800005674363,-0.11084626913070679,0.129341721534729,0.0007113254396244884,-0.03201032057404518,
-0.23216533660888672,0.010027031600475312,-0.13722885847091676,0.08786299079656601,-0.0010863083880394697,0.005673408508300781,
-0.2080936670303345,0.02120448648929596,-0.1351102828979492,0.046517420560121536,0.005771331489086151,0.006871831603348255,
-0.1748442888259888,0.02969280779361725,-0.14197533130645754,0.008900267072021961,0.009566335938870907,0.010333940386772156,
-0.17567390203475952,0.03554052114486694,-0.14206440448760987,-0.0064129093661904335,-0.0010197293013334274,0.02498132735490799,
-0.1776859164237976,0.037721252441406256,-0.09046115279197693,-0.015467657707631588,-0.01626632735133171,0.056606363505125046,
-0.1622152328491211,0.04077055156230927,-0.08584393858909607,-0.02658635564148426,-0.01932896301150322,0.06872375309467316,
-0.1292738199234009,0.05047752857208252,-0.07937971353530884,-0.03524162620306015,-0.01799738220870495,0.05880347266793251,
-0.0868216335773468,0.06341211795806885,-0.05795475244522095,-0.03963584452867508,0.0013105366379022598,0.047152142971754074,
-0.11552199125289918,0.05779029726982117,-0.05044854879379273,-0.031180309131741524,0.002242643153294921,0.06432953476905823,
-0.15552241802215577,0.05197291970252991,-0.0555916965007782,-0.033044520765542984,-0.019595278427004814,0.08849771320819855,
-0.13748562335968018,0.051444637775421145,-0.07699605226516724,-0.04789164289832115,-0.00994131900370121,0.08510218560695648,
-0.11498204469680787,0.049271112680435186,-0.08569700717926027,-0.0686643049120903,0.026543987914919853,0.07644692063331604,
-0.11359505653381348,0.04906998276710511,-0.08849398493766786,-0.07898405194282532,-0.0006868341588415205,0.0936243087053299,
-0.0741751492023468,0.06919025182723999,-0.055967974662780764,-0.10495118051767349,-0.033976007252931595,0.09475383907556534,
-0.012662260234355927,0.06923824548721313,-0.03871957063674927,-0.12772120535373688,0.0032416668254882097,0.07324881106615067,
-0.008484972268342971,0.0739001214504242,-0.04466728866100311,-0.13604359328746796,0.0075027248822152615,0.08896145969629288,
-0.03603748977184296,0.09445785284042359,-0.020734600722789764,-0.13065068423748016,-0.008875716477632523,0.09482041746377945,
0.04165160953998566,0.10325987339019777,0.001493922807276249,-0.16653679311275482,0.016490893438458443,0.0649930089712143,
0.05811985731124878,0.12002333402633668,-0.01887260675430298,-0.2115442156791687,-0.021592311561107635,0.0878961980342865,
0.04089230597019196,0.1452620267868042,0.022675231099128723,-0.18291522562503815,-0.0971595048904419,0.0872969850897789,
0.3360710859298706,0.1932300090789795,0.3267627477645874,-0.14210228621959686,-0.015134145505726337,0.02404690906405449,
0.47086524963378906,0.21833999156951905,0.4067387580871582,-0.05954428389668465,0.12088681012392044,-0.03853737935423851,
0.543485450744629,0.21817440986633302,0.5760707855224609,0.14272280037403107,0.23706720769405365,-0.11230694502592087,
0.4501224517822266,0.20556471347808838,0.516905403137207,0.2150942087173462,0.2808762192726135,-0.15298673510551453,
0.41055188179016117,0.19742664098739626,0.31025044918060307,0.21595972776412964,0.2878004312515259,-0.21111023426055908,
0.38957436084747316,0.1714782238006592,0.26396296024322513,0.2914603650569916,0.27548331022262573,-0.24033841490745544,
0.3249434232711792,0.12408267259597779,0.2821729898452759,0.35684096813201904,0.26003697514533997,-0.2690339684486389,
0.22644097805023194,-9.264609543606639e-05,0.12171890735626222,0.4354042112827301,0.13666602969169617,-0.2934684753417969,
0.12716276645660402,-0.05965337157249451,0.017470240592956543,0.4324747622013092,0.06609227508306503,-0.2952660918235779,
0.054956191778182985,-0.11215418577194214,-0.0817456364631653,0.4178939461708069,0.015225891955196857,-0.33175140619277954,
0.019168736040592195,-0.18662357330322266,-0.155652391910553,0.39665523171424866,0.06309621781110764,-0.35279038548469543,
-0.05595638155937195,-0.20734992027282717,-0.20764904022216799,0.3391309380531311,0.07754386216402054,-0.31683769822120667,
-0.10641421079635621,-0.2215284585952759,-0.25024704933166503,0.2814072072505951,0.06995377689599991,-0.296663761138916,
-0.1099748730659485,-0.2228766679763794,-0.24361243247985842,0.2483840137720108,0.06862220168113708,-0.29433348774909973,
-0.12908974885940552,-0.218387508392334,-0.19201446771621705,0.23466873168945312,0.07188457250595093,-0.2690334618091583,
-0.16215944290161133,-0.2149228572845459,-0.1755941390991211,0.20717160403728485,0.06922141462564468,-0.21816708147525787,
-0.19573442935943605,-0.21833269596099855,-0.2113102674484253,0.16449443995952606,0.041657689958810806,-0.165969118475914,
-0.19837332963943483,-0.17882318496704103,-0.19935739040374756,0.13752993941307068,0.00577159458771348,-0.12815223634243011,
-0.16109998226165773,-0.16815357208251955,-0.16852883100509644,0.11342832446098328,0.017955558374524117,-0.12355828285217285,
-0.1438749074935913,-0.16349719762802126,-0.17827991247177125,0.09438672661781311,0.03460031375288963,-0.102186419069767,
-0.16757709980010987,-0.15735739469528198,-0.19093548059463503,0.07101748883724213,0.030871888622641563,-0.05851057544350624,
-0.2032695770263672,-0.14931472539901733,-0.21176149845123293,0.017554523423314095,0.022882405668497086,0.002076340839266777,
-0.19621772766113282,-0.14876989126205445,-0.2230233907699585,-0.02332499995827675,0.02887451834976673,0.012662406079471111,
-0.16598896980285646,-0.1468985676765442,-0.22632358074188233,-0.06080899387598038,0.027143463492393494,0.0374298058450222,
-0.20171346664428713,-0.12455326318740845,-0.22608516216278077,-0.10914536565542221,0.006770280189812183,0.08949460834264755,
-0.18343390226364137,-0.12178816795349122,-0.21020989418029787,-0.14323383569717407,-0.022857386618852615,0.10434173047542572,
-0.13016698360443116,-0.12464103698730469,-0.20525293350219728,-0.18358072638511658,-0.01533395703881979,0.09728435426950455,
-0.09241282939910889,-0.13537423610687258,-0.20969240665435793,-0.21840155124664307,0.0013107999693602324,0.1066054180264473,
-0.1314032793045044,-0.14156471490859987,-0.18686065673828126,-0.2463647425174713,-0.023922652006149292,0.14135967195034027,
-0.1319243311882019,-0.14968545436859132,-0.17865073680877686,-0.282850056886673,-0.06506849080324173,0.1542094200849533,
-0.10494980812072754,-0.1672842025756836,-0.18810187578201296,-0.3040887713432312,-0.09003562480211258,0.16100049018859863,
-0.08372293710708618,-0.14955534934997558,-0.15012366771698,-0.3282569646835327,-0.1022195890545845,0.1793762892484665,
-0.0696516752243042,-0.14662706851959229,-0.11756350994110108,-0.33811208605766296,-0.11739923059940338,0.20906797051429749,
-0.07368049025535583,-0.14581013917922975,-0.10002256631851197,-0.38005688786506653,-0.14389768242835999,0.2550075054168701,
