0.46503486633300783,0.19492942094802856,-0.0465302586555481,-0.20162183046340942,-0.10714348405599594,-0.14284056425094604,
0.3487767219543457,0.15526682138442993,-0.021197657287120822,-0.19989123940467834,-0.08091124147176743,-0.15708938241004944,
0.17151676416397096,0.05306366682052613,0.10002294778823853,-0.17106251418590546,-0.048287518322467804,-0.17420019209384918,
0.0625292181968689,0.011064096540212632,0.15869446992874148,-0.14376512169837952,-0.043959882110357285,-0.1670762300491333,
-0.026547259092330935,-0.01941399723291397,0.17423583269119264,-0.13424432277679443,-0.030976975336670876,-0.1586207002401352,
-0.12021057605743408,-0.07476360201835633,0.2570909261703491,-0.0877055749297142,-0.022920912131667137,-0.14517173171043396,
-0.17180964946746827,-0.08566603660583497,0.297685432434082,-0.01986154541373253,-0.017328273504972458,-0.12140301614999771,
-0.2323919773101807,-0.09387893676757814,0.2916767120361328,0.013694285415112972,-0.009005894884467125,-0.08458481729030609,
-0.3207184553146363,-0.10096688270568849,0.23836202621459962,0.03839510306715965,-0.022055383771657944,-0.04303950071334839,
-0.31808094978332524,-0.09621711969375611,0.229043984413147,0.049780115485191345,-0.02877986617386341,-0.02366500161588192,
-0.33109564781188966,-0.07801961302757264,0.1930426836013794,0.047915905714035034,-0.012135108932852745,0.007094508968293667,
-0.3733240604400635,-0.09627077579498292,0.19903634786605837,0.09279017150402069,-0.0016156225465238094,0.07393985241651535,
-0.37306382656097414,-0.09819802045822144,0.20386736392974855,0.12747783958911896,0.016493873670697212,0.12047860026359558,
-0.326746153831482,-0.0831436336040497,0.16169347763061526,0.11189834773540497,0.06915788352489471,0.14537915587425232,
-0.22127065658569336,-0.04895161986351013,0.12276946306228638,0.11649230122566223,0.07361868023872375,0.16641812026500702,
-0.1405676245689392,-0.03997231721878052,0.12995398044586182,0.12821021676063538,0.08067605644464493,0.18759025633335114,
-0.04712414741516113,-0.019394077360630035,0.10682451725006104,0.1463862806558609,0.08453764021396637,0.18446104228496552,
0.08935494422912599,0.003261162340641022,0.10497668981552125,0.16123341023921967,0.09539002180099487,0.15436731278896332,
0.3837964773178101,0.11051931381225587,-0.03540064692497254,0.13520100712776184,0.09692133963108063,0.07646985352039337,
0.4110602378845215,0.15079803466796876,-0.07794285416603089,0.13000784814357758,0.0630991980433464,0.0188789963722229,
0.41698446273803713,0.18846875429153442,-0.09732469320297242,0.11875598877668381,0.06995683163404465,-0.015608939342200756,
0.44463324546813965,0.22841808795928956,-0.17476317882537842,0.1072385385632515,0.07082220166921616,-0.08624787628650665,
0.49186058044433595,0.21103260517120362,-0.19591665267944336,0.08686535805463791,0.04652085155248642,-0.15668848156929016,
0.48777399063110355,0.1914814829826355,-0.24798870086669922,0.04425478354096413,0.03853137046098709,-0.2226017266511917,
0.43537092208862305,0.12168325185775758,-0.19583280086517335,0.030539503321051598,0.036334261298179626,-0.2893139123916626,
0.3335723638534546,0.06114148497581482,-0.16324533224105836,0.026544762775301933,0.05204691365361214,-0.31368184089660645,
0.253681755065918,0.005364220961928368,-0.162542462348938,0.017423436045646667,0.05351164937019348,-0.33898186683654785,
0.04983204305171967,-0.10643932819366456,-0.14105485677719118,-0.001018955954350531,0.0265471450984478,-0.351298987865448,
-0.07655847668647767,-0.13488925695419313,-0.11967647075653076,-0.020460031926631927,0.014363180845975876,-0.3397142291069031,
-0.18759377002716066,-0.16625216007232668,-0.10327926874160767,-0.03064662218093872,0.02907714806497097,-0.3030291795730591,
-0.3483747720718384,-0.24700722694396973,-0.029693737626075745,-0.0024836943484842777,0.04172716289758682,-0.22513172030448914,
-0.4250013828277588,-0.2520235776901245,-0.015454629063606264,0.018422121182084084,0.032406099140644073,-0.16001743078231812,
-0.49081125259399416,-0.24335618019104005,-0.007335195690393448,0.026677921414375305,0.004975538235157728,-0.10002972930669785,
-0.5343359470367431,-0.23686594963073732,-0.009166917204856873,0.02128501981496811,-0.018327120691537857,-0.05961626395583153,
-0.5474517822265625,-0.2356205701828003,-0.03315195739269257,0.031072136014699936,-0.042628467082977295,0.017016198486089706,
-0.5682337760925293,-0.22606754302978516,-0.04833391904830933,0.041724782437086105,-0.0378347747027874,0.1006394624710083,
-0.5732385158538819,-0.20390865802764893,-0.05790201425552369,0.04265688732266426,-0.02538449876010418,0.1535032093524933,
-0.5311585903167725,-0.17555993795394897,-0.07075895667076111,0.03253687545657158,-0.003546577412635088,0.23492935299873352,
-0.5119711875915528,-0.17932744026184083,-0.0741193413734436,0.03586582466959953,0.012365810573101044,0.29105550050735474,
-0.45295095443725586,-0.1721801519393921,-0.0708247184753418,0.038529250770807266,0.0294099822640419,0.3294720947742462,
-0.342446780204773,-0.14566572904586791,-0.14241517782211305,0.0016444685170426965,-0.01193559356033802,0.37720927596092224,
-0.22277183532714845,-0.12278585433959961,-0.17642529010772706,-0.02625214494764805,-0.04336089640855789,0.3887940049171448,
-0.06830410957336426,-0.11266241073608399,-0.1894860625267029,-0.051086120307445526,-0.010470855049788952,0.3716832101345062,
0.2803442239761353,-0.05975213646888733,-0.21579034328460694,-0.06912903487682343,0.0009141582413576543,0.3347984254360199,
0.3779945373535156,-0.024125063419342042,-0.18722095489501955,-0.08031431585550308,-0.07818172872066498,0.2627599239349365,
0.458510160446167,0.04532618820667267,-0.18839790821075442,-0.11999541521072388,-0.09196358919143677,0.1885908842086792,
0.49685015678405764,0.11603496074676514,-0.22319469451904297,-0.1382380723953247,-0.049219850450754166,0.14684581756591797,
0.5194849967956543,0.16537435054779054,-0.16337505578994752,-0.16513600945472717,-0.04948616772890091,0.06362203508615494,
0.5341793537139893,0.1706157445907593,-0.13787184953689577,-0.17472338676452637,-0.11220361292362213,-0.014408588409423828,
0.5483755111694336,0.1856389045715332,-0.09035702943801881,-0.1754557490348816,-0.10760965943336487,-0.0901089459657669,
