0.8714282989501954,0.6093888282775879,-0.9443964958190918,-0.7384383082389832,0.297390341758728,-0.25555041432380676,
1.3439006805419922,0.8350116729736329,-1.166753673553467,-0.6616727113723755,0.12661512196063995,-0.5698700547218323,
1.3097739219665527,0.6764098644256592,-0.6994459629058838,-0.2982178032398224,-0.05947325751185417,-0.6469685435295105,
0.3921712160110474,0.3895143508911133,0.20129075050354006,-0.03489774093031883,-0.15801022946834564,-0.7045593857765198,
0.41593146324157715,0.17198259830474855,0.0338444858789444,-0.03929195925593376,-0.15161864459514618,-0.7523631453514099,
0.38424005508422854,-0.09765227437019348,-0.1535447955131531,-0.011595084331929684,-0.17319025099277496,-0.7074223160743713,
0.2170295000076294,-0.2882976531982422,-0.04613750278949738,0.01270626112818718,-0.1644018143415451,-0.6201372146606445,
0.008912347257137299,-0.45715761184692383,0.09319984316825868,0.01110836397856474,-0.13157835602760315,-0.4645420014858246,
-0.019943523406982425,-0.47051653861999515,0.09941897988319398,-0.005602971650660038,-0.09748988598585129,-0.3082810342311859,
-0.0339695543050766,-0.47585487365722656,0.10787323713302613,-0.01479087769985199,-0.052149564027786255,-0.1871071755886078,
-0.009597388654947282,-0.41486587524414065,0.1462810516357422,-0.01512377243489027,0.0012468153145164251,-0.0921654924750328,
0.009852859377861024,-0.3885204076766968,0.15230362415313722,0.018165741115808487,0.004376030061393976,-0.0373709499835968,
0.009284553676843643,-0.35211825370788574,0.1817686438560486,0.06317315995693207,-0.014465835876762867,0.003841468133032322,
0.020013713836669923,-0.23279318809509278,0.15910390615463257,0.08114950358867645,-0.03637033700942993,0.02021990902721882,
0.03034467101097107,-0.20095086097717285,0.122803795337677,0.051854733377695084,-0.026383480057120323,0.05710469186306,
0.0064203813672065735,-0.1755275368690491,0.0710602879524231,0.029484177008271217,-0.006010298617184162,0.11229870468378067,
-0.03942622244358063,-0.1443551301956177,0.08280255198478699,0.010775469243526459,0.02954290248453617,0.17115455865859985,
-0.027979436516761783,-0.12479186058044434,0.07932162284851074,-0.01319177821278572,0.07714664191007614,0.22754931449890137,
0.0011078462935984136,-0.11725375652313233,0.06410061120986939,-0.02883785031735897,0.09578876942396164,0.25391462445259094,
0.053866761922836306,-0.14435352087020875,0.07069998979568481,0.00012402782158460468,0.12248695641756058,0.28647175431251526,
0.05804056525230408,-0.1690625309944153,0.11169589757919313,0.06650332361459732,0.08733323216438293,0.2776833176612854,
0.09086834192276001,-0.19182769060134888,0.13918728828430177,0.05498514696955681,0.02301788702607155,0.2571104168891907,
0.141243314743042,-0.2347725868225098,0.08782382011413575,0.03920591622591019,0.033470794558525085,0.24925407767295837,
0.15628231763839723,-0.24630703926086428,0.026440328359603884,0.08714281767606735,0.06249925121665001,0.2579759359359741,
0.07380972504615783,-0.23089275360107422,0.148598051071167,0.1169036477804184,0.0690905749797821,0.3479907810688019,
-0.02363761812448502,-0.22101345062255862,0.11374276876449585,0.0796193927526474,0.1303432732820511,0.45671433210372925,
-0.09928979873657227,-0.19762177467346193,-0.030264979600906374,0.0940670371055603,0.22801470756530762,0.5667029023170471,
-0.05528736114501953,-0.1155793309211731,-0.05904350280761719,0.12795574963092804,0.16902568936347961,0.684614360332489,
-0.08376278281211853,0.00700121819972992,-0.1246376633644104,0.10511916130781174,0.09332534670829773,0.6639748811721802,
0.44289484024047854,0.3412806987762451,-0.563006353378296,0.09639730304479599,-0.1499544382095337,0.31177178025245667,
1.0277219772338868,0.5592173099517822,-0.5323554515838623,0.04959224537014961,-0.13930179178714752,-0.13903480768203735,
1.4698724746704102,0.7438529491424561,-0.528568458557129,0.0718296468257904,-0.1512194275856018,-0.3127394914627075,
0.7169407844543457,0.5461797237396241,-0.12197793722152711,0.20618611574172974,-0.24596139788627625,-0.3795848488807678,
0.35189442634582524,0.3122965097427368,0.0833363175392151,0.2541896104812622,-0.28937089443206787,-0.3723277151584625,
0.14672820568084718,0.10694042444229127,0.13962217569351196,0.18714451789855957,-0.24536217749118805,-0.3210618793964386,
-0.07166308760643006,-0.152678918838501,0.10201910734176636,0.10904745757579803,-0.17205870151519775,-0.24502837657928467,
-0.12491934299468994,-0.21532766819000246,0.1874197006225586,0.10871455818414688,-0.1290486454963684,-0.14502666890621185,
-0.15196770429611206,-0.24485480785369873,0.3026892423629761,0.12229668349027634,-0.1327105015516281,-0.06672973185777664,
-0.1599848747253418,-0.2501071929931641,0.35456204414367676,0.09912718087434769,-0.1247875913977623,-0.050551027059555054,
-0.020464095473289493,-0.22455594539642335,0.279668402671814,0.0667031928896904,-0.09755676984786987,-0.029778368771076202,
-0.0019594673067331314,-0.19745591878890992,0.24965896606445315,0.06497213989496231,-0.08843544125556946,-0.011335978284478188,
-0.005444245412945747,-0.1541277289390564,0.23283350467681885,0.05531817302107811,-0.08703728020191193,-0.013333349488675594,
0.03994742333889008,-0.10936164855957031,0.1533643126487732,0.025557350367307663,-0.02465272694826126,0.024483539164066315,
0.021298551559448244,-0.09316591620445253,0.10875159502029419,0.01723497174680233,0.016959164291620255,0.06250016391277313,
0.019295185804367065,-0.06982159614562988,0.11184855699539185,0.015703653916716576,0.049649469554424286,0.0834059789776802,
0.038184124231338504,-0.05687437057495118,0.11612530946731568,0.02602340467274189,0.057039741426706314,0.07887860387563705,
0.08319980502128602,-0.031689292192459105,0.09515604972839356,0.03867341950535774,0.057772111147642136,0.06309937685728073,
0.08885631561279297,-0.02456208169460297,0.07605564594268799,0.037608154118061066,0.07668054848909378,0.058172523975372314,
0.08127729892730713,-0.01575833261013031,0.06241621971130371,0.019964711740612984,0.09818557649850845,0.0749504417181015,
0.0668550193309784,-0.02361019104719162,0.04386046528816223,0.0037194290198385715,0.10783953219652176,0.08873230218887329,
0.03201453089714051,-0.041449916362762455,0.08360822796821595,0.001522321137599647,0.12128850072622299,0.09212782979011536,
0.0050714328885078435,-0.051628476381301885,0.10798141956329346,0.0035862710792571306,0.1418614238500595,0.1170283854007721,
-0.03722562491893768,-0.06716085076332093,0.1289449691772461,0.009045750834047794,0.15364590287208557,0.15544448792934418,
-0.06994988322257996,-0.10481059551239014,0.18828184604644777,0.06890030205249786,0.1477203667163849,0.18953295052051544,
-0.06281849145889283,-0.10245842933654786,0.15173048973083497,0.04912632331252098,0.14752063155174255,0.17615056037902832,
-0.03148524463176727,-0.09918428659439088,0.05858371257781983,-0.047612398862838745,0.16622920334339142,0.12768219411373138,
0.0693805992603302,0.06196078062057495,-0.16063393354415895,-0.21206259727478027,0.3363386392593384,0.14672379195690155,
0.3636300086975098,0.4259471893310547,-0.6166761875152589,-0.5175272226333618,0.49972355365753174,0.08646976947784424,
1.1425369262695313,0.6708572864532472,-1.1703956604003907,-0.8849102854728699,0.2781485617160797,-0.3974931836128235,
