0.46686825752258304,0.12202079296112062,-0.10439382791519165,-0.15864218771457672,-0.010775240138173103,0.04123175889253616,
0.46438140869140626,0.13648179769515992,-0.04281483292579651,-0.15098559856414795,-0.07409188896417618,-0.038862813264131546,
0.41172065734863283,0.1279976487159729,0.03591750264167786,-0.12282267957925797,-0.12455879896879196,-0.10038183629512787,
0.3773812294006348,0.11415795087814332,0.06944968700408936,-0.11609819531440735,-0.11929905414581299,-0.1295434534549713,
0.21177525520324708,0.07568169236183167,0.041489008069038394,-0.11410114914178848,-0.07082944363355637,-0.14439120888710022,
0.11726334095001222,0.05434422492980957,0.06391385793685914,-0.10717692971229553,-0.03820572420954704,-0.14805306494235992,
0.04446708559989929,0.03528202474117279,0.0779263734817505,-0.12268984317779541,-0.004849632270634174,-0.1545112282037735,
0.013191552460193635,0.015215201675891877,0.0686030924320221,-0.13720408082008362,-0.0074462140910327435,-0.15863913297653198,
-0.0855634093284607,-0.04252613782882691,0.15637052059173584,-0.09938718378543854,-0.0686323344707489,-0.1611691266298294,
-0.14185525178909303,-0.06886737942695619,0.22689118385314944,-0.07488610595464706,-0.057846538722515106,-0.13726726174354553,
-0.1953977346420288,-0.0896971344947815,0.22615084648132325,-0.05690976604819298,0.025510404258966446,-0.08926378190517426,
-0.28017113208770755,-0.09189202189445496,0.2106837034225464,-0.008040758781135082,0.08643022179603577,-0.027345284819602966,
-0.31058826446533205,-0.08278140425682068,0.22342274188995362,0.01492900587618351,0.05587044358253479,0.010138709098100662,
-0.3268786430358887,-0.08192419409751893,0.2069343090057373,0.04189351201057434,-0.01516938116401434,0.04582507163286209,
-0.35554556846618657,-0.08096981644630433,0.23671548366546633,0.09062936156988144,-0.07382550090551376,0.09010012447834015,
-0.343015456199646,-0.08070380091667176,0.21965172290802004,0.1264488846063614,-0.04512994363903999,0.13903571665287018,
-0.31553044319152834,-0.06626999974250794,0.19700876474380494,0.13090966641902924,0.03589673340320587,0.17418943345546722,
-0.2536290407180786,-0.045043724775314334,0.150455641746521,0.1186591312289238,0.08130363374948502,0.19962263107299805,
-0.11930279731750489,-0.01873377412557602,0.10269637107849122,0.1289122998714447,0.07051783055067062,0.21220606565475464,
-0.01840052902698517,-0.021769732236862183,0.11714270114898682,0.16273444890975952,0.11173024773597717,0.22026212513446808,
0.10530974864959718,-0.010811667889356613,0.12943154573440552,0.19902001321315765,0.17897507548332214,0.20201946794986725,
0.43645787239074707,0.0347863256931305,0.03820821046829224,0.17624999582767487,0.13489975035190582,0.07964721322059631,
0.5871427536010743,0.06808232665061952,-0.04793093800544739,0.16652944684028625,-0.05724732577800751,-0.06642717123031616,
0.6470571041107178,0.09512498378753663,-0.0572819709777832,0.1696578711271286,-0.0320802740752697,-0.16449962556362152,
0.646555233001709,0.13798184394836427,-0.10553234815597534,0.12897808849811554,0.09981277585029602,-0.18354123830795288,
0.44802794456481937,0.13612349033355714,-0.2952579021453858,0.067991703748703,0.1557391732931137,-0.23806945979595184,
0.37981202602386477,0.10769009590148926,-0.2589531183242798,0.051679838448762894,0.06872037053108215,-0.30052056908607483,
0.31326866149902344,0.06606177091598511,-0.21140863895416262,0.06299827247858047,-0.005248928442597389,-0.3220921754837036,
0.0925335168838501,-0.009021662175655365,-0.14585506916046143,0.03949587792158127,0.019252153113484383,-0.3105739951133728,
0.0034057099372148516,-0.038906958699226384,-0.1759982466697693,0.0020118849352002144,0.07491222023963928,-0.2800142168998718,
-0.09677491188049317,-0.07854718565940857,-0.1609590530395508,-0.011037604883313179,0.0870295986533165,-0.25804316997528076,
-0.1758467197418213,-0.1106833577156067,-0.13686054944992065,-0.0008510132902301848,0.04228849709033966,-0.23740366101264954,
-0.3106435298919678,-0.1598317861557007,-0.04472065269947052,0.02591375634074211,-0.05911136046051979,-0.17628411948680878,
-0.37669675350189213,-0.16855736970901491,-0.03454013764858246,0.023516912013292313,-0.0658358484506607,-0.1301448494195938,
-0.4048778533935547,-0.16618080139160157,-0.05041144490242005,-0.005578124430030584,0.0014089744072407484,-0.07728109508752823,
-0.43077187538146977,-0.17771611213684083,-0.0811987340450287,-0.025951305404305458,0.035830333828926086,-0.0005820570513606071,
-0.452352237701416,-0.20381672382354737,-0.04786108434200287,-0.0057778614573180676,0.0020081857219338417,0.04602326452732086,
-0.4495395183563233,-0.2064529895782471,-0.012687839567661285,0.008070576004683971,-0.02475658431649208,0.09049805253744125,
-0.43474864959716797,-0.1899760127067566,-0.0379510760307312,0.01779111474752426,-0.03407764807343483,0.15374812483787537,
-0.43266205787658696,-0.17137359380722048,-0.057295703887939455,0.004741624929010868,-0.021361054852604866,0.21866267919540405,
-0.41596636772155765,-0.14453203678131105,-0.10568625926971437,-0.015165504068136215,-0.013304990716278553,0.26500168442726135,
-0.3066746711730957,-0.09221896529197693,-0.15233026742935182,-0.04099816828966141,-0.05038950964808464,0.2773853838443756,
-0.22791063785552979,-0.09043270349502563,-0.1817208766937256,-0.06176970526576042,-0.0928671807050705,0.29030391573905945,
-0.1617905855178833,-0.08360488414764405,-0.19646995067596437,-0.07621735334396362,-0.10285403579473495,0.29090312123298645,
0.01800265461206436,-0.02299800217151642,-0.19706168174743655,-0.10964003205299377,-0.07955137640237808,0.28191494941711426,
0.13149982690811157,-0.016284218430519106,-0.19582844972610475,-0.12495321035385132,-0.09220138937234879,0.2504230737686157,
0.2541381359100342,-0.018127699196338654,-0.16517049074172974,-0.1176295131444931,-0.13401301205158234,0.18437667191028595,
0.46157069206237794,0.07431890368461609,-0.07916413545608521,-0.13254322111606598,-0.12489169090986252,0.11593342572450638,
0.49668822288513187,0.13323715925216675,-0.09374082088470459,-0.14519323408603668,-0.09300033748149872,0.049953609704971313,
