0.23780601024627687,0.11789604425430299,-0.469549036026001,-0.24709267914295197,0.047519005835056305,0.2636295557022095,
0.3226596593856812,0.11502459049224854,-0.39267802238464355,-0.23637345433235168,-0.2239236831665039,0.1489138901233673,
0.4199058055877686,0.08808743357658387,-0.11820791959762574,-0.1449604481458664,-0.28550928831100464,0.10836725682020187,
0.5127926349639893,0.1331057071685791,-0.05509746670722962,-0.15208439528942108,-0.006343429908156395,0.11282804608345032,
0.5328222274780273,0.13694157600402831,-0.0818007528781891,-0.14635859429836273,0.08007614314556122,0.04611586034297943,
0.548234224319458,0.1460817813873291,0.03309397101402283,-0.09649091958999634,-0.07139114290475845,-0.07778771221637726,
0.5128130912780762,0.15184191465377808,0.11705670356750489,-0.07744930684566498,-0.14675860106945038,-0.14702989161014557,
0.35755486488342286,0.13929854631423952,0.03324747979640961,-0.09735643863677979,-0.07312219589948654,-0.19822916388511658,
0.24905326366424563,0.1045265793800354,0.04531131982803345,-0.08011247217655182,-0.008940011262893677,-0.20788311958312988,
0.13408432006835938,0.0624028742313385,0.10455410480499268,-0.058540865778923035,0.0002478939131833613,-0.20708417892456055,
-0.07374235987663269,0.010038238763809205,0.10927646160125733,-0.049819014966487885,-0.01353396475315094,-0.1947004795074463,
-0.13251078128814697,-0.00045878537930548195,0.092601078748703,-0.04642348363995552,-0.010005275718867779,-0.19256994128227234,
-0.16556146144866946,-0.017108340561389924,0.09233158230781556,-0.042428743094205856,-0.0027481624856591225,-0.1755257099866867,
-0.2796935796737671,-0.05146737098693848,0.123318350315094,-0.030511096119880676,0.00936922151595354,-0.13318145275115967,
-0.32639260292053224,-0.06532255411148072,0.11373132467269897,-0.012934232130646706,0.006439743563532829,-0.08963877707719803,
-0.3601813077926636,-0.08063434362411499,0.1378930687904358,0.025947920978069305,-0.028314510360360146,-0.04536372423171997,
-0.392602014541626,-0.09727807044982911,0.16443239450454714,0.0451892614364624,-0.05627769976854324,0.002440020442008972,
-0.4398110866546631,-0.09440262317657472,0.13836770057678224,0.07028955221176147,-0.04529216140508652,0.07847326993942261,
-0.4224122047424317,-0.08589226007461548,0.14526385068893433,0.08207404613494873,-0.011869489215314388,0.13672992587089539,
-0.41549496650695805,-0.08098312616348267,0.14042994976043702,0.0836719423532486,0.015028438530862331,0.18413420021533966,
-0.3487910270690918,-0.06629109978675843,0.1748853087425232,0.14545728266239166,0.021220287308096886,0.24012716114521027,
-0.271842885017395,-0.04742945432662964,0.17177340984344483,0.12634910643100739,0.07341824471950531,0.2606334984302521,
-0.14648232460021973,-0.018670283257961273,0.07131438851356507,0.08620193600654602,0.12801305949687958,0.25930193066596985,
0.10722565650939941,0.03089066743850708,0.05898467898368836,0.13686858117580414,0.1413288563489914,0.2512458562850952,
0.26726157665252687,0.0683380424976349,0.05587334036827088,0.16143624484539032,0.14039675891399384,0.21249686181545258,
0.437430477142334,0.13180031776428222,-0.021572361886501315,0.12281955033540726,0.150250643491745,0.09498319774866104,
0.7289350509643555,0.2586625099182129,-0.1998254179954529,0.07574818283319473,0.12821298837661743,-0.047429341822862625,
0.7498428821563721,0.28972878456115725,-0.20672397613525392,0.0646960586309433,0.09012977033853531,-0.17153266072273254,
0.7376906871795654,0.2844425201416016,-0.2192025661468506,0.03367023169994354,0.06829185038805008,-0.27213355898857117,
0.45077104568481446,0.15424146652221682,-0.22089166641235353,0.016426265239715576,0.04339129477739334,-0.3379802107810974,
0.256505560874939,0.08333517313003541,-0.16219122409820558,0.023350482806563377,0.028743911534547806,-0.3462360203266144,
0.10995358228683472,0.028822875022888186,-0.12362428903579713,0.0165594220161438,0.04339129477739334,-0.33158862590789795,
-0.06100029349327088,-0.05101020932197571,-0.0971449375152588,0.025214696303009987,0.04212629422545433,-0.3181396722793579,
-0.12775201797485353,-0.07857968211174012,-0.07799843549728394,0.02468206360936165,0.037465762346982956,-0.2975001633167267,
-0.17283719778060913,-0.09308019876480103,-0.08267681002616883,-0.0009508627699688077,0.046786826103925705,-0.275995135307312,
-0.2262568235397339,-0.10553390979766847,-0.11016573905944825,-0.012935088016092777,0.026147328317165375,-0.2526259124279022,
-0.260908317565918,-0.12427523136138917,-0.06843019127845765,0.0003807177417911589,-0.012202192097902298,-0.22259877622127533,
-0.2942898988723755,-0.13008307218551637,-0.05550106763839722,-0.008807187899947166,-0.03290827199816704,-0.1803876757621765,
-0.3443516731262207,-0.134789776802063,-0.07966172099113465,-0.022455887869000435,-0.03437301144003868,-0.14210473001003265,
-0.3671320199966431,-0.14395081996917725,-0.07142207622528077,-0.0333748497068882,-0.04123064875602722,-0.09383492171764374,
-0.3945256471633911,-0.16379741430282593,-0.04834443032741547,-0.015731405466794968,-0.07671727240085602,-0.03171669319272041,
-0.44416270256042484,-0.17482351064682009,0.001815122552216053,0.010767046362161636,-0.11786311119794846,0.018949948251247406,
-0.4977427482604981,-0.1911012887954712,0.058719885349273686,0.05783841758966446,-0.13390864431858063,0.10423768311738968,
-0.47487730979919435,-0.195320463180542,0.04436444640159607,0.06962291151285172,-0.05807514488697052,0.1740790754556656,
-0.4369072914123535,-0.19381593465805055,-0.011686933785676958,0.052311964333057404,0.03859769552946091,0.2468492090702057,
-0.41909265518188477,-0.15799808502197266,-0.05319226980209351,0.0787438452243805,0.04272559657692909,0.31389427185058594,
-0.41464028358459476,-0.11410306692123413,-0.015967643260955813,0.10577492415904999,0.01616056263446808,0.3943883180618286,
-0.3304230928421021,-0.0894224226474762,-0.10256540775299072,0.06482882797718048,0.07315221428871155,0.4329375922679901,
-0.2509762763977051,-0.05486530065536499,-0.19670406579971314,0.00856954324990511,0.15131600201129913,0.45837077498435974,
0.0007593068759888411,-0.004344562068581581,-0.3639591217041016,-0.13291089236736298,0.18320734798908234,0.4257470369338989,
0.16751451492309571,-0.004213568195700646,-0.36960406303405763,-0.14942248165607452,0.02687978558242321,0.3613651394844055,
