-0.03535177111625672,-0.18104209899902346,-0.059769833087921144,-0.4292600452899933,-0.23624247312545776,0.3319706618785858,
0.014270696043968202,-0.15227901935577393,-0.07191129326820374,-0.40023157000541687,-0.18337872624397278,0.38090625405311584,
0.03333463370800018,-0.15146334171295167,0.048778384923934937,-0.2452355921268463,-0.19756005704402924,0.3817051947116852,
0.0895931363105774,-0.08030155897140503,0.19048500061035156,-0.23385058343410492,-0.2785201668739319,0.3235151171684265,
0.2842297077178955,0.1492786169052124,0.018165430426597597,-0.2277253121137619,-0.37106502056121826,0.34655147790908813,
0.36010723114013676,0.21216764450073244,0.12896652221679689,-0.20648659765720367,-0.24203485250473022,0.22730843722820282,
0.5489628314971924,0.2576008796691895,0.23917806148529053,-0.28152117133140564,-0.002150613581761718,0.06165981665253639,
0.8113056182861329,0.2913020849227905,0.21968727111816408,-0.2929061949253082,0.07181868702173233,0.011525805108249187,
0.5044683933258057,0.29237334728240966,0.4060518741607666,-0.10082568228244781,-0.02205774374306202,-0.043268732726573944,
0.38991158008575444,0.2415471076965332,0.5036628246307373,0.08013611286878586,-0.10907653719186783,-0.0965319573879242,
0.2895117521286011,0.19348113536834718,0.47853684425354004,0.16116279363632202,-0.10448258370161057,-0.13295067846775055,
0.13358144760131838,0.12134848833084107,0.20319337844848634,0.1670217514038086,-0.06946200877428055,-0.14120648801326752,
0.0546406626701355,0.08864237666130066,0.0985300898551941,0.14265382289886475,-0.030380122363567352,-0.1278906762599945,
-0.007585860788822174,0.05348652005195618,0.03861452639102936,0.13552986085414886,-0.002150613581761718,-0.1386764794588089,
-0.09586724042892457,0.009739416837692262,0.02049834579229355,0.12321507930755615,0.008501429110765457,-0.1500573754310608,
-0.14501938819885254,-0.013106921315193178,-0.006478247046470643,0.11575822532176971,0.003175106830894947,-0.14020368456840515,
-0.19545059204101564,-0.026928678154945374,-0.01584615111351013,0.10230926424264908,-0.007078063674271107,-0.11130838096141815,
-0.2335503101348877,-0.03949949443340302,-0.043598055839538574,0.08712924271821976,-0.011738595552742481,-0.08520940691232681,
-0.2629812240600586,-0.04427342116832733,-0.07414163947105408,0.06855369359254837,-0.012670701369643211,-0.04679330810904503,
-0.2547437906265259,-0.03338729739189148,-0.06841920018196106,0.04984498769044876,-0.00787701178342104,-0.042798567563295364,
-0.22473781108856203,-0.02477103024721146,-0.07029967308044434,0.02154890075325966,-0.006944905500859022,-0.023224331438541412,
-0.22055399417877197,-0.009310706704854966,-0.08695118427276612,0.0032396677415817976,-0.02698519453406334,0.014193081296980381,
-0.19440375566482546,0.0015744244679808618,-0.050584894418716435,0.005170459393411875,-0.027983879670500755,0.01698940247297287,
-0.15197465419769288,0.0122096948325634,-0.0202519103884697,-0.01560219656676054,-0.0022177945356816053,0.018387559801340103,
-0.13283843994140626,0.020912793278694154,-0.038932967185974124,-0.027386685833334923,0.007635901682078838,0.04009232297539711,
-0.13767623901367188,0.029180738329887393,-0.022774234414100647,-0.020728783681988716,-0.0001538446667836979,0.06392762064933777,
-0.11238760948181153,0.029896992444992068,-0.00659162998199463,-0.0026192867662757635,-0.0041485861875116825,0.0629289299249649,
-0.08907259702682496,0.0406175434589386,0.010208757966756821,-0.002486128592863679,-0.004015428479760885,0.06332840770483017,
-0.09297523498535157,0.04935312569141388,-0.029638269543647768,-0.015469038859009743,-0.01626596972346306,0.07005289196968079,
-0.10672848224639893,0.05083968043327332,-0.03736204206943512,-0.028918003663420677,-0.018995709717273712,0.07284920662641525,
-0.11225624084472657,0.04624314904212952,-0.037629741430282596,-0.051821187138557434,0.0005785246612504125,0.08017290383577347,
-0.14127507209777831,0.025139722228050235,-0.05815553069114685,-0.07532358169555664,0.034067776054143906,0.10494030267000198,
-0.16208907365798952,0.01842129081487656,-0.0525210440158844,-0.06686804443597794,0.0268106609582901,0.10573925077915192,
-0.14567575454711915,0.019227103888988496,-0.017314934730529787,-0.0692000538110733,-0.006278663873672485,0.10826615989208221,
-0.12804193496704103,0.015588136017322542,-0.007168213278055191,-0.07925348728895187,-0.01972762681543827,0.12104933708906174,
-0.133422589302063,0.01416856348514557,0.006166966259479523,-0.0361102856695652,0.013961360789835453,0.10600247234106064,
-0.08238351941108704,0.015559777617454529,0.057571697235107425,-0.019265789538621902,0.040126919746398926,0.10966432094573975,
-0.08695250749588013,0.02825165092945099,0.06323088407516479,-0.09157060831785202,0.06322984397411346,0.13609619438648224,
-0.08505260944366455,0.058142763376235966,-0.07537928819656373,-0.12259643524885178,0.08140591531991959,0.16405940055847168,
-0.0022880062460899353,0.08855534791946412,0.011496424674987793,-0.0836477056145668,0.04918166622519493,0.12078302353620529,
0.12826157808303834,0.1201870083808899,0.13868823051452636,-0.11800248175859451,0.007236878853291273,0.06685400754213333,
0.456223726272583,0.24845800399780274,0.21499552726745608,-0.060145314782857895,0.014826888218522072,-0.061976414173841476,
0.6889835834503174,0.272628116607666,0.48018903732299806,0.24225662648677826,0.24079611897468567,-0.20072710514068604,
0.8068380355834961,0.2804017305374146,0.7414499282836915,0.30910199880599976,0.2939261794090271,-0.23148661851882935,
0.601384162902832,0.25776841640472414,0.34264273643493653,0.30484092235565186,0.2772148549556732,-0.34147515892982483,
0.5852884292602539,0.22094144821166994,0.2175670623779297,0.4153621196746826,0.2060418576002121,-0.40599024295806885,
0.49424066543579104,0.15073704719543457,0.2673590421676636,0.4924606382846832,0.17261919379234314,-0.4671763777732849,
0.36862266063690186,-0.0599763035774231,0.09202495217323303,0.4740848243236542,0.21496345102787018,-0.5264317393302917,
0.2911639451980591,-0.1633430600166321,-0.05673657059669495,0.42708003520965576,0.22368529438972473,-0.5147804021835327,
0.1452307343482971,-0.23781342506408693,-0.14465460777282715,0.43233975768089294,0.174217090010643,-0.48062533140182495,
-0.043450385332107544,-0.34808218479156494,-0.1570707440376282,0.39385709166526794,0.08466828614473343,-0.4447392523288727,
-0.08010157942771912,-0.37369952201843265,-0.1981118440628052,0.31695830821990967,0.042590342462062836,-0.39107653498649597,
-0.13782614469528198,-0.37508480548858647,-0.24834420680999758,0.26835665106773376,0.043788500130176544,-0.32569414377212524,
-0.20285413265228272,-0.3598246812820435,-0.22122833728790284,0.23093922436237335,0.04125849902629852,-0.2512587904930115,
-0.20552895069122315,-0.3386593341827393,-0.20550334453582764,0.18979337811470032,0.03100532852113247,-0.1966639757156372,
-0.18944029808044435,-0.31700024604797367,-0.21082928180694582,0.1638941466808319,0.01003293413668871,-0.1515234112739563,
-0.1888723373413086,-0.2899268388748169,-0.1810324788093567,0.12174960970878601,-0.003083133837208152,-0.10738150775432587,
-0.21660652160644533,-0.2473902702331543,-0.20185911655426025,0.06276059150695801,0.003574769012629986,-0.029683783650398254,
-0.2111910581588745,-0.2382593631744385,-0.18787047863006592,0.04325293377041817,-0.007810244802385569,0.006135732866823673,
-0.19474877119064332,-0.22398624420166016,-0.161030113697052,0.028871865943074226,-0.023656053468585014,0.02005074918270111,
-0.14451580047607424,-0.20494439601898196,-0.15854912996292114,-0.03850611299276352,-0.04083344340324402,0.05840027332305908,
-0.159982705116272,-0.19118804931640626,-0.1911070704460144,-0.08198221772909164,-0.041765548288822174,0.09228899329900742,
-0.17026615142822266,-0.1765492558479309,-0.19248274564743043,-0.11380699276924133,-0.03457501530647278,0.10926664620637894,
-0.1113095760345459,-0.17347233295440675,-0.15736552476882937,-0.12732252478599548,-0.02844974398612976,0.1096661239862442,
-0.08718430399894715,-0.18086681365966797,-0.1433475136756897,-0.173195481300354,-0.03357632830739021,0.13456666469573975,
-0.12800415754318237,-0.18635529279708862,-0.1796075701713562,-0.25821688771247864,-0.05228503793478012,0.19069281220436096,
-0.19675123691558838,-0.18476622104644777,-0.2169104814529419,-0.29503509402275085,-0.05767793580889702,0.21526047587394714,
-0.13362300395965576,-0.21257283687591555,-0.15529407262802125,-0.3080845773220062,-0.07565426826477051,0.2161925733089447,
-0.11162103414535524,-0.2281139612197876,-0.11981111764907837,-0.33844462037086487,-0.13271251320838928,0.2506139278411865,
-0.1358896851539612,-0.2144871950149536,-0.060324263572692875,-0.3192698657512665,-0.18650835752487183,0.3136642575263977,
-0.08724786639213562,-0.20110743045806886,-0.08123757243156433,-0.34423699975013733,-0.17585571110248566,0.33863139152526855,
-0.045519256591796876,-0.1892430067062378,-0.101712167263031,-0.3858470916748047,-0.1995583176612854,0.364999920129776,
