0.4503109931945801,-0.043724206089973454,-0.2299915075302124,-0.1589442789554596,0.008504197001457214,0.21402379870414734,
0.4762413501739502,0.047575685381889346,-0.15413573980331421,-0.14070162177085876,0.08207402378320694,0.16974873840808868,
0.3801391124725342,0.21905353069305422,-0.051706242561340335,-0.13324476778507233,0.023484479635953903,0.11495420336723328,
0.3427090406417847,0.253777289390564,-0.053989315032958986,-0.1384379267692566,-0.08743618428707123,0.06901468336582184,
0.33214495182037357,0.2442106008529663,-0.0720705509185791,-0.14462977647781372,-0.10081856697797775,0.04617806896567345,
0.3605353355407715,0.24723026752471924,-0.04736468195915222,-0.11779844015836716,-0.065598264336586,0.017349351197481155,
0.3675566196441651,0.1802338719367981,-0.020484383404254916,-0.10368368774652481,-0.03983217850327492,-0.03611360862851143,
0.3553596258163452,0.13340960741043092,-0.023660175502300262,-0.11060790717601776,-0.10035251080989838,-0.1039576381444931,
0.3190295696258545,0.09187574386596681,-0.003980788588523865,-0.11733239144086838,-0.14782336354255676,-0.16401192545890808,
0.07557743191719056,0.02517445981502533,0.05825278759002686,-0.10574764013290405,-0.11020620912313461,-0.15522348880767822,
-0.03284755349159241,0.008341671526432037,0.08957257866859436,-0.08430919051170349,-0.07791537791490555,-0.12812583148479462,
-0.0939472496509552,-0.005253106355667114,0.12238819599151612,-0.061339423060417175,-0.07711642980575562,-0.1148100197315216,
-0.13494336605072021,-0.02315904051065445,0.1519904971122742,-0.04649230092763901,-0.09336171299219131,-0.11514291167259216,
-0.1878462076187134,-0.0567920982837677,0.1475783109664917,-0.048889145255088806,-0.08770249783992767,-0.09783236682415009,
-0.2291341543197632,-0.0776325285434723,0.15431497097015381,-0.037504132837057114,-0.05547824874520302,-0.058484163135290146,
-0.2634429693222046,-0.09710410237312317,0.21268901824951172,0.00903460942208767,-0.02485189586877823,-0.02366333082318306,
-0.266599702835083,-0.09656441807746888,0.212562894821167,0.029940422624349594,-0.002148447325453162,-0.0059533086605370045,
-0.29686439037323,-0.09436919689178468,0.195223069190979,0.040060434490442276,0.005441561806946993,0.023141726851463318,
-0.32472827434539797,-0.09730185866355896,0.20000803470611572,0.06436178088188171,0.002978137694299221,0.05463360622525215,
-0.3318291425704956,-0.09369608759880066,0.17209240198135378,0.0945228710770607,0.023417720571160316,0.11096101254224777,
-0.3030962705612183,-0.0567825198173523,0.11411155462265016,0.06715889275074005,0.07734673470258713,0.14285236597061157,
-0.23537697792053225,-0.031278091669082644,0.07302773594856263,0.05251150205731392,0.10983730107545853,0.15883132815361023,
-0.03410059213638306,0.02152879685163498,0.15452383756637575,0.0951220840215683,0.07641462981700897,0.1545037031173706,
0.10975495576858521,0.056049811840057376,0.18397297859191897,0.12075500935316086,0.0741509422659874,0.1400560438632965,
0.20624427795410158,0.08789947032928468,0.11752996444702149,0.1228189542889595,0.11070282757282257,0.12993603944778442,
0.42575955390930176,0.16951183080673218,0.09473232030868531,0.14945057034492493,0.1277470588684082,0.05982831493020058,
0.4808804988861084,0.18006144762039186,0.01582978814840317,0.15757322311401367,0.08340542763471603,-0.022729679942131042,
0.5233467102050782,0.20583145618438722,-0.012296359986066818,0.16702744364738464,0.03180667757987976,-0.10894951969385147,
0.49012103080749514,0.1920169234275818,-0.208888578414917,0.12241948395967484,0.0543103888630867,-0.17879092693328857,
0.44329442977905276,0.15041104555130005,-0.2657791614532471,0.08979576081037521,0.08899806439876556,-0.22932440042495728,
0.36823778152465825,0.10613428354263306,-0.24045326709747317,0.07328416407108307,0.08966385573148727,-0.2661426067352295,
0.26938529014587403,0.06622617244720459,-0.23590724468231203,0.05251150205731392,0.07361830770969391,-0.2861163020133972,
0.1437842607498169,-0.027278491854667665,-0.18490440845489503,0.027943842113018036,0.020288506522774696,-0.3209371566772461,
0.06801971793174744,-0.0813234031200409,-0.16644849777221682,0.011432244442403316,0.008370861411094666,-0.31760820746421814,
-0.024567227065563205,-0.10585825443267823,-0.12085242271423341,0.0071046072989702225,0.033471155911684036,-0.29663580656051636,
-0.19400869607925417,-0.12690327167510987,-0.07265315055847169,0.009701189585030079,0.07981015741825104,-0.25076285004615784,
-0.2709645986557007,-0.1350439190864563,-0.052041763067245485,0.02002093754708767,0.07195383310317993,-0.21367833018302917,
-0.3133841991424561,-0.15315752029418947,-0.041716381907463074,0.018489619717001915,-0.0011499397223815322,-0.1904422491788864,
-0.3604758739471436,-0.16886518001556397,-0.030654302239418032,0.014360536821186543,-0.05501210689544678,-0.1564226746559143,
-0.4444957256317139,-0.19692376852035523,-0.0108999602496624,0.030272923409938812,-0.04256182909011841,-0.07652784883975983,
-0.4839397430419922,-0.19914923906326296,-0.010547032952308655,0.0446539930999279,0.011167447082698345,0.014285944402217865,
-0.5171756744384766,-0.19630340337753296,-0.01778125762939453,0.04878189414739609,0.040928274393081665,0.05942652374505997,
-0.49963831901550293,-0.18954674005508423,-0.040898638963699344,0.032403454184532166,0.026613781228661537,0.1216113343834877,
-0.5234546184539796,-0.20849318504333497,-0.02169855833053589,0.05623874440789223,-0.04269498586654663,0.17680534720420837,
-0.5145219326019287,-0.20845789909362794,0.009280122071504594,0.06882218271493912,-0.049153152853250504,0.22054776549339294,
-0.44312167167663574,-0.18536601066589356,-0.10967949628829957,0.0238813366740942,0.02734615094959736,0.2654220461845398,
-0.4046250343322754,-0.18431198596954346,-0.12252219915390015,0.012030270881950855,0.057772766798734665,0.30903130769729614,
-0.38347716331481935,-0.18821638822555542,-0.10820289850234986,0.03067239746451378,0.004642702639102936,0.36968478560447693,
-0.11094326972961427,-0.14101126194000244,-0.2762068271636963,-0.029048990458250046,-0.028447074815630913,0.38719508051872253,
0.06160305142402649,-0.14108080863952638,-0.361699390411377,-0.0919661745429039,-0.005677047185599804,0.3984469175338745,
0.2937814712524414,-0.11839051246643068,-0.33153169155120854,-0.10248565673828125,-0.019325748085975647,0.3363286852836609,
0.6098722934722901,0.0642559826374054,-0.2654515504837036,-0.1521536111831665,-0.03936603292822838,0.21475538611412048,
0.6359055995941163,0.13617089986801148,-0.24968693256378174,-0.1865083873271942,-0.053014736622571945,0.12467397004365921,
0.5772738456726074,0.16893907785415652,-0.1590095400810242,-0.16307257115840912,-0.05654342472553253,0.06668364256620407,
0.540793514251709,0.21121585369110107,-0.09734029173851014,-0.17838574945926666,-0.03870024532079697,-0.0063535538502037525,
0.5153907299041748,0.21337873935699464,-0.09145194292068481,-0.19409839808940887,-0.09269583970308304,-0.09297286719083786,
0.46503486633300783,0.19492942094802856,-0.0465302586555481,-0.20162183046340942,-0.10714348405599594,-0.14284056425094604,
