2.0888532638549804,0.26601614952087405,-0.04947235584259033,-0.6682440638542175,0.25896933674812317,0.2927643656730652,
2.606415367126465,0.4125117301940918,0.9071650505065918,-0.041801996529102325,0.31243228912353516,-0.07741501182317734,
0.8597692489624024,0.3887439489364624,1.4507156372070313,0.6383693814277649,-0.170598566532135,-0.28154629468917847,
0.3100379705429077,0.12640035152435303,0.1034550189971924,0.3392963409423828,-0.023725222796201706,-0.23753757774829865,
-0.0934859335422516,-0.02699251770973206,-0.4312923908233643,0.16392721235752106,0.11222915351390839,-0.11842769384384155,
-0.3716643571853638,-0.22856433391571046,0.05739685893058777,0.2014777809381485,0.06608989089727402,-0.05870630219578743,
-0.38038311004638675,-0.2617494106292725,0.05915898680686951,0.22458070516586304,-0.061209216713905334,-0.07588369399309158,
-0.407259464263916,-0.23264219760894778,-0.05782578587532044,0.13716243207454681,-0.1037532165646553,-0.05684208869934082,
-0.46797914505004884,-0.14671530723571777,-0.09089771509170533,0.05194127559661865,-0.09083688259124756,0.01073562353849411,
-0.3655276298522949,-0.10313422679901124,0.008082515746355058,0.055137068033218384,-0.06666869670152664,0.02817932888865471,
-0.2813871383666992,-0.06470197439193726,0.061661320924758914,0.06718787550926208,-0.05288683623075485,0.025449588894844055,
-0.21374878883361817,-0.04887561500072479,0.04969334900379181,0.058466020971536636,-0.04323287680745125,0.03157486021518707,
-0.1281021475791931,0.0018317759037017824,0.0045368682593107225,0.029637301340699196,-0.01953074336051941,0.03683460131287575,
-0.10675175189971925,0.015966840088367462,-0.014996221661567688,-0.01230748649686575,0.00923139601945877,0.0353698655962944,
-0.1085783839225769,0.018457452952861785,-0.020978431403636935,-0.036875151097774506,0.03280037268996239,0.0353698655962944,
-0.1088720440864563,0.025361964106559755,0.03945778608322144,-0.03148079290986061,0.018086031079292297,0.025718476623296738,
-0.1304193377494812,0.032717627286911015,0.05196750760078431,-0.03700685128569603,0.012093917466700077,0.04129796847701073,
-0.13874796628952027,0.02985903322696686,0.03427870571613312,-0.04812555015087128,0.017287082970142365,0.0604061484336853,
-0.12718111276626587,0.02824845314025879,0.04363470673561096,-0.044197384268045425,0.011294969357550144,0.07105879485607147,
-0.05522264838218689,0.01710943430662155,0.062429416179656985,-0.03780579939484596,0.02081577107310295,0.06393484026193619,
-0.0683932900428772,0.01231466755270958,0.01706313043832779,-0.06297267228364944,0.005702331196516752,0.06886168569326401,
-0.09151044487953186,-0.017076492309570312,0.039221680164337164,-0.08840586245059967,-0.024591125547885895,0.08197775483131409,
-0.05370872020721436,-0.025501561164855958,0.11570173501968384,-0.057912666350603104,-0.019531119614839554,0.07492037862539291,
-0.07102435231208802,-0.012861160933971405,0.14954980611801147,-0.01570156216621399,-0.0046174181625247,0.0628029927611351,
-0.09905487895011902,-0.012584373354911804,0.11265486478805542,-0.00950971245765686,0.003571802517399192,0.03830191120505333,
-0.2108484745025635,-0.023649254441261293,-0.009487561881542206,-0.030348947271704674,0.017952874302864075,0.013534513302147388,
-0.28971927165985106,-0.04371107518672943,-0.06620976328849792,-0.0693642646074295,0.06695503741502762,0.030312430113554,
-0.33769228458404543,-0.06555373668670654,-0.1126686453819275,-0.09612902998924255,0.12607720494270325,0.027382951229810715,
-0.19549180269241334,-0.08285958170890809,-0.09070277810096741,-0.08534322679042816,0.10650297999382019,-0.0473187193274498,
0.04023939371109009,0.03794510364532471,-0.04289623498916626,-0.23860815167427063,-0.11354070901870728,0.017595835030078888,
0.4606930732727051,0.328257966041565,0.09246651530265809,-0.32655903697013855,0.16808858513832092,-0.10550878942012787,
2.006008529663086,0.8377565383911133,1.1990326881408693,0.10693700611591339,0.6137685775756836,-0.5449303984642029,
1.2343340873718263,0.6885128974914552,1.3673354148864747,0.5807133913040161,0.170418843626976,-0.6402715444564819,
0.7238625049591065,0.4151225566864014,0.8257209777832032,0.6330444812774658,0.09957876056432724,-0.7329495549201965,
0.6463873863220215,0.06988835334777832,0.1878833055496216,0.5403647422790527,0.21402855217456818,-0.7681064009666443,
0.07248824238777161,-0.48761835098266604,-0.24153752326965333,0.3736508786678314,0.21769040822982788,-0.6473320126533508,
-0.05894192457199097,-0.6463608264923096,-0.2321429491043091,0.27518048882484436,0.18673115968704224,-0.5497937202453613,
-0.12718323469161988,-0.7189197063446046,-0.2042571544647217,0.21918749809265137,0.13306845724582672,-0.4497254490852356,
-0.3234527826309204,-0.6216745853424073,-0.06995852589607239,0.21499302983283997,0.02114911749958992,-0.3089108169078827,
-0.2875715494155884,-0.5704425811767578,-0.04108473062515259,0.21712355315685272,-0.013804872520267963,-0.26290470361709595,
-0.26446664333343506,-0.5176146984100342,-0.04185121953487397,0.18709641695022583,-0.03151489421725273,-0.20231777429580688,
-0.3175407886505127,-0.42824668884277345,-0.0631862998008728,0.16246217489242554,-0.04123543202877045,-0.1199595257639885,
-0.20309879779815676,-0.2659190654754639,-0.03304400146007538,0.1309702843427658,-0.04889202117919922,-0.0892665907740593,
-0.12777880430221558,-0.22249741554260255,-0.047447276115417485,0.09754762053489685,-0.026255151256918907,-0.06782814860343933,
-0.1876452445983887,-0.17294163703918458,-0.0706701934337616,0.04095544293522835,0.000176723362528719,0.015528799965977669,
-0.255033278465271,-0.12918543815612793,-0.08315237760543824,0.0048696123994886875,0.015023847110569477,0.05820595473051071,
-0.1320567846298218,-0.09807287454605103,-0.04808691442012787,-0.01763409934937954,-0.007679601665586233,0.0545441135764122,
-0.08183603882789613,-0.08767422437667848,-0.03167366981506348,-0.009111984632909298,-0.016268296167254448,0.04775305092334747,
-0.1004724383354187,-0.07076451778411866,-0.019094063341617586,-0.022294631227850914,-0.012073817662894726,0.0713886022567749,
-0.14004329442977906,-0.06103510260581971,-0.05576596260070801,-0.04859334975481033,-0.01573566533625126,0.08723441511392593,
-0.08687417507171631,-0.07320188283920288,-0.05887316465377808,-0.11031211167573929,-0.0012880152789875865,0.09043020755052567,
-0.09291414618492128,-0.10341761112213135,-0.05757314562797547,-0.1422034651041031,0.014757530763745308,0.11033733934164047,
-0.2081317901611328,-0.17925080060958865,-0.001426974218338728,-0.13454687595367432,-0.012273554690182209,0.16965925693511963,
-0.2379192352294922,-0.2147594690322876,-0.018342848122119903,-0.13641144335269928,-0.0289847981184721,0.19722232222557068,
-0.23068172931671144,-0.22982819080352784,-0.04865633249282837,-0.16870227456092834,-0.05262035131454468,0.2642008364200592,
-0.1953134536743164,-0.2321803092956543,-0.0646521806716919,-0.19273729622364044,-0.04343244805932045,0.3079432547092438,
-0.19707292318344116,-0.26178343296051027,-0.055659872293472294,-0.2166391760110855,-0.040569547563791275,0.3759870231151581,
-0.20550808906555176,-0.3070695877075196,-0.07469761967658997,-0.24074077606201172,-0.06094273179769516,0.40581443905830383,
-0.1985482931137085,-0.3627018451690674,-0.11107810735702515,-0.2850824296474457,-0.09929224848747253,0.4308481514453888,
-0.22270569801330567,-0.4364395618438721,-0.18302006721496583,-0.36431148648262024,-0.1556181013584137,0.5745256543159485,
-0.31070733070373535,-0.4530687808990479,-0.15411453247070314,-0.3689720034599304,-0.2791222035884857,0.7641427516937256,
0.12019890546798706,-0.1664677858352661,-0.0021619213744997977,-0.3784928023815155,-0.3397091329097748,0.8906428813934326,
1.2077049255371095,0.14345716238021852,0.19820971488952638,-0.4361502528190613,-0.03457743674516678,0.4434981644153595,
