0.49930944442749026,0.06493282914161683,-0.14521151781082153,-0.1344068944454193,0.06226183474063873,0.14289896190166473,
0.5116240501403809,0.07536965012550355,-0.055500310659408573,-0.12668372690677643,-0.02036273665726185,0.04809042438864708,
0.479327392578125,0.10050020217895508,0.054626214504241946,-0.11736267060041428,-0.0890057161450386,-0.04558626562356949,
0.4012445449829102,0.09132614731788635,0.07043703794479371,-0.10870739072561264,-0.018897999078035355,-0.08034051954746246,
0.3283758878707886,0.09993042945861817,0.10731624364852906,-0.09179632365703583,0.03596311807632446,-0.10144606977701187,
0.2528972148895264,0.07763956785202027,0.12662478685379028,-0.0747520923614502,0.008066507056355476,-0.12554767727851868,
0.12019435167312623,0.04013338387012482,0.14309651851654054,-0.06409944593906403,-0.03501012548804283,-0.17122089862823486,
0.04859946072101593,0.005953731015324593,0.1193457841873169,-0.07202234864234924,-0.02981695905327797,-0.1786777377128601,
-0.04099664092063904,-0.019784124195575715,0.15125771760940554,-0.04539073631167412,-0.012173517607152462,-0.16323141753673553,
-0.10903058052062989,-0.0396892786026001,0.19241756200790405,-0.02049018070101738,0.004537818022072315,-0.1388634890317917,
-0.22210609912872314,-0.07113659381866455,0.17760787010192872,0.006208009086549282,0.014125198125839233,-0.09105974435806274,
-0.2523160457611084,-0.0694436252117157,0.17487108707427979,0.005209323950111866,0.016655202955007553,-0.06808997690677643,
-0.28300182819366454,-0.07288860678672791,0.15013597011566163,0.004542019683867693,0.0018084190087392926,-0.044191062450408936,
-0.36564388275146487,-0.07475674748420716,0.1763137221336365,0.020587565377354622,-0.022759241983294487,0.008273210376501083,
-0.3760471820831299,-0.08045647740364076,0.16777575016021729,0.02538125589489937,0.011395798996090889,0.07631697505712509,
-0.3610724210739136,-0.08172317147254944,0.1634496331214905,0.03237205371260643,0.05886664614081383,0.11985965818166733,
-0.2697429895401001,-0.07346428036689759,0.18571827411651612,0.047152601182460785,0.07424639910459518,0.15734365582466125,
-0.22718794345855714,-0.06368289589881897,0.19014329910278321,0.0658613070845604,0.01705501787364483,0.17551973462104797,
-0.15845994949340822,-0.05156413316726685,0.19336799383163453,0.08923054486513138,-0.04439742490649223,0.16460077464580536,
-0.05501852631568909,-0.010821643471717836,0.1518940567970276,0.07478289306163788,-0.029084250330924988,0.15421444177627563,
0.14731872081756592,0.02472769618034363,0.03164467513561249,0.05560813471674919,0.06166296824812889,0.16333577036857605,
0.3163656711578369,0.008732622116804123,0.06476640701293945,0.09482318162918091,0.09768221527338028,0.13370810449123383,
0.4373955249786377,0.009887435287237168,0.09068421125411988,0.13343901932239532,0.06931955367326736,0.06346722692251205,
0.5983096599578858,0.08180266618728638,0.0018249569460749627,0.1520145684480667,0.05107690021395683,-0.05890502780675888,
0.5601269245147705,0.11106456518173219,-0.062184768915176394,0.15281352400779724,0.09934668987989426,-0.11203509569168091,
0.5107155323028565,0.1157094955444336,-0.157855224609375,0.1236519068479538,0.13103832304477692,-0.15970566868782043,
0.4379734039306641,0.0941828191280365,-0.2263258218765259,0.06339788436889648,0.12218330055475235,-0.247323676943779,
0.3441050052642822,0.06577761769294739,-0.20593156814575198,0.039096537977457047,0.10434012115001678,-0.3003871738910675,
0.22237915992736818,0.0050564993172883994,-0.17451637983322144,0.033903371542692184,0.09641721844673157,-0.3200945556163788,
0.10151963233947754,-0.041256511211395265,-0.13199563026428224,0.044023383408784866,0.08629720658063889,-0.3214927315711975,
-0.12333502769470216,-0.10383188724517822,-0.08672890663146973,0.045155227184295654,0.07211586833000183,-0.2888024151325226,
-0.19554686546325684,-0.10423307418823242,-0.08912590742111207,0.025048360228538513,0.06758849322795868,-0.2619045078754425,
-0.27503499984741214,-0.1051066279411316,-0.11089746952056885,0.003411427140235901,0.05600346624851227,-0.22854594886302948,
-0.3626764535903931,-0.12126507759094239,-0.011265071481466294,0.023718031123280525,0.016854997724294662,-0.18480351567268372,
-0.4068648338317871,-0.14809176921844483,-0.007978346198797226,0.03217356652021408,-0.022892683744430542,-0.12315134704113007,
-0.423539400100708,-0.15635083913803102,-0.008601226657629014,0.03197382763028145,-0.019963204860687256,-0.07361654937267303,
-0.4400632381439209,-0.17385882139205933,-0.018057499825954438,0.01526249386370182,0.003938666544854641,-0.013828583061695099,
-0.4556149959564209,-0.1898890018463135,-0.011814337968826295,0.0283785630017519,-0.003851079847663641,0.04442806541919708,
-0.4592916965484619,-0.18006443977355957,0.005698978900909424,0.03896462544798851,-0.007180031388998032,0.10028786957263947,
-0.4455322265625,-0.1552341938018799,-0.02972245812416077,0.03204040601849556,-0.002985552418977022,0.13524186611175537,
-0.41915268898010255,-0.11880933046340943,-0.0628476619720459,0.02771277353167534,-0.004650028422474861,0.20308589935302734,
-0.3979745149612427,-0.10205357074737549,-0.0821435570716858,0.013731176033616066,-0.005648713558912277,0.2474275380373001,
-0.3552879333496094,-0.07855235934257508,-0.11106637716293336,-0.01669543981552124,-0.018498467281460762,0.2700643837451935,
-0.21949021816253664,-0.058205389976501466,-0.14032182693481446,-0.03127624839544296,-0.06983089447021484,0.28850677609443665,
-0.1268697500228882,-0.05238121747970581,-0.15034017562866211,-0.030011244118213654,-0.1147051602602005,0.29882651567459106,
-0.016282676160335543,-0.03395461142063141,-0.1592955827713013,-0.03660257160663605,-0.0870082825422287,0.28238150477409363,
0.10220714807510377,-0.013021132349967957,-0.1779602646827698,-0.08660341799259186,-0.03960401937365532,0.2862430810928345,
0.27734191417694093,0.003225890174508095,-0.18772151470184328,-0.1296134740114212,-0.1250249147415161,0.20375168323516846,
