1.480361843109131,-0.2416799306869507,-0.20649421215057373,-0.12614960968494415,-0.07415991276502609,0.294901579618454,
1.8398433685302735,-0.09914758801460266,-0.23901112079620362,-0.10071641951799393,0.0013407109072431922,0.08937212824821472,
1.867706871032715,0.13642200231552123,0.031135228276252747,-0.026613961905241013,0.020182576030492783,-0.10250863432884216,
1.7055074691772463,0.12517677545547487,0.06336373686790467,0.01519766729325056,-0.06370700150728226,-0.25157907605171204,
1.4501651763916017,0.07003410458564759,0.03649446368217468,-0.015428685583174229,-0.08880729228258133,-0.35044893622398376,
1.2145668983459474,0.011105263978242874,-0.05967521667480469,-0.07275322824716568,-0.08008544147014618,-0.3669605553150177,
0.7818950653076172,-0.13337087631225586,-0.1087159276008606,-0.11030379682779312,-0.03487828001379967,-0.3391305208206177,
0.6424439907073975,-0.20530827045440675,-0.0616647481918335,-0.07774665206670761,-0.04320065677165985,-0.30410993099212646,
0.5112100601196289,-0.24817848205566406,0.01632669419050217,-0.03886450454592705,-0.06750200688838959,-0.25477486848831177,
0.3457161903381348,-0.2752770185470581,0.03274020552635193,-0.030009491369128227,-0.06324094533920288,-0.179141104221344,
0.29718706607818607,-0.26508049964904784,0.03318963050842285,-0.024416852742433548,-0.032880909740924835,-0.12274865806102753,
0.3083987712860108,-0.27278010845184325,0.036994165182113646,-0.008970520459115505,-0.014505097642540932,-0.06316043436527252,
0.29007644653320314,-0.2951117515563965,0.0332516223192215,0.016995301470160484,-0.011509042233228683,0.009610448032617569,
0.22565042972564697,-0.3138686895370484,0.06592610478401184,0.02352004684507847,-0.0023877148050814867,0.08511106669902802,
0.22449750900268556,-0.3443786144256592,0.0511591374874115,0.02618320845067501,0.008264929987490177,0.15967957675457,
0.20599741935729982,-0.3725404977798462,0.05111613869667053,0.08796854317188263,0.004270188510417938,0.2522244155406952,
0.18813164234161378,-0.38677656650543213,0.11664121150970459,0.12212207913398743,0.034163862466812134,0.3265901207923889,
0.19152555465698243,-0.36492133140563965,0.13965717554092408,0.10401257872581482,0.1273079216480255,0.40874865651130676,
0.4605381488800049,-0.25556788444519046,0.07512689232826233,0.10414573550224304,0.1952185332775116,0.5571532845497131,
0.8735652923583985,-0.2700668811798096,0.18205579519271853,0.2169971913099289,-0.1671045422554016,0.4319181442260742,
1.7444444656372071,-0.2651928186416626,-0.05495221018791199,0.1701255589723587,-0.07828812301158905,0.17166072130203247,
2.172707748413086,0.015571556985378265,-0.44537453651428227,0.021121693775057793,0.3355671167373657,-0.044654544442892075,
1.9340078353881838,0.12083356380462647,-0.1601827621459961,0.045556195080280304,0.1753779798746109,-0.2921953499317169,
1.6669979095458984,0.09451381564140321,-0.04209757745265961,0.08070991933345795,0.04008939489722252,-0.4709600508213043,
1.0099796295166017,-0.0906099259853363,-0.2171344041824341,0.06399857997894287,0.030435435473918915,-0.5171658992767334,
0.7691325187683106,-0.17406554222106935,-0.21671824455261232,0.005741937085986137,0.035495441406965256,-0.4965929687023163,
0.5776546001434326,-0.2006380319595337,-0.1457726836204529,-0.04039732739329338,0.00819803960621357,-0.4696950614452362,
0.44515080451965333,-0.22678916454315187,-0.06267658472061158,-0.04738812893629074,-0.039139650762081146,-0.43800342082977295,
0.27901196479797363,-0.28638567924499514,0.08840481638908387,0.0010148260043933988,-0.08328154683113098,-0.36689701676368713,
0.22582068443298342,-0.27365636825561523,0.0643072247505188,0.018924584612250328,-0.04446597024798393,-0.27907928824424744,
0.20828177928924563,-0.2528904914855957,0.041855198144912724,0.014463788829743862,0.022445952519774437,-0.18067550659179688,
0.15955445766448975,-0.26433844566345216,0.035910370945930484,-0.0036457059904932976,0.039090707898139954,-0.09685250371694565,
0.009370100498199464,-0.3302241563796997,0.05845973491668702,0.00341167114675045,0.005201983265578747,0.02125869318842888,
-0.028047177195549014,-0.3182926654815674,0.08463308811187745,0.03730039671063423,-0.022095417603850365,0.12705276906490326,
0.005778924748301506,-0.28837964534759525,-0.004524194076657296,-0.015629930421710014,-0.026822529733181,0.20701417326927185,
-0.021913191676139834,-0.3164632081985474,0.03040842115879059,-0.002447283361107111,-0.06131046637892723,0.35082489252090454,
0.11549600362777711,-0.2978518486022949,-0.061431288719177246,-0.05910559743642807,0.030968159437179565,0.565942645072937,
0.5301261425018311,-0.2540123701095581,-0.09610797166824342,-0.1188269853591919,0.10979773104190826,0.655158519744873,
