-0.001420880574733019,0.0019150987267494203,-0.01492336243391037,-0.028890063986182213,-0.010844024829566479,-0.00637010857462883,
0.036184102296829224,-0.0020988674834370616,-0.035422307252883915,-0.026959272101521492,-0.017901401966810226,-0.0035072104074060917,
0.005120019987225533,-0.004885711520910264,-0.012808471918106079,-0.015307940542697906,-0.03434642031788826,-0.0025751041248440742,
0.01316005438566208,0.006740189343690872,0.01971351057291031,-0.007451615296304226,-0.05698329210281372,0.004016219638288021,
-0.011966650187969208,0.03439997136592865,0.0012627583928406239,-0.0019921348430216312,-0.0700993612408638,-0.00716905714944005,
0.02225373387336731,-0.007785552740097046,0.0273704469203949,-0.008716616779565811,-0.039739321917295456,-0.008500637486577034,
0.014214852452278139,0.008983181416988372,-0.007183260470628739,-0.03947612643241882,0.03329787030816078,-0.012362221255898476,
0.01532597690820694,0.018643978238105773,-0.020696240663528445,-0.07170037925243378,0.06292553246021271,-0.01169643085449934,
0.0070557564496994025,0.0248920351266861,-0.034520423412323,-0.09120803326368332,0.057332899421453476,-0.026676710695028305,
0.017818497121334077,0.02738759219646454,0.001446286588907242,-0.08381775766611099,0.024975493550300598,-0.026144079864025116,
0.027684950828552247,0.015412448346614838,0.04408945441246033,-0.061447206884622574,-0.003320594783872366,0.011805965565145016,
0.011900924891233445,0.01743740141391754,0.06443620324134827,-0.05192873254418373,-0.008779472671449184,0.020790021866559982,
0.011930894851684571,0.010912314802408219,0.061661463975906376,-0.008718944154679775,-0.047994524240493774,-0.01622791960835457,
0.05440264344215393,-0.013390184938907625,0.0717150866985321,0.017846088856458664,-0.08467956632375717,-0.04332558438181877,
0.03620371520519257,0.006835733354091645,0.07799190282821655,0.03875190392136574,-0.1257588267326355,-0.032872676849365234,
0.0056402433663606645,0.04007973670959473,0.10460162162780762,0.05280007794499397,-0.15365543961524963,-0.020422399044036865,
0.009838332235813142,0.009309373050928117,0.10091153383255005,0.07204141467809677,-0.14786306023597717,-0.008904226124286652,
0.033948433399200444,-0.0001284270896576345,0.10679109096527101,0.07537036389112473,-0.15019333362579346,-0.019090816378593445,
0.04334493577480317,-0.0052242703735828405,0.08417416810989381,0.10080355405807495,-0.12808910012245178,-0.023684769868850708,
0.05036980509757996,-0.00848018005490303,0.12931764125823975,0.13995201885700226,-0.08161693066358566,-0.02448371797800064,
0.05364732146263123,0.000738549791276455,0.13244762420654296,0.15919336676597595,-0.11057881265878677,-0.03759978711605072,
0.05299515128135682,0.01017322838306427,0.1343027710914612,0.13675622642040253,-0.1637088805437088,-0.04618848115205765,
0.05774757266044617,0.02827395796775818,0.0878102719783783,0.11238830536603928,-0.07808824628591537,-0.050982169806957245,
0.10661528110504151,0.03845559656620026,0.06794551014900208,0.11158935725688934,0.006400545127689838,-0.057307180017232895,
0.07492610216140748,0.011689092218875886,0.0319163978099823,0.11385304480791092,-0.08647719770669937,-0.06542982161045074,
0.04434696435928345,0.009996012598276139,0.04746706783771515,0.1251714825630188,-0.19573338329792023,-0.08846616744995117,
0.029097276926040652,0.003540748730301857,0.04893637001514435,0.1618565171957016,-0.216705784201622,-0.12501806020736694,
0.033705425262451176,-0.01293252855539322,0.06088451743125916,0.14394676685333252,-0.16031333804130554,-0.11003776639699936,
0.0074794873595237735,-0.013478806614875794,-0.00538519099354744,0.10659593343734741,-0.09699668735265732,-0.09818670153617859,
0.01358889788389206,-0.014500820636749269,-0.049704337120056154,0.08382590115070343,0.009929234161973,-0.10564355552196503,
0.019539904594421387,-0.010697064548730852,-0.06068603396415711,0.06398513168096542,0.029703261330723763,-0.10551078617572784,
0.012153130769729615,-0.026004111766815188,-0.046259745955467224,0.05819275975227356,0.006933233700692654,-0.09665577113628387,
-0.03272782266139984,-0.032935744524002074,0.007678142189979554,0.10453176498413086,-0.0053838868625462055,-0.1125015839934349,
-0.009709963947534562,-0.0408320277929306,0.022693563997745515,0.13515812158584595,0.005468495190143585,-0.11656290292739868,
-0.013842539489269258,-0.03874067068099976,0.008241476118564605,0.11791414767503738,0.0056016528978943825,-0.08873286843299866,
-0.0604162871837616,-0.024786317348480226,-0.07522509694099427,0.0812956839799881,-0.0020549350883811712,-0.08553707599639893,
-0.03736133873462677,-0.02480592280626297,-0.07325055599212647,0.09181516617536545,-0.0005236173747107387,-0.09425892680883408,
-0.0315641313791275,-0.023068919777870178,-0.03488165736198425,0.10812702775001526,0.006467180326581001,-0.09126286953687668,
-0.030997106432914735,-0.029806685447692872,-0.01729422211647034,0.1035996600985527,0.014256926253437996,-0.09112971276044846,
-0.01072685942053795,-0.029729297757148745,-0.0399941235780716,0.11105650663375854,0.007132970727980137,-0.0925944522023201,
-0.02154998928308487,-0.028245627880096436,-0.009248938411474228,0.1257704794406891,0.012259555980563164,-0.10231498628854752,
-0.018239571154117586,-0.028928568959236147,-0.009212782979011536,0.12443889677524567,0.0129253463819623,-0.10690893977880478,
-0.012567591667175294,-0.022794613242149354,-0.041406369209289556,0.1119886115193367,0.011194291524589062,-0.11336711049079895,
-0.009030213207006454,-0.023847426474094394,-0.04922361671924591,0.10153570771217346,0.022779041901230812,-0.11589711159467697,
-0.018355858325958253,-0.023556552827358246,-0.0400172621011734,0.1083933487534523,0.021846935153007507,-0.11170263588428497,
-0.02158661037683487,-0.020232070982456208,-0.03235706686973572,0.11718177795410156,0.011327449232339859,-0.10118314623832703,
-0.03459056615829468,-0.025431668758392336,-0.040686878561973575,0.116848886013031,-0.007048362400382757,-0.11476527154445648,
-0.018542321026325227,-0.0339999794960022,-0.044755262136459355,0.12317389249801636,-0.014438634738326073,-0.11762816458940506,
-0.02098311632871628,-0.04387061297893524,-0.045137894153594975,0.11212177574634552,-0.0064491513185203075,-0.11276789754629135,
-0.034264132380485535,-0.04861407279968262,-0.04947076439857483,0.10573018342256546,0.016853509470820427,-0.10837367922067642,
-0.0511801540851593,-0.054387366771698004,-0.07696329951286317,0.11980383843183517,0.012699970044195652,-0.0940256118774414,
-0.06697701215744019,-0.06881824135780334,-0.07563741803169251,0.0892440602183342,-0.0025466280058026314,-0.0675271600484848,
-0.09589511752128602,-0.0653032124042511,-0.09537006616592408,0.04889717325568199,0.000715744448825717,-0.05920477956533432,
-0.09949775934219361,-0.09046329855918885,-0.15998818874359133,0.03251873329281807,0.004510749131441116,-0.040695808827877045,
-0.10859493017196656,-0.10773286819458008,-0.14241321086883546,-0.004232893232256174,0.032673679292201996,-0.009137350134551525,
-0.1232716202735901,-0.1299723744392395,-0.14642484188079835,-0.06029243394732475,0.03833289444446564,0.022354532033205032,
-0.16491990089416506,-0.1490112543106079,-0.21242387294769288,-0.0949135348200798,-0.005609263200312853,0.05963878333568573,
-0.1874011516571045,-0.16942129135131836,-0.174815571308136,-0.08279614895582199,-0.042494043707847595,0.10045173019170761,
-0.1966706991195679,-0.20963194370269778,-0.14648752212524416,-0.1123572364449501,-0.04216114804148674,0.18247708678245544,
-0.2254502773284912,-0.23474013805389404,-0.18548709154129028,-0.16175886988639832,-0.03916509449481964,0.2574450969696045,
-0.1797762751579285,-0.2301482915878296,-0.16813310384750368,-0.1658867746591568,-0.04089614748954773,0.28354406356811523,
-0.1097218155860901,-0.23451335430145265,-0.1263875961303711,-0.17653942108154297,-0.045556679368019104,0.34073546528816223,
-0.09480701088905336,-0.23541822433471682,-0.10456697940826416,-0.23579475283622742,-0.07172223925590515,0.40152209997177124,
-0.0886831820011139,-0.21882338523864747,-0.18035598993301394,-0.2501758337020874,-0.1477554887533188,0.3923341929912567,
