1.1425369262695313,0.6708572864532472,-1.1703956604003907,-0.8849102854728699,0.2781485617160797,-0.3974931836128235,
1.2518727302551271,0.6316992282867432,-0.35231497287750246,-0.6652660369873047,0.07734620571136475,-0.8165415525436401,
0.4779570579528809,0.4623356342315674,0.14867247343063356,-0.19854705035686493,-0.06726344674825668,-0.7857820391654968,
0.1329034686088562,0.2598443508148193,0.30218067169189455,0.030751116573810577,-0.1504206508398056,-0.7194693684577942,
0.16738909482955933,-0.332900071144104,-0.03155643343925476,0.06956668943166733,-0.1509532779455185,-0.6969656348228455,
0.11479368209838868,-0.4687577247619629,0.007218972593545914,0.07682380080223083,-0.16713199019432068,-0.6221973896026611,
0.03988604247570038,-0.479801607131958,0.09310314059257507,0.09666435420513153,-0.19948939979076385,-0.5018225312232971,
0.04479753375053406,-0.4084981918334961,0.09379177689552308,0.048128243535757065,-0.16493487358093262,-0.37492290139198303,
0.04588668644428254,-0.3707188129425049,0.08672249913215638,0.008447141386568546,-0.08910136669874191,-0.27572014927864075,
0.031292101740837096,-0.32049288749694826,0.10795888900756836,-0.015121834352612495,-0.0474894680082798,-0.18384107947349548,
0.066940176486969,-0.2725393772125244,0.13053208589553833,-0.021380262449383736,-0.03330813720822334,-0.12425285577774048,
0.0715356171131134,-0.23071763515472413,0.1517898440361023,0.011709514074027538,-0.01340100821107626,-0.09742151200771332,
0.0589922845363617,-0.20348653793334961,0.1608338475227356,0.05591798946261406,-0.020391805097460747,-0.06033698469400406,
0.028115543723106387,-0.17365598678588867,0.16115877628326417,0.08874144405126572,-0.02132391184568405,-0.019257724285125732,
0.049531444907188416,-0.13227308988571168,0.09338544011116029,0.09792935103178024,-0.027382604777812958,0.026348907500505447,
0.07937926650047303,-0.12495642900466919,0.03328108787536621,0.038740601390600204,-0.009273108094930649,0.04339313879609108,
0.06448031663894653,-0.12723093032836916,-0.013133676350116731,-0.023377299308776855,0.02947581186890602,0.0824756771326065,
-0.029667440056800845,-0.10951768159866333,0.08350232243537903,-0.036559946835041046,0.0756816565990448,0.1690949946641922,
-0.005619356036186219,-0.1256911635398865,0.12800127267837524,0.004985366016626358,0.06895717233419418,0.21503451466560364,
0.046288663148880006,-0.1410211205482483,0.11550825834274292,0.021496964618563652,0.06815822422504425,0.2431308627128601,
0.07316350936889648,-0.1487939715385437,0.08472104072570802,0.007981422357261181,0.0780785009264946,0.2750222384929657,
0.09105583429336549,-0.1857737421989441,0.10028178691864015,0.039872780442237854,0.09598825871944427,0.32049569487571716,
0.06092624664306641,-0.21842799186706544,0.1531599283218384,0.0955328419804573,0.06569480150938034,0.3585789203643799,
0.03783379197120667,-0.266257119178772,0.1651912569999695,0.11204443871974945,0.05897032096982002,0.386475533246994,
0.012022168189287186,-0.3723519802093506,0.12391114234924316,0.07575887441635132,0.13993041217327118,0.4711640477180481,
-0.06692032814025879,-0.43298959732055664,0.16043612957000733,0.13314999639987946,0.26270216703414917,0.6272918581962585,
-0.195462167263031,-0.5278634071350098,0.28814771175384524,0.4055913984775543,0.24445949494838715,0.8246320486068726,
-0.10352528095245361,-0.4053640365600586,0.21412339210510256,0.6508685350418091,-0.004346335306763649,0.9304261803627014,
0.3262540102005005,-0.23847763538360597,-0.6683148860931397,0.3446049988269806,0.13007672131061554,0.7517946362495422,
1.1530307769775392,0.3283056497573853,-1.3493624687194825,-0.11192741245031357,0.1846715211868286,0.3260217607021332,
1.573386859893799,0.82794828414917,-1.0057937622070312,-0.3203197419643402,-0.016730034723877907,-0.13510459661483765,
1.04865779876709,0.6321679592132569,-0.3408812522888184,-0.12917137145996094,-0.13097964227199554,-0.3410335183143616,
0.48476471900939944,0.38846466541290287,0.05923659801483155,0.07456044852733612,-0.22379080951213837,-0.3338429927825928,
0.04253159761428833,0.02109390050172806,0.11650891304016114,0.13068656623363495,-0.26347190141677856,-0.30368268489837646,
-0.040328973531723024,-0.10395253896713258,0.0555209755897522,0.04606463015079498,-0.22139397263526917,-0.24935419857501984,
-0.10473017692565918,-0.1741814136505127,0.11796431541442871,0.009312602691352367,-0.16333696246147156,-0.1770501583814621,
-0.14564284086227416,-0.23748016357421875,0.3489304304122925,0.053254760801792145,-0.1317785084247589,-0.10095032304525375,
-0.12969096899032592,-0.23398494720458984,0.383984637260437,0.10605192929506302,-0.1311127245426178,-0.04142867028713226,
-0.1064920425415039,-0.21990411281585695,0.35324470996856694,0.1240282654762268,-0.13737115263938904,-0.008738367818295956,
-0.044975847005844116,-0.1941424012184143,0.3064373254776001,0.11217720061540604,-0.1190619096159935,-0.01612864062190056,
0.03506947457790375,-0.13442602157592773,0.15744076967239382,0.06284213811159134,-0.05967341735959053,-0.028246022760868073,
0.016560819745063782,-0.09855623245239259,0.11270145177841187,0.04246895760297775,-0.03750259801745415,-0.0052762581035494804,
0.008871224522590638,-0.07849819660186769,0.10056282281875611,0.04912685975432396,-0.016130732372403145,0.019757457077503204,
0.040336552262306216,-0.06054726243019104,0.1000531792640686,0.062043193727731705,0.0004474453744478524,0.01696113683283329,
0.061204105615615845,-0.03709703385829926,0.03351248502731324,0.044399749487638474,0.013097461313009262,0.022953251376748085,
0.04031690657138825,-0.03200590312480927,0.014745114743709565,0.03274841979146004,0.03387011960148811,0.030876154080033302,
0.044400885701179504,-0.030633392930030826,0.037619495391845705,0.04186974838376045,0.05564146116375923,0.03247404843568802,
0.006005592271685601,-0.032085105776786804,0.03814899623394013,0.030085260048508644,0.07381752878427505,0.0455901175737381,
-0.0052029438316822055,-0.04932428300380707,0.048160725831985475,0.018167613074183464,0.07787885516881943,0.060437239706516266,
-0.007488770782947541,-0.06557417511940003,0.09104533791542054,0.02602393925189972,0.09026255458593369,0.07421910017728806,
-0.03581118583679199,-0.10279717445373536,0.15420883893966675,0.029685785993933678,0.11210047453641891,0.10204913467168808,
-0.054170161485672,-0.12610501050949097,0.16824198961257936,0.015903925523161888,0.13080918788909912,0.12009204924106598,
-0.06170889139175415,-0.1428718447685242,0.19521496295928956,0.007847864180803299,0.1493181437253952,0.12828126549720764,
-0.06629930138587951,-0.15211565494537355,0.2275808095932007,0.029552627354860306,0.17734792828559875,0.13180996477603912,
-0.12514089345932009,-0.1705933690071106,0.2884915113449097,0.09633012115955353,0.23840117454528809,0.16795992851257324,
-0.13160332441329955,-0.11568892002105713,0.1640700101852417,-0.005935265216976404,0.3058457374572754,0.23886659741401672,
-0.010908956825733186,0.08999638557434082,-0.2146256685256958,-0.35201308131217957,0.4406016767024994,0.2093055099248886,
1.3397205352783204,0.5545987606048585,-1.1216937065124513,-0.6945621371269226,0.29885491728782654,-0.2348431944847107,
