0.45374884605407717,0.14236279726028442,-0.05076934695243836,-0.14592650532722473,0.09908029437065125,0.09169724583625793,
0.4219709873199463,0.07765622138977052,0.08919218182563782,-0.057775869965553284,-0.006780363153666258,0.015530839562416077,
0.38773100376129155,0.05656639933586121,0.21067540645599367,-0.0189605001360178,-0.09732779115438461,-0.07741387188434601,
0.3736238479614258,0.08255024552345276,0.14056639671325685,-0.05211685970425606,-0.08754067867994308,-0.13041077554225922,
0.1971759557723999,0.09033231139183046,-0.010254079848527909,-0.09399506449699402,-0.028884556144475937,-0.15031790733337402,
0.09956319332122804,0.06663850545883179,0.019530737400054933,-0.11603272706270218,-0.01350480131804943,-0.15937265753746033,
0.02989192605018616,0.029729202389717102,0.07169780731201172,-0.09719086438417435,-0.05232037603855133,-0.16689608991146088,
-0.03122507929801941,-0.010386195778846741,0.1311795949935913,-0.07015977799892426,-0.07655514031648636,-0.16429950296878815,
-0.15499616861343385,-0.03752862811088562,0.17517646551132204,-0.022356031462550163,-0.0731596052646637,-0.1255505084991455,
-0.19646955728530885,-0.04422508776187897,0.1743441462516785,-0.0029149551410228014,-0.061375122517347336,-0.09818652272224426,
-0.23093252182006838,-0.050016552209854126,0.1628649115562439,0.009934797883033752,-0.06723407655954361,-0.08014361560344696,
-0.2872786521911621,-0.06738172769546509,0.1387358546257019,0.0094687445089221,-0.07529013603925705,-0.047786202281713486,
-0.32434935569763185,-0.07704528570175172,0.11690880060195924,0.00886953342705965,-0.07489066570997238,-0.00470957113429904,
-0.33996186256408695,-0.07681159973144532,0.12917914390563964,0.02791113592684269,-0.06190775707364082,0.023120462894439697,
-0.31408791542053227,-0.06544511914253236,0.19062457084655762,0.060801174491643906,-0.02915087342262268,0.0664634108543396,
-0.32900254726409917,-0.07009221315383911,0.17704894542694094,0.036233510822057724,0.021915242075920105,0.12392111122608185,
-0.29891786575317386,-0.06709327697753907,0.13660008907318116,0.039362724870443344,0.028706302866339684,0.15228377282619476,
-0.13544304370880128,-0.023837661743164065,0.2083582639694214,0.06186643987894058,0.06872030347585678,0.16353562474250793,
-0.006386005133390427,-0.008738047629594804,0.1946709990501404,0.10061543434858322,0.09335454553365707,0.16067273914813995,
0.09937859773635865,-0.003273163735866547,0.1866808295249939,0.13470390439033508,0.09748244285583496,0.1555461436510086,
0.21750335693359377,-0.008793509751558305,0.14326022863388063,0.15121550858020782,0.1025424525141716,0.11812873184680939,
0.4970306396484375,0.060935604572296145,0.02614225149154663,0.1828419715166092,0.13323506712913513,0.026918169111013412,
0.5643651485443115,0.1239092230796814,-0.052227127552032473,0.16739563643932343,0.1866980344057083,-0.037530332803726196,
0.5699549674987793,0.15980716943740847,-0.17020772695541384,0.13503822684288025,0.17797617614269257,-0.10783778876066208,
0.5588933944702149,0.18694788217544556,-0.23773605823516847,0.11413241177797318,0.10946635901927948,-0.18520262837409973,
0.44122161865234377,0.13794069290161134,-0.23473911285400392,0.0601368173956871,0.008266237564384937,-0.2824745774269104,
0.3505972146987915,0.08952291607856751,-0.23308417797088624,0.053412336856126785,-0.0002558781416155398,-0.3124351501464844,
0.25557444095611576,0.043576601147651675,-0.1785490155220032,0.04915127903223038,0.021448884159326553,-0.30997171998023987,
0.06637856960296631,-0.048077148199081425,-0.1268666625022888,0.0516812801361084,0.023313097655773163,-0.29978513717651367,
-0.020167823135852816,-0.06796659827232361,-0.09778248667716981,0.0504828579723835,0.008332815952599049,-0.2860032618045807,
-0.09332483410835267,-0.07724035978317262,-0.08946706652641297,0.05121522769331932,-0.0014543007127940655,-0.26110270619392395,
-0.20532381534576416,-0.09585710167884827,-0.10391489267349244,0.03590204939246178,0.009930713102221489,-0.20684081315994263,
-0.2575587034225464,-0.10387398004531861,-0.10989638566970826,0.02684730291366577,-0.006913780700415373,-0.1741505116224289,
-0.281836199760437,-0.1029486894607544,-0.08655725121498109,0.004543328657746315,-0.013971158303320408,-0.15204626321792603,
-0.32248189449310305,-0.12639104127883913,-0.08366987109184265,-0.015097484923899174,-0.03381170704960823,-0.12927623093128204,
-0.3297219514846802,-0.1476653814315796,-0.04995863735675812,-0.024285390973091125,-0.04333250969648361,-0.09718514233827591,
-0.3673591136932373,-0.18226139545440675,-0.044021022319793705,-0.00797352846711874,-0.05584936589002609,-0.04352244362235069,
-0.4191635131835938,-0.21665380001068116,0.025933659076690676,0.024050984531641006,-0.034677233546972275,0.02039342373609543,
-0.4219347953796387,-0.22598049640655518,0.016666258871555328,0.02112150751054287,0.0003433331148698926,0.0749882236123085,
-0.430601978302002,-0.23529508113861086,-0.007334841042757035,0.030309412628412247,0.0033393893390893936,0.1249224916100502,
-0.4238129615783692,-0.2214258909225464,-0.0002501181559637189,0.043358318507671356,-0.0026525387074798346,0.15195217728614807,
-0.39397983551025395,-0.16956056356430055,-0.05137361884117127,0.03377093747258186,0.005004049278795719,0.2146696150302887,
-0.384265947341919,-0.15303794145584107,-0.07707879543304444,0.0192567091435194,0.019984330981969833,0.25468361377716064,
-0.3276655912399292,-0.13313806056976318,-0.10610103607177734,-0.02222202531993389,0.0342322438955307,0.275389701128006,
-0.20406322479248049,-0.09898025393486024,-0.17882046699523926,-0.029878614470362663,0.0002103592996718362,0.31260737776756287,
-0.14283491373062135,-0.0765842080116272,-0.16725207567214967,-0.032475195825099945,-0.007313070818781853,0.333779513835907,
-0.04926645755767822,-0.044770175218582155,-0.21146769523620607,-0.08327499777078629,0.020250646397471428,0.3158697485923767,
0.20224876403808595,-0.014928779006004334,-0.2434323072433472,-0.12242346256971359,-0.0037178031634539366,0.2729928493499756,
0.27745904922485354,0.013269157707691194,-0.17491821050643921,-0.11836214363574982,-0.0843450054526329,0.22179356217384338,
0.36885976791381836,0.0460107833147049,-0.1386444091796875,-0.1380695402622223,-0.10565029084682465,0.16486850380897522,
0.45480303764343266,0.076419997215271,-0.15593205690383913,-0.16030694544315338,-0.06110892444849014,0.11253738403320312,
0.5512681484222413,0.1373674750328064,-0.06468575596809388,-0.1664987951517105,-0.031880732625722885,0.026317540556192398,
