-0.021859930455684663,-0.03256059885025025,-0.4007992744445801,-0.2643568217754364,-0.05039263144135475,0.1640760898590088,
-0.13996318578720093,-0.1283236622810364,-0.33759708404541017,-0.2318662703037262,-0.05039263144135475,0.2393103837966919,
-0.012418918311595917,-0.21414613723754883,-0.0798282563686371,-0.20370334386825562,-0.0675700232386589,0.17632661759853363,
0.11792287826538086,-0.18407335281372073,-0.07458608150482178,-0.2240099459886551,-0.13761116564273834,0.09356888383626938,
0.15465190410614016,-0.16070559024810793,-0.10529506206512451,-0.20942912995815277,-0.21604125201702118,0.05921410769224167,
0.14609366655349731,-0.14659051895141603,-0.05406453013420105,-0.19777780771255493,-0.1993299275636673,0.06620490550994873,
0.12365704774856567,-0.051162153482437134,-0.006678400188684464,-0.23932312428951263,-0.06364186108112335,0.0720638558268547,
0.17373584508895876,0.004045370221138001,0.003072871640324593,-0.24538180232048035,-0.07189766317605972,0.012076156213879585,
0.23932456970214844,0.034898126125335695,0.07677235007286072,-0.19664596021175385,-0.15299092233181,-0.0712142065167427,
0.3209627151489258,0.05996401906013489,0.22707872390747072,-0.18399594724178314,-0.16124671697616577,-0.11602189391851425,
0.26828460693359374,0.052970451116561894,0.205215859413147,-0.1509091705083847,-0.10418781638145447,-0.1393970400094986,
0.23435020446777344,0.048794233798980714,0.26624608039855957,-0.11475677043199539,-0.058314867317676544,-0.16136811673641205,
0.14367759227752686,0.0026563219726085663,0.2773056745529175,-0.07520882785320282,-0.06304197758436203,-0.1785455197095871,
0.07590999603271485,-0.007611372321844102,0.2615344285964966,-0.04824432358145714,-0.0983954444527626,-0.1965218484401703,
0.01837679147720337,-0.009021220356225967,0.2566408395767212,-0.04185273498296738,-0.10791624337434769,-0.20278027653694153,
-0.09375099539756776,-0.053625988960266116,0.22556176185607912,-0.012424804270267487,-0.10545282065868378,-0.17341892421245575,
-0.16329560279846192,-0.10480092763900757,0.26262807846069336,0.0428357869386673,-0.10904809087514877,-0.14172731339931488,
-0.21174120903015137,-0.1274314522743225,0.3059365749359131,0.10914850234985352,-0.07855489104986191,-0.10264542698860168,
-0.22803659439086915,-0.14189469814300537,0.30458152294158936,0.10555323213338852,-0.01923297718167305,-0.0557737872004509,
-0.29403085708618165,-0.1306363582611084,0.12655593156814576,0.07825583219528198,0.039822619408369064,0.0054123373702168465,
-0.30230441093444826,-0.12702054977416993,0.1463775157928467,0.1210661455988884,0.03416340425610542,0.0434955433011055,
-0.28900320529937745,-0.12438992261886597,0.2199575424194336,0.15275777876377106,0.059396855533123016,0.06806319952011108,
-0.24131150245666505,-0.09652916193008423,0.19017282724380494,0.14470170438289642,0.16958515346050262,0.11939563602209091,
-0.23185601234436037,-0.05818349719047547,0.11360412836074829,0.1253937929868698,0.26419395208358765,0.20022258162498474,
-0.2224219799041748,-0.03498150706291199,0.08173967599868776,0.12625931203365326,0.3068045377731323,0.25634869933128357,
-0.010030984878540039,0.031380894780159,0.04864476025104523,0.12366273254156113,0.2753792405128479,0.23031629621982574,
0.16441293954849245,0.07374147176742554,0.04838123917579651,0.17359700798988342,0.11605560779571533,0.13990198075771332,
0.3726423978805542,0.09292075634002686,0.059164917469024664,0.17998859286308289,-0.010444545187056065,0.0022165440022945404,
0.5819321155548096,0.13623151779174805,-0.03352461159229279,0.12206482887268066,0.000674152746796608,-0.08693277835845947,
0.7137779235839844,0.18788671493530273,-0.3064366102218628,0.023394711315631866,0.10214059054851532,-0.20570975542068481,
0.6604479312896729,0.16777478456497194,-0.27712497711181644,0.022396288812160492,0.09381815046072006,-0.27315378189086914,
0.548806381225586,0.09517192840576172,-0.17807884216308595,0.05988027900457382,0.023510701954364777,-0.334805965423584,
0.3010868072509766,-0.030436214804649354,-0.05412813425064087,0.07732398808002472,-0.023094618692994118,-0.3487209975719452,
0.17501370906829836,-0.07338433861732484,-0.07000470757484437,0.034313932061195374,0.006000416353344917,-0.3395996689796448,
-0.010142914205789567,-0.13977267742156982,-0.08308685421943665,0.02798892743885517,0.021446751430630684,-0.3121025264263153,
-0.11346623897552491,-0.1610684633255005,-0.013699704408645631,0.05968054383993149,0.011992529034614563,-0.26895931363105774,
-0.1887448072433472,-0.1577260971069336,0.015331712365150452,0.06087896600365639,-0.0029877519700676203,-0.23094269633293152,
-0.25019321441650394,-0.15056658983230592,-0.01205200105905533,0.04430078715085983,-0.018367506563663483,-0.2025134563446045,
-0.2875109672546387,-0.15309481620788576,-0.04904218018054962,0.029520245268940926,-0.029952257871627808,-0.1562410295009613,
-0.3094659328460694,-0.14438607692718505,-0.03289118409156799,0.02532576583325863,-0.03001883625984192,-0.11995546519756317,
-0.3163408517837525,-0.14756526947021484,-0.021009355783462524,0.026391031220555305,-0.013440660201013088,-0.09978201240301132,
-0.3204102993011475,-0.14210028648376466,-0.005695214495062828,0.018002072349190712,0.007065680809319019,-0.0749480351805687,
-0.34687576293945316,-0.1597456455230713,-0.019758079946041108,-0.01149243675172329,0.02384359762072563,-0.028142977505922318,
-0.3767744302749634,-0.16793929338455202,-0.029684007167816162,0.008681009523570538,-0.00019143286044709384,0.017729971557855606,
-0.38781831264495853,-0.19024440050125124,0.054787570238113405,0.042503152042627335,-0.025558041408658028,0.055280547589063644,
-0.374849796295166,-0.1837585210800171,0.05101912617683411,0.04037262499332428,0.003403834765776992,0.0844421535730362,
-0.36137228012084965,-0.19387184381484987,0.02969886660575867,0.009413378313183784,0.05899732559919357,0.13544169068336487,
-0.4272345542907715,-0.26812081336975097,-0.014380230009555817,-0.014421913772821426,0.05500258132815361,0.24010393023490906,
-0.4700510978698731,-0.2855711936950684,0.02038530856370926,0.014406805858016014,0.01745201088488102,0.31287482380867004,
-0.4550475120544434,-0.2793559789657593,0.1030624032020569,0.04656539112329483,0.025507867336273193,0.36061376333236694,
-0.33953132629394533,-0.31571986675262453,0.14479137659072877,0.11207915842533112,0.04741236940026283,0.4547565281391144,
-0.31245429515838624,-0.27645106315612794,0.14747294187545776,0.09297097474336624,0.13676142692565918,0.5215352773666382,
-0.1948456883430481,-0.23895633220672607,0.046007546782493594,0.043702494353055954,0.15593619644641876,0.5237324237823486,
-0.011758111417293549,-0.20764427185058595,0.0006533973384648562,0.0843157023191452,0.04288499429821968,0.49736711382865906,
0.39483964443206787,-0.10670018196105957,0.17348235845565796,0.1746634542942047,-0.007914803922176361,0.3881774842739105,
0.6742509365081788,0.036599361896514894,0.09016433954238892,0.11780495196580887,0.12577588856220245,0.21081095933914185,
0.9680081367492677,0.15994309186935426,-0.11108704805374146,0.02785668522119522,0.18156911432743073,0.09369844198226929,
0.9795971870422364,0.2715242624282837,-0.28260872364044193,-0.015752578154206276,0.12144824862480164,-0.06043200567364693,
0.9004050254821778,0.2613179445266724,-0.20891985893249512,-0.014953630045056343,0.06458976119756699,-0.16988793015480042,
0.7742364406585693,0.2296057939529419,-0.15552295446395875,-0.02407495677471161,0.05167342722415924,-0.2710880637168884,
0.6290362834930421,0.1748552680015564,-0.1419440269470215,-0.030133647844195366,0.03962262347340584,-0.2870670258998871,
0.20113258361816408,0.021023273468017578,-0.1340181589126587,-0.058163419365882874,0.01152627170085907,-0.2698230445384979,
0.05241862535476685,-0.03379688858985901,-0.13279017210006713,-0.0637560561299324,0.013523642905056477,-0.27075517177581787,
-0.04271915555000305,-0.05998032093048096,-0.09276110529899598,-0.0547013096511364,0.01845049113035202,-0.2491835504770279,
-0.24640390872955323,-0.12188721895217897,-0.04685841500759125,-0.04797682911157608,0.015654170885682106,-0.1776110976934433,
-0.331034255027771,-0.12903921604156496,-0.04184161722660065,-0.053369730710983276,-0.007581908721476793,-0.09591862559318542,
-0.36930108070373535,-0.1331440329551697,-0.05209622383117676,-0.055699996650218964,-0.012442178092896938,-0.05443989485502243,
-0.37178022861480714,-0.12127656936645509,-0.04072355628013611,-0.05749763175845146,-0.006316907238215208,-0.03546487167477608,
-0.3639268398284912,-0.10133806467056275,-0.03471420109272003,-0.05942842364311218,-0.009845595806837082,0.007012547925114632,
-0.3830199003219605,-0.10277032852172852,-0.038371190428733826,-0.07028080523014069,-0.0019892705604434013,0.05501602590084076,
-0.38950088024139407,-0.10213232040405273,-0.06097008585929871,-0.10476873815059662,0.01725206896662712,0.09296607226133347,
-0.3429757356643677,-0.09020050168037415,-0.10942202806472778,-0.11282480508089066,-0.007515329867601395,0.10874530673027039,
-0.31388220787048343,-0.07098856568336487,-0.07251824736595154,-0.09524793922901154,-0.06856829673051834,0.13311323523521423,
-0.2901015758514404,-0.06836923360824586,-0.054247993230819705,-0.09897636622190475,-0.10392176359891891,0.16986484825611115,
-0.21310994625091553,-0.08336491584777833,-0.1207013487815857,-0.1322658658027649,-0.08721042424440384,0.200957253575325,
-0.11393907070159913,-0.057628202438354495,-0.14807109832763674,-0.1762746125459671,-0.02296166494488716,0.21786832809448242,
-0.039858376979827886,-0.03841277360916138,-0.18443413972854616,-0.19465042650699615,-0.0003247947315685451,0.193633571267128,
0.057810997962951666,-0.014448724687099457,-0.16629853248596194,-0.2075667530298233,-0.029353251680731773,0.1726611703634262,
0.17194805145263672,0.017552319169044494,-0.1536610007286072,-0.24385231733322144,-0.10092570632696152,0.13604269921779633,
0.21865568161010743,0.03773947060108185,-0.14287109375,-0.2592321038246155,-0.2085839956998825,0.0973602905869484,
0.267493748664856,0.03071248829364777,-0.08309415578842164,-0.23692810535430908,-0.2958690822124481,0.042965225875377655,
0.4600718021392822,0.0356412947177887,0.08234690427780152,-0.2322009950876236,-0.16064709424972534,-0.04019198194146156,
0.5554558277130127,0.06751860976219178,0.07647655010223389,-0.264691561460495,-0.00518506346270442,-0.08886124938726425,
