0.9670819282531739,0.3785128116607666,-1.0412633895874024,-1.1882566213607788,-0.21803773939609528,0.011484037153422832,
0.7805903434753418,0.2813295602798462,0.14512903690338136,-0.6886476278305054,-0.30285942554473877,-0.22300729155540466,
0.8211484909057618,0.15225646495819092,1.1995388984680175,0.06322930753231049,-0.24000881612300873,-0.4260067641735077,
0.17403931617736818,-0.14138444662094116,0.7701037406921387,0.32608330249786377,-0.15165844559669495,-0.39837646484375,
-0.014066229760646821,-0.20130593776702882,0.36462767124176027,0.28140878677368164,-0.009911689907312393,-0.2911176383495331,
-0.13160156011581423,-0.2512120485305786,0.2294174909591675,0.31835949420928955,-0.022894473746418953,-0.1380537450313568,
-0.25192103385925296,-0.24864063262939454,0.29173119068145753,0.3415955603122711,-0.02955237589776516,-0.07673446089029312,
-0.04317874908447266,-0.3024573087692261,0.12367331981658936,0.29718735814094543,-0.03274817019701004,-0.09331263601779938,
-0.05881258845329285,-0.2736341714859009,0.08239046931266786,0.24186018109321594,-0.010111299343407154,-0.08032972365617752,
-0.06833727359771728,-0.2416210174560547,0.04598278105258942,0.1850682646036148,0.03502928093075752,-0.033258356153964996,
-0.11312066316604615,-0.16562762260437014,0.005061855167150498,0.10470737516880035,0.05566877871751785,0.04430621117353439,
-0.05024043917655945,-0.15312530994415285,0.0022237842902541162,0.04685020446777344,0.07437748461961746,0.05469254404306412,
-0.008035239577293397,-0.1360162615776062,0.013437421619892122,0.02814149484038353,0.06412431597709656,0.05043148249387741,
-0.006546244770288468,-0.1273614764213562,0.0360750824213028,0.028873862698674202,0.05686720088124275,0.05968596786260605,
-0.008057837933301925,-0.06648139357566833,0.04159082472324371,0.03240255266427994,0.04155402630567551,0.06774203479290009,
0.005056300759315491,-0.05783433914184571,0.023883935809135438,0.004239623434841633,0.04528244957327843,0.06587781757116318,
-0.003788156434893608,-0.04924284815788269,-0.0108568973839283,-0.04143358767032623,0.067985899746418,0.08478626608848572,
-0.006515374034643174,-0.04874791204929352,0.015427877008914948,-0.08118127286434174,0.09981067478656769,0.10855497419834137,
0.0035862553864717487,-0.06193093061447144,0.059981101751327516,-0.045428331941366196,0.10367225855588913,0.11281603574752808,
-0.002373188175261021,-0.06939082145690918,0.11054818630218506,0.008766996674239635,0.057732727378606796,0.10442707687616348,
-0.00393395833671093,-0.08552626967430116,0.10670322179794312,0.01569121703505516,0.041420865803956985,0.09836838394403458,
-0.014871457219123842,-0.11776857376098633,0.06048945784568787,-0.0002877504157368094,0.06791932135820389,0.12460052222013474,
-0.06501981019973756,-0.07456082105636597,0.04439212381839752,-0.0014861728996038437,0.12098280340433121,0.18838322162628174,
-0.08562750816345216,-0.09322892427444458,0.0468266636133194,0.0008440930396318436,0.1143249049782753,0.22653301060199738,
-0.1882296919822693,-0.1793895721435547,0.056251877546310426,0.018753184005618095,0.12371267378330231,0.2866525948047638,
-0.2786011934280396,-0.1991636633872986,0.07146961688995361,0.04278821498155594,0.2272430658340454,0.4323275089263916,
-0.27810661792755126,-0.019561590254306795,0.04788945317268372,-0.16187572479248047,0.4908960163593292,0.36874455213546753,
0.541070032119751,0.44887962341308596,-0.25245735645294193,-0.6802600622177124,0.5163291692733765,-0.24338304996490479,
1.6375373840332033,0.9200265884399415,0.10569008588790894,-0.6172763109207153,0.37724563479423523,-0.7071725726127625,
0.8206172943115235,0.8827821731567383,1.0578579902648926,0.3482527732849121,0.3619990348815918,-0.6963867545127869,
0.3650949001312256,0.6483527183532716,1.140577793121338,0.6682981848716736,0.0905563160777092,-0.7770805358886719,
0.35321185588836673,-0.2521690368652344,-0.20810692310333254,0.4636342525482178,0.04208678752183914,-0.8219547867774963,
0.08069363832473755,-0.42121701240539555,-0.36296770572662357,0.2795432209968567,0.04827863723039627,-0.6746819615364075,
-0.07545571923255921,-0.4415268898010254,-0.19334930181503296,0.23646661639213562,0.020248865708708763,-0.5340005159378052,
-0.06284725666046143,-0.45231175422668457,0.03108457922935486,0.21090026199817657,-0.013040648773312569,-0.37008294463157654,
-0.021795022487640384,-0.4251626014709473,0.03891863226890564,0.13726386427879333,0.009529641829431057,-0.29977548122406006,
0.029052799940109255,-0.37490348815917973,0.03328028023242951,0.06342771649360657,0.05693390965461731,-0.257897287607193,
0.0604406476020813,-0.3437917232513428,0.10659637451171876,0.04924638196825981,0.049876533448696136,-0.17354165017604828,
0.015028484165668488,-0.3030860424041748,0.1518349885940552,0.07814168184995651,0.02564176730811596,-0.09457892924547195,
0.0005949199665337802,-0.2757721424102783,0.15539711713790894,0.0900593250989914,-0.004851428791880608,-0.012486984953284264,
0.011388307809829712,-0.2616048574447632,0.1296118140220642,0.05603744089603424,0.005534899886697531,0.029790695756673813,
0.05741978287696839,-0.22992370128631592,0.043752321600914,-0.04849163070321083,0.07957077771425247,0.0844520777463913,
0.0368962287902832,-0.22190706729888918,0.04054696559906006,-0.07758666574954987,0.08443104475736618,0.13092423975467682,
-0.01810869127511978,-0.2058480501174927,0.12077662944793702,-0.06187686324119568,0.05564407631754875,0.1628771722316742,
-0.01971086859703064,-0.19456250667572023,0.13141021728515626,-0.027854980900883675,0.019025610759854317,0.1791224479675293,
-0.00658985897898674,-0.18018542528152467,0.12187073230743409,-0.029586035758256912,0.017627451568841934,0.22093407809734344,
-0.035731625556945805,-0.1527490854263306,0.10504505634307862,-0.05142395570874214,0.02108956128358841,0.2664741277694702,
-0.043168714642524725,-0.13987773656845093,0.08781161904335022,-0.0998934879899025,0.03753457963466644,0.3344513177871704,
-0.005219708755612374,-0.13805959224700928,0.09006265997886659,-0.16227804124355316,0.09053148329257965,0.33877894282341003,
0.03449105024337769,-0.14607375860214233,0.07156751155853272,-0.18318384885787964,0.1077088713645935,0.32200103998184204,
-0.009329470247030259,-0.20178060531616213,0.13753691911697388,-0.11873535066843033,0.19965451955795288,0.26787227392196655,
-0.02356381267309189,-0.2876092195510864,0.09701683521270753,-0.043434470891952515,0.29865750670433044,0.3903111219406128,
-0.35682563781738286,-0.2806562423706055,0.136352014541626,-0.20961572229862213,0.09246227890253067,0.7850582003593445,
0.10074080228805543,0.05434365868568421,0.06597400903701782,-0.46068525314331055,0.32881781458854675,0.583723247051239,
0.6576828002929688,0.4975155830383301,0.5688584327697754,-0.030917616561055183,0.25910958647727966,0.35329318046569824,
0.8616418838500977,0.9320150375366212,1.3321779251098633,0.6140334010124207,0.30538201332092285,0.06860125809907913,
0.9252538681030273,0.8087790489196778,0.556894588470459,0.8352755308151245,0.0529143363237381,-0.23679673671722412,
0.5617263317108154,0.46313104629516605,-0.2220916032791138,0.48660117387771606,-0.023784704506397247,-0.3727511167526245,
0.2857059001922608,0.12730945348739625,-0.7757614135742188,0.09591543674468994,0.08294147253036499,-0.43027541041374207,
0.18137089014053345,-0.0765313982963562,-0.7447365760803223,-0.03304814547300339,0.10271544754505157,-0.41809144616127014,
-0.10423223972320557,-0.35168094635009767,-0.1885339140892029,-0.04683000221848488,0.02302035316824913,-0.32008710503578186,
-0.1471043586730957,-0.42061538696289064,-0.0760170340538025,-0.031649984419345856,-0.020056279376149178,-0.23087120056152344,
-0.16779130697250366,-0.43646883964538574,-0.022737158834934237,0.004036373924463987,-0.06346581131219864,-0.13226766884326935,
-0.17846839427948,-0.3915556907653809,0.09398348331451417,0.05536967143416405,-0.12292104214429855,-0.029934033751487732,
-0.145242977142334,-0.3495532274246216,0.08051929473876954,0.05423782765865326,-0.13656973838806152,0.024194717407226562,
-0.10741138458251953,-0.30845947265625,0.050001227855682374,0.007765666116029024,-0.12731525301933289,0.06241108104586601,
-0.0873260259628296,-0.2548724889755249,0.035798898339271544,-0.058214154094457626,-0.07964468002319336,0.08118636906147003,
-0.12689706087112426,-0.1558120131492615,0.04630255997180939,-0.11573843657970428,-0.056142281740903854,0.15475618839263916,
-0.1307864308357239,-0.09448500275611878,0.11070592403411866,-0.11493948101997375,-0.07138887792825699,0.18964360654354095,
-0.03481438755989075,-0.05947495102882386,0.14492461681365967,-0.09942656755447388,-0.05021674558520317,0.15948331356048584,
0.03833453357219696,-0.03795491755008698,0.1269249677658081,-0.09216945618391037,-0.028778299689292908,0.1399090737104416,
-0.02628314197063446,-0.03772504329681397,0.10973221063613892,-0.07212916761636734,-0.03516988456249237,0.1688043773174286,
-0.05777285695075989,-0.043714445829391484,0.10779392719268799,-0.029252273961901665,-0.06559649854898453,0.19503650069236755,
-0.05410599112510681,-0.06333431601524353,0.09534946084022522,-0.010343829169869423,-0.08044362813234329,0.2121473252773285,
-0.03337768316268921,-0.10270214080810547,-0.016625863313674927,-0.02832016721367836,-0.07997757196426392,0.2350504994392395,
-0.0453181654214859,-0.12928943634033205,-0.047829565405845646,-0.013672780245542526,-0.08244099467992783,0.27213501930236816,
-0.0762864351272583,-0.15827268362045288,-0.054553341865539555,0.0821344405412674,-0.20547904074192047,0.4510328471660614,
-0.36460578441619873,0.03566684126853943,-0.5037420749664306,-0.04516466334462166,-0.7243959903717041,0.6704108119010925,
0.2843654155731201,0.17284195423126222,-1.2941957473754884,-0.7764686942100525,-0.5944337248802185,0.35436010360717773,
1.0595056533813476,0.27748172283172606,-1.4332405090332032,-0.9716118574142456,-0.26180487871170044,0.03957447409629822,
