0.3664637088775635,0.0024041784927248955,-0.13136857748031616,-0.3749549984931946,-0.08514457195997238,0.0021354379132390022,
0.4245631694793701,-0.031485849618911745,-0.042220506072044375,-0.30557966232299805,-0.13015198707580566,-0.05046199634671211,
0.4491281032562256,-0.05794695615768433,0.2118173122406006,-0.2638345956802368,-0.12189619243144989,-0.11391180753707886,
0.4525164127349854,-0.04307502806186676,0.2080563545227051,-0.2529156506061554,-0.06337323039770126,-0.16264764964580536,
0.4182881832122803,-0.019916360080242158,0.23210644721984863,-0.22129061818122864,-0.04386557266116142,-0.19220873713493347,
0.27600343227386476,-0.039299803972244265,0.34153711795806885,-0.1573081761598587,-0.10185590386390686,-0.22995905578136444,
0.22575120925903322,-0.048634243011474614,0.3882656812667847,-0.0772135928273201,-0.13561145961284637,-0.254260390996933,
0.16451314687728882,-0.031398847699165344,0.41401252746582035,-0.05650751665234566,-0.135877788066864,-0.2579222619533539,
0.0179845005273819,-0.03228123486042023,0.32808470726013184,-0.05084829777479172,-0.10478538274765015,-0.2626493573188782,
-0.0111272893846035,-0.04288080334663391,0.3131493330001831,-0.015028780326247215,-0.0702308639883995,-0.25778910517692566,
-0.05413803458213806,-0.048594245314598085,0.3306937694549561,0.00028439611196517944,-0.049591369926929474,-0.22656352818012238,
-0.13399314880371094,-0.0636097252368927,0.28506610393524173,0.02411968819797039,-0.062108226120471954,-0.21005192399024963,
-0.20201635360717773,-0.06929001808166504,0.27799148559570314,0.04921998083591461,-0.12269514054059982,-0.2465372234582901,
-0.1636465907096863,-0.057685577869415285,0.24807095527648926,0.030244959518313408,-0.13115067780017853,-0.2617838382720947,
-0.18596451282501222,-0.07423800826072693,0.20449526309967042,0.044293131679296494,-0.09200221300125122,-0.19327400624752045,
-0.24486894607543946,-0.09823648929595948,0.20230255126953126,0.08151081204414368,-0.07116297632455826,-0.105123370885849,
-0.40166893005371096,-0.13493912220001222,0.2564261913299561,0.1496877372264862,-0.032147664576768875,-0.0017261458560824394,
-0.3930316686630249,-0.11596839427947998,0.26291913986206056,0.1681966930627823,-0.05951164290308952,0.029499419033527374,
-0.3650937795639038,-0.1172869086265564,0.23001501560211182,0.18916936218738556,-0.10838071256875992,0.03855467960238457,
-0.31316399574279785,-0.14603432416915893,0.25277152061462405,0.26067522168159485,-0.07715514302253723,0.06658445298671722,
-0.2725062847137451,-0.15158523321151735,0.24866571426391604,0.252485990524292,0.08596347272396088,0.12231110036373138,
-0.23263490200042725,-0.14319961071014406,0.15973947048187256,0.19735857844352722,0.14668355882167816,0.16432246565818787,
-0.22152996063232422,-0.13483679294586182,0.06209947466850281,0.2231246680021286,0.095750592648983,0.17877011001110077,
-0.12762213945388795,-0.13771313428878784,0.20578570365905763,0.28950393199920654,0.07797399163246155,0.20460277795791626,
-0.07398094534873963,-0.11636148691177368,0.1496329426765442,0.2436310052871704,0.2581368386745453,0.23962333798408508,
-0.01178824305534363,-0.0996538817882538,0.02511066794395447,0.23011545836925507,0.3659282922744751,0.2590644061565399,
0.11602485179901123,-0.04398311376571656,0.04849737584590912,0.29449737071990967,0.31985560059547424,0.2727131247520447,
0.19879218339920046,-0.03581737875938416,0.08921298980712891,0.212205708026886,0.30540797114372253,0.1825651079416275,
0.3967716932296753,0.01514505296945572,-0.08774139881134034,0.1815793514251709,0.13283511996269226,0.08129841089248657,
0.6267707824707032,0.0998167634010315,-0.12395855188369752,0.22625388205051422,-0.06823355704545975,-0.08008915185928345,
0.6520100116729737,0.1208626389503479,-0.13198431730270385,0.13370902836322784,0.10340718179941177,-0.1628468781709671,
0.6587880611419679,0.12650010585784913,-0.32285919189453127,0.06932710856199265,0.18989335000514984,-0.21371325850486755,
0.6267917633056641,0.11078699827194215,-0.4171319484710694,0.06919395178556442,0.1492801308631897,-0.26298174262046814,
0.3313070058822632,-0.018991295993328095,-0.15573852062225343,0.0768505409359932,0.017187338322401047,-0.3367513120174408,
0.24668235778808595,-0.02746531963348389,-0.18694071769714357,0.04342786967754364,0.013725229538977146,-0.3902808427810669,
0.08758305907249452,-0.0703156590461731,-0.20009944438934327,-0.008636931888759136,0.08543083816766739,-0.4148485064506531,
-0.010341721028089524,-0.10081669092178346,-0.13217908143997192,-0.02861064113676548,0.10733534395694733,-0.40372979640960693,
-0.08679749369621277,-0.12915091514587404,-0.05740088224411011,-0.00856969878077507,0.07078331708908081,-0.39347535371780396,
-0.14477550983428955,-0.13488388061523438,-0.027527397871017458,0.0006182072684168816,0.03509695082902908,-0.3756321668624878,
-0.27749214172363285,-0.15029083490371706,-0.08452381491661072,-0.022484716027975082,0.026641415432095528,-0.32789501547813416,
-0.3358722448348999,-0.1362267017364502,-0.08683324456214905,-0.042458426207304,0.04934486374258995,-0.2811565399169922,
-0.4064107418060303,-0.14155567884445192,-0.06433220505714417,-0.035867102444171906,0.03483063355088234,-0.2366151511669159,
-0.5250596523284913,-0.17422772645950318,-0.02030303478240967,-0.014628390781581402,-0.04399893432855606,-0.1518600434064865,
-0.526011323928833,-0.16895711421966553,-0.01654365360736847,-0.005041010212153196,-0.1387408822774887,-0.08454865962266922,
-0.4748407363891602,-0.16530655622482301,-0.0020813148468732836,-0.001778637757524848,-0.18254989385604858,-0.05625257268548012,
-0.44298820495605473,-0.16633570194244385,0.002183043956756592,-0.004441799130290747,-0.17089855670928955,-0.038475967943668365,
-0.464765739440918,-0.18818461894989014,0.05400039553642273,0.009073743596673012,-0.1369432508945465,0.014254621230065823,
-0.5003809452056885,-0.21051542758941652,0.10353313684463501,0.07105882465839386,-0.12316139787435532,0.11212579160928726,
-0.5204829216003418,-0.21500928401947023,0.10006240606307984,0.09442806243896484,-0.0797518715262413,0.23130226135253906,
-0.4410569190979004,-0.22278406620025637,-0.046204984188079834,0.022988760843873024,0.02744036354124546,0.3385610580444336,
-0.4039233684539795,-0.2181734561920166,-0.022439925372600558,-0.0222849790006876,0.08250122517347336,0.4102666676044464,
-0.3475642204284668,-0.20504627227783204,0.08785958886146546,0.04502641782164574,0.06851962953805923,0.47005465626716614,
-0.28811724185943605,-0.20177242755889893,0.13346068859100343,0.09036674350500107,0.015922192484140396,0.5034107565879822,
-0.06910006999969483,-0.17782311439514162,0.028523021936416627,0.07425461709499359,-0.008645470254123211,0.5364339351654053,
0.09516195654869081,-0.18506804704666138,0.056036210060119634,0.08237725496292114,0.014790347777307034,0.49735206365585327,
0.2875291585922241,-0.13705775737762452,0.11537426710128784,0.12338993698358536,0.1091994121670723,0.428975373506546,
0.5167114257812501,-0.035386410355567936,0.04075382649898529,0.10954149812459946,0.17018580436706543,0.35267582535743713,
0.6347463130950928,0.020280669629573825,0.00879231169819832,0.08424238860607147,0.12571080029010773,0.19555111229419708,
0.6617188930511475,0.0760537624359131,0.061515027284622194,0.1306479573249817,0.005735396407544613,0.09122177958488464,
0.6296175003051758,0.15111273527145386,-0.011603944003582,0.17791907489299774,0.029237793758511543,0.013457473367452621,
0.6338366031646729,0.19735461473464966,-0.1504157543182373,0.11786479502916336,0.15334109961986542,-0.07402736693620682,
0.5658277034759521,0.18991504907608034,-0.23889520168304446,0.046159178018569946,0.1526087373495102,-0.1485958844423294,
0.36761710643768314,0.15097736120224,-0.17205199003219607,0.01886177808046341,0.07717469334602356,-0.21510833501815796,
0.2582325696945191,0.11539310216903687,-0.13282318115234376,0.007942816242575645,-0.0017880338709801435,-0.2729654908180237,
0.13873326778411865,0.07768003344535829,-0.11626659631729126,-0.007769834250211716,0.014723564498126507,-0.26444336771965027,
0.007189498096704484,0.03070485293865204,-0.12841682434082033,-0.03793013468384743,0.06279361993074417,-0.23747889697551727,
-0.15128989219665528,-0.02521326541900635,-0.07627790570259095,-0.03440144658088684,0.07963811606168747,-0.20904964208602905,
-0.20783445835113526,-0.04573333561420441,-0.06532306671142578,-0.019687479361891747,0.0479465015232563,-0.18261776864528656,
-0.2529270172119141,-0.032724201679229736,-0.09543685913085938,-0.028276173397898674,0.018052516505122185,-0.1509261578321457,
-0.3219006538391114,-0.027102297544479372,-0.18293461799621583,-0.069022536277771,0.0253762099891901,-0.10778293758630753,
-0.34815182685852053,-0.03399955034255982,-0.1854017972946167,-0.09891652315855026,0.021714363247156143,-0.06557183712720871,
-0.3604749202728272,-0.04776816666126252,-0.1884335517883301,-0.12155339121818542,-0.013106469064950943,-0.02868705242872238,
-0.35952324867248536,-0.05336554050445557,-0.17151973247528077,-0.13060814142227173,-0.050790198147296906,-0.0037864954210817814,
-0.3415877342224121,-0.05346984267234803,-0.17377135753631592,-0.17455030977725983,-0.06150941923260689,0.046946726739406586,
-0.32724666595458984,-0.052082484960556036,-0.17747428417205813,-0.20284639298915863,-0.030883070081472397,0.0958157330751419,
-0.3319125175476074,-0.06213577389717102,-0.12786762714385988,-0.20537640154361725,-0.005516459234058857,0.14947842061519623,
-0.27803783416748046,-0.058211833238601685,-0.09425432682037355,-0.2057773768901825,0.014457584358751774,0.2064005434513092,
