0.5144355297088623,0.040647473931312565,-0.021550120413303377,-0.17054614424705505,-0.09160526096820831,0.1367136389017105,
0.6534742832183839,0.03526923656463623,-0.021251882612705233,-0.14225006103515625,0.0330306813120842,0.0776580423116684,
0.7351426601409913,0.06039757132530213,0.17122288942337038,-0.08039814233779907,-0.016570696607232094,-0.09331689774990082,
0.6507307052612306,0.09350095987319947,0.23028309345245362,-0.05090363323688507,-0.04772968217730522,-0.16355778276920319,
0.4664146900177002,0.1205551028251648,0.20881493091583253,-0.04943830147385597,-0.026824001222848892,-0.19351717829704285,
0.18106013536453247,0.12599366903305054,0.13739205598831178,-0.042647238820791245,0.0019381397869437933,-0.21835115551948547,
0.10866314172744751,0.09967764616012574,0.13992027044296265,-0.05103619769215584,-0.0007916003814898431,-0.22381064295768738,
0.02346794456243515,0.06350944042205811,0.11704015731811523,-0.04064986854791641,-0.03814243525266647,-0.23612776398658752,
-0.03421774506568909,0.02590007483959198,0.1316358208656311,-0.015616153366863728,-0.06404167413711548,-0.2335977554321289,
-0.1612269163131714,-0.023356983065605165,0.16049164533615112,0.006887557916343212,-0.04173770174384117,-0.2023056149482727,
-0.20634050369262696,-0.03535770177841187,0.13312764167785646,0.010216508992016315,0.00213787704706192,-0.16042740643024445,
-0.2597668647766113,-0.04123209118843079,0.11936435699462891,0.006954137235879898,0.009461569599807262,-0.12414183467626572,
-0.3409630298614502,-0.06023105978965759,0.13753857612609863,0.019271256402134895,-0.007516082376241684,-0.09011995047330856,
-0.35278594493865967,-0.06927789449691772,0.16039810180664063,0.0484994500875473,-0.05525324493646622,-0.04930700734257698,
-0.37193093299865726,-0.08190153241157533,0.1711736559867859,0.07939212024211884,-0.06970089673995972,-0.004432742018252611,
-0.3814806699752808,-0.0946678936481476,0.18015053272247317,0.09443898499011993,-0.03048584796488285,0.039842311292886734,
-0.3813544511795044,-0.10536839962005616,0.15201199054718018,0.10029793530702591,0.06112689524888992,0.1340516358613968,
-0.3849282503128052,-0.11015709638595582,0.13708699941635133,0.1261305958032608,0.05593373253941536,0.18438538908958435,
-0.36287965774536135,-0.10964609384536744,0.1877532720565796,0.15822169184684753,0.03576028719544411,0.2273954302072525,
-0.29394609928131105,-0.08151053786277772,0.20478873252868654,0.2032291144132614,0.07763849198818207,0.2851194441318512,
-0.18459169864654543,-0.04310820996761322,0.12967966794967653,0.17886118590831757,0.192221000790596,0.33545318245887756,
-0.05588702559471131,0.018043990433216094,0.005629621073603631,0.14071141183376312,0.1892249435186386,0.32100552320480347,
0.1927829384803772,0.04541045427322388,-0.047520148754119876,0.15475958585739136,-0.03554585203528404,0.18132275342941284,
0.9481156349182129,0.07769708037376405,-0.046477374434471135,0.16421478986740112,-0.11983513087034225,-0.013086086139082909,
1.1368139266967774,0.18751355409622195,-0.2294473171234131,0.10043208301067352,0.16072890162467957,-0.18166419863700867,
1.0896652221679688,0.25919785499572756,-0.34045729637146,0.07193625718355179,0.17044943571090698,-0.27287745475769043,
0.6363919258117676,0.16305044889450074,-0.2161562442779541,0.05176280811429024,0.046013232320547104,-0.3703491687774658,
0.46659226417541505,0.09387590885162354,-0.14930949211120606,0.023999353870749474,-0.05305636301636696,-0.44391897320747375,
0.2630042314529419,0.0065202355384826665,-0.13233143091201782,0.02386619709432125,-0.028155803680419922,-0.4351971447467804,
0.07189724445343018,-0.05214911103248596,-0.09242123365402222,0.036649368703365326,0.02404215559363365,-0.3925199806690216,
-0.17149786949157717,-0.12229328155517578,-0.049653622508049014,0.04683596268296242,0.03595979884266853,-0.3466470241546631,
-0.21871466636657716,-0.1406651735305786,-0.033073052763938904,0.04204227030277252,0.006798186805099249,-0.3288038372993469,
-0.24811034202575685,-0.15871998071670534,-0.03959570825099945,0.011615656316280365,-0.010778676718473434,-0.2930509150028229,
-0.306979775428772,-0.17934409379959107,-0.06423218846321106,-0.0022327816113829613,-0.005252617411315441,-0.2535029649734497,
-0.41240949630737306,-0.2256241798400879,-0.027156153321266176,-0.009889369830489159,0.011525297537446022,-0.17920076847076416,
-0.4531153202056885,-0.23405168056488038,-0.01883545219898224,-0.007492525037378073,0.005999238230288029,-0.1210106909275055,
-0.47442255020141605,-0.24692187309265137,0.010928512364625931,-0.0029651508666574955,-0.003921037074178457,-0.07527089864015579,
-0.5232847213745118,-0.2765218257904053,0.016436350345611573,-0.0018998864106833935,-0.014307364821434021,0.0014281412586569786,
-0.559433126449585,-0.2860400676727295,0.022044533491134645,0.009618285112082958,-0.015239471569657326,0.07892613112926483,
-0.593537998199463,-0.29378628730773926,0.034025469422340394,0.011682235635817051,0.013988722115755081,0.17479991912841797,
-0.625359058380127,-0.2900664806365967,0.021680149435997012,-0.004163573496043682,0.037357959896326065,0.254295289516449,
-0.6787370204925538,-0.29207754135131836,0.01883422136306763,-0.004762784577906132,-0.012709468603134155,0.364616721868515,
-0.6918860912322998,-0.30948131084442143,0.08744614124298096,0.03904621675610542,-0.08494771271944046,0.44963815808296204,
-0.6543054103851319,-0.3243044137954712,0.13355927467346193,0.08798068016767502,-0.03601187840104103,0.5722079873085022,
-0.4045591354370117,-0.301037073135376,0.027398675680160522,0.059018805623054504,0.12943701446056366,0.6516367793083191,
-0.0752365529537201,-0.24143021106719972,-0.049463298916816716,0.032853249460458755,0.020646875724196434,0.5987730026245117,
0.3768838405609131,-0.19157358407974245,-0.06766101121902467,0.03944457322359085,-0.1598488688468933,0.40629303455352783,
0.9070275306701661,-0.10191954374313356,-0.05045031309127808,0.05449143052101135,-0.03088529221713543,0.2435738742351532,
1.3280067443847656,0.16745679378509523,-0.14986648559570312,0.050896164029836655,0.20447157323360443,0.0781249925494194,
1.2436830520629885,0.2566126585006714,-0.16276085376739502,0.05682169646024704,0.16725389659404755,-0.06921439617872238,
1.0383913040161132,0.2843125104904175,-0.08962343335151673,0.06494434177875519,0.03223162889480591,-0.20676666498184204,
0.7705785751342774,0.27410714626312255,-0.06341541409492493,0.045969314873218536,-0.006850262172520161,-0.2636917233467102,
0.3109006404876709,0.1654015064239502,-0.15971592664718628,0.012812959030270576,0.035760316997766495,-0.29458439350128174,
0.1456588625907898,0.08375869989395142,-0.15626012086868288,0.008219006471335888,0.06272482126951218,-0.2914551794528961,
0.0012563864700496198,0.013222041726112367,-0.12166442871093751,0.007886111736297607,0.01924871653318405,-0.2371266931295395,
-0.2875736713409424,-0.03730532228946686,-0.09327352643013001,-0.02440471574664116,-0.04107188433408737,-0.19950954616069794,
-0.307186770439148,-0.04411914646625519,-0.08733224868774414,-0.042381055653095245,-0.04320241138339043,-0.17367687821388245,
-0.3391451835632324,-0.05788131356239319,-0.06454792022705079,-0.052967119961977005,-0.010911582969129086,-0.1132897138595581,
-0.4077145099639893,-0.07304518222808838,-0.046602597832679754,-0.06501792371273041,0.020580297335982323,-0.07041281461715698,
-0.44170584678649905,-0.07625014781951905,-0.03964810967445374,-0.09105032682418823,0.03143267706036568,-0.005032210145145655,
-0.46418261528015137,-0.09048237204551697,-0.04904434382915497,-0.09857375174760818,-0.0010578868677839637,0.05189286172389984,
-0.47513933181762696,-0.10710638761520386,-0.02333633452653885,-0.07986504584550858,-0.026957130059599876,0.11041582375764847,
-0.4454705238342285,-0.11738474369049073,-0.0172850176692009,-0.0896521657705307,-0.009446844458580017,0.15735404193401337,
-0.4219703674316406,-0.08804317712783814,-0.06540892720222473,-0.10802909731864929,0.008330008015036583,0.24343852698802948,
-0.42418498992919923,-0.06613613367080688,-0.07601232528686525,-0.12427438050508499,-0.020898185670375824,0.313879132270813,
-0.38680338859558105,-0.025123921036720277,-0.09425755143165589,-0.1538354605436325,-0.034080833196640015,0.35762155055999756,
-0.17763873338699343,0.01926161050796509,-0.18799445629119874,-0.20337025821208954,-0.07296298444271088,0.3396452069282532,
0.07264530658721924,0.020012134313583375,-0.18484233617782594,-0.23093397915363312,-0.12948857247829437,0.2309216856956482,
