2.074102592468262,-0.08160588741302491,-0.17596533298492434,-0.19731326401233673,0.08800117671489716,-0.021896790713071823,
1.9199012756347658,-0.012348206341266633,0.09144017100334167,-0.07374259829521179,0.06183562055230141,-0.15026114881038666,
1.5419960021972656,0.01369188278913498,0.25381975173950194,0.034980956465005875,-0.040895819664001465,-0.29214105010032654,
1.3030500411987305,-0.0194231852889061,0.04837563335895539,-0.005499093793332577,-0.03443765640258789,-0.36211562156677246,
1.092534351348877,-0.06425896286964417,-0.028674596548080446,-0.023808326572179794,0.006841340567916632,-0.38734906911849976,
0.9223186492919923,-0.12331556081771851,-0.016671986877918245,-0.024474116042256355,0.005243443883955479,-0.3858843445777893,
0.615412712097168,-0.1960032105445862,0.008149367570877076,-0.02733701467514038,-0.027979491278529167,-0.3567892909049988,
0.5136204242706299,-0.21303977966308596,0.0438044548034668,-0.02480701170861721,-0.04648846015334129,-0.3165089786052704,
0.4444656848907471,-0.2327223300933838,0.05364658832550049,-0.03552623465657234,-0.016993951052427292,-0.2565878629684448,
0.2818804502487183,-0.2449908494949341,0.08134286403656006,-0.026937540620565414,0.03646900877356529,-0.15665273368358612,
0.20727789402008057,-0.243086576461792,0.11274533271789551,0.006286184303462505,0.06782755255699158,-0.051656074821949005,
0.11176860332489014,-0.2273650646209717,0.11722601652145387,0.01693882793188095,0.059039123356342316,0.05513669177889824,
0.07189028263092041,-0.2338045597076416,0.09315161108970643,0.027258578687906265,0.01989065296947956,0.12737493216991425,
0.05139458179473877,-0.28182320594787597,0.11623649597167969,0.06993573158979416,-0.055010754615068436,0.25207746028900146,
0.051953309774398805,-0.3017037391662598,0.07599841952323914,0.09337154775857925,-0.05727444216609001,0.3896297514438629,
0.06780804395675659,-0.3089948892593384,0.03538497984409333,0.08717969805002213,0.026348818093538284,0.5147982835769653,
0.48730211257934575,-0.37167742252349856,0.006469696760177612,0.08511575311422348,0.05311358720064163,0.5649323463439941,
0.9394930839538574,-0.4156227111816406,0.1598765015602112,0.24796806275844574,-0.21227042376995087,0.43443742394447327,
1.4383799552917482,-0.3909635066986084,0.15165596008300783,0.23498515784740448,-0.11087056249380112,0.3117988407611847,
1.9486057281494142,-0.05831974744796753,-0.46763453483581546,0.005886710248887539,0.28387650847435,0.13809415698051453,
1.8962396621704103,0.05135345458984375,-0.2795313358306885,-0.0031680376268923283,0.15318186581134796,-0.060977138578891754,
1.7596527099609376,0.06958158016204834,0.06074972748756409,0.11907105892896652,-0.0590054951608181,-0.2597821056842804,
1.6037029266357423,0.05824874639511109,0.05144081115722657,0.08504917472600937,0.00331247434951365,-0.3342840373516083,
1.2786124229431153,-0.10351324081420898,-0.20874502658843996,0.034782011061906815,0.04345962777733803,-0.3752301335334778,
1.1424903869628906,-0.16469759941101075,-0.09406310319900513,0.03451569378376007,-0.030509671196341515,-0.44906628131866455,
1.0054105758666994,-0.21357829570770265,-0.02994467616081238,0.022997520864009857,-0.05474443733692169,-0.4715699851512909,
0.7024564266204835,-0.25640087127685546,-0.009374767541885376,0.01440882496535778,-0.027580194175243378,-0.46298131346702576,
0.7024564266204835,-0.25640087127685546,-0.009374767541885376,0.008882765658199787,0.0003829971537925303,-0.4206370413303375,
0.41309771537780765,-0.2313722848892212,0.03599202632904053,0.002890653908252716,0.05610964447259903,-0.3252958655357361,
0.35900115966796875,-0.20614750385284425,0.05515862107276917,0.008815792389214039,0.04026392474770546,-0.2591836750507355,
0.21722254753112794,-0.16772019863128662,0.05807333588600159,0.015407116152346134,-0.003678234526887536,-0.17436200380325317,
0.15594240427017214,-0.1597064018249512,0.04518178105354309,-0.01049212645739317,-0.021454835310578346,-0.10438743233680725,
0.06448917984962464,-0.17305705547332764,0.009456101804971695,-0.0391211062669754,-0.03670143336057663,0.010927441529929638,
-0.2196296215057373,-0.2436065196990967,0.11056027412414551,-0.01581844873726368,-0.03430458530783653,0.1962168663740158,
-0.13463670015335083,-0.27127890586853026,0.09956052899360657,-0.014486867934465408,-0.020123254507780075,0.3380967974662781,
-0.12779220342636108,-0.30797135829925537,0.0924163818359375,-0.0004386924847494811,0.0011820343788713217,0.5200572609901428,
-0.01311277747154236,-0.33766090869903564,0.01746484190225601,-0.006697121076285839,0.06709527224302292,0.6367703080177307,
0.533937168121338,-0.3478256702423096,0.03381230235099793,0.025327391922473907,0.013499154709279537,0.6771172285079956,
1.052382755279541,-0.35742466449737553,0.1372280478477478,0.10522222518920898,-0.17298871278762817,0.5808439254760742,
1.5750044822692872,-0.351137638092041,0.07699678540229798,0.052691373974084854,-0.018858253955841064,0.39575424790382385,
2.0404895782470702,-0.1208728075027466,-0.11745747327804566,-0.009759756736457348,0.20611228048801422,0.2147924154996872,
1.8332113265991212,0.03174621164798737,0.024240978062152863,0.028722921386361122,0.15817537903785706,0.024110089987516403,
1.7225263595581055,0.08265123367309571,0.10561450719833375,0.055887166410684586,-0.06273383647203445,-0.17243121564388275,
1.6028881072998047,0.10968618392944336,-0.002450305409729481,-0.0049660662189126015,-0.039364591240882874,-0.27782580256462097,
1.2063180923461916,-0.048697033524513246,-0.10889031887054444,-0.03279609978199005,0.03467128798365593,-0.32110217213630676,
1.0140618324279786,-0.11365765333175659,8.410652517341078e-05,-0.015485553070902824,-0.01353193074464798,-0.34986430406570435,
0.8959763526916504,-0.16428964138031008,0.029914098978042605,-0.027602937072515488,-0.049151711165905,-0.36431196331977844,
0.7564720153808594,-0.1976900339126587,0.019730237126350404,-0.04711059108376503,-0.04462433606386185,-0.3459361493587494,
0.5604616165161133,-0.2215117931365967,0.05656351447105408,-0.04251663759350777,0.0010488764382898808,-0.30226030945777893,
0.47549371719360356,-0.23552391529083253,0.10565040111541749,-0.010693048126995564,0.04832025244832039,-0.21544356644153595,
0.37926659584045413,-0.22728731632232668,0.11231238842010499,-0.013156471773982048,0.07228869944810867,-0.14560216665267944,
0.32712697982788086,-0.20838119983673098,0.06674309968948365,-0.023143326863646507,0.02708154357969761,-0.10012869536876678,
0.27609639167785643,-0.2056562900543213,0.08065633773803711,-0.02573990821838379,-0.06346593797206879,-0.05039415508508682,
0.2244229555130005,-0.20452096462249758,0.07826603651046754,-0.03705834224820137,-0.11067046970129013,0.01538592204451561,
0.19108682870864868,-0.21471681594848635,0.07884263396263123,-0.027870437130331993,-0.1159302145242691,0.10386944562196732,
0.1576651453971863,-0.22346098423004152,0.057180273532867434,-0.028469648212194443,-0.09049702435731888,0.2145237922668457,
0.19653608798980715,-0.23213810920715333,-0.002212723158299923,-0.04844335466623306,-0.04975065588951111,0.2892254590988159,
0.20215198993682862,-0.23058295249938965,-0.04917540848255158,-0.07440917938947678,-0.02298588491976261,0.3912911117076874,
0.30780029296875,-0.24297637939453126,-0.15356669425964356,-0.12847134470939636,0.05211525782942772,0.5163265466690063,
