2.1923599243164062,0.10738425254821778,-0.38204517364501955,-0.27686190605163574,0.10631018131971359,0.017492689192295074,
2.5121013641357424,0.25088272094726566,-0.3006497621536255,-0.13385017216205597,-0.03224077448248863,-0.20521417260169983,
2.0894866943359376,0.326698899269104,0.31585235595703126,-0.04217085242271423,0.010835856199264526,-0.3229924440383911,
1.8004877090454103,0.2623257875442505,0.1725911855697632,-0.00968028511852026,-0.027913140133023262,-0.4184667766094208,
1.5218292236328126,0.16488394737243653,0.11117742061614991,0.011025791987776756,-0.08656926453113556,-0.4422354996204376,
1.2333944320678711,0.08168327808380127,0.09029343128204347,0.0018378860550001264,-0.06985792517662048,-0.42971864342689514,
0.8118618965148926,0.024528522789478303,-0.0036863151937723162,-0.04330269619822502,0.002979530254378915,-0.36593592166900635,
0.659761905670166,-0.004546281322836876,-0.030223417282104495,-0.03764347732067108,0.010569539852440357,-0.31307217478752136,
0.5441585063934327,-0.021677424013614655,0.03821656405925751,-0.0033552779350429773,-0.0308426171541214,-0.256613165140152,
0.3484406709671021,-0.03569652736186981,0.15099077224731447,0.013555795885622501,-0.04156183823943138,-0.17512044310569763,
0.300337553024292,-0.029839599132537843,0.1173761248588562,0.005433153361082077,0.0015147918602451682,-0.10354798287153244,
0.2611987829208374,-0.008223845809698106,0.0965655565261841,0.012024478055536747,0.0132327014580369,-0.023187097162008286,
0.2098130226135254,-0.004068711772561073,0.10394406318664551,0.0332631878554821,-0.00807258766144514,0.05577562749385834,
0.134445858001709,-0.02391789257526398,0.15133814811706545,0.08832404762506485,-0.031841300427913666,0.19792184233665466,
0.09778470993041993,-0.046613594889640814,0.15802446603775025,0.11608750373125076,0.01236717402935028,0.3468591570854187,
0.0754305899143219,-0.0802798092365265,0.11381142139434815,0.14531569182872772,0.06343328952789307,0.45797955989837646,
0.28123514652252196,-0.10062919855117798,0.037607079744338995,0.12753908336162567,0.08440568298101425,0.5736272931098938,
0.4862942695617676,-0.12482293844223023,-0.03570078015327454,0.18446390330791473,-0.050949420779943466,0.5766228437423706,
0.9307291984558106,-0.10333242416381837,0.01240687742829323,0.19618181884288788,0.00943775475025177,0.4545835256576538,
2.375454330444336,0.1968413829803467,-0.3102104187011719,0.05756426602602005,0.20797641575336456,0.15491129457950592,
3.0132129669189456,0.40464391708374026,-0.4532758712768555,0.055367160588502884,0.02581619657576084,-0.3331795930862427,
3.2796932220458985,0.5571489810943604,-0.2582211256027222,0.08472850918769836,-0.07837998121976852,-0.5440353155136108,
2.73011531829834,0.5363565921783447,-0.11894400119781495,0.037324242293834686,-0.012999377213418484,-0.5931706428527832,
1.5200997352600099,0.15540728569030762,-0.2537702560424805,0.06335664540529251,-0.05574311316013336,-0.5771917104721069,
1.0506475448608399,0.03141185641288757,-0.09533857703208924,0.05436847358942032,-0.10088369250297546,-0.5144076943397522,
0.7438612937927247,-0.04319666922092438,-0.05347521305084229,0.011491581797599792,-0.05747416615486145,-0.44722944498062134,
0.3832206964492798,-0.052288335561752323,-0.07871867418289186,-0.026658201590180397,0.04279385134577751,-0.32152825593948364,
0.26606264114379885,-0.06546893119812013,-0.025818225741386414,-0.005486070178449154,0.027813566848635674,-0.23244549334049225,
0.19341597557067872,-0.09877684712409973,0.02798268795013428,-0.005486070178449154,0.0027798525989055634,-0.17279069125652313,
0.056295651197433474,-0.09436514377593995,-0.033095189929008485,-0.08005458116531372,0.07728178799152374,-0.06553187221288681,
-0.03421081602573395,-0.02714301943778992,-0.07116217613220215,-0.09097354114055634,0.11882709711790085,0.09046278893947601,
-0.11769857406616212,-0.015002708137035371,0.0020528908818960192,-0.02872215025126934,0.0469217486679554,0.23733612895011902,
-0.14712347984313964,-0.04081059098243714,0.12259781360626221,0.006298417691141367,0.010902493260800838,0.3167648911476135,
0.020362465083599093,-0.04143118262290955,0.037805745005607606,0.006098680663853884,-0.07272076606750488,0.4431985020637512,
0.10563381910324098,-0.08582599163055421,-0.02673093378543854,0.0029028872959315777,-0.13157662749290466,0.532281219959259,
0.38175106048583984,-0.13481396436691284,-0.007005210965871811,0.0337955541908741,-0.00993674248456955,0.6543205976486206,
0.54490065574646,-0.23738460540771486,-0.0017527248710393906,0.04724392667412758,0.12049171328544617,0.7959995865821838,
0.8390239715576172,-0.28254351615905765,0.015216876566410065,-0.007950086146593094,0.06443216651678085,0.6495257019996643,
1.4664286613464357,-0.28823199272155764,-0.05339007377624512,0.07720449566841125,-0.07112273573875427,0.2909311056137085,
2.908539390563965,0.10757505893707275,0.08358982801437378,0.05303630232810974,0.07661613076925278,-0.006011379882693291,
2.711369514465332,0.3293407678604126,-0.24146699905395508,-0.038709599524736404,0.1687615066766739,-0.20901083946228027,
2.4477647781372074,0.4741678237915039,-0.2987963199615479,0.07653870433568954,0.009238151833415031,-0.37725603580474854,
1.781208610534668,0.2335446119308472,0.018453674018383028,0.06515368819236755,-0.06692825257778168,-0.4490948021411896,
1.4080157279968262,0.14492321014404297,-0.19547146558761597,-0.03411564603447914,-0.0055423928424716,-0.4445008635520935,
1.114293384552002,0.09504858851432801,-0.2622048377990723,-0.045101188123226166,-0.030110053718090057,-0.41513949632644653,
0.6931078910827637,-0.018411514163017274,-0.014873996376991272,-0.038043808192014694,-0.08097642660140991,-0.3600120544433594,
0.5503376483917236,-0.061599296331405644,0.025676429271697998,-0.02266405150294304,-0.08783406764268875,-0.29196828603744507,
0.4411764144897461,-0.08108684420585632,0.06860063076019288,-0.015074042603373528,-0.02398478239774704,-0.197093203663826,
0.35402889251708985,-0.09453771710395814,0.08305031061172485,-0.018669310957193375,0.023286327719688416,-0.11506782472133636,
0.17155907154083253,-0.06113587617874146,0.05846340656280518,-0.026059582829475403,-0.007340026553720236,-0.00408058799803257,
0.15700304508209229,-0.05281211137771607,0.052220046520233154,-0.024328527972102165,-0.06120246276259422,0.0688234493136406,
0.16547060012817383,-0.05591260194778443,0.050386905670166016,-0.031851958483457565,-0.07764747738838196,0.15391144156455994,
0.16660077571868898,-0.045167484879493715,-0.02050110548734665,-0.03797722980380058,-0.07212141901254654,0.2505176365375519,
0.13539104461669924,-0.046359854936599734,-0.007519742846488953,-0.005486662499606609,-0.07418537139892578,0.39406201243400574,
0.15515042543411256,-0.05248872637748719,0.00010000966722145677,-0.06254488974809647,0.02608264610171318,0.5167005658149719,
0.48930835723876953,-0.11325347423553467,-0.20333967208862305,-0.08977591246366501,0.03147558867931366,0.60511714220047,
0.8365729331970215,-0.1413260579109192,-0.09833656549453736,-0.011345814913511276,-0.07165531814098358,0.5296831130981445,
1.4263267517089844,-0.1396118402481079,-0.030143073201179506,-0.13704700767993927,0.12834808230400085,0.32947996258735657,
2.0958229064941407,-0.029168790578842165,-0.2682742357254028,-0.17905838787555695,0.14159730076789856,0.08247176557779312,
