0.658375120162964,0.4537099361419678,-0.445930290222168,-0.7469688653945923,-0.2597833275794983,0.16681689023971558,
0.8110883712768555,0.4164108753204346,-0.13145008087158203,-0.7120814323425293,-0.28288623690605164,-0.10822106152772903,
1.0688081741333009,0.26163949966430666,0.4668023109436035,-0.27605536580085754,-0.30032995343208313,-0.4437127709388733,
0.6447284698486329,0.051174432039260864,1.285636615753174,0.15943807363510132,-0.3236325979232788,-0.5487744808197021,
0.3028964281082154,-0.07260557413101197,0.9397980690002442,0.23121026158332825,-0.24340488016605377,-0.5403855443000793,
0.1360698938369751,-0.16615349054336548,0.6324216365814209,0.21236839890480042,-0.13248421251773834,-0.4580938518047333,
-0.10467188358306885,-0.2510042428970337,0.4676344394683838,0.1961887627840042,-0.08021951466798782,-0.3634202778339386,
-0.1439336895942688,-0.27818913459777833,0.43125586509704594,0.202780082821846,-0.03667683154344559,-0.2755359709262848,
-0.16127560138702393,-0.2869328498840332,0.3931489706039429,0.18507005274295807,-0.0033873170614242554,-0.21008877456188202,
-0.13604347705841066,-0.26482129096984863,0.28249669075012207,0.1762150526046753,0.02510850690305233,-0.1636166125535965,
-0.1334223985671997,-0.24202485084533693,0.30055243968963624,0.1798103153705597,0.004069534596055746,-0.12380236387252808,
-0.13630707263946534,-0.22189579010009766,0.24621331691741943,0.1461879014968872,0.013656914234161377,-0.08085888624191284,
-0.12360124588012696,-0.1967410445213318,0.18834689855575562,0.11516207456588745,0.03203272446990013,-0.036583833396434784,
-0.09422789812088013,-0.14349032640457154,0.16145612001419068,0.07528124004602432,0.05879749357700348,0.006625957787036896,
-0.08782780170440674,-0.1359526515007019,0.15258166790008545,0.0432567223906517,0.09002305567264557,0.03498862683773041,
-0.09582207798957826,-0.1371168851852417,0.15542100667953493,0.04372277855873108,0.09088858217000961,0.07367103546857834,
-0.0997793972492218,-0.11876546144485474,0.17316181659698487,0.04798383638262749,0.08030252158641815,0.10589528828859329,
-0.07717007398605347,-0.07738949656486512,0.1377695679664612,-0.002882541622966528,0.08090173453092575,0.12726716697216034,
-0.07309305667877197,-0.0809160888195038,0.08777745366096497,-0.08457500487565994,0.11625519394874573,0.17114274203777313,
-0.10699242353439331,-0.08799098134040834,0.11237362623214722,-0.10514792799949646,0.1474141776561737,0.22706912457942963,
-0.11306589841842651,-0.13425446748733522,0.2674280643463135,-0.08171211183071136,0.16459156572818756,0.2610244154930115,
-0.12583519220352174,-0.17038247585296631,0.30707447528839116,-0.04302969574928284,0.1449507623910904,0.29411420226097107,
-0.14550909996032715,-0.1940351963043213,0.3242888927459717,-0.0019504352239891887,0.12950442731380463,0.3550339937210083,
-0.1734516739845276,-0.1998830318450928,0.3342187881469727,0.028476180508732796,0.1456165462732315,0.46069490909576416,
-0.20679736137390137,-0.1922982931137085,0.3399086952209473,0.022350911051034927,0.21279478073120117,0.6077014207839966,
-0.05157653689384461,-0.1179463028907776,0.3179900884628296,-0.021458089351654053,0.3743155300617218,0.5636926889419556,
0.32276320457458496,0.05075255632400513,0.301926326751709,-0.07971534132957458,0.5131329298019409,0.38193076848983765,
1.3461924552917481,0.5809796333312989,0.2908330917358399,-0.1237240806221962,0.6067430377006531,-0.1712743639945984,
1.8687145233154299,0.6936653137207032,0.4139608383178711,0.19652105867862701,0.5200571417808533,-0.7369297742843628,
1.6070783615112305,0.6269618511199951,0.7122345447540284,0.6068475842475891,0.224113330245018,-0.8877978920936584,
0.6413511276245117,0.1295461893081665,0.24115312099456787,0.7007905840873718,-0.003919839859008789,-1.016361951828003,
0.36718547344207764,-0.1874992847442627,-0.11305772066116333,0.5349422097206116,-0.06463991105556488,-0.9477856159210205,
0.012203455716371537,-0.32465987205505376,-0.2692075252532959,0.31995856761932373,-0.039273303002119064,-0.7625627517700195,
-0.13271563053131105,-0.43458538055419926,-0.1411415219306946,0.1644965410232544,-0.006250105798244476,-0.5943840742111206,
-0.14487905502319337,-0.4618048667907715,-0.0706728994846344,0.07834327220916748,-0.000191414263099432,-0.44238418340682983,
-0.16754250526428224,-0.4611435890197754,0.028700661659240723,0.09618645161390305,0.0016062194481492043,-0.3153513967990875,
-0.2037524700164795,-0.43048667907714844,0.1726671099662781,0.13340413570404053,-0.022229071706533432,-0.20496335625648499,
-0.15376532077789307,-0.40928344726562504,0.16162869930267335,0.1043756753206253,-0.020031964406371117,-0.13838432729244232,
-0.1306697130203247,-0.3786761999130249,0.11872304677963258,0.06356272846460342,-0.004119576886296272,-0.10003480315208435,
-0.14652661085128785,-0.3313886642456055,0.11563949584960938,0.03719743341207504,-0.024825654923915863,-0.017277071252465248,
-0.19469215869903567,-0.31871483325958255,0.1315993309020996,0.021751098334789276,-0.04886068403720856,0.09171280264854431,
-0.203926157951355,-0.30610342025756837,0.13587098121643068,-0.011272099800407887,-0.03641040623188019,0.14717313647270203,
-0.13979288339614868,-0.2996421813964844,0.08819749355316163,-0.06446874141693115,-0.03194960951805115,0.19231371581554413,
-0.15154129266738892,-0.2982649326324463,0.09431830048561096,-0.10361721366643906,-0.05904727429151535,0.2704774737358093,
-0.164900004863739,-0.2965707778930664,0.10990413427352906,-0.12438987195491791,-0.07868808507919312,0.34710994362831116,
-0.17418973445892336,-0.31733360290527346,0.12033426761627197,-0.16340485215187073,-0.07063208520412445,0.4526383578777313,
-0.14435442686080932,-0.3263414859771729,0.13287969827651977,-0.20182093977928162,-0.05425364896655083,0.4928520917892456,
-0.09883257150650025,-0.3257433891296387,0.11949214935302735,-0.25148889422416687,-0.06184365600347519,0.5345305800437927,
-0.08110596537590027,-0.3355219602584839,0.1193862795829773,-0.2294512391090393,-0.10864870995283127,0.6216825246810913,
-0.15245865583419801,-0.27965989112854006,0.25656182765960694,-0.12964928150177002,-0.13614585995674133,0.7612321376800537,
-0.19167469739913942,-0.30939822196960454,0.2526007890701294,-0.07871632277965546,-0.10778318345546722,0.8756815195083618,
-0.18399856090545655,-0.29753119945526124,0.26152560710906986,-0.1379050761461258,-0.04067152738571167,1.0659643411636353,
0.4490034103393555,0.06647319793701172,0.35715048313140874,-0.15082140266895294,0.2287738025188446,0.8740835785865784,
1.6430366516113282,0.34709465503692627,0.6340867519378662,-0.03617232292890549,0.6161971688270569,-0.05396147444844246,
2.571733093261719,0.6404048919677735,0.8832313537597657,0.40990716218948364,0.38183897733688354,-0.4519043266773224,
1.6034046173095704,0.8328708648681641,1.1914636611938476,0.6455969214439392,0.23203617334365845,-0.5869265794754028,
0.5792154788970948,0.331322717666626,0.1304054141044617,0.5577791929244995,0.07850493490695953,-0.7531744241714478,
0.24706816673278809,0.031108501553535464,-0.26055283546447755,0.37015947699546814,0.02877040207386017,-0.6938525438308716,
-0.13989776372909546,-0.12613344192504883,-0.40386238098144533,0.14166025817394257,0.04215278476476669,-0.533330500125885,
-0.30379364490509037,-0.2347804069519043,-0.3350381374359131,0.044654618948698044,0.06452333927154541,-0.42340850830078125,
-0.3544905185699463,-0.3730954647064209,-0.08291835188865662,-0.009274395182728767,0.02138013020157814,-0.2528330385684967,
-0.327180290222168,-0.3975914716720581,0.014895513653755188,0.002776408800855279,-0.0023220039438456297,-0.2016337662935257,
-0.26575589179992676,-0.40740013122558594,0.08786365389823914,0.027943281456828117,-0.02695624530315399,-0.1614200323820114,
-0.29664502143859867,-0.37395896911621096,0.17991735935211184,0.03926171734929085,-0.046597059816122055,-0.049966733902692795,
-0.32892951965332035,-0.34370973110198977,0.17695624828338624,0.021551895886659622,-0.04206971824169159,0.050834305584430695,
-0.3023775815963745,-0.3193284273147583,0.16131550073623657,-0.017596572637557983,-0.03088444471359253,0.11408437788486481,
-0.2519526243209839,-0.27932684421539306,0.12417423725128174,-0.06786374002695084,-0.04819498956203461,0.1881202608346939,
-0.2639204978942871,-0.2640796422958374,0.13825024366378785,-0.09795746207237244,-0.09233688563108444,0.2554982304573059,
-0.25028908252716064,-0.2578285694122315,0.14999428987503052,-0.11560089886188507,-0.09546609967947006,0.301704078912735,
-0.1784451723098755,-0.26270594596862795,0.13522590398788453,-0.1592101752758026,-0.07635791599750519,0.3479765057563782,
-0.1685577154159546,-0.2766244173049927,0.10239691734313966,-0.2198636680841446,-0.08687740564346313,0.44285163283348083,
-0.1976939916610718,-0.27321245670318606,0.05175185203552246,-0.2716621458530426,-0.14659880101680756,0.5743451714515686,
-0.05734295845031739,-0.16138325929641725,-0.023427677154541016,-0.3564172387123108,-0.18095357716083527,0.5878607034683228,
0.2257396697998047,-0.043964397907257084,-0.1454845190048218,-0.46687185764312744,-0.27656105160713196,0.4800027310848236,
0.4312168121337891,0.1791287660598755,-0.2660762071609497,-0.6758634448051453,-0.3129797875881195,0.23512504994869232,
0.7127135753631593,0.3587187290191651,-0.39246315956115724,-0.8588226437568665,-0.24174022674560547,0.04384350776672363,
