0.3437386512756348,0.06937384605407715,-0.007407747209072113,-0.2654236853122711,-0.08188416808843613,-0.06629044562578201,
0.3498875617980957,0.02379606515169144,0.15780378580093385,-0.22634178400039673,-0.2862151861190796,-0.17488083243370056,
0.29044053554534915,0.030009713768959046,0.2700441122055054,-0.17634093761444092,-0.2591841220855713,-0.1818050593137741,
0.17410941123962403,0.058517020940780644,0.34190957546234135,-0.08978819847106934,-0.07282941788434982,-0.17181819677352905,
0.1270543932914734,0.03265966176986695,0.3354759216308594,-0.06295684725046158,-0.1280900090932846,-0.18806348741054535,
0.043482229113578796,0.007010703533887864,0.3744752168655396,0.02519378624856472,-0.18561428785324097,-0.19771744310855865,
0.0135344997048378,0.04049065411090851,0.2707663059234619,-0.002236773958429694,-0.09020654112100601,-0.19525401294231415,
-0.08229233622550965,0.00701010748744011,0.19261854887008667,0.012344032526016235,-0.09306944161653519,-0.18806348741054535,
-0.12537983655929566,-0.004651369899511338,0.27770965099334716,0.09363702684640884,-0.17303085327148438,-0.16289660334587097,
-0.18302131891250611,-0.0114175982773304,0.2633946180343628,0.12905706465244293,-0.17822401225566864,-0.14392158389091492,
-0.19663976430892946,-0.015818871557712555,0.08857069611549379,0.054822564125061035,-0.07502677291631699,-0.11655542254447937,
-0.20537683963775635,-0.027227970957756045,0.06944289207458497,0.046167291700839996,-0.1154402419924736,-0.09311960637569427,
-0.23551099300384523,-0.06513800621032716,0.253317928314209,0.1448374092578888,-0.20885062217712402,-0.07194748520851135,
-0.22231991291046144,-0.0716848909854889,0.22808113098144533,0.13631530106067657,-0.13940869271755219,-0.05137455835938454,
-0.2446373701095581,-0.12132036685943604,0.15780590772628786,0.14290662109851837,-0.04226988926529884,0.016336314380168915,
-0.24577021598815918,-0.1291881799697876,0.23789255619049074,0.20941907167434692,-0.016237488016486168,0.04656319320201874,
-0.1831783413887024,-0.08843702673912049,0.13783806562423706,0.18498456478118896,0.07510893791913986,0.06973269581794739,
-0.19446364641189576,-0.09300052523612977,0.08154697418212892,0.18651588261127472,0.08662711083889008,0.1010914146900177,
-0.12337898015975952,-0.08260632753372193,0.13575868606567384,0.22952593863010406,0.10087502002716064,0.1360453963279724,
-0.037546300888061525,-0.060991841554641726,0.03590994477272034,0.19150932133197784,0.21053068339824677,0.13830909132957458,
0.10064102411270143,0.008281587064266205,-0.1097030282020569,0.12845897674560547,0.27970629930496216,0.14057277143001556,
0.16914284229278564,0.024334272742271425,-0.0615161657333374,0.1731335073709488,0.19069012999534607,0.12139801681041718,
0.24639461040496827,0.042390450835227966,0.004222751781344414,0.20529116690158844,0.1975477784872055,0.08837482333183289,
0.37275323867797855,0.1374358892440796,-0.22829227447509767,0.0937047228217125,0.3059384524822235,0.03544449433684349,
0.44744219779968264,0.16357717514038086,-0.18053768873214723,0.11734027415513992,0.09987633675336838,-0.08319933712482452,
0.5101271629333496,0.1566241264343262,-0.18280298709869386,0.08198681473731995,0.06412339955568314,-0.17354707419872284,
0.5151374816894532,0.13349374532699584,-0.3057727813720703,0.004755136091262102,0.1252429485321045,-0.21862107515335083,
0.369450044631958,0.06140149831771851,-0.15586005449295046,0.04956282302737236,0.1240445226430893,-0.29145851731300354,
0.2947457075119019,0.001341292168945074,-0.08439273238182068,0.05688651651144028,0.07923683524131775,-0.3069048523902893,
0.11522274017333985,-0.04963363409042359,-0.1176611065864563,0.027258846908807755,0.03556099534034729,-0.32761093974113464,
0.06255357265472412,-0.06930489540100097,-0.10698423385620118,0.016006991267204285,0.017185183241963387,-0.3477177917957306,
-0.06259236931800842,-0.11322566270828248,-0.031098181009292604,0.037245701998472214,0.040288105607032776,-0.33906254172325134,
-0.13655558824539185,-0.12343205213546754,-0.04275736510753632,0.042838338762521744,0.04694601148366928,-0.3058395981788635,
-0.27295067310333254,-0.1244633674621582,-0.05276696085929871,0.05635388195514679,0.0044685895554721355,-0.24645110964775085,
-0.2886925458908081,-0.11724120378494263,-0.06136284470558167,0.05662019923329353,-0.019033808261156082,-0.22241608798503876,
-0.32529931068420415,-0.12093056440353395,-0.1116872787475586,0.0008269736426882446,-0.01390722207725048,-0.19731579720973969,
-0.3267424583435059,-0.12306631803512574,-0.0766820251941681,-0.005098559893667698,-0.022163022309541702,-0.15117652714252472,
-0.415099048614502,-0.1434013843536377,-0.043656525015831,-0.00809461623430252,-0.022163022309541702,-0.0415208637714386,
-0.4300393104553223,-0.15521016120910647,-0.049348351359367375,-0.005031981039792299,-0.01890064962208271,0.0234602689743042,
-0.3982184648513794,-0.14647017717361452,-0.015307080745697022,-0.01268856879323721,-0.013707485049962997,0.0626087337732315,
-0.375439190864563,-0.1423116207122803,-0.018276746571063995,-0.00869382731616497,-0.030485400930047035,0.08391402661800385,
-0.41123900413513187,-0.17712539434432983,0.05752666592597962,0.04503544792532921,-0.047929104417562485,0.16500727832317352,
-0.3985865831375122,-0.17172936201095582,0.028562194108963015,0.028457269072532654,0.003137008985504508,0.20448864996433258,
-0.36763427257537845,-0.16004512310028077,-0.005676073953509331,0.02892332337796688,0.02936914563179016,0.26207950711250305,
-0.3616611957550049,-0.1570318102836609,0.054250121116638184,0.06247902289032936,-0.007915080524981022,0.3087511360645294,
-0.2829553842544556,-0.1748539686203003,-0.01538105309009552,0.043437421321868896,-0.029686423018574715,0.3627467453479767,
-0.2101669788360596,-0.17631423473358154,0.00598939023911953,0.0693366602063179,-0.014439825899899006,0.3898444175720215,
-0.04325366318225861,-0.159420907497406,0.07182830572128296,0.08671379089355469,0.06465606391429901,0.3994317948818207,
0.05536318421363831,-0.11409810781478882,0.003637896850705147,0.03038793057203293,0.10160741955041885,0.3737322688102722,
0.2870944499969483,-0.08218411207199097,0.03750681281089783,0.07759246230125427,0.010127835907042027,0.3099495768547058,
0.41750707626342776,-0.05450116991996765,0.1123674750328064,0.12419778108596802,0.04681288078427315,0.2624121606349945,
0.5242629051208496,0.01770552545785904,0.05927577614784241,0.10209354758262634,0.184897780418396,0.1973644345998764,
0.6412887573242188,0.14583094120025636,-0.048103070259094244,0.08937694877386093,0.2601320743560791,0.07525849342346191,
0.5901886463165283,0.15867087841033936,-0.039537906646728516,0.09503617137670517,0.15879881381988525,0.002620777115225792,
0.4867569446563721,0.17818200588226318,-0.05619962811470032,0.118072509765625,0.05739894509315491,-0.07361221313476562,
0.43103055953979497,0.17362169027328492,-0.10143951177597046,0.08032220602035522,0.11012953519821167,-0.12294726818799973,
0.3793059825897217,0.16166669130325317,-0.20128095149993896,0.0077510615810751915,0.19614964723587036,-0.15510493516921997,
0.2368475914001465,0.07997283935546876,-0.192681884765625,-0.012156067416071892,0.1807698905467987,-0.1944531500339508,
0.14768846035003663,0.03361054062843323,-0.12654452323913576,0.003822898957878351,0.10087504982948303,-0.21389421820640564,
-0.015961751341819763,-0.013642866909503937,-0.11645388603210449,-0.0064302715472877026,0.09927715361118317,-0.2209516018629074,
-0.07975937128067018,-0.031322944164276126,-0.14976508617401124,-0.043115317821502686,0.15560302138328552,-0.18226918578147888,
-0.2351414203643799,-0.07208594679832458,-0.17210347652435304,-0.05642935633659363,0.12490969151258469,-0.11848300695419312,
-0.26259133815765384,-0.0776808798313141,-0.16393327713012695,-0.04511092230677605,0.0479443296790123,-0.10376904159784317,
-0.28080637454986573,-0.05636737942695618,-0.18151574134826662,-0.05356645956635475,-0.018035484477877617,-0.0762718990445137,
-0.3094469785690308,-0.05742107629776001,-0.22360684871673586,-0.09810782968997955,-0.025958389043807983,-0.03872133046388626,
-0.320399022102356,-0.05424025058746338,-0.25292525291442874,-0.13845470547676086,-0.01570522040128708,-0.003767338115721941,
-0.31096711158752444,-0.06200124025344849,-0.23503797054290773,-0.18632502853870392,0.02497456781566143,0.05708589404821396,
-0.2839223861694336,-0.07004430890083313,-0.1874082922935486,-0.1692807972431183,0.01731797866523266,0.10688700526952744,
-0.22223050594329835,-0.0568559467792511,-0.12410008907318115,-0.16848185658454895,-0.053056057542562485,0.098830945789814,
-0.15123425722122194,-0.04932302236557007,-0.1658286452293396,-0.21475428342819214,-0.16763855516910553,0.04823088273406029,
-0.13924020528793335,-0.09025950431823732,-0.09698865413665772,-0.20170478522777557,-0.3451382517814636,0.09190672636032104,
-0.12202669382095338,-0.0758234441280365,-0.03677781224250794,-0.16948053240776062,-0.2078522890806198,0.13844546675682068,
-0.046151119470596316,-0.024695666134357454,-0.02245956510305405,-0.18359529972076416,-0.008581263944506645,0.15648838877677917,
0.0716035783290863,0.02474389374256134,-0.1327696681022644,-0.2794691026210785,0.018982455134391785,0.14929784834384918,
