0.023117385804653168,-0.09926506280899049,-0.18499591350555422,-0.31353655457496643,-0.17981462180614471,0.35351935029029846,
0.026430603861808778,-0.07236239314079285,-0.14431735277175903,-0.2670643925666809,-0.19366306066513062,0.3909367620944977,
0.07131888270378113,-0.04280807077884674,-0.12671593427658082,-0.2718580961227417,-0.15784354507923126,0.3784199059009552,
0.19968013763427736,-0.00899137407541275,-0.21422400474548342,-0.3133368194103241,-0.13174456357955933,0.3026529848575592,
0.3508642911911011,0.02482963800430298,-0.20242927074432374,-0.336173415184021,-0.1569114327430725,0.2206941843032837,
0.32878680229187013,0.07418667674064637,-0.13025126457214356,-0.3326447308063507,-0.18733805418014526,0.18174545466899872,
0.4032901763916016,0.09253184199333192,-0.13384865522384645,-0.39056849479675293,-0.18247778713703156,0.11749669909477234,
0.47761254310607915,0.0853292465209961,-0.08432325720787048,-0.4361085593700409,-0.1297471970319748,0.052515558898448944,
0.4998026847839356,0.07900729775428772,0.033708983659744264,-0.4086093306541443,-0.10904119163751602,-0.02264830656349659,
0.5066442012786866,0.05789108276367188,0.1589105725288391,-0.3387679159641266,-0.10151775926351547,-0.11166447401046753,
0.48922405242919925,0.05360367298126221,0.2521120071411133,-0.2695257365703583,-0.09259616583585739,-0.1728505939245224,
0.40296597480773927,0.06310479640960694,0.348284912109375,-0.15940402448177338,-0.08866800367832184,-0.2630651891231537,
0.33625614643096924,0.04860727190971375,0.34076278209686284,-0.10467606782913208,-0.09279590845108032,-0.31872525811195374,
0.24560112953186036,0.03294128179550171,0.30420627593994143,-0.08816447108983994,-0.08800221234560013,-0.3526805639266968,
0.07296416163444519,-0.03525022864341736,0.2554650783538818,-0.07817761600017548,-0.07688351720571518,-0.37351980805397034,
-0.01430504322052002,-0.06630620956420899,0.2657185077667236,-0.05587363988161087,-0.05930665135383606,-0.3649311065673828,
-0.0876742959022522,-0.09446792006492616,0.2794743776321411,-0.02591307833790779,-0.026017136871814728,-0.3361023962497711,
-0.14732645750045778,-0.09963959455490112,0.2442190170288086,-0.00127883767709136,-0.0025813188403844833,-0.3088715672492981,
-0.23587565422058107,-0.134983766078949,0.2133650064468384,0.027816196903586388,0.03643399104475975,-0.24542173743247986,
-0.262458348274231,-0.13960279226303102,0.19274154901504517,0.05051964521408081,0.056740596890449524,-0.2060069441795349,
-0.27949841022491456,-0.1416674017906189,0.18556073904037476,0.08274389803409576,0.06000296771526337,-0.16426189243793488,
-0.3116715669631958,-0.1416553020477295,0.15143150091171265,0.10717839747667313,0.05813875421881676,-0.11525973677635193,
-0.30853047370910647,-0.1487915635108948,0.11900745630264283,0.1112397238612175,0.050415586680173874,-0.05473939701914787,
-0.3141097784042359,-0.14351198673248292,0.09235593676567078,0.12142631411552429,0.04475637152791023,0.013570685870945454,
-0.3161806106567383,-0.12995871305465698,0.0911009430885315,0.14412976801395416,0.04342478886246681,0.0672333762049675,
-0.2836063861846924,-0.10470149517059327,0.07275492548942566,0.16157346963882446,0.04655400291085243,0.13547688722610474,
-0.24256577491760256,-0.09785808324813844,0.03441353142261505,0.12369000166654587,0.054876383394002914,0.1840130090713501,
-0.21733002662658693,-0.08447449803352357,0.0009781179018318654,0.09000100940465927,0.0662613958120346,0.23907385766506195,
-0.17137638330459595,-0.09598292112350465,0.07913702130317689,0.10524636507034302,0.0633319616317749,0.3099116384983063,
-0.12852636575698853,-0.09881398677825928,0.12930909395217896,0.14925509691238403,0.0729193389415741,0.345464825630188,
-0.052831971645355226,-0.08862063884735108,0.14081348180770875,0.19439567625522614,0.09955095499753952,0.34280169010162354,
0.02926836609840393,-0.08513942360877991,0.13000116348266602,0.21696597337722778,0.11359912902116776,0.34533166885375977,
0.0757939875125885,-0.054716968536376955,0.11882100105285645,0.2839444875717163,0.10347911715507507,0.36696985363960266,
0.14389419555664062,-0.018472985923290254,0.11958872079849243,0.32881873846054077,0.11319965124130249,0.35238906741142273,
0.23979506492614747,0.00900016501545906,0.05791561007499695,0.2927994728088379,0.17871341109275818,0.34579771757125854,
0.29939887523651126,0.1073870062828064,-0.07873934507369995,0.2508547008037567,0.3178636133670807,0.38907408714294434,
0.37348663806915283,0.14060207605361938,-0.06476960182189942,0.24286521971225739,0.3378373086452484,0.37961986660957336,
0.46059131622314453,0.15794743299484254,-0.024843622744083405,0.25891077518463135,0.24249613285064697,0.2890723943710327,
0.8201476097106934,0.12707889080047607,0.032362994551658635,0.29752659797668457,-0.016496295109391212,-0.00893534068018198,
0.825869655609131,0.10107610225677491,0.09602913856506348,0.37615641951560974,-0.16030699014663696,-0.22232113778591156,
0.7297558784484863,0.05735965371131897,0.08351840972900391,0.39799433946609497,-0.18540729582309723,-0.3525497019290924,
0.4623727798461914,-0.06622972488403321,-0.04412259757518769,0.3818822205066681,-0.15984094142913818,-0.4311795234680176,
0.37281308174133304,-0.11780638694763185,-0.06973596811294556,0.35152217745780945,-0.1569114625453949,-0.5041501522064209,
0.2953589200973511,-0.16835486888885498,-0.09110352993011475,0.31250688433647156,-0.16643226146697998,-0.556747555732727,
0.1404430866241455,-0.24634566307067873,-0.0958609163761139,0.29686081409454346,-0.18374282121658325,-0.5977602601051331,
0.05620753765106201,-0.27602696418762207,-0.06456235647201539,0.30598214268684387,-0.18953518569469452,-0.6191986799240112,
-0.012390852719545365,-0.30011577606201173,-0.08982884883880615,0.27568867802619934,-0.16703148186206818,-0.6309165954589844,
-0.08068159818649293,-0.3223906993865967,-0.14911700487136842,0.2049817442893982,-0.1244208961725235,-0.617867112159729,
-0.21382246017456055,-0.3560194969177246,-0.21541104316711426,0.11829585582017899,-0.04366053640842438,-0.5640047192573547,
-0.26594741344451905,-0.36123399734497075,-0.18339999914169314,0.08840186893939972,-0.01696234755218029,-0.5022193789482117,
-0.30478906631469727,-0.3611979722976685,-0.13850758075714112,0.0943274050951004,-0.016629451885819435,-0.44436216354370117,
-0.3553123235702515,-0.3698270320892334,-0.12219930887222291,0.08201028406620026,-0.016163399443030357,-0.33410730957984924,
-0.39585304260253906,-0.32867658138275146,-0.18455352783203127,-0.0053414031863212585,-0.0011165377218276262,-0.16333211958408356,
-0.4246041297912598,-0.27437705993652345,-0.21130845546722413,-0.1325739324092865,0.038364823907613754,0.01956048235297203,
-0.4284286975860596,-0.23632512092590333,-0.2363501787185669,-0.20028479397296906,0.0759153962135315,0.13720561563968658,
-0.3262901306152344,-0.24157140254974366,-0.1631278157234192,-0.22059139609336853,0.09069593995809555,0.26050999760627747,
-0.2657187461853027,-0.21607007980346682,-0.1290819525718689,-0.21293480694293976,0.05054878816008568,0.3131740093231201,
-0.20553760528564455,-0.1821779489517212,-0.11644197702407838,-0.21706271171569824,-0.015897082164883614,0.3316829800605774,
-0.0934692680835724,-0.1112527847290039,-0.10906920433044434,-0.21280165016651154,-0.09339506924152374,0.3473956286907196,
-0.05819098949432373,-0.07423055768013001,-0.09932031035423279,-0.20740875601768494,-0.13880197703838348,0.36870092153549194,
-0.0436424732208252,-0.06225469708442688,-0.09434096813201905,-0.20454585552215576,-0.1376701295375824,0.38860803842544556,
-0.022885845601558687,-0.06419357657432556,-0.08845036029815674,-0.18057741224765778,-0.10524614155292511,0.3943338394165039,
0.1204541802406311,0.017674604058265687,-0.04605242609977722,-0.1530136913061142,0.004076626617461443,0.35911354422569275,
0.1741264581680298,0.04916190803050995,-0.07504764199256897,-0.17538423836231232,0.11073622852563858,0.31104347109794617,
0.18686268329620362,0.06758750677108764,-0.0759543538093567,-0.18583714962005615,0.1325741559267044,0.2985266149044037,
0.1635988712310791,0.08180522918701172,-0.03188646137714386,-0.1596715897321701,0.08423777669668198,0.2806168496608734,
0.2131729602813721,0.12129828929901124,0.14881787300109864,-0.09861882776021957,0.02511560544371605,0.24126827716827393,
0.29062538146972655,0.16527651548385622,0.19434720277786255,0.016762625426054,0.043624576181173325,0.12562048435211182,
0.5187551021575928,0.19604892730712892,0.31036903858184817,0.19339679181575775,0.059337224811315536,-0.045753929764032364,
0.5264863967895508,0.2066185474395752,0.3247351169586182,0.20225179195404053,-0.012235227972269058,-0.18530356884002686,
0.3655845165252686,0.2385439395904541,0.07840192914009095,0.28361138701438904,0.08670120686292648,-0.3024160861968994,
0.41713638305664064,0.09733688235282899,-0.003820252045989037,0.28534242510795593,0.14655576646327972,-0.37352249026298523,
0.1894747853279114,-0.02495679259300232,-0.11933913230895997,0.2640371322631836,0.09841911494731903,-0.41027408838272095,
0.09527148604393006,-0.056767725944519044,-0.13162304162979127,0.26064160466194153,0.08603541553020477,-0.4237230718135834,
0.007970595359802246,-0.1003644347190857,-0.1557205319404602,0.25531527400016785,0.07531619071960449,-0.41020750999450684,
-0.11208624839782716,-0.1616925597190857,-0.22416479587554933,0.2340765744447708,0.04395747184753418,-0.38077959418296814,
-0.16245895624160767,-0.18293098211288453,-0.23291511535644532,0.19892284274101257,0.02018875814974308,-0.3289145231246948,
-0.21500899791717532,-0.17542296648025513,-0.24168970584869387,0.15304990112781525,0.006273741368204355,-0.26040470600128174,
-0.23785824775695802,-0.1554308295249939,-0.24441351890563967,0.12402144074440002,0.012598749250173569,-0.2162628173828125,
-0.22625465393066407,-0.17132437229156494,-0.24145197868347168,0.07521901279687881,0.015594805590808392,-0.13776615262031555,
-0.22698347568511965,-0.1807580351829529,-0.2633872985839844,-0.006739770527929068,-0.015164704993367195,-0.04042760655283928,
-0.2465233564376831,-0.1340656876564026,-0.24210739135742188,-0.07132142782211304,-0.03347393870353699,0.01456667110323906,
-0.18321523666381836,-0.1618932366371155,-0.23188459873199463,-0.08603539317846298,-0.03540473058819771,0.031078267842531204,
-0.1470138192176819,-0.16212251186370852,-0.1832941770553589,-0.13337308168411255,-0.0031139017082750797,0.09712466597557068,
-0.15594515800476075,-0.15760074853897096,-0.16217851638793945,-0.13270729780197144,-0.004445482045412064,0.13600683212280273,
-0.1919562578201294,-0.1508087754249573,-0.15194056034088135,-0.15188336372375488,-0.03427284210920334,0.19599208235740662,
-0.17374396324157715,-0.13495633602142335,-0.18224050998687746,-0.18970024585723877,-0.05011865124106407,0.24539372324943542,
-0.11689469814300538,-0.14528336524963378,-0.18171383142471315,-0.22505371272563934,-0.029678890481591225,0.2766192853450775,
-0.07661177515983582,-0.15744521617889407,-0.16084002256393434,-0.23464109003543854,-0.01629650592803955,0.29246509075164795,
-0.07632012367248536,-0.1793256163597107,-0.149080228805542,-0.2494882196187973,-0.030144942924380302,0.3173656463623047,
-0.07806249260902405,-0.18166531324386598,-0.16823257207870485,-0.28217852115631104,-0.053514182567596436,0.3481917381286621,
-0.05784597992897034,-0.17093094587326052,-0.20298259258270265,-0.35861125588417053,-0.05824129283428192,0.3884720504283905,
-0.05823245644569397,-0.1747235417366028,-0.23339474201202393,-0.3974933922290802,-0.07961316406726837,0.43940502405166626,
-0.03661431670188904,-0.17326380014419557,-0.20402517318725588,-0.396161824464798,-0.11090530455112457,0.44899240136146545,
0.1639366388320923,-0.12398970127105713,-0.23569338321685793,-0.49702903628349304,-0.0929955467581749,0.4102433919906616,
0.27407612800598147,-0.08702760934829712,-0.2963930606842041,-0.5815844535827637,0.006007469724863768,0.36337175965309143,
0.3455291032791138,-0.04955201148986817,-0.26594879627227785,-0.5971639156341553,0.10567627847194672,0.3172990679740906,
0.4848479747772217,0.046826219558715826,-0.1668002724647522,-0.664275586605072,0.20747561752796173,0.1903994381427765,
0.5557339191436768,0.033146291971206665,-0.14707343578338625,-0.7002282738685608,0.13943184912204742,0.0316084586083889,
