0.5654685974121094,-0.3807524204254151,-0.4200126171112061,-0.36063259840011597,0.13620445132255554,0.6505893468856812,
1.43937406539917,-0.25569939613342285,-0.10859479904174806,-0.29611754417419434,-0.21899466216564178,0.3531142771244049,
2.74884090423584,-0.28470606803894044,0.1760291337966919,-0.23120298981666565,-0.0999513640999794,-0.13044922053813934,
2.6129894256591797,-0.11618744134902954,0.09858419299125672,-0.2572353780269623,0.3429323434829712,-0.3931034803390503,
1.857798194885254,-0.22519314289093018,0.4865259170532227,0.02712344378232956,0.04978491738438606,-0.5391783118247986,
1.319156837463379,-0.34270873069763186,0.6270479679107667,0.17333099246025085,-0.2395009547472,-0.6313902139663696,
0.48919401168823246,-0.38587954044342043,-0.09793959259986879,-0.012690816074609756,-0.10620974749326706,-0.5465019941329956,
0.2823025703430176,-0.4190392017364502,-0.0419832319021225,-0.04291769489645958,0.028146730735898018,-0.4091494083404541,
0.11578835248947145,-0.429412841796875,0.16224989891052247,0.03904109075665474,-0.0028125173412263393,-0.2924363911151886,
-0.030266192555427552,-0.4655642986297608,0.06805771589279175,0.03664424270391464,-0.055876001715660095,-0.19296732544898987,
-0.046205675601959234,-0.46398363113403324,0.059933590888977054,0.03318213298916817,-0.04935125634074211,-0.11526960134506226,
-0.06640877723693848,-0.4657302379608155,0.08186628818511964,0.0532224215567112,0.005509861279278994,-0.011073415167629719,
-0.06995473504066467,-0.4562127113342285,0.10051833391189575,0.08637877553701401,0.03946516662836075,0.08886170387268066,
-0.030780798196792605,-0.46720376014709475,0.073491370677948,0.11620618402957916,0.030476996675133705,0.20670658349990845,
-0.007937240600585939,-0.46878762245178224,0.06162347197532654,0.13438226282596588,-0.01459700521081686,0.28440433740615845,
-0.0016864124685525895,-0.4624666213989258,0.05356526970863343,0.14430253207683563,-0.015329374931752682,0.3670954704284668,
0.02483441233634949,-0.4602843284606934,0.030574294924736026,0.1453012228012085,0.050517287105321884,0.46842876076698303,
0.25901284217834475,-0.427442741394043,-0.08919308781623841,0.06673796474933624,0.20538011193275452,0.6478592157363892,
0.6486732482910157,-0.3665907382965088,-0.03406324684619904,0.048628468066453934,0.18940113484859467,0.6953966617584229,
1.7006534576416017,-0.35763020515441896,-0.019825066626071933,0.08444798737764359,-0.02671438828110695,0.34572359919548035,
3.5326995849609375,-0.05138903260231018,-0.157849395275116,0.009946053847670555,0.11090446263551712,-0.3124100863933563,
2.6798374176025392,0.11168383359909058,0.1362985372543335,0.1916402280330658,0.12928028404712677,-0.4589505195617676,
1.9610261917114258,-0.036796393990516665,0.24453487396240237,0.30202823877334595,-0.03909808769822121,-0.6052246689796448,
1.5705568313598635,-0.19586350917816164,-0.03894284069538117,0.18211941421031952,-0.0733197033405304,-0.6849197745323181,
0.5240966320037842,-0.4243478775024414,-0.25754537582397463,0.058944400399923325,-0.055675406008958817,-0.5862571001052856,
0.18221259117126465,-0.4378635406494141,-0.10266294479370118,0.04309859126806259,-0.05114803463220596,-0.44317877292633057,
-0.09887388348579407,-0.4344712257385254,-0.040642920136451724,0.010674604214727879,-0.04528908059000969,-0.30702465772628784,
0.0017002189531922342,-0.4196988582611084,-0.03650934100151062,-0.030338076874613762,-0.06479673087596893,-0.2171429544687271,
0.045384669303894044,-0.4374053478240967,0.01660374402999878,-0.044985461980104446,-0.0164603590965271,-0.14936551451683044,
-0.0013235736638307573,-0.43203015327453614,0.011759673058986665,-0.04378703981637955,0.018427051603794098,-0.030655106529593468,
-0.20506837368011477,-0.40693020820617676,0.08199372887611389,-0.042988091707229614,0.08360791951417923,0.15876223146915436,
-0.19541497230529786,-0.44945263862609863,0.11200915575027466,-0.031736236065626144,0.0996534675359726,0.2919202744960785,
-0.015098747611045838,-0.454727840423584,0.09642338156700135,0.017731981351971626,-0.054410405457019806,0.43852728605270386,
-0.008019877970218659,-0.5269106388092041,0.027145114541053773,0.01726592890918255,-0.09788651019334793,0.6185569763183594,
0.19764711856842043,-0.5417102336883545,-0.029471710324287415,-0.036796241998672485,0.04525839909911156,0.7834732532501221,
0.632222318649292,-0.5628713607788086,0.02657325267791748,-0.029472550377249718,0.04985235258936882,0.9270176291465759,
2.7110902786254885,-0.4110865116119385,0.18904163837432864,0.09862550348043442,-0.011333773843944073,0.429738849401474,
3.6140419006347657,-0.20199010372161866,-0.013188044726848603,-0.014159373007714748,0.20364992320537567,-0.21061821281909943,
2.87462158203125,0.12849056720733643,-0.04394765794277192,0.04423043504357338,0.13380850851535797,-0.2959725558757782,
1.7239370346069336,0.029510480165481568,0.16796168088912966,0.2164703905582428,-0.006806400138884783,-0.46242010593414307,
1.3515767097473146,-0.13393235206604004,-0.141723370552063,0.10541656613349915,-0.05667409300804138,-0.510689914226532,
0.796693515777588,-0.2066110372543335,-0.3127070188522339,-0.05224257707595825,-0.033637747168540955,-0.4325927197933197,
0.23209538459777834,-0.2735069513320923,-0.11931730508804322,-0.09412151575088501,-0.025115469470620155,-0.36035585403442383,
0.012617002427577973,-0.32084906101226807,-0.03534440100193024,-0.09425467252731323,-0.0485512875020504,-0.19663803279399872,
-0.009464818239212037,-0.37218916416168213,-0.0098894439637661,-0.11615917086601257,-0.07158762961626053,-0.1128816157579422,
0.03697246313095093,-0.4323384761810303,0.037169393897056584,-0.11216443032026291,-0.08157448470592499,-0.05296049639582634,
0.051809161901474,-0.5062778949737549,0.14647586345672609,-0.06802253425121307,-0.10221398621797562,0.05469779297709465,
0.03892349600791931,-0.5078519821166992,0.17292528152465822,-0.03513249009847641,-0.0719871073961258,0.15816161036491394,
0.02648880481719971,-0.5342906951904297,0.12490688562393189,-0.04511934518814087,0.020557744428515434,0.27061358094215393,
0.02814874351024628,-0.4707816600799561,0.007331616431474686,-0.06522621214389801,0.08673729747533798,0.3618934452533722,
0.008349230140447616,-0.4131319522857666,0.010404708981513978,-0.047383032739162445,0.01310089323669672,0.5014430284500122,
0.011557257920503617,-0.39673848152160646,-0.03135950565338135,-0.10464099794626236,-0.030574949458241463,0.7169593572616577,
1.102598285675049,-0.36159858703613285,-0.15134183168411255,-0.15890291333198547,0.066963329911232,0.7417933344841003,
2.378962326049805,-0.23502182960510254,-0.10541728734970093,-0.1590360701084137,-0.16726170480251312,0.24438145756721497,
3.484527969360352,-0.27646560668945314,-0.36244323253631594,-0.5214923024177551,0.018693530932068825,-0.4173475205898285,
