3.1324674606323244,0.13058509826660156,-0.2902900218963623,-0.3492596745491028,0.10194344073534012,-0.26698508858680725,
2.793529510498047,0.10271141529083253,-0.05351146459579468,-0.02388795092701912,0.0928221121430397,-0.34454965591430664,
1.8428524017333985,0.05124378204345703,0.7723055362701416,0.2574084401130676,-0.06190754845738411,-0.4323008358478546,
1.479372787475586,-0.029771608114242554,0.45490345954895023,0.13363802433013916,-0.09786022454500198,-0.4382263720035553,
1.1440505027770997,0.04033609330654145,-0.038150435686111456,-0.007076462730765343,-0.05434664338827133,-0.40726739168167114,
0.8897974014282227,0.05163241028785706,-0.2596263885498047,0.007770660798996687,-0.05041848123073578,-0.36225995421409607,
0.5832300662994385,0.02705792784690857,0.007794131338596345,0.006172763649374247,-0.028047926723957062,-0.2817659080028534,
0.46300797462463383,-0.01148207187652588,-0.012786388397216797,-0.023920956999063492,0.026879770681262016,-0.2107260674238205,
0.3787531614303589,-0.028658741712570192,-0.03795540928840638,-0.01812858134508133,0.040528472512960434,-0.13808834552764893,
0.20554041862487793,-0.035717526078224184,0.04602991342544556,-0.007609094958752394,0.0027115847915410995,-0.028166377916932106,
0.15966228246688843,-0.04927885234355927,0.07563685178756714,0.035600695759058,-0.04043162614107132,0.04114238917827606,
0.145908522605896,-0.05362948775291443,0.13894824981689455,0.08267206698656082,-0.020258180797100067,0.12103722989559174,
0.12817363739013674,-0.05873011946678162,0.18475927114486695,0.12335184961557388,-0.006343163084238768,0.22443446516990662,
0.011691014468669892,-0.1376091480255127,0.14155365228652955,0.2131669670343399,-0.03410661965608597,0.4589257836341858,
-0.026925942301750185,-0.1389413356781006,0.11485841274261475,0.17242059111595154,0.17142285406589508,0.6376239061355591,
0.20023841857910157,-0.08296927809715271,-0.05053577423095704,0.11969000101089478,0.19425944983959198,0.7784385681152344,
1.2411795616149903,-0.13096742630004884,-0.033271032571792605,0.325552374124527,-0.26087477803230286,0.4464755058288574,
2.5629383087158204,-0.050876790285110475,0.008673157542943954,-0.10900896042585373,0.17595022916793823,-0.1578623205423355,
3.5064380645751956,0.17421548366546633,-0.8439297676086426,-0.1480242758989334,0.3574446439743042,-0.33982282876968384,
3.199296569824219,0.2849799156188965,-0.9330014228820801,0.193193256855011,0.01116712111979723,-0.42158186435699463,
2.0087242126464844,0.29220454692840575,0.4307393550872803,0.11755947768688202,-0.03437293693423271,-0.6022773385047913,
1.760238838195801,0.11988049745559692,-0.24874622821807862,0.02874305471777916,0.05664059519767761,-0.6086689233779907,
1.3412631988525392,0.0005090007092803716,-0.45127425193786624,0.05377677083015442,0.006839484442025423,-0.5475493669509888,
0.6657155513763429,-0.042732739448547365,-0.08602609634399415,0.04558689147233963,-0.0664638802409172,-0.45147714018821716,
0.5000848293304444,-0.03820405006408692,-0.0912869691848755,0.018888698890805244,-0.03457252308726311,-0.38230153918266296,
0.14177720546722414,-0.0453991711139679,-0.11326075792312623,0.0035755238495767117,0.0042430502362549305,-0.22284473478794098,
-0.02667423188686371,-0.035590034723281865,-0.07232185006141663,-0.025386353954672813,0.033870719373226166,-0.0719766691327095,
-0.14864331483840942,-0.035458484292030336,-0.02461747378110886,0.0011786787072196603,-0.046956222504377365,0.09500353783369064,
-0.1181795358657837,-0.02145804464817047,0.08210219144821168,0.040793199092149734,-0.08856811374425888,0.1886136531829834,
-0.11171369552612305,-0.08192494511604309,0.05173696279525757,0.046452417969703674,-0.09582523256540298,0.30685800313949585,
0.014319618046283723,-0.11318384408950806,-0.1556220889091492,0.02295001968741417,-0.0191927682608366,0.4180449843406677,
0.10824033021926881,-0.12019031047821045,-0.16578408479690554,-0.02824925258755684,0.04545547068119049,0.561855673789978,
0.26474428176879883,-0.10556440353393555,-0.12260674238204956,-0.023655299097299576,0.04525573179125786,0.6978100538253784,
0.9095585823059082,-0.1757290601730347,-0.059169167280197145,0.02121896483004093,0.004975419491529465,0.7622585296630859,
1.8582088470458986,-0.1725090265274048,-0.115321683883667,0.014361326582729816,0.009569372981786728,0.6557986736297607,
2.7144765853881836,0.06144799590110779,-0.254162335395813,-0.08484143018722534,0.23240938782691956,0.30579274892807007,
3.0083583831787113,0.19078922271728516,-0.23739874362945557,-0.12991543114185333,0.12588293850421906,-0.01784791424870491,
2.506093978881836,0.3251543998718262,0.3270886421203614,0.08653299510478973,-0.016063552349805832,-0.3048035502433777,
1.9995370864868165,0.2467859983444214,0.059423780441284185,0.14339148998260498,0.03593466803431511,-0.3844320476055145,
1.6024417877197266,0.13813036680221558,-0.21513235569000244,0.053243476897478104,0.04179362207651138,-0.4305713176727295,
1.2989496231079103,0.07360420227050782,-0.27684247493743896,0.0009789415635168552,-0.015331183560192585,-0.45507240295410156,
0.785956621170044,0.013856263458728792,-0.12135602235794068,-0.029713992029428482,-0.05554491654038429,-0.4413571357727051,
0.5420657634735108,-0.02578030824661255,-0.07398607134819031,-0.029449976980686188,-0.05947256088256836,-0.3655281066894531,
0.34988873004913335,-0.035944345593452456,-0.040223905444145204,-0.022459179162979126,-0.052947815507650375,-0.23849530518054962,
0.1970591425895691,-0.03392878174781799,-0.026406851410865784,-0.02339128591120243,-0.054212819784879684,-0.13629649579524994,
0.05975825190544129,-0.015247456729412079,-0.04073349237442017,-0.049423687160015106,-0.07491889595985413,-0.01019582711160183,
0.10696842670440675,-0.05841782093048096,-0.034151920676231386,-0.04529578611254692,-0.12025921046733856,0.06257504969835281,
0.11684772968292237,-0.08522495031356812,-0.008858413994312286,-0.018730754032731056,-0.15314926207065582,0.12915408611297607,
0.16389302015304566,-0.1116937279701233,-0.08204116821289063,-0.011273903772234917,-0.08943311870098114,0.23681238293647766,
0.10908745527267456,-0.08707221150398255,-0.11987185478210449,-0.024123655632138252,-0.032241739332675934,0.39180833101272583,
0.1675830364227295,-0.07192599177360536,-0.14036781787872316,-0.03277892991900444,0.019024113193154335,0.5134482383728027,
0.36064903736114506,-0.07569703459739685,-0.2087617874145508,-0.08897162973880768,0.08333946019411087,0.6104539036750793,
1.1736018180847168,-0.1382687568664551,-0.202804970741272,-0.0957626923918724,-0.04815412685275078,0.5853536128997803,
1.891776466369629,-0.07780010700225831,-0.14547497034072876,-0.10335269570350647,-0.15880846977233887,0.34127485752105713,
2.6860746383666996,0.11700030565261842,-0.3136575937271118,-0.26021289825439453,0.042193613946437836,-0.02158084139227867,
