0.28755576610565187,-0.0692647397518158,-0.12291815280914307,-0.10003282129764557,0.05510922148823738,0.6112197637557983,
0.4597010135650635,-0.08641821146011353,-0.13133684396743775,-0.09124439209699631,0.024882346391677856,0.6481711268424988,
1.4965168952941896,-0.1557453513145447,0.04728867709636689,0.011220734566450119,-0.2648029923439026,0.25934961438179016,
2.4172521591186524,-0.046000230312347415,-0.07079891562461853,-0.16088604927062988,-0.0016826861537992954,-0.008497821167111397,
2.6581878662109375,0.1688952922821045,-0.43083782196044923,-0.2815942168235779,0.19346053898334503,-0.16981957852840424,
2.154022216796875,0.23258275985717775,0.03477458953857422,-0.10342875123023987,0.040129031985998154,-0.36016902327537537,
1.7835134506225587,0.1836087465286255,0.315349555015564,0.006959281396120787,-0.08270927518606186,-0.4523144066333771,
1.4376855850219727,0.09579208493232727,0.15840433835983278,-0.062482647597789764,-0.03443948179483414,-0.4567086398601532,
1.1314905166625977,0.04783369600772858,-0.057162690162658694,-0.07080502063035965,-0.00887313298881054,-0.42328596115112305,
0.670426893234253,-0.035544148087501524,0.0456678569316864,-0.040578145533800125,-0.03890027478337288,-0.34079453349113464,
0.5462006092071533,-0.03879547417163849,0.07707749009132386,-0.03724919259548187,-0.06693004071712494,-0.2925247550010681,
0.48241958618164066,-0.04953514039516449,0.08184806108474732,-0.037382353097200394,-0.04968607798218727,-0.25057995319366455,
0.35710971355438237,-0.07204305529594422,0.09831923842430115,-0.029392868280410767,-0.017794720828533173,-0.16136403381824493,
0.28399612903594973,-0.0811564862728119,0.11283777952194214,-0.011349951848387718,0.011899524368345737,-0.07121603935956955,
0.25886700153350833,-0.07736977338790894,0.13183743953704835,0.009089810773730278,0.047785621136426926,0.01646854355931282,
0.23551216125488283,-0.07225809693336487,0.1347205400466919,0.026999568566679955,0.049050621688365936,0.09629680216312408,
0.199190890789032,-0.07593979239463806,0.13276201486587524,0.05935697630047798,0.04126087576150894,0.19490033388137817,
0.2016537666320801,-0.08751772046089173,0.13948802947998049,0.09803938865661621,0.013430842198431492,0.303890198469162,
0.197542142868042,-0.09976715445518494,0.12212482690811158,0.0961751788854599,0.011167154647409916,0.3816545009613037,
0.25842909812927245,-0.14506582021713257,0.014517390727996828,0.07906436920166016,0.03866429254412651,0.49743545055389404,
0.3449267864227295,-0.16834253072738647,0.011809449642896652,0.12480416148900986,0.0063068862073123455,0.5843876600265503,
0.6086778163909913,-0.19295728206634521,0.0432688981294632,0.19025135040283203,-0.09209691733121872,0.5374494194984436,
1.9246559143066406,-0.13767914772033693,-0.09507509469985963,0.156296044588089,0.03360428661108017,0.2853146493434906,
2.561961936950684,0.02841152846813202,-0.3243571281433106,0.007557505276054144,0.19126364588737488,-0.030471600592136383,
2.6959854125976563,0.26415746212005614,-0.32949998378753664,0.11288552731275558,0.07281956076622009,-0.2555087208747864,
2.420568656921387,0.36988904476165774,0.009493673592805863,0.16162137687206268,0.01569475047290325,-0.3773483335971832,
1.7442014694213868,0.2185980796813965,-0.18922630548477173,0.09031523764133453,-0.017794499173760414,-0.46776264905929565,
1.4410588264465334,0.09456282258033753,-0.23656830787658692,0.07280495017766953,-0.04742216691374779,-0.5049803256988525,
1.2026138305664062,0.002303467132151127,-0.14109190702438354,0.0461733415722847,-0.08617115765810013,-0.49412795901298523,
0.9572439193725586,-0.05161504745483399,-0.10484207868576051,0.028995953500270844,-0.0980222225189209,-0.4524494707584381,
0.5698655605316162,-0.09140890836715698,-0.03716133236885071,0.03645280376076698,-0.06593113392591476,-0.36303383111953735,
0.4422789096832276,-0.09259253144264222,-0.0005336485803127289,0.02054041624069214,0.010168692097067833,-0.2820071578025818,
0.3654125928878784,-0.1017379641532898,-0.011323240399360657,-0.008421461097896099,0.06496323645114899,-0.21030154824256897,
0.09717921018600464,-0.12431339025497437,-0.0382192999124527,-0.046038612723350525,-0.021589504554867744,-0.09931431710720062,
-0.01109931841492653,-0.12183622121810914,-0.01728786826133728,-0.039114393293857574,-0.0872364193201065,0.016999246552586555,
-0.07979912161827088,-0.14212288856506347,-8.026744471862913e-05,-0.06501363962888718,-0.017461605370044708,0.20801448822021484,
-0.0779481589794159,-0.1455899477005005,0.023291872441768648,-0.03139122575521469,0.04392426088452339,0.32972094416618347,
-0.03909735679626465,-0.1834786891937256,0.05772650837898255,-0.02140437252819538,0.04645426198840141,0.44643399119377136,
0.12140505313873291,-0.26112239360809325,0.003201918676495552,0.022138312458992004,-0.08224299550056458,0.6232678890228271,
0.298170804977417,-0.282016134262085,0.12671456336975098,0.09351103007793427,0.011433693580329418,0.6987684965133667,
0.6333093166351319,-0.301179313659668,0.09401634335517883,0.03052726946771145,0.1631007194519043,0.7375840544700623,
1.7095455169677736,-0.2709669589996338,-0.2168616533279419,-0.07193785905838013,-0.006010011769831181,0.36980152130126953,
2.550333595275879,-0.15751485824584963,-0.1227001428604126,-0.06987390667200089,0.028278186917304993,0.05341797694563866,
2.6568660736083984,0.11909133195877075,-0.022058273851871493,-0.054760728031396866,0.19832108914852142,-0.06402794271707535,
2.3712919235229495,0.25328471660614016,0.011664998531341553,0.05655940622091293,0.1343386471271515,-0.23353815078735352,
1.9080871582031251,0.23782293796539308,0.16028342247009278,0.11847790330648422,-0.0071417964063584805,-0.3627680540084839,
1.539879322052002,0.16970304250717164,-0.07297376394271851,0.00010039091284852475,-0.006209689658135176,-0.403714120388031,
1.283330821990967,0.10689105987548829,-0.25116040706634524,-0.06075284257531166,0.010035593062639236,-0.4302791953086853,
0.8602065086364746,-0.04113143384456635,-0.03363122940063477,-0.045373085886240005,-0.04149657487869263,-0.4066436290740967,
0.6773991107940674,-0.08892560005187988,0.03188408017158508,-0.024600427597761154,-0.06766213476657867,-0.3394653797149658,
0.5625191688537597,-0.11175163984298707,0.06239384412765503,0.00549329211935401,-0.03876683488488197,-0.24998317658901215,
0.4539853572845459,-0.10806604623794556,0.09342828392982483,-0.0017638218123465776,0.012698754668235779,-0.15677252411842346,
0.3422332525253296,-0.051189434528350834,0.026571235060691836,-0.03418780863285065,0.026680350303649902,-0.07967401295900345,
0.35708055496215824,-0.034248927235603334,0.041588664054870605,-0.03625176101922989,-0.02531787008047104,-0.05856846272945404,
0.36781036853790283,-0.026431170105934144,0.08058959841728211,-0.020738843828439713,-0.08597137033939362,-0.015624990686774254,
0.33230988979339604,-0.04212106764316559,0.11180179119110108,-0.00183040089905262,-0.10940718650817871,0.054416149854660034,
0.23474128246307374,-0.04818421304225922,0.07985535264015198,-0.0010980316437780857,-0.057076066732406616,0.19043710827827454,
0.21932938098907473,-0.05201607942581177,0.01667095571756363,-0.04364203289151192,0.015694810077548027,0.3182688355445862,
0.2208348512649536,-0.06210815906524658,-0.04144682586193085,-0.06215100362896919,0.020488500595092773,0.3893086314201355,
0.34094402790069583,-0.06908630132675171,-0.03795326948165894,-0.06348258256912231,-0.035171568393707275,0.4641435146331787,
0.46435160636901857,-0.0829540491104126,-0.0332802951335907,-0.06022021174430847,-0.08690347522497177,0.5015608668327332,
0.7080068111419678,-0.10896111726760865,-0.0679937720298767,-0.0423104502260685,-0.058274488896131516,0.4989643096923828,
1.1315686225891113,-0.09368566274642945,-0.09148316383361817,-0.060152310878038406,-0.08084507286548615,0.3315206468105316,
2.4766494750976564,0.051980084180831915,-0.23388698101043703,-0.17054034769535065,-0.038367658853530884,-0.09059040993452072,
