2.497091293334961,0.2705522060394287,-0.4800432682037354,-0.25415539741516113,0.21796251833438873,0.11097569763660431,
2.5564752578735352,0.2376788139343262,-0.0858496904373169,-0.061675410717725754,0.003245150437578559,-0.1610662192106247,
2.558342742919922,0.22624614238739016,0.396397876739502,0.11835428327322006,0.009836473502218723,-0.3531467020511627,
1.766292953491211,0.10442683696746827,-0.136788010597229,0.06316026300191879,0.042127303779125214,-0.42245545983314514,
1.412771224975586,0.0759377658367157,-0.28715832233428956,-0.031115639954805374,-0.029644889757037163,-0.49416109919548035,
1.1880013465881347,0.02512994706630707,-0.19728466272354128,-0.029983796179294586,-0.10667683184146881,-0.5070774555206299,
0.5623769283294678,-0.06170587539672852,-0.0815297305583954,-0.049824345856904984,-0.10740920156240463,-0.4090730845928192,
0.4125092506408692,-0.04924945533275604,-0.07664266228675842,-0.08863972127437592,-0.02877940610051155,-0.3056754767894745,
0.30179562568664553,-0.058941769599914554,-0.029539141058921817,-0.08164892345666885,-0.042761001735925674,-0.203476682305336,
0.19469341039657595,-0.05483568906784058,0.0734758198261261,-0.04895861819386482,-0.13390769064426422,-0.14242370426654816,
0.17745589017868044,-0.05029935240745545,0.12279102802276612,-0.017866214737296104,-0.22185859084129333,-0.08363442867994308,
0.14848856925964357,-0.06106318235397339,0.09778363108634949,0.008831975981593132,-0.18903513252735138,0.018431227654218674,
0.10654684305191041,-0.06631314754486084,0.08415642976760865,0.03646227344870567,-0.09316132962703705,0.1316821575164795,
0.059423726797103886,-0.09300196766853333,0.007965183258056641,0.05051044747233391,-0.0032130598556250334,0.28368207812309265,
0.04351964592933655,-0.09163633584976197,-0.002745071053504944,0.06988494098186493,-0.04935232549905777,0.4264940917491913,
0.0961601734161377,-0.1132704496383667,-0.011207323521375656,0.08486521989107132,-0.03244125470519066,0.5553910732269287,
0.2635208606719971,-0.14622654914855956,-0.06962346434593202,0.04831334203481674,0.1838740110397339,0.6676433086395264,
1.224512004852295,-0.30345067977905277,-0.12045345306396485,0.06782098859548569,0.14619027078151703,0.6937422752380371,
2.1495346069335937,-0.268408465385437,0.1632198452949524,0.15723662078380585,-0.2566794157028198,0.24619807302951813,
3.0204057693481445,0.03359342813491822,-0.16013091802597046,-0.07332655042409897,0.11343339830636978,-0.13829581439495087,
2.3960670471191405,0.32319388389587406,-0.18756891489028932,-0.04749388247728348,0.3085099756717682,-0.2251148670911789,
2.1121576309204104,0.3037658929824829,0.233200478553772,0.16709032654762268,0.003977475222200155,-0.4494195878505707,
1.968699645996094,0.14326664209365844,0.13813259601593017,0.12241579592227936,-0.11772899329662323,-0.580180823802948,
1.1168651580810547,-0.003308006748557091,-0.2778485298156738,0.01369224488735199,-0.003545955056324601,-0.5397008061408997,
0.8385844230651855,-0.0017845407128334045,-0.09188876748085023,0.0600978285074234,0.02501644939184189,-0.4761177897453308,
0.6321983814239502,-0.006807547807693482,0.005907516553997994,0.07601021230220795,-0.03144256770610809,-0.38856637477874756,
0.5069534301757813,0.03645986616611481,-0.050753253698349,0.0321994386613369,-0.02285347506403923,-0.34482741355895996,
0.5537152767181397,0.1600047826766968,-0.06668526530265809,0.028870485723018646,0.12821434438228607,-0.2958918511867523,
0.672683334350586,0.19923094511032105,0.006266133487224579,0.10716742277145386,0.2216247171163559,-0.24948625266551971,
0.7753129005432129,0.21030049324035646,-0.023581677675247194,0.05590157210826874,0.19619153439998627,-0.3337753117084503,
1.0970635414123535,0.26216695308685306,-0.22905912399291994,-0.06513909995555878,0.0075065637938678265,-0.5381729006767273,
0.7510106563568115,0.2477754592895508,0.11911381483078004,0.08546265959739685,-0.08257485926151276,-0.4594099223613739,
-0.14966070652008057,0.24790542125701906,-0.22978057861328127,-0.022461945191025734,0.2264849841594696,-0.16592957079410553,
-0.5003476142883301,0.18891195058822632,-0.012451388686895371,-0.016336675733327866,0.008971302770078182,0.021889863535761833,
-0.5888736724853516,0.006254726648330689,0.09488729834556581,0.05863131210207939,-0.3595436215400696,0.3337460458278656,
-0.6060719013214112,-0.008478521555662156,0.022976748645305634,0.08166765421628952,-0.12285517156124115,0.5786902904510498,
-0.22006766796112062,-0.0953258514404297,-0.24873616695404055,0.04298524186015129,0.11529801040887833,0.7395452260971069,
0.09574037194252015,-0.13031679391860962,-0.18518165349960328,0.040788132697343826,-0.011135564185678959,0.7721023559570312,
0.5159683704376221,-0.19503891468048096,-0.14871538877487184,0.01402336172759533,-0.08577065914869308,0.7478675842285156,
1.2251877784729004,-0.161312210559845,-0.26691005229949955,-0.08165069669485092,0.14232909679412842,0.7733007669448853,
1.7337690353393556,-0.1387648344039917,-0.29082660675048827,-0.21407638490200043,0.2246873527765274,0.6133113503456116,
2.3708127975463866,-0.048208710551261906,0.01569879353046417,-0.025657739490270615,-0.08377328515052795,0.19146664440631866,
2.788291168212891,0.13709639310836794,0.399010705947876,0.12527692317962646,0.017559995874762535,0.02741592563688755,
2.4472412109375004,0.47170705795288087,-0.08114961981773378,0.013490729965269566,0.2596413493156433,-0.1711893230676651,
2.2804235458374023,0.34177136421203613,-0.14645434617996217,0.0683518499135971,0.07368611544370651,-0.3871051073074341,
1.8577234268188478,0.258234429359436,0.023972608149051666,0.11016348004341125,-0.03517059609293938,-0.42538803815841675,
1.1501604080200196,0.16056604385375978,-0.23900349140167237,-0.008813244290649891,0.007240247447043657,-0.43444278836250305,
0.892998218536377,0.10417850017547609,-0.23487644195556642,-0.05541856214404106,0.047520559281110764,-0.384907990694046,
0.6721536159515381,0.042447406053543094,-0.09323557615280152,-0.04097091406583786,0.037533704191446304,-0.3269176781177521,
0.2634888172149658,-0.007043985277414322,0.0027660768479108814,-0.024592474102973938,-0.06672905385494232,-0.20947226881980896,
0.14697411060333251,-0.004598624259233475,0.018509678542613983,-0.00848034955561161,-0.18597209453582764,-0.1031455546617508,
0.10749540328979493,-0.00142249446362257,0.01628952771425247,-0.02159641869366169,-0.2043479084968567,-0.04289153218269348,
0.1541606426239014,-0.043763697147369385,-0.037638142704963684,-0.04529855027794838,-0.14083151519298553,0.04492621123790741,
0.13648195266723634,-0.07862496376037598,-0.04567479491233826,-0.04909355565905571,-0.06166904792189598,0.18234531581401825,
0.1301972508430481,-0.09158850312232972,-0.03844502866268158,-0.029253005981445312,-0.03763401880860329,0.3193649649620056,
0.19079318046569826,-0.027835020422935487,-0.07296260595321656,-0.023260893300175667,-0.014131620526313782,0.4312177300453186,
0.2634685277938843,-0.00028162319213151935,-0.11809433698654176,-0.04143696650862694,0.023019475862383842,0.5723652839660645,
0.4699421882629395,-0.006693795323371887,-0.2042620897293091,-0.15162526071071625,0.14605751633644104,0.6929398775100708,
0.9491083145141602,-0.03313955068588257,-0.25062649250030516,-0.10635151714086533,-0.03277374804019928,0.6150424480438232,
2.9563978195190432,0.17198334932327272,-0.04539079070091248,-0.14423498511314392,-0.24556031823158264,0.029013821855187416,
3.2379932403564453,0.21587233543395998,-0.44485168457031254,-0.40229532122612,0.08919902890920639,-0.33284321427345276,
