0.33231773376464846,0.0327548086643219,-0.05787265896797181,-0.318092942237854,-0.09240248054265976,0.0082677798345685,
0.30981333255767823,0.03324688971042633,0.012310692667961122,-0.25038206577301025,-0.23335029184818268,-0.03267832100391388,
0.329080605506897,0.018077705800533295,0.15813516378402712,-0.18912933766841888,-0.2961343228816986,-0.054449666291475296,
0.38569738864898684,0.05194308161735535,0.1494765043258667,-0.2222857028245926,-0.2093818336725235,-0.11670105159282684,
0.415670108795166,0.07441495060920715,0.06753444075584412,-0.2925931513309479,-0.0788203626871109,-0.1887395679950714,
0.41726212501525883,0.06049360036849976,0.085307115316391,-0.2800097167491913,-0.0601782351732254,-0.21417276561260223,
0.20558152198791504,-0.007273481041193009,0.3607611179351807,-0.12568141520023346,-0.1680358350276947,-0.22842440009117126,
0.15205283164978028,0.004370011016726494,0.47260446548461915,-0.0019775896798819304,-0.2083161473274231,-0.2274922877550125,
0.10363215208053589,-0.006363268941640854,0.43892731666564944,0.023122703656554222,-0.14646422863006592,-0.19879673421382904,
0.05509281754493714,-0.032019034028053284,0.30867791175842285,-0.01575944945216179,-0.07449230551719666,-0.17343011498451233,
-0.07598490715026857,-0.013435275852680208,0.17628000974655153,-0.04445501044392586,-0.03221462294459343,-0.1563858836889267,
-0.11956983804702759,-0.05586365461349488,0.23304471969604493,0.004946629051119089,-0.09419969469308853,-0.14579981565475464,
-0.1726387977600098,-0.07414063215255738,0.3009027481079102,0.05068642273545265,-0.1362110674381256,-0.12962111830711365,
-0.22519304752349856,-0.07521569728851318,0.3141312837600708,0.09935569018125534,-0.12615762650966644,-0.11823610216379166,
-0.23628382682800295,-0.06404121518135071,0.313565468788147,0.11107359826564789,-0.05045727640390396,-0.09060581028461456,
-0.2536026954650879,-0.07034320235252381,0.273507285118103,0.10075385123491287,0.019916757941246033,-0.048061806708574295,
-0.26844635009765627,-0.10541447401046754,0.18572683334350587,0.09103330969810486,0.0242443960160017,-0.03720942512154579,
-0.2633612394332886,-0.13122990131378173,0.20305092334747316,0.12106045335531235,-0.03387909755110741,-0.033680737018585205,
-0.27217745780944824,-0.14860737323760986,0.23368229866027834,0.1545497179031372,-0.10471918433904648,0.007132207043468952,
-0.3295299291610718,-0.1655458688735962,0.23654329776763916,0.19170081615447998,-0.12043183296918869,0.03935645520687103,
-0.32917461395263675,-0.19531428813934326,0.2710253715515137,0.24736088514328003,0.0012746306601911783,0.12724077701568604,
-0.3361588478088379,-0.19202237129211427,0.20189576148986818,0.22146163880825043,0.1436871737241745,0.1974150687456131,
-0.33342761993408204,-0.1636325240135193,0.10179665088653565,0.13837100565433502,0.2705867886543274,0.21918641030788422,
-0.20744969844818117,-0.09097810983657838,0.08602530360221863,0.19616161286830902,0.14235559105873108,0.2564706802368164,
-0.2042189121246338,-0.10976994037628174,0.23204143047332765,0.2827809154987335,0.08463156968355179,0.3016112446784973,
-0.11443769931793213,-0.11154178380966187,0.22150065898895266,0.24110139906406403,0.2327701449394226,0.3228479027748108,
0.04648401737213135,-0.07390755414962769,0.03239262104034424,0.22545531392097473,0.24515384435653687,0.3360971212387085,
0.33787279129028325,-0.022710375487804413,0.006331919133663178,0.28584250807762146,0.02198094129562378,0.22264645993709564,
0.5815159320831299,0.0029503634199500085,-0.022576238214969638,0.30375227332115173,-0.09253498911857605,0.07057996094226837,
0.7787227153778077,0.031062617897987366,-0.09707370400428772,0.2138039916753769,0.04009043797850609,-0.07635995000600815,
0.9119242668151856,0.12896169424057008,-0.4455187797546387,0.09642516821622849,0.2195209264755249,-0.1644439995288849,
0.7491986751556396,0.0962648630142212,-0.4310736179351807,0.03277561441063881,0.23237067461013794,-0.23455172777175903,
0.6242064476013184,0.07916549444198609,-0.31806862354278564,0.028248241171240807,0.0630602017045021,-0.33821526169776917,
0.5112812519073486,0.045877268910408026,-0.14965789318084718,0.013800593093037605,-0.022160954773426056,-0.39713770151138306,
0.2745866060256958,-0.05897858738899231,-0.08426934480667114,-4.784474731422961e-05,0.001940653775818646,-0.3864850699901581,
0.13180547952651978,-0.03681860864162445,-0.03405466973781586,0.030045876279473305,0.03196779638528824,-0.37137162685394287,
0.07189527153968811,-0.12370988130569459,0.027661365270614625,0.054546959698200226,0.030902530997991562,-0.3565244972705841,
-0.10019140243530274,-0.1269949793815613,0.017693471908569337,0.0688614547252655,0.006667764857411385,-0.3250992000102997,
-0.17220076322555544,-0.13018890619277954,-0.017425698041915894,0.04669063165783882,-0.003518826561048627,-0.2836204767227173,
-0.23130686283111573,-0.1440581798553467,-0.05973420143127442,0.0040800548158586025,-0.005782513413578272,-0.23754778504371643,
-0.33844449520111086,-0.14005483388900758,-0.07554242610931397,0.01313480269163847,-0.04113597795367241,-0.21890565752983093,
-0.3457547664642334,-0.14291818141937257,0.011342871189117433,0.04589168354868889,-0.10758185386657715,-0.19440457224845886,
-0.39318666458129886,-0.1508778214454651,0.05478244423866272,0.05774275213479996,-0.12875397503376007,-0.15805241465568542,
-0.4410768985748291,-0.19064592123031618,-0.003003971464931965,0.007741901557892561,-0.08387971669435501,-0.09347075968980789,
-0.44592080116271976,-0.20028743743896485,-0.05519562363624573,-0.002511268714442849,-0.028885435312986374,-0.05225834250450134,
-0.4459391593933106,-0.16892629861831665,-0.02354410141706467,0.024852516129612923,-0.007446945644915104,-0.01011420413851738,
-0.45084915161132816,-0.17592462301254275,0.021167887747287752,0.023587513715028763,0.022979669272899628,0.03569217026233673,
-0.44782395362854005,-0.17369482517242432,-0.011627307534217835,-0.004708573222160339,0.05027707293629646,0.10320330411195755,
-0.4891060829162598,-0.16881593465805056,-0.03325649797916413,-0.03473571687936783,0.06152892857789993,0.1894897222518921,
-0.5035593032836915,-0.15368525981903078,-0.03010872304439545,-0.01975543238222599,0.06951840966939926,0.2562685012817383,
-0.4314316272735596,-0.17513675689697267,0.022016848623752597,0.02784857153892517,0.03210099786520004,0.28682824969291687,
-0.35504310131073,-0.1976534962654114,0.09839161634445191,0.08657127618789673,0.0036717522889375687,0.3129938244819641,
-0.30486338138580327,-0.12681727409362795,0.07712446451187134,0.056877028197050095,0.028239412233233452,0.37584441900253296,
-0.2728804349899292,-0.11611138582229615,-0.052592146396636966,-0.006239891052246094,0.05327313020825386,0.4211847484111786,
-0.2073023557662964,-0.1278075456619263,-0.05619323253631592,0.01593092642724514,0.0751776248216629,0.4309718608856201,
0.06224021911621094,-0.1563901424407959,0.08481783270835877,0.03337462991476059,0.09348686039447784,0.4037410318851471,
0.22125258445739748,-0.15448278188705444,0.06598202586174011,0.07152441143989563,0.032234158366918564,0.3303709328174591,
0.3557756423950196,-0.09300840497016907,0.1543287515640259,0.06200361251831055,0.08183553069829941,0.28602930903434753,
0.4597204208374024,0.018400742113590243,0.11120065450668336,0.06453361362218857,0.12358058243989944,0.253339022397995,
0.7035187721252442,0.10483406782150269,0.08384228348731995,0.14516082406044006,0.07011762261390686,0.121579110622406,
0.7976431846618652,0.16559561491012575,0.06556663513183594,0.1458931863307953,0.03203441947698593,0.008727660402655602,
0.8000797271728516,0.2133779525756836,-0.07055660486221314,0.055545445531606674,0.03822626918554306,-0.10578826814889908,
0.6722193717956544,0.19362152814865113,-0.24906411170959475,0.01912671886384487,0.02184782549738884,-0.19773390889167786,
0.5196383476257325,0.15712544918060303,-0.15319995880126955,-0.012032265774905682,0.007133861538022757,-0.21697524189949036,
0.3395485639572144,0.10028140544891358,-0.14954371452331544,-0.0028445564676076174,-0.00012320875248406082,-0.22709564864635468,
0.20381124019622804,0.044338494539260864,-0.11594017744064332,0.016197044402360916,0.012127332389354706,-0.2219024896621704,
0.010239943861961365,-0.02703467905521393,-0.08107247352600098,-0.015561151318252087,0.044018685817718506,-0.20146271586418152,
-0.07088999152183532,-0.05241377949714661,-0.13877440690994264,-0.06476305425167084,0.05633580684661865,-0.19393928349018097,
-0.13843663930892944,-0.05964173674583435,-0.1477834701538086,-0.0789443850517273,0.029171563684940338,-0.19100981950759888,
-0.2730072021484375,-0.10288536548614502,-0.09671640992164612,-0.0771467536687851,-0.04033694416284561,-0.15452450513839722,
-0.3562243938446045,-0.10479917526245118,-0.07791523933410645,-0.0687577947974205,-0.05704827979207039,-0.11144787073135376,
-0.39690613746643066,-0.10181380510330201,-0.07414283752441407,-0.08553571254014969,-0.023559026420116425,-0.043537262827157974,
-0.4217822074890137,-0.09672118425369264,-0.10087453126907349,-0.10417784005403519,0.011195226572453976,0.0004714764654636383,
-0.4218573570251465,-0.07369620203971863,-0.14170215129852295,-0.13167497515678406,-0.0011218941072002053,0.04794232174754143,
-0.4196352958679199,-0.06261636018753051,-0.13759517669677734,-0.14179499447345734,-0.03813983500003815,0.09328263998031616,
-0.4250678062438965,-0.03682779371738434,-0.12209248542785645,-0.15977132320404053,-0.03221430256962776,0.13782401382923126,
-0.36366460323333744,-0.04773966073989869,-0.1305991530418396,-0.18453872203826904,0.008066012524068356,0.19861066341400146,
-0.2929976463317871,-0.058824563026428224,-0.12348440885543824,-0.18886636197566986,0.04728105664253235,0.20453619956970215,
-0.18880133628845217,-0.04979608952999115,-0.11612684726715089,-0.21416638791561127,0.06299370527267456,0.1854945868253708,
-0.03565701544284821,-0.020254221558570863,-0.1473015785217285,-0.26756277680397034,0.0010752137750387192,0.15986166894435883,
-0.02098096013069153,-0.01990686506032944,-0.13001480102539062,-0.27608489990234375,-0.12542493641376495,0.15220507979393005,
0.008961079269647598,-0.05467815399169922,-0.07003164291381836,-0.24545852839946747,-0.21683794260025024,0.14028742909431458,
0.17992961406707764,-0.04950821697711945,-0.009358641505241395,-0.2710248827934265,-0.18361499905586243,0.12144556641578674,
0.2792060375213623,-0.021996670961380006,-0.10658249855041504,-0.36037418246269226,-0.0858769416809082,0.06292209029197693,
0.3664637088775635,0.0024041784927248955,-0.13136857748031616,-0.3749549984931946,-0.08514457195997238,0.0021354379132390022,
