0.26072790622711184,-0.1060918927192688,-0.2739168643951416,-0.6100485324859619,-0.10242074728012085,0.2944302558898926,
0.3763379812240601,-0.19099016189575196,-0.17416620254516602,-0.6011935472488403,0.02767467126250267,0.20508120954036713,
0.4185951709747315,-0.10990767478942871,0.03176368772983551,-0.47436049580574036,0.08280210942029953,0.09475976228713989,
0.47661881446838383,-0.01954920440912247,0.07467544674873353,-0.42329439520835876,0.05330759659409523,-0.007106153294444084,
0.464982557296753,0.0025210369378328326,0.04788430035114288,-0.40252313017845154,-0.016467157751321793,-0.11023963987827301,
0.45481219291687014,0.01838492751121521,0.09749248027801515,-0.35918018221855164,-0.11913201957941055,-0.20431581139564514,
0.4541967391967774,0.02986922860145569,0.1865466117858887,-0.3112432658672333,-0.19310133159160614,-0.2860082685947418,
0.3724097728729248,0.0034109324216842654,0.24736220836639405,-0.26310664415359497,-0.22572505474090576,-0.36150890588760376,
0.31378557682037356,-0.02976062297821045,0.249688458442688,-0.24020345509052277,-0.21134397387504578,-0.40105682611465454,
0.25281093120574955,-0.06403108835220338,0.3025979280471802,-0.18933707475662231,-0.1844460517168045,-0.4202316105365753,
0.10213507413864137,-0.10470303297042848,0.3238476991653443,-0.14759202301502228,-0.14030414819717407,-0.4196323752403259,
0.04124773740768433,-0.12843302488327027,0.3360992670059204,-0.09126617759466171,-0.13218151032924652,-0.4196989834308624,
-0.011762717366218568,-0.1374582052230835,0.36833949089050294,-0.029281100258231163,-0.15415258705615997,-0.43734240531921387,
-0.1342405080795288,-0.16173901557922366,0.29263479709625245,-0.004846595693379641,-0.13644257187843323,-0.42995214462280273,
-0.21404726505279542,-0.17538825273513795,0.24564085006713868,0.0036089413333684206,-0.08677460998296738,-0.36736786365509033,
-0.3114065647125244,-0.1569693684577942,0.25209167003631594,0.051945317536592484,-0.01939663477241993,-0.2630385160446167,
-0.3435339450836182,-0.12168731689453126,0.19248359203338625,0.07544770836830139,0.05190950259566307,-0.16044023633003235,
-0.3279917240142822,-0.13059532642364502,0.14788957834243774,0.07824403047561646,0.09025903046131134,-0.09006619453430176,
-0.34074680805206303,-0.11692261695861816,0.14579317569732667,0.10867064446210861,0.0923895537853241,-0.01543110329657793,
-0.3207910776138306,-0.10089844465255737,0.09601188898086549,0.1259811967611313,0.11136458069086075,0.04815186932682991,
-0.3231644630432129,-0.09561488628387452,0.05468934774398804,0.1284446269273758,0.12334880232810974,0.10434456914663315,
-0.32434413433074955,-0.08153110146522523,0.050754040479660034,0.14315858483314514,0.1092340499162674,0.1642656922340393,
-0.29435756206512453,-0.06896554827690125,0.035073527693748476,0.1345698982477188,0.09471981972455978,0.20128363370895386,
-0.2064236640930176,-0.04995428621768952,-0.03281526565551758,0.09062641113996506,0.08127091825008392,0.23164121806621552,
-0.1914404034614563,-0.04923695921897889,0.012446730583906175,0.07531323283910751,0.07947328686714172,0.2940257787704468,
-0.17040005922317505,-0.05103598833084107,0.07261433601379395,0.1034761592745781,0.07581143826246262,0.3440932035446167,
-0.09109208583831788,-0.046291932463645935,0.12329796552658082,0.14661937952041626,0.0763440728187561,0.3693932294845581,
-0.03173782825469971,-0.02316349744796753,0.10573666095733643,0.17365045845508575,0.07161696255207062,0.392229825258255,
0.029918918013572694,-0.01257885992527008,0.08405116200447083,0.18523520231246948,0.07820828258991241,0.41846197843551636,
0.08069902658462524,-0.003661162778735161,0.0746537208557129,0.18916337192058563,0.08546540141105652,0.4360388517379761,
0.3078634262084961,0.022542963922023776,0.17751910686492922,0.2955566346645355,0.03533139079809189,0.4367712140083313,
0.5143300056457519,-0.010808762907981873,0.20858581066131593,0.3543459177017212,0.0359971784055233,0.3356376588344574,
0.7740253448486328,0.014362132549285889,0.09486266374588014,0.3423616886138916,0.11462701112031937,0.12724530696868896,
0.8105927467346192,0.07214550375938415,0.08406277894973756,0.39429333806037903,0.06362747400999069,-0.028949089348316193,
0.849244499206543,0.030802375078201296,0.06789827942848206,0.4478894770145416,0.023746639490127563,-0.20032350718975067,
0.834417724609375,-0.014134150743484498,0.0050325397402048114,0.4544142186641693,-0.05621477589011192,-0.3847474157810211,
0.7004019737243653,-0.10324560403823853,-0.0730543315410614,0.429779976606369,-0.10974431037902832,-0.49446967244148254,
0.3579904079437256,-0.18854151964187624,-0.16296107769012452,0.3810441195964813,-0.13184854388237,-0.6187061071395874,
0.19624682664871218,-0.23884832859039307,-0.18373637199401857,0.33237484097480774,-0.08397822827100754,-0.6462032794952393,
0.058648842573165896,-0.27277748584747313,-0.2312161922454834,0.27178794145584106,-0.03644080460071564,-0.6434735059738159,
-0.12105952501296997,-0.29425435066223143,-0.2472242832183838,0.201014444231987,0.03666296973824501,-0.6233000755310059,
-0.16837443113327027,-0.29869585037231444,-0.23211185932159425,0.15440912544727325,0.04165639728307724,-0.5854166150093079,
-0.23248741626739503,-0.3165717840194702,-0.21917355060577393,0.12012092024087906,0.05783510208129883,-0.5315541625022888,
-0.29804310798645023,-0.28752875328063965,-0.21781046390533448,0.06386282294988632,0.0899927169084549,-0.42409342527389526,
-0.3068370819091797,-0.2811191320419312,-0.20727481842041018,0.01925487257540226,0.1051061600446701,-0.3299506902694702,
-0.3100298404693604,-0.28316335678100585,-0.18789943456649782,0.007137490436434746,0.08440008014440536,-0.2589108645915985,
-0.2982181549072266,-0.22526116371154786,-0.18291736841201783,-0.024687286466360092,0.05217582732439041,-0.15697836875915527,
-0.3006701707839966,-0.2087268352508545,-0.19393171072006227,-0.05278363451361656,0.039991866797208786,-0.06856142729520798,
-0.30591056346893314,-0.1863551139831543,-0.17716087102890016,-0.06037364527583122,0.029139483347535133,0.01173288282006979,
-0.25927414894104006,-0.16725515127182009,-0.1598555684089661,-0.06696496903896332,0.010697092860937119,0.09322561323642731,
-0.23006045818328857,-0.1495022177696228,-0.1538826823234558,-0.06822996586561203,0.001509187277406454,0.14116251468658447,
-0.19195096492767336,-0.1327540397644043,-0.15508276224136353,-0.07908234745264053,-0.01986268162727356,0.17545071244239807,
-0.16270257234573365,-0.07775610089302064,-0.17009305953979492,-0.11816424131393433,-0.032645855098962784,0.2130012810230255,
-0.14395077228546144,-0.07719416022300721,-0.15822956562042237,-0.16776561737060547,-0.032779011875391006,0.25727635622024536,
-0.11533685922622681,-0.08579783439636231,-0.1257447123527527,-0.15491586923599243,-0.03051532618701458,0.28364163637161255,
-0.048083484172821045,-0.06376091837882995,-0.05925463438034058,-0.1384708434343338,-0.029716378077864647,0.27831533551216125,
-0.037633451819419864,-0.05323037505149841,-0.0746537208557129,-0.14179980754852295,-0.03497612103819847,0.28197717666625977,
-0.022921045124530793,-0.016624361276626587,-0.05569476485252381,-0.12089397758245468,-0.054017722606658936,0.2881690263748169,
0.012082579731941224,0.015531125664711,-0.030028235912323,-0.11596713215112686,-0.058278780430555344,0.3064116835594177,
0.05473563075065613,0.07302890419960022,-0.08407858610153199,-0.1775527447462082,-0.030182430520653725,0.32405510544776917,
0.05666525959968567,0.1216292142868042,-0.5110971927642822,-0.278752863407135,-0.16234180331230164,0.33603933453559875,
0.3287904024124146,0.18432167768478394,0.34633066654205324,-0.06470323354005814,-0.04502946138381958,0.3140646517276764,
0.6000589847564698,0.12353132963180542,0.2696794271469116,0.043554265052080154,0.17175185680389404,0.08250278979539871,
0.6301658153533936,0.16399836540222168,0.29854373931884765,0.144354909658432,0.1571044623851776,-0.040601830929517746,
0.38097493648529057,0.16279605627059937,0.21329903602600098,0.22837764024734497,0.12434758991003036,-0.12668852508068085,
0.28060374259948734,0.13498250246047974,0.056489324569702154,0.23137369751930237,0.12428101152181625,-0.1859438568353653,
0.2160360336303711,0.09946783781051637,-0.046766602993011476,0.218923419713974,0.14591918885707855,-0.22236259281635284,
0.15148335695266724,0.06705347895622253,-0.06338820457458497,0.24289187788963318,0.15390866994857788,-0.25432050228118896,
0.032409435510635375,-0.01528715491294861,-0.14605265855789185,0.2285107970237732,0.15657183527946472,-0.280352920293808,
-0.01064203679561615,-0.04711105823516846,-0.22697157859802247,0.1797749549150467,0.16556000709533691,-0.28321579098701477,
-0.09036680459976197,-0.04498103857040406,-0.2518824815750122,0.1496812403202057,0.14278997480869293,-0.24872788786888123,
-0.14796850681304932,-0.05015649795532227,-0.23498730659484865,0.12977410852909088,0.1312052309513092,-0.22762233018875122,
-0.16350818872451783,-0.06128680109977722,-0.2769094705581665,0.07484641671180725,0.11236336082220078,-0.19100385904312134,
-0.17543286085128784,-0.07811923027038575,-0.28363163471221925,0.04288847744464874,0.10617151111364365,-0.169099360704422,
-0.18248591423034669,-0.10213972330093385,-0.27678747177124025,0.013726862147450447,0.09465333819389343,-0.12009719014167786,
-0.2422224521636963,-0.10193707942962647,-0.2913442850112915,-0.04486268386244774,0.09718334674835205,-0.04705999791622162,
-0.24666929244995117,-0.10733574628829956,-0.31201982498168945,-0.14200149476528168,0.08340148627758026,0.044486165046691895,
-0.27301290035247805,-0.054691481590271,-0.30438621044158937,-0.21423973143100739,0.049845654517412186,0.10986676812171936,
-0.19028735160827637,-0.09282128214836122,-0.20932304859161377,-0.2444666177034378,-0.012605472467839718,0.1539420783519745,
-0.14653620719909669,-0.10818854570388795,-0.1612906813621521,-0.22202947735786438,-0.07871844619512558,0.16872262954711914,
-0.11571645736694336,-0.11792941093444825,-0.11290103197097778,-0.1589791476726532,-0.1414358913898468,0.17111946642398834,
-0.07266106009483338,-0.12160687446594239,-0.09370262026786805,-0.14799360930919647,-0.16174249351024628,0.18916238844394684,
-0.08843629360198975,-0.1127435564994812,-0.25240015983581543,-0.25418713688850403,-0.14762774109840393,0.246087446808815,
-0.09231553077697754,-0.13718912601470948,-0.20782277584075928,-0.28448060154914856,-0.1486930102109909,0.31033623218536377,
-0.11661847829818726,-0.1328430414199829,-0.12599873542785645,-0.24899399280548096,-0.1992930769920349,0.34402522444725037,
0.042763182520866395,-0.14642680883407594,-0.12790085077285768,-0.23041844367980957,-0.24563206732273102,0.3273804783821106,
0.06886364817619324,-0.11234639883041382,-0.21463441848754883,-0.3029229938983917,-0.2190004587173462,0.3437589108943939,
0.08859081864356995,-0.09556148648262025,-0.2550466060638428,-0.3563859462738037,-0.1540859043598175,0.3705902695655823,
0.08668261766433716,-0.06651250720024109,-0.18986353874206544,-0.3310193419456482,-0.12725456058979034,0.3749178946018219,
0.28452315330505373,-0.04826937019824982,-0.11774386167526246,-0.33321645855903625,-0.1113421767950058,0.3028793931007385,
0.37293801307678226,-0.025192740559577945,-0.17100577354431154,-0.38428255915641785,-0.08357872068881989,0.21512821316719055,
0.39805002212524415,0.013287149369716644,-0.1469980239868164,-0.38501492142677307,-0.0650031715631485,0.1607331484556198,
0.38860018253326417,0.030119100213050844,-0.034715881943702696,-0.3573846220970154,-0.08757346123456955,0.10374150425195694,
0.4305635452270508,0.04372503459453583,-0.07049463987350464,-0.42356419563293457,-0.10921164602041245,0.023780088871717453,
0.49555597305297855,0.005110106617212296,-0.07656412720680238,-0.47216686606407166,-0.07499002665281296,-0.054916322231292725,
