0.0045809589326381685,-0.018211837112903594,-0.18827152252197266,-0.3016454577445984,-0.1187017410993576,0.11633030325174332,
0.13792362213134765,-0.032945895195007326,-0.11228122711181641,-0.2529762089252472,-0.28142088651657104,0.059671543538570404,
0.19550162553787231,-0.03645485043525696,0.038670319318771365,-0.20930036902427673,-0.290875107049942,0.027713613584637642,
0.355651068687439,0.03263472616672516,-0.0015904489904642106,-0.2531093657016754,-0.049060072749853134,-0.013232488185167313,
0.38555967807769775,0.07416003942489624,-0.07566724419593812,-0.2904601991176605,0.011793156154453754,-0.06862623989582062,
0.3706202030181885,0.05768522024154663,-0.045311379432678225,-0.23273618519306183,-0.12156464159488678,-0.11163629591464996,
0.27261369228363036,0.03194641768932343,0.1752100229263306,-0.18246902525424957,-0.1487288773059845,-0.16942688822746277,
0.2809770584106445,0.05505629181861878,0.10303232669830323,-0.22880803048610687,-0.06257561594247818,-0.19952060282230377,
0.1814113974571228,-0.006319934874773026,0.1652245283126831,-0.11755446344614029,-0.14713098108768463,-0.18667085468769073,
0.09215720891952515,-0.055277812480926516,0.384507417678833,0.02632281556725502,-0.15072624385356903,-0.16370108723640442,
0.05134263634681702,-0.03132603168487549,0.4506319046020508,0.0008230478852055967,-0.0500587597489357,-0.17002609372138977,
0.028211987018585207,0.042200767993927,0.11817159652709962,-0.056035444140434265,-0.10698383301496506,-0.20824246108531952,
-0.011006149649620057,0.024097934365272522,0.1758652448654175,-0.00869775377213955,-0.25305822491645813,-0.23047985136508942,
-0.04052482843399048,0.015822790563106537,0.26505317687988283,0.009212004952132702,-0.2239631712436676,-0.23720432817935944,
-0.07323551177978516,0.017079074680805207,0.15368734598159792,-0.019616713747382164,-0.03214900195598602,-0.18933402001857758,
-0.13210904598236084,-0.016288796067237855,0.1295761227607727,0.015004380606114864,-0.005983444396406412,-0.1467234343290329,
-0.18525328636169436,-0.051987648010253906,0.1841195583343506,0.07732235640287399,-0.11430752277374268,-0.12941288948059082,
-0.23597753047943115,-0.06702377200126648,0.2574492454528809,0.10162369906902313,-0.1607796847820282,-0.10670944303274155,
-0.24921703338623047,-0.06356590390205384,0.19456086158752442,0.09569711238145828,-0.11370807886123657,-0.07834883779287338,
-0.26751360893249515,-0.07875876426696778,0.1710247039794922,0.1403050571680069,-0.07575803250074387,-0.041464053094387054,
-0.32473554611206057,-0.1298415780067444,0.2731667757034302,0.22139832377433777,-0.01903270184993744,0.05567474663257599,
-0.36247053146362307,-0.13997139930725097,0.2318500280380249,0.21820253133773804,0.004736011847853661,0.09795243293046951,
-0.35596413612365724,-0.13483657836914062,0.18025623559951784,0.2064846158027649,0.04548237845301628,0.09582190215587616,
-0.20131499767303468,-0.09857587814331055,0.13933176994323732,0.22559280693531036,0.1064021959900856,0.10953718423843384,
-0.19028537273406984,-0.11667373180389405,0.1451403856277466,0.2536225914955139,0.17424622178077698,0.18071016669273376,
-0.1316562294960022,-0.11032527685165405,0.05626115798950196,0.2445012480020523,0.18376702070236206,0.210337832570076,
-0.051480263471603394,-0.07787882685661317,0.038428503274917605,0.21467383205890656,0.20520547032356262,0.18304044008255005,
0.0675366759300232,-0.03551141917705536,-0.015902598202228547,0.20448724925518036,0.21299521625041962,0.17358621954917908,
0.14968684911727906,-0.006475941836833954,-0.05996124148368836,0.23344913125038147,0.2291739135980606,0.18497122824192047,
0.2968500852584839,0.021812771260738373,-0.03982134461402893,0.2198004275560379,0.2605326473712921,0.12631510198116302,
0.4568973541259766,0.06800014972686767,-0.13370755910873414,0.1662043035030365,0.1533403992652893,-0.012036123313009739,
0.6141694068908692,0.13693233728408813,-0.23073031902313235,0.14643032848834991,0.030834991484880447,-0.14792391657829285,
0.5934751033782959,0.13950984477996828,-0.22587592601776124,0.10821397602558136,0.11066325008869171,-0.21843110024929047,
0.4733601570129395,0.09010961055755616,-0.28954420089721683,0.08471157401800156,0.13909249007701874,-0.27262642979621887,
0.4016758441925049,0.04323596358299256,-0.2500309944152832,0.05634890869259834,0.057666338980197906,-0.33201491832733154,
0.2704876184463501,0.0088833250105381,-0.20531861782073976,0.03670809790492058,-0.05538485199213028,-0.3798186779022217,
0.1814055919647217,-0.03795948922634125,-0.16884205341339112,0.042235009372234344,-0.07289532572031021,-0.3806159496307373,
0.004932327568531037,-0.09692339301109315,-0.09710937142372132,0.01879918947815895,0.0024055568501353264,-0.3425993323326111,
-0.07981552481651306,-0.11856919527053833,-0.12262880802154541,0.022793930023908615,0.037625860422849655,-0.32435667514801025,
-0.11729712486267091,-0.13034473657608034,-0.08969946503639221,0.024591563269495964,0.033764276653528214,-0.29486215114593506,
-0.23386950492858888,-0.15471370220184327,-0.07558597326278688,0.03311368077993393,0.02297847531735897,-0.24419552087783813,
-0.2758723974227905,-0.14809335470199586,-0.08513990044593811,0.02053024433553219,0.018251365050673485,-0.2126370668411255,
-0.32049083709716797,-0.1406507134437561,-0.0885925829410553,-0.0029055741615593433,-0.006715769879519939,-0.16023936867713928,
-0.35707874298095704,-0.14393893480300904,-0.07624383568763733,-0.001374256331473589,-0.022495001554489136,-0.11962616443634033,
-0.37399437427520754,-0.1558185935020447,-0.059991085529327394,0.009544705040752888,-0.02216210588812828,-0.0839398056268692,
-0.3828560590744019,-0.17007620334625245,-0.05079830884933472,-0.003238469362258911,-0.030417904257774353,-0.019091829657554626,
-0.39332180023193364,-0.16388074159622193,-0.056720370054244997,-0.01409085001796484,-0.04839424416422844,0.025316383689641953,
-0.40020256042480473,-0.1577284336090088,-0.052142333984375004,0.009877599775791168,-0.06310820579528809,0.049284834414720535,
-0.3736355781555176,-0.18020856380462646,0.02315803170204163,0.04762791097164154,-0.02835395559668541,0.10634306073188782,
-0.3689853668212891,-0.18071749210357668,0.0014922157861292362,0.011342338286340237,0.040821656584739685,0.17032551765441895,
-0.36352224349975587,-0.17975131273269654,-0.04826118052005768,-0.034197717905044556,0.07171432673931122,0.22145821154117584,
-0.37148895263671877,-0.16343021392822266,-0.00927225723862648,0.0588131882250309,-0.02469210885465145,0.25827640295028687,
-0.34706878662109375,-0.18118944168090823,0.11119590997695923,0.0756576806306839,-0.02462552860379219,0.3104077875614166,
-0.3244608163833618,-0.1568934679031372,-0.03749094307422638,-0.0025060998741537333,0.01858426071703434,0.3932986855506897,
-0.2903057098388672,-0.15007615089416504,-0.06408413648605348,0.03258150815963745,-0.0321490615606308,0.40302011370658875,
-0.11654889583587646,-0.17215002775192262,0.13714148998260497,0.14143821597099304,0.006400196813046932,0.44389963150024414,
0.2728245496749878,-0.13007503747940063,-0.0034998252987861636,0.09716316312551498,0.08616186678409576,0.40368589758872986,
0.5030908107757569,-0.049470776319503786,-0.0034378144890069963,0.08484604209661484,0.08496344834566116,0.28018179535865784,
0.5950160503387452,0.02635089457035065,0.006826283782720566,0.09010578691959381,0.12204796820878983,0.2138690948486328,
0.6408870697021485,0.11403449773788453,0.03536239564418793,0.15395507216453552,0.2127286046743393,0.12105792760848999,
0.6438439369201661,0.1435699224472046,0.0004746088292449713,0.16960114240646362,0.2818376421928406,0.054412320256233215,
0.5431291103363037,0.18350406885147097,-0.17799440622329712,0.1195337176322937,0.23543205857276917,-0.049517542123794556,
0.47892212867736816,0.1661027193069458,-0.17479274272918702,0.09703000634908676,0.0900234505534172,-0.13926607370376587,
0.2748720645904541,0.12029002904891968,-0.20737600326538086,0.040903884917497635,-0.009046138264238834,-0.20011930167675018,
0.21255528926849365,0.09622772932052613,-0.17342578172683717,0.021396229043602943,0.017452316358685493,-0.2375367283821106,
0.11610002517700196,0.0598301649093628,-0.15181453227996827,-0.002305904868990183,0.06991658359766006,-0.22581881284713745,
-0.05300421714782715,-0.01899911016225815,-0.14358574151992798,-0.024343563243746758,0.07930423319339752,-0.20477983355522156,
-0.11263749599456788,-0.02179524451494217,-0.11078284978866577,-0.002372483955696225,0.04588156193494797,-0.19412720203399658,
-0.17884098291397096,-0.03881492018699646,-0.17801393270492555,-0.018551187589764595,0.057599470019340515,-0.16203610599040985,
-0.19925988912582399,-0.04848407208919525,-0.22785909175872804,-0.057366758584976196,0.08669450134038925,-0.1183602586388588,
-0.2466378450393677,-0.07966780066490174,-0.2127640962600708,-0.08473073691129684,0.0737781673669815,-0.07248730957508087,
-0.2412583827972412,-0.08117085099220277,-0.1959580421447754,-0.09658180922269821,0.043751031160354614,-0.055909134447574615,
-0.2427738904953003,-0.08265209197998047,-0.20048508644104004,-0.12054862827062607,0.03356407582759857,-0.031005360186100006,
-0.24608626365661623,-0.08426548242568971,-0.20378162860870364,-0.15723367035388947,0.0409543476998806,0.005746263079345226,
-0.248797082901001,-0.08506879806518555,-0.1805534839630127,-0.17088235914707184,0.041353821754455566,0.028582867234945297,
-0.23029508590698244,-0.07579021453857422,-0.16433874368667603,-0.18007026612758636,0.01845063641667366,0.06500159949064255,
-0.21269071102142334,-0.07062923908233643,-0.15617910623550416,-0.17980395257472992,0.007398517802357674,0.09323111176490784,
-0.18713891506195068,-0.06125996112823487,-0.14829623699188232,-0.1857294887304306,0.011526417918503284,0.10894376039505005,
-0.1415838837623596,-0.05351397395133972,-0.17478991746902467,-0.21848636865615845,0.012857998721301556,0.1320466846227646,
-0.11140407323837281,-0.05797785520553589,-0.1506768822669983,-0.22694191336631775,-0.02236230857670307,0.14935722947120667,
-0.05882118344306946,-0.06934734582901002,-0.09916335940361024,-0.21662215888500214,-0.06330841034650803,0.15182065963745117,
0.10968255996704102,-0.029434961080551148,-0.09837483763694764,-0.2547719478607178,-0.08934080600738525,0.10375059396028519,
0.1718261480331421,-0.015065619349479677,-0.08518208265304567,-0.2951188385486603,-0.10904820263385773,0.0641360729932785,
