-0.11530886888504029,-0.035669085383415226,-0.24313037395477297,-0.216889888048172,-0.0810181275010109,0.24762505292892456,
0.013306927680969239,-0.035407713055610655,-0.22501676082611086,-0.2084343582391739,-0.15159189701080322,0.2213929146528244,
0.14749603271484377,-0.04460623860359192,-0.1274648666381836,-0.18160299956798553,-0.08115129172801971,0.1996881514787674,
0.47628455162048344,-0.020683982968330385,0.003078954294323921,-0.1888611763715744,0.06951729208230972,0.15647630393505096,
0.6288084030151367,0.0014466995373368264,0.05709367394447327,-0.1280745267868042,-0.033080991357564926,-0.02848023921251297,
0.6988268375396729,0.033170548081398014,0.19205307960510254,-0.11342713236808777,-0.11550582945346832,-0.12994667887687683,
0.5005303382873535,0.0923270583152771,0.12374258041381836,-0.11735529452562332,-0.05079101398587227,-0.1593080312013626,
0.34569702148437503,0.10124987363815308,0.0902927577495575,-0.08566367626190186,0.011793273501098156,-0.16743066906929016,
0.23380365371704104,0.08192749619483948,0.1357991099357605,-0.06662207096815109,-0.03940599784255028,-0.19219806790351868,
0.08606811165809632,0.025465697050094604,0.15147268772125244,-0.05543679744005203,-0.13175112009048462,-0.2236899584531784,
0.02978089153766632,0.00804261937737465,0.15546480417251587,-0.04704784229397774,-0.11737003922462463,-0.2147017866373062,
-0.03714169263839722,-0.00955764427781105,0.1404473900794983,-0.04525020718574524,-0.03794126212596893,-0.18906885385513306,
-0.1319995641708374,-0.04469967782497406,0.1340064883232117,-0.013558588922023773,-0.011043333448469639,-0.1610390841960907,
-0.18090087175369263,-0.06037626266479493,0.1773351311683655,0.004218011163175106,-0.05332101508975029,-0.14512670040130615,
-0.22665903568267823,-0.07077028155326844,0.1775824546813965,0.023991981521248817,-0.10278923809528351,-0.13021299242973328,
-0.2902488946914673,-0.10247564315795898,0.20018250942230226,0.04543042927980423,-0.07209630310535431,-0.08633741736412048,
-0.34032487869262695,-0.12216043472290039,0.19968641996383668,0.08451232314109802,0.005867739673703909,0.000747954472899437,
-0.391766095161438,-0.1253710150718689,0.20195374488830567,0.1012236624956131,0.0591309629380703,0.0639980286359787,
-0.40082683563232424,-0.10756022930145265,0.16023573875427247,0.09789470583200455,0.04075515270233154,0.10787361860275269,
-0.38113558292388916,-0.10219775438308716,0.1595376253128052,0.12838789820671082,0.014922487549483776,0.14895287156105042,
-0.3371513605117798,-0.1016165852546692,0.20467219352722169,0.17299585044384003,0.09921153634786606,0.21366769075393677,
-0.2637062072753906,-0.09320530891418458,0.22178556919097903,0.20282325148582458,0.18516506254673004,0.24968692660331726,
0.017202658951282503,-0.06562466025352479,0.16391738653182986,0.24070869386196136,0.19082383811473846,0.25854581594467163,
0.21448812484741211,-0.0492083877325058,0.11321157217025757,0.21674025058746338,0.06512262672185898,0.1235235333442688,
0.49575462341308596,-0.015565022826194763,-0.02764006555080414,0.1740630865097046,0.0037367662880569696,-0.011565308086574078,
0.7952950954437257,0.14433459043502808,-0.25152268409729006,0.11886907368898392,0.1175869032740593,-0.12401729077100754,
0.8184355735778809,0.21439423561096194,-0.3264925241470337,0.10874906182289124,0.11485715955495834,-0.23234136402606964,
0.7722615718841553,0.21800661087036133,-0.28971548080444337,0.10448800772428513,-0.027488797903060913,-0.3584420382976532,
0.6807990550994873,0.14359800815582277,-0.21152074337005616,0.0682024359703064,-0.08721018582582474,-0.4149676263332367,
0.37020134925842285,-0.0233079731464386,-0.23961522579193117,0.006017619743943214,0.00413624057546258,-0.42854973673820496,
0.21413683891296387,-0.08240242600440979,-0.23071129322052003,0.018135003745555878,0.046946559101343155,-0.4089755117893219,
0.055028289556503296,-0.1366602897644043,-0.1258805274963379,0.053022414445877075,0.01492204237729311,-0.3715580999851227,
-0.22335512638092042,-0.2300564765930176,-0.01254442036151886,0.057882681488990784,-0.009579040110111237,-0.3266172707080841,
-0.3045928716659546,-0.24181125164031983,-0.052327150106430055,0.035578709095716476,-0.0035203478764742613,-0.28360721468925476,
-0.3659249305725098,-0.2452937364578247,-0.09769938588142396,0.012675522826611996,-0.0017892932519316673,-0.22135582566261292,
-0.4379119396209717,-0.26003916263580323,-0.10425829887390137,-0.006099763326346874,-0.012441937811672688,-0.17215391993522644,
-0.4836941242218018,-0.26227469444274903,-0.021575215458869937,-0.013889509253203869,-0.034413017332553864,-0.11542859673500061,
-0.5369266986846924,-0.2816269874572754,-0.0038891613483428957,-0.01801740936934948,-0.05032540485262871,-0.05137956887483597,
-0.6044016838073731,-0.30449991226196294,0.014828754961490631,-0.006499237380921841,-0.06663727015256882,0.03497343510389328,
-0.6330408096313477,-0.33430707454681396,0.07804211378097535,0.018135003745555878,-0.05685014650225639,0.13717223703861237,
-0.6230020999908448,-0.3567358732223511,0.06397178769111633,0.017469214275479317,0.010794143192470074,0.22552260756492615,
-0.6454265594482422,-0.39076654911041264,0.03880131840705872,-0.0027708117850124836,0.011859407648444176,0.32678931951522827,
-0.6213351249694825,-0.46470484733581546,0.24284610748291016,0.04989247769117355,-0.10012635588645935,0.4094124734401703,
-0.5027647018432617,-0.45789284706115724,0.2484966278076172,0.12246361374855042,-0.10651794075965881,0.4697330594062805,
-0.3742428779602051,-0.41564259529113773,0.12246434688568116,0.1439686417579651,0.11179468780755997,0.6058871746063232,
-0.19262566566467287,-0.36621780395507814,-0.033582073450088505,0.1030891165137291,0.21705614030361176,0.7103496789932251,
0.7516504287719727,-0.15417433977127076,-0.16763989925384523,0.02639007940888405,0.14428526163101196,0.5470313429832458,
1.13270902633667,0.009476834535598756,-0.15152193307876588,-0.0013067973777651787,0.08063570410013199,0.32425788044929504,
1.217360496520996,0.1420128107070923,-0.08998458981513978,0.033713772892951965,0.11538995802402496,0.18710508942604065,
1.108981227874756,0.26955223083496094,-0.06780840158462524,0.06833486258983612,0.14262078702449799,0.0496194064617157,
0.9735024452209473,0.2571236610412598,-0.05987963676452637,0.10322227329015732,0.06738647818565369,-0.0791444405913353,
0.7902228832244873,0.23951683044433594,-0.159382164478302,0.08218330144882202,-0.011376510374248028,-0.18587061762809753,
0.5857944965362549,0.21036205291748047,-0.24094319343566895,0.02452586591243744,-0.0035201848950237036,-0.24852149188518524,
0.2146718740463257,0.09707806706428529,-0.29480645656585697,-0.042053163051605225,0.005001930985599756,-0.2842744290828705,
0.04755810797214508,0.009643051773309708,-0.19052029848098756,-0.0431184284389019,-0.039139967411756516,-0.2910654842853546,
-0.09534954428672791,-0.05850797891616821,-0.08579697608947755,-0.03173341229557991,-0.06004578247666359,-0.25944045186042786,
-0.3048582553863526,-0.11971265077590942,-0.06601198911666871,-0.03253236040472984,-0.025291526690125465,-0.18846720457077026,
-0.34947216510772705,-0.12007160186767579,-0.08841598033905029,-0.05117448791861534,0.024176690727472305,-0.12741422653198242,
-0.37047967910766605,-0.11483026742935182,-0.11887370347976685,-0.07714031636714935,0.02577458880841732,-0.08467049896717072,
-0.3855172634124756,-0.11393303871154786,-0.10870273113250734,-0.09178770333528519,-0.014172829687595367,-0.05151413753628731,
-0.40382094383239747,-0.1407560110092163,-0.09236799478530884,-0.10876535624265671,-0.03674312308430672,0.0004840819165110588,
-0.40369548797607424,-0.15085830688476565,-0.09119228124618531,-0.12627452611923218,-0.015238345600664616,0.04875606298446655,
-0.40158948898315433,-0.17020726203918457,-0.09762082099914551,-0.14245322346687317,0.00014140976418275386,0.09709244221448898,
-0.43380436897277835,-0.17822633981704714,-0.05358942747116089,-0.14105506241321564,-0.03081783838570118,0.1699964702129364,
-0.3852347135543823,-0.15608140230178835,-0.051304185390472413,-0.1330655813217163,-0.06337498873472214,0.20761363208293915,
-0.3522528171539307,-0.13738760948181153,-0.060022711753845215,-0.12687373161315918,-0.08015289902687073,0.25395262241363525,
-0.19885674715042115,-0.052165114879608156,-0.13768078088760377,-0.14038927853107452,-0.08760975301265717,0.30388689041137695,
-0.03752042353153229,-0.018315376341342927,-0.17062189579010012,-0.17920485138893127,-0.12283005565404892,0.30808135867118835,
0.18670483827590945,-0.00900871455669403,-0.21410131454467773,-0.2587668001651764,-0.2719005048274994,0.22219443321228027,
0.730163049697876,0.03472398221492767,-0.06468392610549926,-0.27115049958229065,-0.3332863748073578,0.06666582077741623,
