0.35411036014556885,0.010731250792741776,-0.07468554377555847,-0.3091661036014557,-0.029752783477306366,0.10029028356075287,
0.5005763053894043,0.0028225893154740335,0.1829306721687317,-0.28126949071884155,-0.12063316255807877,-0.0005769450217485428,
0.5400619983673096,0.012252765148878098,0.23519053459167483,-0.237660214304924,-0.1141749918460846,-0.11908761411905289,
0.45531663894653324,0.023796676099300387,0.24218318462371827,-0.2126958966255188,-0.036676373332738876,-0.14059816300868988,
0.3410983085632324,0.005113482475280762,0.2426698684692383,-0.18606428802013397,0.0032044616527855396,-0.15145054459571838,
0.2348963975906372,0.003990583121776581,0.2943529844284058,-0.14005817472934723,-0.031216897070407867,-0.2063116580247879,
0.15147374868392946,-0.0031985677778720856,0.3126566886901856,-0.10024391859769821,-0.08394748717546463,-0.22768352925777435,
0.07757096290588379,-0.007592865079641343,0.3045951366424561,-0.062427032738924026,-0.09446697682142258,-0.23194459080696106,
-0.043343922495841986,-0.021387058496475223,0.2648773193359375,-0.03206699341535568,-0.054120078682899475,-0.22688458859920502,
-0.1176577091217041,-0.04051728248596192,0.22807848453521729,-0.015488814562559128,-0.03820769116282463,-0.1949266493320465,
-0.16796056032180787,-0.05131126642227173,0.23580758571624758,0.009877795353531837,-0.04153664410114288,-0.1744203120470047,
-0.1860977649688721,-0.05925857424736023,0.23130378723144532,0.02126280963420868,-0.05012533813714981,-0.1618368774652481,
-0.24186615943908693,-0.07272993922233582,0.21686980724334717,0.047894418239593506,-0.06317482888698578,-0.13041158020496368,
-0.2720580339431763,-0.08709797859191895,0.22456817626953127,0.07892025262117386,-0.04140348732471466,-0.09432574361562729,
-0.3133626699447632,-0.1023288369178772,0.20892097949981692,0.08724262565374374,-0.01630319468677044,-0.04552331939339638,
-0.35298726558685306,-0.11774650812149048,0.1736689329147339,0.09816159307956696,-0.0015892285155132413,0.004144636914134026,
-0.3367630958557129,-0.10980994701385499,0.16466013193130494,0.1225295141339302,0.005401569418609142,0.04056336358189583,
-0.31425411701202394,-0.10578204393386842,0.13344610929489137,0.1086144968867302,0.022179484367370605,0.05627601593732834,
-0.34347569942474365,-0.12267708778381348,0.13398189544677735,0.12206345796585083,0.009396310895681381,0.11519845575094223,
-0.3353920459747315,-0.11249700784683228,0.15662834644317628,0.1512916535139084,0.04295214265584946,0.17771616578102112,
-0.2570740938186646,-0.08383333683013916,0.1206649661064148,0.12692372500896454,0.1498114913702011,0.21846254169940948,
-0.17884892225265503,-0.052301120758056645,0.05896846652030945,0.11493950337171555,0.1780409961938858,0.23091281950473785,
-0.003977500274777413,-0.03573455512523651,0.1619673252105713,0.15994691848754883,0.05819874256849289,0.2100735753774643,
0.09400821328163148,-0.02981149256229401,0.16088342666625977,0.18844471871852875,0.00839718896895647,0.19003713130950928,
0.208863639831543,0.00998976081609726,0.09582611322402955,0.18797865509986877,0.06465647369623184,0.16473710536956787,
0.4607832431793213,0.12493165731430055,-0.05451062917709351,0.15189282596111298,0.17311370372772217,0.10827809572219849,
0.5719365119934082,0.1363227605819702,-0.10339220762252808,0.14576755464076996,0.13369891047477722,0.038103800266981125,
0.6630213737487793,0.1243607759475708,-0.06631394624710084,0.18724629282951355,0.035228535532951355,-0.07115238904953003,
0.7855109214782715,0.07701719999313356,-0.22004072666168215,0.13957570493221283,0.030168531462550163,-0.23360522091388702,
0.6445380687713623,0.04945904016494751,-0.24356751441955568,0.09523407369852066,0.0667869970202446,-0.3009166121482849,
0.4978853702545166,-0.018853223323822024,-0.1982455372810364,0.08338300883769989,0.05706645920872688,-0.3375350832939148,
0.24960081577301027,-0.0945140838623047,-0.08965981006622314,0.0966988131403923,0.030434848740696907,-0.37275537848472595,
0.15889582633972169,-0.12820951938629152,-0.13044251203536988,0.06028008088469505,0.04135380685329437,-0.3840072453022003,
0.05854360461235047,-0.15103394985198976,-0.17826880216598512,0.011544234119355679,0.062193043529987335,-0.38167697191238403,
-0.15323150157928467,-0.20094380378723145,-0.105965256690979,-0.011891583912074566,0.058930668979883194,-0.3621693253517151,
-0.23757522106170656,-0.20063226222991945,-0.0491838276386261,0.019600296393036842,0.027105897665023804,-0.3302114009857178,
-0.290395188331604,-0.1951846480369568,-0.01891808956861496,0.037310317158699036,0.0062666600570082664,-0.2856700122356415,
-0.3589638948440552,-0.18643455505371095,-0.05495078563690186,0.0020234333351254463,0.017784832045435905,-0.22641468048095703,
-0.4050923824310303,-0.17770903110504152,-0.0777131736278534,-0.022743966430425644,0.029635900631546974,-0.16110065579414368,
-0.3970633983612061,-0.18613630533218384,-0.016384348273277283,-0.002836835803464055,0.012791404500603676,-0.11629296839237213,
-0.42150282859802246,-0.17763335704803468,-0.0017363840714097025,0.0008250107639469206,-0.003387299133464694,-0.07621239125728607,
-0.4285620212554932,-0.1697727918624878,-0.014311687648296358,0.003421592991799116,-0.004585721530020237,-0.0390612930059433,
-0.43799958229064945,-0.1912562370300293,-0.00566648542881012,0.009878253564238548,-0.012241974472999573,0.015996605157852173,
-0.46158733367919924,-0.1994465470314026,0.006230039894580841,0.037908025085926056,-0.03514515981078148,0.07438641041517258,
-0.456972074508667,-0.1987839460372925,0.032156807184219365,0.058347783982753754,-0.03601069003343582,0.10840829461812973,
-0.4193584442138672,-0.21629872322082522,-0.03110887110233307,0.0207306370139122,0.0044693611562252045,0.16520020365715027,
-0.42157716751098634,-0.2402543067932129,-0.003708264604210854,0.03611038997769356,0.006666468922048807,0.23011475801467896,
-0.4292518138885498,-0.2419734001159668,0.05609305500984192,0.04949277639389038,0.033963870257139206,0.29569509625434875,
-0.36981678009033203,-0.2191032409667969,0.017069083452224732,0.032914597541093826,0.06292574852705002,0.3614751696586609,
-0.30698132514953613,-0.21134834289550783,0.05311510562896729,0.05934647098183632,0.03316492214798927,0.41047734022140503,
-0.21848552227020265,-0.18710741996765137,0.08684478998184204,0.06939990073442459,0.053338367491960526,0.46054476499557495,
-0.09426532983779908,-0.1361856698989868,0.027110350131988526,0.033447228372097015,0.07051575928926468,0.46713611483573914,
0.2866867780685425,-0.06468890309333801,0.02167201042175293,0.001356138032861054,0.08902473002672195,0.42086368799209595,
0.4972596645355225,-0.025351351499557497,0.07733932733535767,0.01933247596025467,0.10060948133468628,0.3355759382247925,
0.6162628173828125,0.03613077998161316,0.11669386625289918,0.04862724617123604,0.11558976024389267,0.24622687697410583,
0.6895010948181153,0.09358751773834229,0.10261359214782716,0.060345157980918884,0.15413902699947357,0.1624038815498352,
0.7101405143737793,0.22554564476013184,-0.021476370096206666,0.04876040667295456,0.1873619556427002,0.05068427696824074,
0.649591875076294,0.23662519454956055,-0.08339335322380066,0.014006153680384159,0.17637641727924347,-0.018091857433319092,
0.5698187828063965,0.20477938652038574,-0.0955130696296692,0.00641614431515336,0.08769314736127853,-0.10577643662691116,
0.4884351253509522,0.15344834327697754,-0.037218841910362246,0.031116964295506477,-0.006449599750339985,-0.1626349240541458,
0.27406005859375,0.06650295853614807,-0.041570049524307255,0.042901452630758286,-0.06137729808688164,-0.2064439356327057,
0.1755169987678528,0.0341993123292923,-0.08654441237449646,0.023526955395936966,-0.018500404432415962,-0.2154986709356308,
0.07217605113983154,0.009061560034751892,-0.11023664474487305,0.007416007108986378,0.0477454699575901,-0.20218056440353394,
-0.11118577718734741,-0.04029655158519745,-0.11233872175216675,-0.011758752167224884,0.06179364398121834,-0.16369788348674774,
-0.17145409584045412,-0.06254932284355164,-0.09923136830329896,-0.005034271162003279,0.011393317952752113,-0.1495831310749054,
-0.20016820430755616,-0.07277485132217408,-0.07936449646949768,-0.0033697951585054398,-0.03514542058110237,-0.13433653116226196,
-0.28775227069854736,-0.08404023647308351,-0.11088039875030518,-0.01242454256862402,-0.04846122860908508,-0.09205884486436844,
-0.3110592126846314,-0.07333138585090637,-0.15273873805999758,-0.048843272030353546,-0.019299613311886787,-0.04651878774166107,
-0.30432116985321045,-0.07158334851264954,-0.18181424140930177,-0.08739253133535385,-0.019765665754675865,-0.023016391322016716,
-0.29544758796691895,-0.07859886288642884,-0.1816046953201294,-0.10929702967405319,-0.04446648433804512,-0.006105318199843168,
-0.3122493982315064,-0.08404138684272766,-0.1289189100265503,-0.11362466961145401,-0.08394785225391388,0.03437472879886627,
-0.2978336334228516,-0.09079206585884095,-0.10930293798446655,-0.10823176801204681,-0.10551945865154266,0.07212503999471664,
-0.28927996158599856,-0.09269236326217652,-0.10323324203491212,-0.12221336364746094,-0.09107180684804916,0.11213903874158859,
-0.23933217525482178,-0.07655947208404541,-0.1264534115791321,-0.14271970093250275,-0.06763599067926407,0.16187356412410736,
-0.19073125123977663,-0.0528187096118927,-0.10785095691680908,-0.1471804976463318,-0.06563862413167953,0.1885717511177063,
-0.1264180064201355,-0.04254346191883088,-0.12742950916290283,-0.18047001957893372,-0.06417388468980789,0.19502992928028107,
0.010245326906442642,-0.045532599091529846,-0.08418349027633668,-0.19078975915908813,-0.09859523922204971,0.19190071523189545,
