0.36572816371917727,-0.0451976627111435,-0.13182102441787721,-0.2106972485780716,-0.15472128987312317,0.15887674689292908,
0.6717222213745118,0.020975129306316377,-0.028240734338760377,-0.18273405730724335,0.01791812852025032,0.07185795903205872,
0.6680510520935059,0.03933911919593811,0.08466795682907105,-0.13892506062984467,0.00972890853881836,-0.018489785492420197,
0.614016056060791,0.0643138349056244,0.15493465662002565,-0.09618131816387177,-0.07509277760982513,-0.10171356797218323,
0.41526360511779786,0.0933154821395874,0.18819152116775514,-0.060494959354400635,-0.11417466402053833,-0.1708226054906845,
0.2992240905761719,0.1035649061203003,0.13236805200576782,-0.061826542019844055,-0.05032537505030632,-0.1881997287273407,
0.2111992359161377,0.0958411693572998,0.09680648446083069,-0.06136048957705498,-0.01896665245294571,-0.2044450044631958,
0.04640610218048096,0.034631988406181334,0.1488150954246521,-0.05070784315466881,-0.05352116748690605,-0.2146981805562973,
-0.03337292969226837,0.0043986026197671895,0.1436820387840271,-0.026140181347727776,-0.07882120460271835,-0.21310028433799744,
-0.09677917361259461,-0.014734281599521637,0.1730840802192688,0.0032877482008188963,-0.058048542588949203,-0.197254478931427,
-0.16452410221099856,-0.026400732994079593,0.17715502977371217,0.02166355960071087,-0.021296918392181396,-0.16789312660694122,
-0.31943664550781253,-0.06627411842346191,0.17587022781372072,0.04629779979586601,0.02364392578601837,-0.09259223937988281,
-0.36689913272857666,-0.0828842341899872,0.18731616735458376,0.08025310188531876,0.020181816071271896,-0.0413929708302021,
-0.390283465385437,-0.09204849004745484,0.19969027042388918,0.10854998230934143,-0.0034539171028882265,0.0037491535767912865,
-0.4365299701690674,-0.10175364017486573,0.1663013815879822,0.11880315095186234,0.00406951317563653,0.061007119715213776,
-0.4409495830535889,-0.08431563377380372,0.1259700298309326,0.10861656069755554,0.0426187701523304,0.11779903620481491,
-0.44724245071411134,-0.08331015706062317,0.14940541982650757,0.1474321335554123,0.10873174667358398,0.21726809442043304,
-0.3090141296386719,-0.06564744114875794,0.19855436086654665,0.19004271924495697,0.2087334543466568,0.3132750689983368,
-0.0707996428012848,-0.033118617534637455,0.11623694896697999,0.17346453666687012,0.2579353451728821,0.29729610681533813,
0.2661498546600342,-0.00015435266541317106,0.0033977214246988297,0.16454294323921204,0.12011675536632538,0.18617568910121918,
0.5995336055755616,0.030595901608467105,-0.048934566974639895,0.19956351816654205,-0.04246922582387924,0.03504129499197006,
1.0411130905151367,0.16528371572494507,-0.3104984760284424,0.11374314874410629,0.11112859100103378,-0.15803788602352142,
0.9797658920288086,0.2209944248199463,-0.4227284908294678,0.07852283865213394,0.17038393020629883,-0.2667614221572876,
0.7403879642486573,0.16880146265029908,-0.2814068078994751,0.0812525823712349,0.06958327442407608,-0.34525811672210693,
0.35262999534606937,0.020988158881664276,-0.1815780520439148,0.06933493167161942,-0.03135053068399429,-0.397189736366272,
0.20228726863861085,-0.02913123071193695,-0.1731806993484497,0.04609885439276695,-0.014972088858485222,-0.40970659255981445,
0.094620418548584,-0.05908455848693848,-0.19533315896987916,0.025659091770648956,0.030634546652436256,-0.3973894715309143,
-0.02732098698616028,-0.09396425485610962,-0.15981453657150269,0.03205067664384842,0.04415008798241615,-0.3698257803916931,
-0.2262115240097046,-0.16540541648864748,-0.08614826798439026,0.03697752580046654,0.007265306543558836,-0.33041098713874817,
-0.2941555976867676,-0.18358718156814577,-0.07740380167961121,0.03291620686650276,-0.02682315558195114,-0.29598963260650635,
-0.363032603263855,-0.20089495182037354,-0.07780970931053162,0.007349858991801739,-0.030152106657624245,-0.2606361508369446,
-0.4175900459289551,-0.21379127502441408,-0.10160478353500367,-0.003635681001469493,-0.02921999990940094,-0.21229979395866394,
-0.5416467189788818,-0.2478055238723755,-0.036809489130973816,0.004219656810164452,-0.05179006978869438,-0.0934581533074379,
-0.5712053298950196,-0.2533956289291382,-0.014990049600601197,0.010411507450044155,-0.05125743895769119,-0.029542289674282074,
-0.5914287567138672,-0.25778822898864745,-0.0038970332592725755,0.011476771906018257,-0.05558507516980171,0.04888780787587166,
-0.635219430923462,-0.25870201587677005,0.002162998914718628,0.007548608351498842,-0.04120400547981262,0.13743790984153748,
-0.6497730731964112,-0.2585510015487671,0.0022169750183820727,0.008613873273134232,-0.03860742226243019,0.25035595893859863,
-0.6754136085510254,-0.26423580646514894,0.011873765289783478,0.042702335864305496,-0.06157718971371651,0.3319152593612671,
-0.6067338943481446,-0.26470093727111815,0.037659657001495365,0.04529891908168793,-0.02103055827319622,0.44969356060028076,
-0.549695634841919,-0.259537410736084,-0.004407864063978195,0.042569179087877274,-0.004585538059473038,0.554955005645752,
-0.4481270790100098,-0.2600497007369995,0.02168284058570862,0.07685737311840057,-0.03181636333465576,0.5974990129470825,
0.2014781713485718,-0.2791862487792969,0.14281777143478394,0.1643422245979309,-0.054453231394290924,0.502357542514801,
0.6016391754150391,-0.20885262489318848,0.06985046267509461,0.1709335446357727,0.04408372938632965,0.39376717805862427,
0.834817123413086,-0.08273419737815857,-0.09439120888710023,0.11287663131952286,0.190557599067688,0.29023677110671997,
1.0345871925354004,0.18038365840911866,-0.2765687465667725,0.04356786236166954,0.21725578606128693,0.11320314556360245,
1.0198872566223145,0.2318041801452637,-0.19072200059890748,0.05428708717226982,0.016253698617219925,-0.08833157271146774,
0.863715648651123,0.2274254322052002,-0.08832662701606751,0.05748287960886955,-0.05305507406592369,-0.1981869637966156,
0.5145758628845215,0.1959809422492981,-0.2114058017730713,0.02612415701150894,0.04668031260371208,-0.23813438415527344,
0.33338556289672855,0.14972777366638185,-0.26818902492523194,-0.03546144440770149,0.06106138229370117,-0.2463901787996292,
0.18471461534500122,0.09085490703582765,-0.25952978134155275,-0.059363313019275665,-0.006716066971421242,-0.27681678533554077,
0.08229191303253175,0.0450717955827713,-0.16333465576171877,-0.05643383786082268,-0.04300164058804512,-0.28347471356391907,
-0.15145286321640017,-0.04333913624286652,-0.07805010676383972,-0.05316949263215065,-0.004852299112826586,-0.237997367978096,
-0.24614102840423585,-0.07020784616470337,-0.07266173362731934,-0.038988158106803894,0.020314574241638184,-0.17607887089252472,
-0.34091782569885254,-0.09076001644134522,-0.05675508975982666,-0.04631185159087181,0.02257825993001461,-0.11129747331142426,
-0.41631484031677246,-0.10812990665435791,-0.08834941387176515,-0.06315634399652481,-0.0046525620855391026,-0.06116347014904022,
-0.44432878494262695,-0.11154469251632691,-0.07503737211227418,-0.08459478616714478,-0.028887327760457993,-0.012827095575630665,
-0.4685071468353272,-0.10773909091949463,-0.09233463406562806,-0.10290402173995972,-0.05105814337730408,0.04016980901360512,
-0.49025831222534183,-0.11217317581176758,-0.07385017275810242,-0.10210507363080978,-0.062243420630693436,0.1134733259677887,
-0.48842921257019045,-0.11450947523117067,-0.07866989374160767,-0.12001483142375946,-0.027622327208518982,0.18671025335788727,
-0.4802834510803223,-0.10527273416519166,-0.1204208254814148,-0.14191934466362,-0.0003915039706043899,0.2537553310394287,
-0.37782390117645265,-0.09288542866706849,-0.08314698934555054,-0.12753826379776,-0.03321496397256851,0.30582013726234436,
-0.27582612037658694,-0.08192625641822815,-0.0760217010974884,-0.11708535254001617,-0.11244400590658188,0.32446226477622986,
-0.12865474224090576,-0.07860866189002991,-0.09767953157424927,-0.1395224928855896,-0.12502744793891907,0.3186033070087433,
0.34401583671569824,-0.053396749496459964,-0.17457114458084108,-0.1821996569633484,-0.005850984249264002,0.2553532123565674,
