0.3460394382476807,-0.09900858998298645,-0.16301776170730592,-0.5060859322547913,-0.2386704385280609,0.2004488855600357,
0.39778335094451905,-0.05883942246437073,-0.08886368870735169,-0.4893079996109009,-0.14379532635211945,0.14538803696632385,
0.5251560688018799,-0.04841832518577576,-0.04250534176826477,-0.49882879853248596,-0.04439283907413483,0.037663161754608154,
0.5505896091461182,-0.050972539186477664,0.012301149219274521,-0.4743277132511139,-0.0376017801463604,-0.09076778590679169,
0.5256649494171143,-0.061424714326858525,0.11553850173950196,-0.4111442267894745,-0.11450055986642838,-0.18244710564613342,
0.46514153480529785,-0.05633962154388428,0.20739586353302003,-0.3642060160636902,-0.15298323333263397,-0.2370419055223465,
0.37672660350799564,-0.04363462030887604,0.27796709537506104,-0.2849103808403015,-0.11150450259447098,-0.2907711863517761,
0.3198863744735718,-0.051474165916442875,0.2682348251342774,-0.24915744364261627,-0.050052057951688766,-0.2943664491176605,
0.23139591217041017,-0.04737740755081177,0.26927800178527833,-0.2215937227010727,-0.01516464538872242,-0.2893730103969574,
0.1610335946083069,-0.08198474645614624,0.2791610717773438,-0.18357710540294647,-0.0026477877981960773,-0.31813517212867737,
0.12252635955810548,-0.1000407338142395,0.2966134071350098,-0.1361728310585022,-0.009572007693350315,-0.34396782517433167,
0.06820573210716248,-0.1108745813369751,0.3087530374526978,-0.08477381616830826,-0.010903587564826012,-0.35402125120162964,
0.01848980486392975,-0.11677528619766236,0.294648027420044,-0.06400116533041,-0.0050446330569684505,-0.3568175733089447,
-0.08628898859024048,-0.1438753128051758,0.25383317470550537,-0.03277546167373657,0.007605375722050667,-0.33351466059684753,
-0.12245639562606812,-0.15045684576034546,0.23902778625488283,-0.004079898819327354,0.025648292154073715,-0.3048190772533417,
-0.13831191062927248,-0.14382604360580445,0.18594322204589844,0.01735854707658291,0.03789883479475975,-0.28611037135124207,
-0.21608734130859375,-0.14959925413131714,0.17412307262420657,0.06383071094751358,0.036900151520967484,-0.2365090250968933,
-0.2489179849624634,-0.13595806360244753,0.1708797812461853,0.10051576048135757,0.04142752289772034,-0.18118184804916382,
-0.25359573364257815,-0.1311417818069458,0.12862521409988403,0.10297918319702148,0.053278591483831406,-0.14409732818603516,
-0.2466146230697632,-0.1320354700088501,0.07641110420227051,0.10564234107732773,0.057073596864938736,-0.11120728403329849,
-0.2667219400405884,-0.13218517303466798,0.05716367363929749,0.12122183293104172,0.046354372054338455,-0.049488525837659836,
-0.2845110654830933,-0.12732735872268677,0.04974387884140015,0.13473737239837646,0.043291736394166946,0.008501806296408176,
-0.29305689334869384,-0.126861834526062,0.0434150904417038,0.1409292221069336,0.04835174232721329,0.05224422737956047,
-0.2599141359329224,-0.12142928838729859,-0.008589866012334824,0.12628182768821716,0.04209331423044205,0.09478823095560074,
-0.24570305347442628,-0.11602436304092408,-0.00868576392531395,0.11582893133163452,0.025581713765859604,0.1384640634059906,
-0.23775668144226075,-0.11543562412261964,-0.004807623475790024,0.119956836104393,0.023717500269412994,0.18273912370204926,
-0.18475399017333985,-0.09798499941825867,-3.21243453072384e-05,0.091061532497406,0.050016216933727264,0.2304762899875641,
-0.13738851547241213,-0.11530508995056153,-0.027779236435890198,0.06789203733205795,0.05594175308942795,0.25564315915107727,
-0.11630135774612427,-0.13467552661895751,0.013823191821575166,0.08054205030202866,0.048218585550785065,0.2878674268722534,
-0.12795034646987916,-0.16606197357177735,0.10927428007125856,0.11529630422592163,0.035701725631952286,0.34459275007247925,
-0.1013796091079712,-0.17376216650009157,0.11626083850860597,0.15930503606796265,0.03663383424282074,0.3925962448120117,
-0.04568449258804322,-0.1526673436164856,0.1342107057571411,0.24612408876419067,0.014662752859294415,0.44392865896224976,
0.02149713784456253,-0.13467150926589966,0.169707727432251,0.3150334060192108,0.009269851259887218,0.48960188031196594,
0.250174880027771,-0.07471592426300049,0.09047493934631348,0.34832310676574707,0.06532938033342361,0.5272194147109985,
0.44499869346618653,-0.005512656271457673,0.05625869631767273,0.35597971081733704,0.14249446988105774,0.4860070049762726,
0.6789896488189697,0.01428743302822113,0.034420281648635864,0.3792157769203186,0.17132319509983063,0.3628357946872711,
0.9053112983703614,0.00203601885586977,0.13931626081466675,0.4772201180458069,0.04562199115753174,0.10058098286390305,
0.9351099014282227,-0.07929350137710572,0.1680216670036316,0.5472612380981445,-0.04166311398148537,-0.11613374948501587,
0.8851370811462402,-0.12949442863464355,0.12853468656539918,0.6336142420768738,-0.12721717357635498,-0.3288537263870239,
0.5196688175201416,-0.24582664966583254,-0.03094623386859894,0.6529221534729004,-0.19193199276924133,-0.4437025487422943,
0.3598736047744751,-0.29454450607299804,-0.16141377687454225,0.5971289277076721,-0.23454256355762482,-0.5666740536689758,
0.2043921232223511,-0.321839189529419,-0.2324934720993042,0.49393144249916077,-0.22255834937095642,-0.6255964636802673,
0.07446092367172241,-0.35004258155822754,-0.2787512540817261,0.4122389853000641,-0.15311641991138458,-0.6240651607513428,
-0.1391443729400635,-0.34181807041168216,-0.28211977481842043,0.29292938113212585,-0.07934684306383133,-0.571667492389679,
-0.17010152339935303,-0.3172417879104614,-0.27848119735717775,0.2022487074136734,-0.02868020348250866,-0.5463008880615234,
-0.18020747900009157,-0.31977591514587406,-0.2569383382797241,0.13680152595043182,0.03017565608024597,-0.5005610585212708,
-0.24578051567077638,-0.31492185592651367,-0.21458349227905274,0.062499336898326874,0.09735389798879623,-0.41261014342308044,
-0.2557957172393799,-0.30856425762176515,-0.21318933963775635,0.006373217795044184,0.12218787521123886,-0.342702180147171,
-0.26070337295532225,-0.29297657012939454,-0.21914749145507814,-0.04049842059612274,0.11546339094638824,-0.2517552375793457,
-0.31054220199584964,-0.24377379417419434,-0.17179076671600343,-0.0763845145702362,0.08516993373632431,-0.13111403584480286,
-0.2834494113922119,-0.23743877410888672,-0.1587709426879883,-0.08737005293369293,0.0640643835067749,-0.07998134195804596,
-0.25470881462097167,-0.23605585098266602,-0.16102073192596436,-0.11087244749069214,0.01765879988670349,0.010765879414975643,
-0.2431510925292969,-0.18549211025238038,-0.14278372526168823,-0.11932916939258575,0.004143313504755497,0.11016618460416794,
-0.20206253528594972,-0.1768418312072754,-0.1409039378166199,-0.14323103427886963,-0.005577224772423506,0.17880916595458984,
-0.16448419094085695,-0.16519683599472046,-0.1481609344482422,-0.18497608602046967,-0.02042434923350811,0.2206873595714569,
-0.10750982761383057,-0.15827330350875857,-0.1560815453529358,-0.24762696027755737,-0.03653647378087044,0.2590368688106537,
-0.09421129822731018,-0.16384340524673463,-0.14162509441375734,-0.2694648802280426,-0.04985227808356285,0.30284589529037476,
-0.09136804938316345,-0.16828862428665162,-0.10723477602005005,-0.26067644357681274,-0.0555780753493309,0.34072935581207275,
-0.06990354061126709,-0.1577915668487549,-0.07662416696548463,-0.24456432461738586,-0.06556492298841476,0.35630884766578674,
0.00024017530959099533,-0.10939110517501832,-0.04034112691879273,-0.21320560574531555,-0.09279575198888779,0.3543780446052551,
0.055342870950698855,-0.07343197464942933,-0.030138179659843445,-0.20421743392944336,-0.0928623303771019,0.337533563375473,
0.08587311506271363,-0.046042442321777344,-0.03756578862667084,-0.21367165446281433,-0.08420705795288086,0.3181590735912323,
0.11418153047561647,-0.0070332370698452,-0.006596032530069351,-0.19702689349651337,-0.07109098881483078,0.2989177107810974,
0.14797015190124513,0.026818671822547914,0.04511151313781739,-0.15921001136302948,-0.020823823288083076,0.27701321244239807,
0.1641446352005005,0.04953175187110901,0.07090858817100525,-0.1285836547613144,0.016660170629620552,0.25151345133781433,
0.19424408674240112,0.09909552335739136,0.1327958345413208,-0.08417544513940811,-0.02168934978544712,0.2273452877998352,
0.2787824630737305,0.12401012182235718,0.1771945357322693,-0.06859595328569412,-0.13533975183963776,0.1996484100818634,
0.372652530670166,0.15679495334625246,0.22012364864349365,-0.03270985931158066,0.020654911175370216,0.08659720420837402,
0.5929281711578369,0.22189021110534668,0.41327710151672364,0.1722869724035263,0.176116943359375,-0.10921171307563782,
0.6293658733367921,0.07582732439041139,0.42978911399841313,0.3478558659553528,0.08350551873445511,-0.25808241963386536,
0.4693353652954102,0.0563817024230957,0.36016516685485844,0.39166486263275146,0.025049127638339996,-0.3419719934463501,
0.22332000732421875,-0.003309336677193642,-0.029548060894012452,0.3451939523220062,0.06146779656410217,-0.3887081742286682,
0.10175697803497315,-0.033997565507888794,-0.16764225959777834,0.27435389161109924,0.11799338459968567,-0.36134418845176697,
0.0024467715993523598,-0.03618825674057007,-0.20707478523254397,0.2288804054260254,0.14316025376319885,-0.33950626850128174,
-0.04966059029102326,-0.08537502884864807,-0.2100010395050049,0.19033114612102509,0.15993817150592804,-0.32619044184684753,
-0.08008615970611573,-0.10963160991668702,-0.24228470325469972,0.14079634845256805,0.13157550990581512,-0.28371304273605347,
-0.13547201156616212,-0.09684886932373048,-0.2347010374069214,0.10803946107625961,0.09196098893880844,-0.227919802069664,
-0.1581153750419617,-0.11273840665817261,-0.21843347549438477,0.0778791606426239,0.06772622466087341,-0.18917080760002136,
-0.14197614192962646,-0.12132595777511597,-0.2211681365966797,0.0489838644862175,0.052213311195373535,-0.16253919899463654,
-0.14104251861572267,-0.12659180164337158,-0.21075220108032228,0.04026201367378235,0.02864433452486992,-0.1371060162782669,
-0.15291657447814944,-0.15170202255249024,-0.2020341157913208,0.004908548668026924,-0.01383308507502079,-0.07818356901407242,
-0.2179290771484375,-0.12605584859848024,-0.23421895503997803,-0.0599394254386425,-0.03367363661527634,-0.002483218442648649,
-0.21625585556030275,-0.12347450256347657,-0.24845280647277834,-0.13797004520893097,-0.02748178504407406,0.06309712678194046,
-0.2103116035461426,-0.12021002769470215,-0.24801902770996095,-0.19735853374004364,-0.009239131584763527,0.12308482825756073,
-0.18887523412704468,-0.1277963995933533,-0.21717460155487062,-0.21719908714294434,-0.016496246680617332,0.16030250489711761,
-0.1327381134033203,-0.1435122013092041,-0.15844103097915652,-0.23151357471942902,-0.022155463695526123,0.19159464538097382,
-0.08715707063674927,-0.14714196920394898,-0.18081384897232056,-0.2681986391544342,-0.013034136034548283,0.22009047865867615,
-0.0841219425201416,-0.1479164958000183,-0.2069082021713257,-0.3180663287639618,-0.005710443947464228,0.2591058015823364,
-0.08239446878433228,-0.1629745364189148,-0.24459571838378907,-0.38504481315612793,-0.01756151020526886,0.2975218892097473,
-0.05875118374824524,-0.17904133796691896,-0.24412374496459963,-0.4386409521102905,-0.08187685906887054,0.309572696685791,
0.0022468149662017824,-0.1883057951927185,-0.23003973960876467,-0.4707980453968048,-0.17841647565364838,0.30804237723350525,
0.0676512360572815,-0.18137972354888918,-0.21379876136779785,-0.507349967956543,-0.2236902117729187,0.33806952834129333,
0.13501310348510742,-0.1536532759666443,-0.24612212181091309,-0.5771247744560242,-0.1748877912759781,0.3421974182128906,
0.2917939186096192,-0.13491111993789673,-0.24969887733459473,-0.6115461587905884,-0.08074503391981125,0.25511205196380615,
0.4175478458404541,-0.10407371520996095,-0.19798164367675783,-0.6403748393058777,0.02751246467232704,0.1434590369462967,
0.5267186164855957,-0.05873897075653076,-0.08347221612930299,-0.6538904309272766,0.09595570713281631,0.03846391290426254,
