0.3178434371948242,0.07321650385856629,0.03198898434638977,-0.2054409384727478,-0.06326543539762497,-0.02040206268429756,
0.3325328350067139,0.07329509854316711,0.09509779810905457,-0.18766433000564575,-0.1380336880683899,-0.08664820343255997,
0.23090052604675293,0.06567810177803039,0.17042829990386965,-0.1453200727701187,-0.18284137547016144,-0.11188165098428726,
0.2006922006607056,0.07358582019805908,0.1604903817176819,-0.1367979496717453,-0.11526366323232651,-0.12020403146743774,
0.18521891832351686,0.0749934196472168,0.14838088750839235,-0.1464519202709198,-0.06839202344417572,-0.1356503665447235,
0.10605094432830811,0.041099101305007935,0.24356882572174074,-0.07894077897071838,-0.1411629021167755,-0.16820751130580902,
0.07583299279212952,0.034742590785026554,0.24638068675994873,-0.05597101151943207,-0.16366662085056305,-0.1789933145046234,
-0.02194897383451462,0.028288021683692932,0.15792543888092042,-0.0712176114320755,-0.10727417469024658,-0.17519830167293549,
-0.056790786981582644,0.007766208052635193,0.1481075644493103,-0.06988602876663208,-0.060602277517318726,-0.15815407037734985,
-0.1259966015815735,-0.03614228963851929,0.23637378215789795,-0.018819913268089294,-0.06040254235267639,-0.1385798454284668,
-0.1550294637680054,-0.04699279963970185,0.24951603412628176,0.021393820643424988,-0.06266622990369797,-0.12679535150527954,
-0.19540714025497438,-0.03926861584186554,0.17502797842025758,0.029915936291217804,-0.033571191132068634,-0.0958361029624939,
-0.19828325510025024,-0.04531309604644776,0.1815209984779358,0.056214652955532074,-0.01705959253013134,-0.08485056459903717,
-0.2569153308868408,-0.08780903220176697,0.18725249767303467,0.0888383761048317,-0.027246184647083282,-0.03911077231168747,
-0.2888873338699341,-0.10177356004714966,0.17381155490875244,0.11500392854213715,-0.025381971150636673,0.006229547783732414,
-0.2795028448104859,-0.0993218719959259,0.1570756196975708,0.12172841280698776,0.0005838499055244029,0.0341261625289917,
-0.2453840732574463,-0.08805569410324098,0.13364789485931397,0.13411138951778412,0.00957217812538147,0.05336608365178108,
-0.24761083126068117,-0.10814788341522218,0.15201680660247804,0.1652703881263733,-0.017791802063584328,0.06961137056350708,
-0.25222039222717285,-0.1068119764328003,0.15922151803970339,0.1911030411720276,0.019958507269620895,0.11648300290107727,
-0.16475600004196167,-0.0612339198589325,-0.03498573303222657,0.09096818417310715,0.16123920679092407,0.1708114892244339,
-0.10258508920669557,-0.03118824362754822,-0.021085453033447266,0.09782582521438599,0.14978761970996857,0.17280885577201843,
0.04716192781925202,-0.020882774889469147,0.10227067470550538,0.15894538164138794,0.17562027275562286,0.19404757022857666,
0.23769242763519288,0.0416617900133133,-0.07821970582008363,0.09622792899608612,0.2630385458469391,0.17340807616710663,
0.3350488424301148,0.08221062421798707,-0.021593894064426425,0.13411138951778412,0.17994791269302368,0.10409930348396301,
0.428929615020752,0.10265614986419679,0.005055900663137436,0.17632250487804413,0.10910782963037491,0.04957108199596405,
0.5785150051116944,0.17452088594436646,-0.20854237079620364,0.1172003224492073,0.1127030998468399,-0.03791376203298569,
0.6344149589538575,0.18064236640930176,-0.2514246702194214,0.07099448144435883,0.11769652366638184,-0.13032545149326324,
0.6481743812561036,0.14703896045684814,-0.18511606454849244,0.09482976794242859,0.03640352562069893,-0.23465479910373688,
0.44423389434814453,0.02900347411632538,-0.09899712800979615,0.11094189435243607,-0.053944215178489685,-0.3158146142959595,
0.3311550378799439,-0.00896165519952774,-0.1576650619506836,0.06786525994539261,-0.00820442195981741,-0.3351891040802002,
0.25578765869140624,-0.0248746931552887,-0.15636985301971437,0.06007551774382591,0.04659011960029602,-0.356161504983902,
0.11133478879928589,-0.08949106931686401,-0.10511085987091065,0.05628051236271858,0.04665669798851013,-0.3783988952636719,
0.01060115694999695,-0.14337908029556276,-0.11683933734893799,0.03038126789033413,-0.0020791511051356792,-0.3814615309238434,
-0.0849650502204895,-0.16724555492401125,-0.09476489424705506,0.03184600919485092,-0.05048210546374321,-0.3869210183620453,
-0.2625307559967041,-0.19671324491500855,-0.01164148822426796,0.05641445145010948,-0.07558257132768631,-0.33538731932640076,
-0.3699371337890625,-0.203139066696167,-0.03372671604156494,0.053551554679870605,-0.07578231394290924,-0.2489011585712433,
-0.4188889980316162,-0.202315092086792,-0.04572405815124512,0.03570837527513504,-0.07052256911993027,-0.15722183883190155,
-0.4073540687561035,-0.19189027547836304,-0.07769470810890199,0.008943607099354267,-0.030242254957556725,-0.116608627140522,
-0.4162181377410889,-0.18384376764297486,-0.050920826196670536,0.005148602649569511,-0.023318037390708923,-0.0648767277598381,
-0.42422962188720703,-0.18523858785629274,-0.03781745731830597,0.010940978303551674,-0.037233054637908936,-0.021600358188152313,
-0.4312649726867676,-0.1883007287979126,-0.031263682246208194,0.013004927895963192,-0.04369121789932251,0.011223102919757366,
-0.43921422958374023,-0.16761858463287355,-0.02981713116168976,0.008410975337028503,0.004179102834314108,0.08059845119714737,
-0.44086961746215825,-0.16489074230194092,-0.05376560688018799,-0.004705093335360289,0.047388892620801926,0.13805615901947021,
-0.4256126403808594,-0.1597022294998169,-0.07473491430282593,-0.04551804065704346,0.028413867577910423,0.18699173629283905,
-0.4141993045806885,-0.16907844543457032,-0.022968244552612305,-0.018287215381860733,-0.05500965565443039,0.21422256529331207,
-0.35752055644989017,-0.17144198417663575,0.07496728897094727,0.05388445034623146,-0.12771394848823547,0.26515549421310425,
-0.3307687044143677,-0.14336707592010497,0.012945646047592164,0.028517842292785645,-0.05607491731643677,0.3155558407306671,
-0.27651400566101075,-0.14337012767791749,-0.061563807725906375,-0.020351165905594826,0.009638583287596703,0.35616904497146606,
-0.1036994457244873,-0.15839413404464722,0.05829066038131714,0.016467038542032242,-0.045289117842912674,0.38320010900497437,
-0.0018992822617292405,-0.1543094038963318,0.12203119993209839,0.06380472332239151,-0.07038941234350204,0.3899911940097809,
0.21919040679931642,-0.10737595558166504,0.1091277003288269,0.06846525520086288,0.0959915816783905,0.38260090351104736,
0.4891708374023438,-0.028514069318771363,0.11811081171035767,0.089706651866436,0.15910790860652924,0.3158940076828003,
0.610496997833252,0.02989916801452637,0.1410841703414917,0.12605880200862885,0.16223712265491486,0.21988706290721893,
0.7069906234741211,0.12188111543655396,0.07045526504516601,0.13091906905174255,0.15597869455814362,0.10577059537172318,
0.6644182205200195,0.19540122747421265,-0.09166453480720521,0.11274299025535583,0.1438613086938858,-0.012540338560938835,
0.6053867340087891,0.19292953014373782,-0.13047094345092775,0.10268955677747726,0.14159761369228363,-0.08917280286550522,
0.4323497772216797,0.1645272493362427,-0.18195372819900513,0.07206320762634277,0.14479342103004456,-0.17193052172660828,
0.31031517982482915,0.1235816478729248,-0.1888991951942444,0.04376712441444397,0.10224941372871399,-0.18731027841567993,
0.19360789060592654,0.08444382548332215,-0.2018223524093628,0.023527096956968307,0.052581459283828735,-0.20595240592956543,
0.034967643022537236,0.005555068328976631,-0.15010143518447877,0.0343129001557827,-0.00594150647521019,-0.22466111183166504,
-0.0690134584903717,-0.01747371256351471,-0.13692009449005127,0.02998526208102703,-0.002146501559764147,-0.2004263550043106,
-0.1588994026184082,-0.03498281240463257,-0.16464962959289553,0.01467208657413721,-0.0010812372202053666,-0.16633789241313934,
-0.2656768560409546,-0.05704299211502076,-0.156584370136261,0.007614709436893463,-0.04828576743602753,-0.12086442112922668,
-0.28499546051025393,-0.06832810640335084,-0.14964308738708496,-0.00463583180680871,-0.07917843759059906,-0.08204884827136993,
-0.30160620212554934,-0.06657825112342834,-0.19865374565124513,-0.042985349893569946,-0.05161472037434578,-0.04290037602186203,
-0.31970341205596925,-0.062308162450790405,-0.19840723276138306,-0.07787276804447174,-0.023118896409869194,-0.006481647025793791,
-0.3287110805511475,-0.07305161952972412,-0.19978870153427125,-0.09797963500022888,-0.02851179614663124,0.024544179439544678,
-0.33958086967468265,-0.07796875834465028,-0.17364633083343506,-0.09538304805755615,-0.06825947761535645,0.053106583654880524,
-0.3273576498031616,-0.08674384951591492,-0.10937479734420777,-0.08273303508758545,-0.10640925914049149,0.09112320840358734,
-0.3162505388259888,-0.08583695888519288,-0.13018401861190795,-0.09891271591186523,-0.07851243019104004,0.14817950129508972,
-0.21799633502960206,-0.07563201189041138,-0.17035560607910158,-0.13333407044410706,-0.008870765566825867,0.2046385258436203,
-0.17265584468841555,-0.05703614950180054,-0.1820023536682129,-0.16961964964866638,-0.003877338021993637,0.2118290513753891,
-0.004421774297952652,-0.03299500942230225,-0.12112691402435304,-0.17348122596740723,-0.08603586256504059,0.17487770318984985,
0.054390013217926025,-0.032802990078926085,-0.08192415237426759,-0.18080492317676544,-0.08423823118209839,0.17734111845493317,
0.17820895910263063,-0.015654824674129486,-0.12170441150665284,-0.2383957803249359,0.004245303571224213,0.16043004393577576,
