0.7200896263122559,0.07290183305740357,-0.03236125409603119,-0.25257572531700134,-0.0530550591647625,-0.06223272159695625,
0.6896442413330078,0.05077493786811829,0.07936732172966005,-0.2107640951871872,-0.110246442258358,-0.16982443630695343,
0.6255704402923584,0.04106821119785309,0.21239702701568605,-0.16116271913051605,-0.07962009310722351,-0.2105042189359665,
0.4618404865264893,0.0320853054523468,0.27001776695251467,-0.07407734543085098,-0.011842637322843075,-0.22175607085227966,
0.10882436037063599,-0.01064843386411667,0.2573476791381836,-0.039855726063251495,-0.00012472855451051146,-0.21343369781970978,
0.02789820432662964,-0.019017535448074344,0.22009131908416749,-0.01648648828268051,-0.04939321056008339,-0.23367372155189514,
-0.020918525755405426,-0.03343382477760315,0.20334548950195314,-0.014955168589949608,-0.06144401431083679,-0.23800136148929596,
-0.0946796715259552,-0.04564008712768555,0.13507323265075685,-0.006100158207118511,-0.018167644739151,-0.21403290331363678,
-0.23036551475524902,-0.07717401981353761,0.15198413133621216,0.033113572746515274,0.015521639958024025,-0.1706259399652481,
-0.28026490211486815,-0.08579267263412477,0.16998825073242188,0.060344398021698,0.004469520878046751,-0.11110430210828781,
-0.3367867708206177,-0.10212076902389527,0.13445308208465576,0.06220860779285431,-0.006848914083093405,-0.07175609469413757,
-0.37645165920257573,-0.11299276351928711,0.11397950649261475,0.07772152125835419,-0.008247073739767075,-0.02215471863746643,
-0.43831944465637207,-0.15050289630889893,0.11560124158859253,0.09603075683116913,0.0048689949326217175,0.03676772490143776,
-0.4460300445556641,-0.15896552801132202,0.08832619786262513,0.09682970494031906,0.029170339927077293,0.10774096101522446,
-0.4551573753356934,-0.14498296976089478,0.06676238179206849,0.09010522067546844,0.04355141147971153,0.14795470237731934,
-0.40545043945312503,-0.13326183557510377,0.07625884413719178,0.08990548551082611,0.07111512869596481,0.22205716371536255,
-0.388386869430542,-0.1245510458946228,0.09537975192070008,0.12079815566539764,0.08782646805047989,0.29962173104286194,
-0.3081526279449463,-0.12548177242279054,0.13918795585632324,0.12019894272089005,0.158866286277771,0.3234570026397705,
0.12297239303588868,-0.06409841179847718,0.08306007385253907,0.13391421735286713,0.09095568209886551,0.27971458435058594,
0.3026442050933838,-0.07013484835624695,0.20242116451263428,0.2487630397081375,-0.19353652000427246,0.20514608919620514,
0.60195951461792,-0.05718467235565186,0.15652236938476563,0.2909075617790222,-0.12542617321014404,0.0785127729177475,
0.9720712661743165,0.022823363542556763,-0.11719585657119752,0.19829614460468292,0.0812351405620575,-0.05531107261776924,
1.1958439826965332,0.14401299953460694,-0.49024214744567873,0.10987919569015503,0.10180806368589401,-0.25458210706710815,
0.978856086730957,0.11926673650741577,-0.3740574836730957,0.02785382978618145,0.06432406604290009,-0.3750901520252228,
0.7357153415679932,0.08837786912918091,-0.35892174243927005,0.015270393341779709,-0.021962353959679604,-0.4715631604194641,
0.28517861366271974,-0.14474821090698242,-0.014419656991958619,0.058946236968040466,-0.08234953135251999,-0.49779531359672546,
0.03302341103553772,-0.21867396831512453,-0.006567998975515366,0.06234176829457283,-0.02296103909611702,-0.4396052360534668,
-0.1374882459640503,-0.24908127784729006,-0.06499674320220948,0.05082359537482262,0.035495348274707794,-0.37855225801467896,
-0.25417213439941405,-0.2555215835571289,-0.045893979072570805,0.038841214030981064,0.030368346720933914,-0.34905415773391724,
-0.3835822582244873,-0.28011791706085204,-0.030474168062210084,0.030785148963332176,-0.01084407139569521,-0.30690962076187134,
-0.45030946731567384,-0.29546892642974854,0.007606239616870881,0.053222283720970154,-0.04872753471136093,-0.25224822759628296,
-0.5117775440216065,-0.30208754539489746,0.03393648564815521,0.05794939398765564,-0.018434081226587296,-0.1718207746744156,
-0.5686673164367676,-0.2986378908157349,0.003031480871140957,0.04623148590326309,0.03995572775602341,-0.08726540207862854,
-0.6126954555511475,-0.2849511384963989,-0.05190734267234803,0.014739603735506535,0.06332496553659439,-0.00257688295096159,
-0.6064741611480713,-0.273435115814209,-0.0620725154876709,-0.005167525261640549,0.0024051559157669544,0.044827383011579514,
-0.6028363704681396,-0.2638344049453735,-0.04200153052806854,-0.00010751902300398797,-0.08334863185882568,0.09582692384719849,
-0.6384939193725586,-0.2628367900848389,-0.02880060076713562,-0.006299368571490049,-0.06610466539859772,0.20281942188739777,
-0.6504122257232666,-0.26042482852935794,-0.05945377349853516,-0.028270447626709938,0.004602264147251844,0.3064829707145691,
-0.6186766624450684,-0.27933924198150634,-0.07317221760749817,-0.051772844046354294,0.030368346720933914,0.38551226258277893,
-0.5763105392456055,-0.313767671585083,-0.06686468124389648,-0.053770214319229126,-0.011043808422982693,0.4461657702922821,
-0.4188429355621338,-0.32490808963775636,0.009540537744760514,-0.039921775460243225,-0.0491270087659359,0.5175384879112244,
-0.29371137619018556,-0.30538103580474857,-0.01691853553056717,-0.03645966574549675,0.07051549851894379,0.594304084777832,
-0.06934956312179566,-0.29951341152191163,-0.022075548768043518,-0.041120197623968124,0.17464511096477509,0.5840509533882141,
0.6728707313537599,-0.200669264793396,0.048181346058845526,0.010411967523396015,0.00819753110408783,0.40248993039131165,
0.9975010871887208,-0.11634496450424195,0.14682495594024658,0.053954653441905975,-0.05292201414704323,0.25088948011398315,
1.137399387359619,0.04414060711860657,-0.030728265643119812,0.018268292769789696,0.14748086035251617,0.13550801575183868,
1.1939301490783691,0.180625057220459,-0.18309557437896729,0.0312512032687664,0.1650577336549759,0.008741551078855991,
1.009343719482422,0.1759823799133301,-0.07721683979034424,0.05595202371478081,0.0838313028216362,-0.12648046016693115,
0.8071747779846192,0.16520620584487916,-0.12229578495025635,0.038441408425569534,0.030368421226739883,-0.23693570494651794,
0.58348708152771,0.13724951744079592,-0.195982825756073,-0.004102590028196573,0.041753433644771576,-0.2817433774471283,
0.3757506370544434,0.08966295123100282,-0.21171348094940187,-0.02886999025940895,0.029236579313874245,-0.30071839690208435,
0.0478050321340561,-0.04325954020023346,-0.14403125047683715,-0.04258526861667633,-0.008846625685691833,-0.29592472314834595,
-0.08782024383544923,-0.09784311652183533,-0.09200719594955445,-0.03452920541167259,-0.02302795834839344,-0.26270177960395813,
-0.20181016921997072,-0.13223516941070557,-0.056793272495269775,-0.03452920541167259,0.005068391095846891,-0.21869304776191711,
-0.3724179983139038,-0.15415148735046388,-0.04036117494106293,-0.03572762757539749,0.0028712833300232887,-0.13946400582790375,
-0.44347710609436036,-0.16478624343872073,-0.03732562661170959,-0.03752526268362999,-0.023893486708402634,-0.07608077675104141,
-0.4852513313293457,-0.16746140718460084,-0.04046525359153748,-0.04638027399778366,-0.035877712070941925,-0.01755780726671219,
-0.5199167728424072,-0.15868333578109742,-0.058148938417434695,-0.06129397451877594,-0.014439264312386513,0.05634491518139839,
-0.5069819450378418,-0.1581233859062195,-0.050524753332138066,-0.06302502751350403,-0.01743531972169876,0.10894234478473663,
-0.4935653686523438,-0.1558965802192688,-0.050774919986724856,-0.09198690950870514,-0.020697692409157753,0.17292478680610657,
-0.48914446830749514,-0.1508124828338623,-0.09485833644866944,-0.10889798402786255,-0.03108402155339718,0.22199353575706482,
-0.40561919212341313,-0.1138429880142212,-0.10033310651779176,-0.10530271381139755,-0.049459829926490784,0.2779199481010437,
-0.30430495738983154,-0.08698961138725281,-0.12053142786026001,-0.14964434504508972,-0.010377943515777588,0.2930333614349365,
-0.14760085344314575,-0.06433122158050537,-0.19746140241622925,-0.18220148980617523,-0.007648203056305647,0.2712620198726654,
0.2162925958633423,-0.02468281537294388,-0.14663233757019042,-0.18393254280090332,-0.10385490208864212,0.22405748069286346,
0.4160042762756348,-0.0008743923157453538,-0.06918625235557556,-0.17980463802814484,-0.09999331831932068,0.13990159332752228,
0.6484268665313722,0.036481207609176634,-0.054374033212661745,-0.2114962637424469,0.01545471977442503,0.03863489255309105,
