0.24102911949157715,-0.10262906551361084,-0.13953832387924195,-0.49070051312446594,-0.06829498708248138,0.1932687759399414,
0.2994226455688477,-0.05660533308982849,-0.061722111701965336,-0.48064708709716797,-0.016296762973070145,0.11570420116186142,
0.37836565971374514,-0.02822568714618683,-0.007998126745224,-0.448289692401886,-0.03234230726957321,0.0025864308699965477,
0.44613294601440434,-0.011864159256219864,0.05056802034378052,-0.46852970123291016,-0.06623103469610214,-0.07970524579286575,
0.4019942283630371,-0.00059073637239635,0.07277057766914367,-0.46553364396095276,-0.09592528641223907,-0.14149059355258942,
0.3701000452041626,-0.010009096562862398,0.1760019063949585,-0.4074767529964447,-0.07914736866950989,-0.18336880207061768,
0.35195159912109375,-0.015699735283851626,0.2627523422241211,-0.34402692317962646,-0.018094396218657494,-0.21526014804840088,
0.29907748699188236,-0.009621717035770416,0.32684633731842044,-0.23750045895576477,0.01339748501777649,-0.2649281322956085,
0.26933724880218507,-0.005999604612588883,0.3719346046447754,-0.1775793433189392,0.012931431643664837,-0.3124655485153198,
0.2460272550582886,-0.04764478206634522,0.3464183568954468,-0.1221190094947815,-0.028347566723823547,-0.3478190004825592,
0.13654521703720093,-0.06403660774230957,0.33998632431030273,-0.059068672358989716,-0.04905364289879799,-0.3779793083667755,
0.07608308792114259,-0.08211859464645387,0.3117960214614868,-0.03443443030118942,-0.01975887082517147,-0.3783787786960602,
0.01189793422818184,-0.09197719693183899,0.26680736541748046,-0.015792300924658775,0.012998010031878948,-0.3652627170085907,
-0.044275987148284915,-0.10690927505493164,0.23544349670410158,-0.0036749180871993303,0.027578817680478096,-0.35174718499183655,
-0.13402626514434815,-0.12055082321166993,0.1755885720252991,0.0048471977934241295,0.031906455755233765,-0.3213871419429779,
-0.16671605110168458,-0.11583918333053589,0.14779382944107056,0.018230140209197998,0.03410353511571884,-0.30400896072387695,
-0.17921037673950196,-0.14336439371109008,0.13405004739761353,0.04506148770451546,0.02771194837987423,-0.2698539197444916,
-0.28211112022399903,-0.16353673934936525,0.1598078489303589,0.08294495940208435,0.011000612750649452,-0.1996130496263504,
-0.31602272987365726,-0.15632917881011965,0.14237239360809326,0.09739261120557785,0.00014823087258264422,-0.1394256055355072,
-0.3055630445480347,-0.1511565685272217,0.10757232904434205,0.11470315605401993,-0.006309934891760349,-0.0792381688952446,
-0.3095948457717896,-0.15332955121994019,0.09251844882965088,0.13640791177749634,-0.0070423041470348835,-0.02417730912566185,
-0.33029596805572514,-0.13429393768310546,0.09269353747367859,0.16363874077796936,0.00460902601480484,0.07435965538024902,
-0.32830765247344973,-0.11582581996917725,0.07734668850898743,0.16963084042072296,0.030708003789186478,0.14113841950893402,
-0.289937424659729,-0.10031062364578247,0.0520348608493805,0.14805924892425537,0.05241277068853378,0.1837489902973175,
-0.20906786918640138,-0.09230086207389832,-0.006020713970065117,0.12269263714551926,0.042492493987083435,0.2252277284860611,
-0.19374120235443115,-0.09829187393188477,0.01636205315589905,0.1499900370836258,0.016659829765558243,0.2864804267883301,
-0.17716758251190187,-0.09580509662628174,0.07574048042297364,0.2005235105752945,0.021054044365882874,0.34839892387390137,
0.0276929646730423,-0.07830459475517274,0.048496031761169435,0.20911221206188202,0.04848460480570793,0.3497970998287201,
0.05217583775520325,-0.07675052285194398,0.04801574051380158,0.20944510400295258,0.031174058094620705,0.34526970982551575,
0.029505589604377748,-0.019952553510665896,0.12260383367538452,0.284745991230011,0.005341395270079374,0.3950708210468292,
0.21689116954803467,0.05454877614974976,0.07703421115875245,0.3420039415359497,0.08210701495409012,0.41824033856391907,
0.4109179973602295,0.0836823046207428,-0.07495800852775573,0.2582475244998932,0.19888661801815033,0.3505294620990753,
0.4796023845672608,0.16211642026901246,-0.08128432631492616,0.2132401168346405,0.2041463702917099,0.2687038481235504,
0.5694029808044434,0.1768845558166504,0.1155400276184082,0.27056464552879333,0.10714072734117508,0.1410718411207199,
0.6495947360992432,0.14870073795318603,0.07762125134468079,0.3097791373729706,0.05773911625146866,-0.03949151560664177,
0.6297895908355713,0.12756092548370362,-0.005219008028507233,0.2906709611415863,0.06472991406917572,-0.14721637964248657,
0.5353285789489747,0.08886970281600953,-0.03698936700820923,0.2852114737033844,0.08403783291578293,-0.20440776646137238,
0.3545231819152832,0.01011524796485901,-0.00014994931407272816,0.3062504529953003,0.0880991518497467,-0.2503473162651062,
0.32465677261352544,-0.060172331333160405,-0.031039613485336306,0.32036519050598145,0.0742507129907608,-0.3013468384742737,
0.278973388671875,-0.11429741382598878,-0.03707641661167145,0.3411378562450409,0.05434358865022659,-0.3623998165130615,
0.21114392280578614,-0.15779937505722047,-0.044440636038780214,0.36497315764427185,0.052479375153779984,-0.3958224952220917,
0.05904952287673951,-0.18176120519638062,-0.10379481315612793,0.3816179037094116,0.0411609411239624,-0.43956491351127625,
-0.0032783385366201402,-0.21367714405059815,-0.1612637281417847,0.3621102571487427,0.04602120816707611,-0.46539756655693054,
-0.07779818773269653,-0.22552094459533692,-0.21482951641082765,0.31430649757385254,0.04888410493731499,-0.4680607318878174,
-0.21207137107849122,-0.22841374874114992,-0.2547164916992188,0.2629075050354004,0.04801857843995094,-0.4417620301246643,
-0.252693510055542,-0.22331020832061768,-0.2504696846008301,0.22302667796611786,0.04548857733607292,-0.39568933844566345,
-0.2769635200500488,-0.21919901371002198,-0.26437764167785643,0.1642373949289322,0.055142536759376526,-0.3261808156967163,
-0.32829220294952394,-0.19641047716140747,-0.27175910472869874,0.08594045788049698,0.05494279786944389,-0.23077306151390076,
-0.33314089775085454,-0.18380022048950195,-0.25938260555267334,0.020426690578460693,0.03989593684673309,-0.14189006388187408,
-0.3262053489685059,-0.15869791507720948,-0.24047806262969973,-0.03889522701501846,0.023916970938444138,-0.05507100746035576,
-0.29116473197937015,-0.13775120973587038,-0.21652705669403077,-0.08283738046884537,0.027046184986829758,0.0337454155087471,
-0.2524041891098023,-0.13934483528137206,-0.1807519316673279,-0.10181239992380142,0.013330905698239803,0.11610367894172668,
-0.2088193416595459,-0.11960934400558472,-0.1552549719810486,-0.1064729392528534,-0.008973068557679653,0.15991267561912537,
-0.1584969162940979,-0.09504641294479371,-0.1473219394683838,-0.11359689384698868,-0.02674967050552368,0.18408086895942688,
-0.09392317533493043,-0.04448886215686798,-0.13149693012237548,-0.13596786558628082,-0.04931994155049324,0.20119090378284454,
-0.07309697270393371,-0.03421342372894287,-0.12933712005615236,-0.16239973902702332,-0.05218283832073212,0.21763591468334198,
-0.05658425092697144,-0.009963859617710114,-0.0897633969783783,-0.15707340836524963,-0.0442599356174469,0.22842171788215637,
-0.006545177847146988,-0.012961481511592866,-0.06303797960281372,-0.15134762227535248,-0.01975885033607483,0.2244269847869873,
-0.0033555861562490465,-0.017216426134109498,-0.07504389882087709,-0.15640762448310852,0.0008806473924778402,0.2117103785276413,
-0.010506682097911835,-0.00366024449467659,-0.03889055550098419,-0.1365004926919937,-0.01862700842320919,0.2050524801015854,
-0.053493779897689823,0.008374362438917161,-0.0619986355304718,-0.15767262876033783,-0.036470189690589905,0.22828856110572815,
-0.05844499468803406,0.041255468130111696,-0.026846638321876528,-0.16785921156406403,-0.04692309722304344,0.2712986171245575,
-0.02831932306289673,0.05253443121910095,0.016930878162384033,-0.23790036141872406,-0.13380871713161469,0.3043884038925171,
0.16960697174072267,0.10048128366470338,0.06736496090888977,-0.23583640158176422,0.006673022639006376,0.3418723940849304,
0.3817692279815674,0.11229511499404908,0.28823046684265136,-0.12664680182933807,0.1801779717206955,0.22569197416305542,
0.5600368022918701,0.09636375308036804,0.5996164321899414,0.09432899951934814,0.22551830112934113,0.06776652485132217,
0.45980720520019536,0.11240798234939575,0.45251355171203617,0.2903376519680023,0.11992394924163818,-0.09049182385206223,
0.36915616989135747,0.10504552125930787,0.23213276863098145,0.33434638381004333,0.06393098831176758,-0.18869589269161224,
0.26916701793670655,0.09960222244262695,0.0840010166168213,0.3299521505832672,0.05907071754336357,-0.23570068180561066,
0.11789149045944214,0.04405809044837952,-0.1274824619293213,0.29759475588798523,0.11892526596784592,-0.2683909833431244,
0.03455756306648255,0.0099131278693676,-0.16846872568130494,0.26110944151878357,0.1500842571258545,-0.2768464982509613,
-0.010156618803739548,-0.049575200676918035,-0.2106212615966797,0.21789968013763428,0.14682188630104065,-0.2725854516029358,
-0.09056529998779297,-0.03379420042037964,-0.23659181594848633,0.1837446391582489,0.11379867792129517,-0.24668622016906738,
-0.14294397830963135,-0.07077476382255554,-0.25178711414337157,0.14259879291057587,0.0809086412191391,-0.21472829580307007,
-0.1456403374671936,-0.08401508927345276,-0.2628812313079834,0.10178584605455399,0.07538257539272308,-0.19122590124607086,
-0.15125765800476076,-0.08275270462036133,-0.26647160053253177,0.07255765795707703,0.06666072458028793,-0.17964114248752594,
-0.19961693286895754,-0.12266659736633301,-0.287992000579834,0.016498109325766563,0.029309893026947975,-0.13230344653129578,
-0.25111091136932373,-0.10107979774475098,-0.279233717918396,-0.0678575187921524,-0.0298122838139534,-0.04381992295384407,
-0.2594000339508057,-0.1082538366317749,-0.2890192747116089,-0.147219717502594,-0.03979913890361786,0.03447701409459114,
-0.20712215900421144,-0.11912102699279786,-0.23615961074829103,-0.19289293885231018,-0.017628321424126625,0.08580943942070007,
-0.1742899298667908,-0.12925170660018923,-0.20131366252899172,-0.21366558969020844,-0.022754907608032227,0.12715502083301544,
-0.15575053691864016,-0.1444367289543152,-0.19979158639907837,-0.23403877019882202,-0.07568524032831192,0.15917953848838806,
-0.1315091133117676,-0.1537327527999878,-0.20663228034973147,-0.2651312053203583,-0.1129029169678688,0.18920667469501495,
-0.08047654032707215,-0.16094388961791994,-0.21848556995391846,-0.29442596435546875,-0.1279497593641281,0.21277564764022827,
-0.06825868487358093,-0.16910892724990845,-0.22552385330200198,-0.35035234689712524,-0.12934792041778564,0.26277652382850647,
-0.0498264878988266,-0.1725637435913086,-0.22808465957641602,-0.4229234755039215,-0.1603071689605713,0.3231636881828308,
0.09439620971679688,-0.1664328455924988,-0.19547035694122317,-0.46347013115882874,-0.18707194924354553,0.33854344487190247,
0.1946445941925049,-0.14413925409317016,-0.17348724603652954,-0.48291119933128357,-0.15884242951869965,0.2871444523334503,
0.2553532123565674,-0.13102587461471557,-0.15954931974411013,-0.5018196105957031,-0.1020505353808403,0.2303525060415268,
0.3074418067932129,-0.07995439171791077,-0.17991468906402588,-0.5454954504966736,-0.07528576254844666,0.1774221807718277,
0.39325478076934817,-0.03317312598228455,-0.13862648010253906,-0.5866413116455078,-0.051383890211582184,0.11297368258237839,
0.4412722110748291,-0.014383243024349214,-0.10150270462036133,-0.6229934692382812,-0.016895953565835953,0.007911981083452702,
0.4816477775573731,-0.03700932264328003,-0.06619609594345092,-0.664406418800354,-0.020957233384251595,-0.09282363206148148,
