0.9756803512573242,0.3628682613372803,-0.792924165725708,-0.5402233600616455,-0.3466721773147583,0.19854234158992767,
1.0315800666809083,0.3772112846374512,-0.2995383977890015,-0.5253762602806091,-0.33488768339157104,0.00659499317407608,
0.9272740364074707,0.20896944999694825,0.5169135570526123,-0.26964622735977173,-0.3574579656124115,-0.2646479904651642,
0.5749128818511963,0.12027026414871217,0.6663971900939942,0.017842017114162445,-0.38961565494537354,-0.34381043910980225,
0.31048548221588135,0.010231857001781464,0.5510510921478272,0.15086691081523895,-0.3413458466529846,-0.34327781200408936,
0.17086651325225832,-0.0866054892539978,0.4104533672332764,0.17656642198562622,-0.300932377576828,-0.32157304883003235,
-0.0030735742300748827,-0.1708893656730652,0.3162359476089478,0.17596720159053802,-0.2437409907579422,-0.2508661150932312,
-0.01979726701974869,-0.186119282245636,0.2994494915008545,0.17436930537223816,-0.16990485787391663,-0.18195681273937225,
-0.014071087539196015,-0.18503512144088746,0.2892132043838501,0.17430272698402405,-0.09793292731046677,-0.14081096649169922,
0.0018446948379278183,-0.17519129514694215,0.2610684394836426,0.16598035395145416,-0.057785771787166595,-0.08921223133802414,
-0.00582752712070942,-0.16230632066726686,0.22503976821899416,0.1458069086074829,-0.03807837888598442,-0.03648163750767708,
0.024172045290470123,-0.1467549443244934,0.20117623805999757,0.12483451515436172,-0.01550808921456337,-0.022500041872262955,
0.09631168246269227,-0.13782989978790283,0.16522642374038699,0.10213106870651245,0.007062201388180256,-0.027093995362520218,
0.09764505028724671,-0.13342868089675905,0.14784311056137087,0.06145127862691879,0.06392069160938263,-0.02962399646639824,
0.05432628989219666,-0.127512264251709,0.14005953073501587,0.030891507863998413,0.10273626446723938,0.008525785990059376,
0.0476707935333252,-0.1257476091384888,0.150661039352417,0.030358875170350075,0.12717077136039734,0.030496865510940552,
0.05026493668556214,-0.1154806137084961,0.154453182220459,0.039746515452861786,0.1316981464624405,0.03395897522568703,
0.04648017883300781,-0.11225486993789674,0.13028074502944947,-0.010721052996814251,0.16292382776737213,0.057593248784542084,
0.03131975829601288,-0.11679245233535768,0.09918266534805298,-0.05166715756058693,0.21771837770938873,0.08162827789783478,
0.03097861707210541,-0.11968570947647095,0.2423888683319092,0.043807171285152435,0.22976917028427124,0.13389280438423157,
0.06655719280242921,-0.10219639539718628,0.2730999231338501,0.1103862002491951,0.1994091421365738,0.13096332550048828,
0.13290611505508423,-0.10546581745147705,0.19203095436096193,0.06544535607099533,0.23576128482818604,0.10246750712394714,
0.07962548136711121,-0.0774018406867981,0.08738977909088136,-0.04680688679218292,0.34468457102775574,0.11172199249267578,
0.017541758716106415,-0.054834413528442386,0.1366588354110718,-0.1177135482430458,0.42238229513168335,0.18722259998321533,
0.03286775052547455,-0.00641637071967125,0.20717008113861085,-0.17224177718162537,0.479973167181015,0.21032552421092987,
0.15918145179748536,0.05800508260726929,0.1708538055419922,-0.21558472514152527,0.5912266969680786,0.16585074365139008,
0.6016324520111085,0.41280126571655273,0.032397881150245667,-0.24627766013145447,0.6647299528121948,0.03715348243713379,
0.9634564399719239,0.618968391418457,-0.0862796723842621,-0.2049986571073532,0.46938711404800415,-0.28375744819641113,
1.3262886047363283,0.6637976169586182,-0.06960982084274292,-0.02789844200015068,0.26006263494491577,-0.5991422533988953,
0.7609038352966309,0.45658216476440433,0.0021897105500102046,0.20499499142169952,0.10553271323442459,-0.7228460907936096,
0.5492671012878418,0.25178811550140384,-0.16574642658233643,0.21118684113025665,0.00466548465192318,-0.7344974279403687,
0.5153409004211426,0.034484666585922245,-0.28384478092193605,0.12496700882911682,0.034359730780124664,-0.7544711232185364,
0.44418950080871583,-0.15415621995925904,-0.21994147300720215,0.10605856776237488,0.04328132048249245,-0.721847414970398,
0.24971513748168947,-0.3802566766738892,0.03476251363754273,0.15952152013778687,-0.011646377854049206,-0.668783962726593,
0.17102792263031008,-0.4361279964447022,0.06937087774276733,0.18508785963058472,-0.06457670032978058,-0.6183170080184937,
0.08628463745117188,-0.47083325386047364,0.08283960819244385,0.18175891041755676,-0.09953068941831589,-0.5323634743690491,
-0.009355393797159195,-0.43006153106689454,0.11637872457504272,0.1663784235715866,-0.07969000935554504,-0.42084506154060364,
-0.057246774435043335,-0.40415983200073247,0.13460288047790528,0.15532630681991577,-0.03621389716863632,-0.24813908338546753,
-0.08741140365600586,-0.3684455156326294,0.14803680181503295,0.11591152101755142,-0.02056782692670822,-0.12110628187656403,
-0.0413282722234726,-0.35856192111969,0.1176113486289978,0.07463252544403076,0.007794839795678854,-0.05259646102786064,
0.01978876292705536,-0.3155860424041748,0.14086332321166992,0.045404333621263504,-0.009515708312392235,0.011652299202978611,
0.0017514124512672425,-0.2777148962020874,0.1348198413848877,0.012780611403286457,-0.03055468015372753,0.09460976719856262,
-0.009926819801330568,-0.24087045192718506,0.1392361879348755,-0.0010012481361627579,-0.015774136409163475,0.1462085098028183,
0.018054614961147308,-0.17796351909637453,0.15378659963607788,-0.011320997029542923,0.019379591569304466,0.2088593691587448,
-0.004545173794031143,-0.1427497148513794,0.1528205156326294,-0.010988102294504642,0.024439597502350807,0.25912654399871826,
0.028459367156028748,-0.12314329147338868,0.14992012977600097,-0.00206651259213686,0.00832747109234333,0.2827621102333069,
0.08442824482917786,-0.08800477385520936,0.08280535936355592,-0.05126841738820076,0.05206989496946335,0.2857581675052643,
0.06534399390220642,-0.07699373960494996,0.07692663073539735,-0.08841951191425323,0.09221704304218292,0.3166508376598358,
0.04496087729930878,-0.07137847542762757,0.14012135267257692,-0.08708793669939041,0.1071307435631752,0.34454745054244995,
0.0938037395477295,-0.09216694831848145,0.19465038776397706,-0.02623469941318035,0.15020738542079926,0.3531361520290375,
0.12366322278976441,-0.10202763080596924,0.20486829280853272,0.06790804117918015,0.24907724559307098,0.321311354637146,
0.07301612496376038,-0.1260394811630249,0.14653983116149902,-0.021374430507421494,0.3112620413303375,0.4020051658153534,
-0.16597110033035278,-0.05553079247474671,-0.0179911732673645,-0.2500734031200409,0.2004079669713974,0.5342977046966553,
0.19326682090759278,0.11730806827545166,0.19842488765716554,-0.31771770119667053,0.2882257103919983,0.39401566982269287,
0.6347643852233887,0.3824018716812134,0.6320597648620606,0.015177455730736256,0.25913068652153015,0.2105904221534729,
0.8150362014770508,0.7661427021026612,0.9049738883972168,0.27962934970855713,0.36385947465896606,-0.006856671068817377,
0.9202312469482422,0.7428585529327393,0.4446588039398194,0.42949697375297546,0.24002283811569214,-0.26705098152160645,
0.6123246192932129,0.45981903076171876,-0.07071551084518433,0.26211729645729065,0.11625242233276367,-0.4131919741630554,
0.37434206008911136,0.17237952947616578,-0.4007325649261475,0.10459129512310028,0.1350942850112915,-0.43076881766319275,
0.03979145884513855,-0.2200174331665039,-0.27313621044158937,0.04886464402079582,0.10959452390670776,-0.404669851064682,
-0.03652849793434143,-0.3089120626449585,-0.15809540748596193,0.0336846262216568,0.030099159106612206,-0.33995503187179565,
-0.04306759238243103,-0.3783033609390259,-0.11189451217651368,0.02496277168393135,-0.009715099819004536,-0.25999361276626587,
-0.10467066764831544,-0.37478830814361574,-0.06572225689888,0.029157251119613647,-0.035680919885635376,-0.19434669613838196,
-0.12829543352127076,-0.3321869850158692,0.06889016032218934,0.048997800797224045,-0.05705278739333153,-0.09274709224700928,
-0.13924009799957277,-0.2927089214324951,0.09965911507606506,0.05745333805680275,-0.09953020513057709,0.0011959196999669075,
-0.12407437562942505,-0.250207257270813,0.11633408069610596,0.03628120571374893,-0.12263312935829163,0.05166282504796982,
-0.05094478726387024,-0.20415933132171632,0.08587054014205933,-0.006063054781407118,-0.09606809914112091,0.1111178994178772,
-0.04384950995445252,-0.15709919929504396,0.13251397609710694,-0.027967555448412895,-0.0803554505109787,0.16837584972381592,
0.0015919154509902002,-0.10321669578552246,0.14070893526077272,-0.046077050268650055,-0.0713672786951065,0.17942796647548676,
0.07525080442428589,-0.0697670340538025,0.14247071743011475,-0.05932627618312836,-0.06430990248918533,0.16537979245185852,
0.0942788302898407,-0.048652806878089906,0.1308427095413208,-0.07936656475067139,-0.05705278739333153,0.16458085179328918,
0.07236271500587464,-0.06695164442062378,0.11792089939117432,-0.08795525878667831,-0.04853067174553871,0.19560667872428894,
0.03427547812461853,-0.0758862614631653,0.11461386680603028,-0.08715631067752838,-0.056919630616903305,0.236286461353302,
0.10031005144119264,-0.06935192942619324,0.1150595784187317,-0.08023209124803543,-0.06743911653757095,0.23582041263580322,
0.13488211631774902,-0.054538178443908694,0.1032382369041443,-0.07570471614599228,-0.0713672786951065,0.21990802884101868,
0.10479271411895752,-0.05896489024162293,0.09563724994659424,-0.039886001497507095,-0.083018459379673,0.23475360870361328,
0.053360736370086675,-0.0784953236579895,0.11310197114944459,0.012644851580262184,-0.0896097868680954,0.27110573649406433,
-0.047328230738639836,-0.14671695232391357,0.07632516026496888,0.0750294029712677,-0.08634740859270096,0.4045301079750061,
-0.133111047744751,-0.18330054283142092,-0.01083534061908722,0.1412755399942398,-0.24693602323532104,0.6223101615905762,
-0.21677172183990479,-0.17870470285415652,-0.11920053958892823,0.14586949348449707,-0.677768886089325,0.7772395610809326,
0.5314401149749756,-0.04268864989280701,-1.1572045326232911,-0.28383156657218933,-0.7257723808288574,0.568381130695343,
1.0910449028015137,0.1657392978668213,-1.4572224617004395,-0.8594073057174683,-0.2832881510257721,0.2692415416240692,
