0.6372986316680909,-0.003783509880304337,-0.2001375198364258,-0.7419824004173279,-0.06869389861822128,0.08205851912498474,
0.7078500270843506,0.022472849488258364,-0.07902655601501465,-0.6736723184585571,0.039630189538002014,-0.09470880776643753,
0.7710141181945801,-0.06795706152915955,0.3359784364700318,-0.4679419696331024,-0.1724240481853485,-0.35156863927841187,
0.7169119834899903,-0.13197317123413085,0.5340061187744141,-0.28265252709388733,-0.2884047329425812,-0.46954667568206787,
0.570559310913086,-0.13731120824813844,0.5615304470062256,-0.20475506782531738,-0.2378712296485901,-0.48033246397972107,
0.31539521217346195,-0.12593237161636353,0.362603497505188,-0.18091978132724762,-0.1236882135272026,-0.446377158164978,
0.23443961143493652,-0.1713481068611145,0.31617603302001956,-0.17519398033618927,-0.03860020637512207,-0.4054310619831085,
0.15322651863098147,-0.1919561266899109,0.31422860622406007,-0.14756368100643158,0.014396698214113712,-0.3723412752151489,
0.07671673297882081,-0.19185972213745117,0.32984633445739747,-0.1061515286564827,0.04475673660635948,-0.36102285981178284,
-0.03427452147006989,-0.23124916553497316,0.33813717365264895,-0.05708278343081474,0.04089515283703804,-0.35689494013786316,
-0.10878701210021974,-0.23099508285522463,0.3479448795318604,0.02813837118446827,0.0018798410892486572,-0.32906490564346313,
-0.17678145170211793,-0.2240670680999756,0.3335462093353272,0.06522288918495178,-0.007441222667694092,-0.2898498773574829,
-0.2237639665603638,-0.19415935277938845,0.2699046850204468,0.08186765015125275,0.0012140509206801653,-0.2572261393070221,
-0.24653394222259523,-0.18925747871398926,0.226342248916626,0.09385187178850174,0.018458019942045212,-0.2236703336238861,
-0.28532018661499026,-0.18959424495697022,0.17996106147766114,0.12161532789468765,0.04915095120668411,-0.15602603554725647,
-0.31531629562377933,-0.17852413654327393,0.16904613971710206,0.14431877434253693,0.060602545738220215,-0.10795597732067108,
-0.33896157741546634,-0.17086466550827029,0.11394872665405274,0.13839323818683624,0.06899149715900421,-0.05702301487326622,
-0.34240887165069583,-0.17769738435745241,0.06932333707809449,0.12301348894834518,0.06220044195652008,-0.005091372411698103,
-0.3598324775695801,-0.15932141542434694,0.06262620687484742,0.11369242519140244,0.054277535527944565,0.05755949392914772,
-0.37152259349823,-0.15016491413116456,0.057560634613037114,0.11955137550830841,0.04901779443025589,0.10742717981338501,
-0.35122079849243165,-0.1269688129425049,0.07553863525390625,0.13806034624576569,0.04342515394091606,0.17853358387947083,
-0.3219162702560425,-0.11466097831726074,0.06334869861602783,0.10809805244207382,0.04988338053226471,0.22080805897712708,
-0.28003103733062745,-0.10428767204284668,0.016712450981140138,0.08319749683141708,0.04096179082989693,0.2587580978870392,
-0.24245991706848147,-0.10361608266830445,0.07663873434066773,0.11542174965143204,0.006207536906003952,0.3195447623729706,
-0.21510140895843508,-0.10183802843093873,0.13793854713439943,0.16528944671154022,-0.016828807070851326,0.37407299876213074,
-0.14096903800964355,-0.11100716590881349,0.14053428173065186,0.18872526288032532,-0.006242741364985704,0.3863235414028168,
-0.047888639569282535,-0.12236986160278321,0.1122826099395752,0.2061023861169815,0.006806747987866402,0.39105063676834106,
0.05295243859291077,-0.06722018718719483,0.12966108322143555,0.22873926162719727,0.03110809251666069,0.3979748487472534,
0.11721385717391969,-0.059039640426635745,0.12680516242980958,0.22081634402275085,0.06373181194067001,0.3822622001171112,
0.1800575613975525,-0.05315244793891907,0.11780637502670288,0.21315976977348328,0.10860607773065567,0.3811969459056854,
0.3245318412780762,0.05681179761886597,0.1814261555671692,0.28513169288635254,0.16433273255825043,0.37886667251586914,
0.455523157119751,0.11651651859283448,0.2144084692001343,0.3332017660140991,0.22538571059703827,0.3003700077533722,
0.640156126022339,0.167962646484375,0.16612277030944825,0.31396040320396423,0.27225732803344727,0.10928818583488464,
0.9685711860656738,0.22122600078582766,-0.010012269765138627,0.30270856618881226,0.20175014436244965,-0.12194078415632248,
0.8880659103393556,0.19173474311828614,0.06274065375328064,0.3987821042537689,0.0805097296833992,-0.2797996401786804,
0.7599438667297364,0.09713833928108216,0.09490419626235963,0.46569401025772095,0.011733596213161945,-0.392984002828598,
0.6531540393829346,0.00993320345878601,0.05981731414794922,0.4774119257926941,-0.007507743313908577,-0.4824662208557129,
0.4132347106933594,-0.20630621910095215,-0.12896323204040527,0.46023452281951904,0.010601753368973732,-0.5316681265830994,
0.26637697219848633,-0.23030755519866944,-0.15600911378860474,0.4587697982788086,0.019656499847769737,-0.5617618560791016,
0.18363373279571535,-0.26799371242523196,-0.1701501727104187,0.4389292597770691,0.011334122158586979,-0.5806037187576294,
-0.014286358654499055,-0.3316184759140015,-0.224603271484375,0.4047093093395233,0.01399722695350647,-0.5614924430847168,
-0.1000633716583252,-0.34610414505004883,-0.23941631317138673,0.35004791617393494,0.028844350948929787,-0.5086286664009094,
-0.16438828706741335,-0.3238951444625855,-0.2550602674484253,0.2687549293041229,0.03670067712664604,-0.4548994302749634,
-0.2468056917190552,-0.32723326683044435,-0.2775928497314453,0.18053768575191498,0.06393150240182877,-0.37353986501693726,
-0.27096636295318605,-0.3300260782241822,-0.2607702970504761,0.1180865690112114,0.08184126019477844,-0.3034987151622772,
-0.28164148330688477,-0.31945030689239506,-0.25519790649414065,0.05869807302951813,0.07298624515533447,-0.23512203991413116,
-0.2884933710098267,-0.31191406250000003,-0.25388684272766116,0.008630647324025631,0.05141464248299599,-0.16601300239562988,
-0.3224566459655762,-0.28641364574432376,-0.24230422973632815,-0.07619103044271469,0.020521972328424454,-0.04597102105617523,
-0.3308116674423218,-0.28224730491638184,-0.22950189113616945,-0.10841528326272964,0.011600381694734097,0.06521595269441605,
-0.341560959815979,-0.2687576770782471,-0.1948021650314331,-0.12938769161701202,0.01772565208375454,0.15722817182540894,
-0.28685271739959717,-0.24081134796142578,-0.18697396516799927,-0.17479458451271057,0.012599066831171513,0.22780194878578186,
-0.24961707592010499,-0.2350259780883789,-0.19351141452789308,-0.1996285617351532,-0.036403097212314606,0.27467358112335205,
-0.22777783870697021,-0.21397938728332522,-0.16137094497680665,-0.19882960617542267,-0.07015866041183472,0.3338623344898224,
-0.2002661943435669,-0.19374147653579712,-0.12012470960617067,-0.21973542869091034,-0.06210260093212128,0.38725870847702026,
-0.10236462354660035,-0.1433121919631958,-0.14771286249160767,-0.2830520570278168,-0.01662912592291832,0.4211474359035492,
-0.01752910017967224,-0.09918776750564576,-0.12315199375152588,-0.28365129232406616,0.007871955633163452,0.3953813314437866,
0.055274260044097905,-0.07562404870986938,-0.049022245407104495,-0.25049492716789246,0.0247164499014616,0.4042363464832306,
0.05801006555557251,0.05140381455421448,0.06971616744995117,-0.1846482753753662,0.0054751113057136536,0.38905632495880127,
0.19387508630752565,0.12902551889419556,0.0853027641773224,-0.18085327744483948,-0.010237539187073708,0.29331570863723755,
0.30610027313232424,0.15669739246368408,0.06624381542205811,-0.1840490698814392,-0.03780125454068184,0.26794907450675964,
0.27958405017852783,0.2646353721618652,0.21569724082946778,-0.04103979840874672,-0.015230881981551647,0.22426863014698029,
0.429986047744751,0.31855254173278813,0.3724660873413086,-0.1469004601240158,0.08690134435892105,0.096170574426651,
0.6216486454010011,0.24041571617126467,0.9606584548950196,0.13972225785255432,0.06905816495418549,-0.015748774632811546,
0.5422354698181152,0.23809521198272707,0.49490146636962895,0.28959164023399353,0.03290575370192528,-0.21388795971870422,
0.5143449783325196,0.16199755668640137,0.19684195518493652,0.2834663689136505,0.06559605896472931,-0.3057670295238495,
0.35937583446502686,0.13597512245178223,0.031006231904029846,0.2664221525192261,0.11373269557952881,-0.30024096369743347,
0.06164457201957703,0.04768468737602234,-0.10741184949874878,0.24025659263134003,0.1461566835641861,-0.2933167517185211,
0.021517819166183474,0.0006653650663793087,-0.1524039387702942,0.2142241895198822,0.1431606262922287,-0.2921183109283447,
-0.019313047826290133,-0.019912038743495942,-0.1789903283119202,0.190122589468956,0.12085665017366409,-0.29298385977745056,
-0.048958498239517215,-0.05740508437156677,-0.1975502371788025,0.17227940261363983,0.09695477783679962,-0.2722777724266052,
-0.12008972167968751,-0.0765647053718567,-0.21033451557159424,0.14058779180049896,0.11393243074417114,-0.23885509371757507,
-0.13289620876312255,-0.10529102087020875,-0.2276305437088013,0.1299351453781128,0.12278744578361511,-0.2149532288312912,
-0.15767444372177125,-0.1265638828277588,-0.23135190010070802,0.11528775840997696,0.0890318751335144,-0.17959976196289062,
-0.20312063694000246,-0.14625940322875977,-0.2634166717529297,0.07380902022123337,0.041427869349718094,-0.11754810810089111,
-0.22085983753204347,-0.13334964513778688,-0.2797598123550415,0.010092895478010178,0.01612784154713154,-0.053166188299655914,
-0.2261605501174927,-0.13177130222320557,-0.30166487693786626,-0.07126668095588684,0.015395470894873142,0.0031596701592206955,
-0.2117095470428467,-0.1363469362258911,-0.3147638320922852,-0.14170728623867035,0.022652586922049522,0.06341369450092316,
-0.23899006843566895,-0.12188529968261719,-0.2793387174606323,-0.19030998647212982,0.012865467928349972,0.14237642288208008,
-0.22099778652191163,-0.12134823799133301,-0.23089578151702883,-0.19417156279087067,-0.03560406714677811,0.19137857854366302,
-0.17565710544586183,-0.12889446020126344,-0.19314429759979249,-0.18997494876384735,-0.08680341392755508,0.20276758074760437,
-0.07279106378555299,-0.14579994678497316,-0.18583264350891116,-0.18191887438297272,-0.13181082904338837,0.21049076318740845,
-0.057574743032455446,-0.14429817199707032,-0.20335853099822998,-0.24004237353801727,-0.11143765598535538,0.25503212213516235,
-0.07925602793693542,-0.150393283367157,-0.27103743553161624,-0.3514956533908844,-0.06483233720064163,0.32593879103660583,
-0.04614702165126801,-0.16560034751892092,-0.288646674156189,-0.4291267991065979,-0.08141051232814789,0.33998697996139526,
0.03451582491397858,-0.17641975879669192,-0.2478177309036255,-0.45835500955581665,-0.14492689073085785,0.3367246091365814,
0.0608440637588501,-0.1652159929275513,-0.1900792121887207,-0.4508981704711914,-0.22482173144817352,0.34877538681030273,
0.08701530694961548,-0.13906363248825074,-0.16307247877120973,-0.4489673674106598,-0.3282189667224884,0.36055988073349,
0.21283349990844727,-0.06061205267906189,-0.13753117322921754,-0.4621500074863434,-0.3991256356239319,0.36821648478507996,
0.3336297750473023,-0.0013753178529441357,-0.14870083332061768,-0.5158126950263977,-0.2698957324028015,0.27247583866119385,
0.5145858764648438,0.006496398895978928,-0.20808832645416261,-0.5691425204277039,-0.12268950790166855,0.17294016480445862,
0.5818480491638184,0.02450132966041565,-0.17628265619277955,-0.6042962670326233,-0.06922654807567596,0.09910403937101364,
