0.39208216667175294,0.01607145965099335,0.05124868154525757,-0.2837229073047638,-0.15168572962284088,0.0004000365734100342,
0.4362503528594971,0.012619562447071075,0.1846064329147339,-0.2540952265262604,-0.14549387991428375,-0.057790033519268036,
0.4279383659362793,0.016883425414562225,0.22036385536193848,-0.2342546582221985,-0.11679831147193909,-0.115913525223732,
0.41288647651672367,0.03242203295230866,0.2559970378875733,-0.23152491450309753,-0.11153856664896011,-0.1864207237958908,
0.39518218040466313,0.026453888416290285,0.26501121520996096,-0.22160464525222778,-0.09562617540359497,-0.24827264249324799,
0.26665577888488773,-4.2085474706254904e-05,0.33219428062438966,-0.1686743199825287,-0.09436117857694626,-0.2747710943222046,
0.13873075246810915,-0.022991168498992923,0.352727484703064,-0.1272621601819992,-0.08803616464138031,-0.24521000683307648,
0.039153191447258,-0.026458346843719484,0.36560118198394775,-0.07319999486207962,-0.0934290662407875,-0.23775315284729004,
-0.01582674980163574,-0.026119667291641238,0.40334720611572267,-0.020535985007882118,-0.11413514614105225,-0.2675139904022217,
-0.028689739108085633,-0.04430599510669708,0.3697749376296997,0.0005029888707213104,-0.09935460239648819,-0.2909497916698456,
-0.0575813114643097,-0.061448806524276735,0.32112081050872804,0.049039099365472794,-0.09489380568265915,-0.25233393907546997,
-0.2563846826553345,-0.08720917701721193,0.3238525152206421,0.1188805028796196,-0.0843743234872818,-0.16205279529094696,
-0.2924781322479248,-0.0831659197807312,0.2910523653030396,0.12866762280464172,-0.040964797139167786,-0.10765773057937622,
-0.3175018072128296,-0.07121429443359376,0.239717698097229,0.12573814392089844,0.011699213646352291,-0.04008001089096069,
-0.34022905826568606,-0.08632179498672486,0.21345880031585696,0.15370133519172668,0.04179293289780617,0.025766646489501,
-0.34332478046417236,-0.0946380913257599,0.22087903022766114,0.17400793731212616,0.03673292696475983,0.07077407091856003,
-0.348565411567688,-0.1054908037185669,0.20077943801879883,0.18619190156459808,0.02315080538392067,0.1314275562763214,
-0.3476832151412964,-0.10383059978485108,0.16902462244033814,0.20383533835411072,0.03373686969280243,0.17903156578540802,
-0.29644289016723635,-0.09307287335395814,0.15004392862319949,0.19970744848251343,0.06882402300834656,0.19347921013832092,
-0.2328577756881714,-0.08389945030212403,0.11330598592758179,0.18519321084022522,0.08753272891044617,0.18628868460655212,
-0.16717422008514404,-0.07757812738418579,0.08557921051979066,0.17527294158935547,0.1196238249540329,0.17576919496059418,
-0.02861999571323395,-0.04697656035423279,0.03680561780929566,0.13485947251319885,0.22954578697681427,0.2131866067647934,
-0.003758414834737778,-0.041068756580352785,0.0015020300634205341,0.14984028041362762,0.1753503382205963,0.22011186182498932,
0.09467389583587647,-0.04183609485626221,0.04828861355781555,0.18779031932353973,0.1367345005273819,0.16837994754314423,
0.3771320104598999,0.06390766501426696,0.003801494836807251,0.19138558208942413,0.20377959311008453,0.10672777146100998,
0.43170146942138676,0.10857498645782471,-0.07657711505889893,0.19524717330932617,0.22441908717155457,0.09048248827457428,
0.43853454589843754,0.11395906209945679,-0.1057937741279602,0.1744079291820526,0.18693509697914124,0.028164518997073174,
0.5096753597259521,0.12076690196990968,-0.16351754665374757,0.13232998549938202,0.11056895554065704,-0.07296902686357498,
0.6104204177856446,0.1535990595817566,-0.20672996044158937,0.11868128925561905,0.0519128292798996,-0.1820254772901535,
0.5209151268005371,0.135809063911438,-0.1972569227218628,0.10283548384904861,0.09026235342025757,-0.21012182533740997,
0.4384990215301514,0.115872061252594,-0.20857598781585696,0.06342069804668427,0.12574896216392517,-0.23835133016109467,
0.3263895034790039,0.026609593629837038,-0.19554784297943117,0.06235543265938759,0.03899649903178215,-0.30799299478530884,
0.28233277797698975,-0.01548861861228943,-0.1313530445098877,0.058360688388347626,-0.037769120186567307,-0.3557301461696625,
0.19998767375946047,-0.035793519020080565,-0.1393311381340027,0.028733020648360252,-0.03810201585292816,-0.3619885742664337,
0.1054987907409668,-0.058395481109619146,-0.1613452196121216,-0.00928360503166914,-0.010338560678064823,-0.3450109362602234,
-0.08642616868019104,-0.07694043517112732,-0.12802038192749024,-0.03345179185271263,0.0021117173600941896,-0.32556983828544617,
-0.15793031454086304,-0.09559807777404786,-0.08072519898414612,-0.007552550174295902,-0.05887467414140701,-0.3041313886642456,
-0.23138258457183838,-0.11891634464263917,-0.02438271790742874,0.01981143094599247,-0.1250542253255844,-0.2907490134239197,
-0.2758763313293457,-0.13865957260131836,0.012582953274250032,0.021941959857940674,-0.12265738099813461,-0.2772334814071655,
-0.3410086154937744,-0.12237125635147095,-0.02033195346593857,-0.010615185834467411,-0.07764995843172073,-0.19094707071781158,
-0.39315612316131593,-0.1354736328125,-0.045709827542304994,-0.03771284967660904,-0.054613616317510605,-0.126099094748497,
-0.40760483741760256,-0.14840112924575807,-0.04139038026332856,-0.045902069658041,-0.03364121913909912,-0.07956034690141678,
-0.4075187683105469,-0.15541467666625977,0.027684110403060916,-0.014676310122013092,-0.031310997903347015,-0.03235543146729469,
-0.41677360534667973,-0.16730237007141113,0.05479267835617066,0.001968447118997574,-0.021723618730902672,0.005594614893198013,
-0.422167444229126,-0.1695003867149353,0.046359026432037355,-0.00888393446803093,-0.012935186736285686,0.05113467201590538,
-0.4179515838623047,-0.17959045171737673,0.01164306402206421,-0.0264607984572649,0.004375360906124115,0.09108208864927292,
-0.4162021636962891,-0.15187218189239504,0.011872570961713791,-0.03451685979962349,0.030141443014144897,0.1253037005662918,
-0.41513628959655763,-0.1383707880973816,0.004623278230428696,-0.03465002030134201,0.05351068452000618,0.17084376513957977,
-0.41962380409240724,-0.15548348426818848,0.03640728890895844,-0.03271922841668129,0.02594696544110775,0.2251722514629364,
-0.37170391082763676,-0.18422802686691286,0.07440174221992493,0.03419269621372223,-0.05794261023402214,0.24061858654022217,
-0.3174738883972168,-0.15861752033233645,0.14841437339782715,0.0881882905960083,-0.0733889490365982,0.24181701242923737,
-0.2745664596557617,-0.11095867156982422,0.10952942371368408,0.05669640749692917,-0.020125722512602806,0.2860254645347595,
-0.32252528667449953,-0.08253474235534669,-0.126871657371521,-0.035582125186920166,0.044921986758708954,0.3833640217781067,
-0.2587172508239746,-0.09108193516731262,-0.10819993019104004,-0.006953142583370209,0.050115153193473816,0.4058677554130554,
-0.1304904580116272,-0.09951124787330629,0.011762829124927522,0.02234162949025631,0.0608343742787838,0.40347087383270264,
0.11614539623260499,-0.06416853666305543,-0.019277809560298922,-0.003158138133585453,0.0421922467648983,0.37118005752563477,
0.21583852767944336,-0.01539670079946518,-0.023862101137638092,-0.023664480075240135,-0.0011506987502798438,0.3120579123497009,
0.31608936786651615,0.015624009072780609,-0.013569356501102449,-0.041773974895477295,0.018756430596113205,0.27963387966156006,
0.5090445995330811,0.08757531046867371,-0.018195316195487976,-0.03524922952055931,0.061300430446863174,0.19061774015426636,
0.6050486087799073,0.16938550472259523,0.018276505172252655,-0.03165396302938461,0.009501946158707142,0.0940115675330162,
0.6519612789154053,0.22563087940216064,0.012766833603382112,-0.06014978885650635,-0.0763184204697609,-0.03095727227628231,
0.6877985000610352,0.22729892730712892,-0.019538560509681703,-0.051360439509153366,-0.10321655124425888,-0.11710873246192932,
0.5667858123779297,0.19392178058624268,0.07377101182937622,-0.027658304199576378,-0.1111394539475441,-0.17969301342964172,
0.4383278846740723,0.16213394403457643,0.09252561330795289,-0.01374328788369894,-0.1268521100282669,-0.2181091159582138,
0.324962592124939,0.11667888164520264,0.10613095760345459,-0.0009601140045560896,-0.1503545045852661,-0.2572575807571411,
0.11645420789718629,0.060629189014434814,0.14404442310333251,0.025272022932767868,-0.17565453052520752,-0.27743104100227356,
0.0019455203786492349,0.03222256302833557,0.14653253555297852,0.025072285905480385,-0.15588057041168213,-0.24494045972824097,
-0.0990547239780426,0.008292174339294434,0.11610891819000245,0.0075620017014443874,-0.1093418225646019,-0.18581828474998474,
-0.22394301891326907,-0.03165448904037476,0.12291332483291627,0.011756479740142822,-0.07032651454210281,-0.1362169086933136,
-0.24055697917938235,-0.05069333910942078,0.14833005666732788,0.028134921565651894,-0.05101859197020531,-0.10991819947957993,
-0.24615392684936524,-0.0684191107749939,0.1616604566574097,0.07633813470602036,-0.042163580656051636,-0.07756078988313675,
-0.2761037349700928,-0.08443912267684937,0.21449759006500246,0.1253403127193451,-0.02938041090965271,-0.0483991764485836,
-0.27918443679809574,-0.09486851692199708,0.18030444383621216,0.13113269209861755,0.022151757031679153,-0.0005288552492856979,
-0.2793782711029053,-0.08758518099784851,0.11443358659744263,0.08419446647167206,0.07681313902139664,0.03362618386745453,
-0.281097149848938,-0.07400244474411011,0.052259778976440435,0.06295575201511383,0.09372421354055405,0.05739489570260048,
-0.25365281105041504,-0.07751288414001466,0.11084319353103639,0.1115584447979927,0.06842418760061264,0.08708915114402771,
-0.24681072235107424,-0.08366278409957886,0.15732545852661134,0.15170560777187347,0.06802470982074738,0.10732917487621307,
-0.22309634685516358,-0.07946209311485292,0.1457237482070923,0.15936219692230225,0.10823844373226166,0.12570498883724213,
-0.1628615498542786,-0.0608909010887146,0.06775091290473938,0.13938848674297333,0.1644311398267746,0.17517320811748505,
-0.1532253384590149,-0.074683278799057,0.05525178909301758,0.12154529988765717,0.18660196661949158,0.2145879864692688,
-0.08183872103691102,-0.059998083114624026,0.053345322608947754,0.18159905076026917,0.10803882032632828,0.18109771609306335,
0.14889107942581178,-0.03685113787651062,0.20885987281799318,0.3059021234512329,-0.007209477946162224,0.07417178899049759,
0.20780179500579835,0.0020783770829439162,0.16545028686523439,0.30856528878211975,-0.014333433471620083,0.053732022643089294,
0.16675219535827637,-0.0034554336220026017,0.01412516236305237,0.24651360511779785,0.09332485496997833,0.06731414794921875,
0.17722954750061037,0.03738386332988739,-0.12677179574966432,0.216020405292511,0.1983865648508072,0.07077626138925552,
0.32238633632659913,0.07665346264839173,-0.15759679079055788,0.21815094351768494,0.2501850426197052,0.026834096759557724,
0.3871376991271973,0.07661525011062623,-0.1996057391166687,0.222145676612854,0.1725538969039917,-0.055723898112773895,
0.41532220840454104,0.08326209783554078,-0.21939556598663332,0.22540804743766785,0.09931696206331253,-0.1376160979270935,
0.39800374507904057,0.08466848134994508,-0.21770944595336916,0.19358327984809875,0.08620089292526245,-0.17996037006378174,
0.2663117408752442,0.08794471621513367,-0.36957061290740967,0.09484658390283585,0.11689382791519165,-0.18914826214313507,
0.19357700347900392,0.07248863577842712,-0.38319239616394046,0.06135733425617218,0.13200727105140686,-0.19520695507526398,
0.15258077383041382,0.06489813923835755,-0.34748640060424807,0.029732294380664825,0.11815883219242096,-0.20086617767810822,
0.056110298633575445,0.02866189777851105,-0.33979334831237795,0.0022351560182869434,0.04831743240356445,-0.23155911266803741,
0.015840034186840057,0.009185352176427842,-0.31291954517364506,-0.015608023852109909,0.010833438485860825,-0.25033441185951233,
-0.02411266565322876,-0.005307703092694283,-0.2962889432907105,-0.056554123759269714,0.011232913471758366,-0.2368854284286499,
-0.18002494573593142,-0.05061989426612854,-0.32006378173828126,-0.12553000450134277,0.017824238166213036,-0.1808924674987793,
-0.21976003646850586,-0.08018134236335756,-0.2633626222610474,-0.12845948338508606,0.026745827868580818,-0.11983949691057205,
-0.23086538314819338,-0.0857576072216034,-0.1967040777206421,-0.1232663094997406,0.02621319517493248,-0.0948723629117012,
-0.20702660083770752,-0.0927413046360016,-0.18992866277694703,-0.15375950932502747,-0.023987391963601112,-0.0737668126821518,
-0.23102169036865236,-0.1038686752319336,-0.20749053955078126,-0.16920636594295502,-0.061804164201021194,-0.0589207224547863,
-0.22572684288024902,-0.10886131525039673,-0.18862133026123049,-0.18525192141532898,-0.04529256746172905,-0.014445929788053036,
-0.24524948596954346,-0.108074951171875,-0.1923895001411438,-0.21707668900489807,0.00404249457642436,0.025767803192138672,
-0.23771839141845705,-0.1129954218864441,-0.1990811586380005,-0.24164435267448425,0.0031769671477377415,0.04867098852992058,
-0.22324762344360352,-0.11927587985992433,-0.14575408697128298,-0.2232685387134552,-0.06979364901781082,0.06058863177895546,
-0.2186979055404663,-0.13225492238998413,-0.05239639878273011,-0.20029877126216888,-0.17598718404769897,0.08116155862808228,
-0.2164323091506958,-0.13855276107788086,-0.052102422714233404,-0.19177666306495667,-0.20355090498924255,0.11764687299728394,
-0.20536160469055176,-0.13518810272216797,-0.040134635567665104,-0.21954011917114258,-0.1225908175110817,0.16092322766780853,
-0.17617412805557253,-0.11112260818481445,-0.07522472739219666,-0.23997987806797028,-0.051218099892139435,0.19341379404067993,
-0.11593890190124512,-0.12036125659942627,-0.0747340440750122,-0.2492343634366989,-0.04296230152249336,0.22736909985542297,
-0.09506281018257141,-0.11832282543182374,-0.02328523099422455,-0.22073854506015778,-0.09815631061792374,0.21158987283706665,
-0.052737814188003544,-0.11257804632186891,0.04272424578666687,-0.19637061655521393,-0.11020711809396744,0.17723509669303894,
0.07125769853591919,-0.05209099650382996,0.010062792897224428,-0.22946038842201233,-0.06499996036291122,0.16511771082878113,
0.08538675904273987,-0.024331189692020416,-0.04200400412082672,-0.2661454379558563,-0.04915414750576019,0.1583932340145111,
