-0.16220483779907227,-0.2239489793777466,-0.2687504291534424,-0.4566137194633484,-0.3100091814994812,0.21009430289268494,
-0.08105832934379578,-0.2070462703704834,-0.17678545713424684,-0.42265841364860535,-0.41573667526245117,0.1869247853755951,
0.2668416500091553,-0.10346345901489258,-0.03813760876655579,-0.44356364011764526,-0.25514817237854004,0.13339641690254211,
0.48320932388305665,-0.06803587675094605,-0.04956144094467163,-0.40128597617149353,-0.17338915169239044,0.1032361090183258,
0.5658694267272949,-0.02087939977645874,0.10038745403289795,-0.3181953430175781,-0.27685293555259705,-0.04323774576187134,
0.7769669055938722,0.13456459045410157,0.3599183320999146,-0.2621358036994934,-0.34436407685279846,-0.2078876942396164,
0.6728088855743408,0.20601670742034914,0.3300300359725952,-0.2651984393596649,-0.2050807625055313,-0.2337203472852707,
0.5146087646484375,0.19875066280364992,0.27242958545684814,-0.19216123223304749,-0.1563449203968048,-0.2867172658443451,
0.4255428791046143,0.1288733124732971,0.34429144859313965,-0.10660718381404877,-0.2291157990694046,-0.34550654888153076,
0.25648248195648193,0.019051283597946167,0.437949275970459,-0.04289105534553528,-0.2632042467594147,-0.3726041913032532,
0.11643879413604737,-0.0031718939542770387,0.34312765598297124,-0.030174458399415016,-0.18071284890174866,-0.35322970151901245,
-0.0031238961964845657,-0.026258328557014467,0.2654755115509033,-0.0333702526986599,-0.10135064274072647,-0.32027310132980347,
-0.15127742290496826,-0.10324993133544923,0.1918656349182129,0.0011842624517157674,-0.09702300280332565,-0.2793935537338257,
-0.2039278745651245,-0.12908287048339845,0.20689785480499268,0.02515271306037903,-0.111137755215168,-0.24450615048408508,
-0.24813661575317383,-0.1547371029853821,0.18641866445541383,0.04825563356280327,-0.0708574429154396,-0.20522452890872955,
-0.28077709674835205,-0.16555550098419192,0.1663675308227539,0.06716408580541611,-0.01859290525317192,-0.16347947716712952,
-0.35281982421875,-0.19334527254104616,0.14629008769989013,0.0863388404250145,0.015096082352101803,-0.05342433974146843,
-0.4336221218109131,-0.20872416496276858,0.12555782794952394,0.10751097649335861,-0.008672630414366722,0.02986602857708931,
-0.45211067199707033,-0.23195886611938477,0.12481743097305298,0.14073391258716583,-0.023120280355215073,0.08292950689792633,
-0.42612752914428714,-0.22448780536651614,0.15341376066207887,0.13733838498592377,0.01529582031071186,0.12926851212978363,
-0.3955801248550415,-0.21679651737213135,0.09540863037109376,0.14752496778964996,0.11103646457195282,0.24671390652656555,
-0.38776459693908694,-0.2190417766571045,0.1242066502571106,0.20738115906715393,0.12481795251369476,0.33593302965164185,
-0.37612006664276126,-0.22317194938659668,0.1955648422241211,0.25438594818115234,0.15204878151416779,0.397185742855072,
-0.1708492159843445,-0.16443356275558474,0.13574265241622926,0.19180166721343994,0.2965918481349945,0.4445900022983551,
-0.05536381602287293,-0.09237532019615174,0.030907392501831055,0.23321381211280823,0.12548375129699707,0.3945891559123993,
0.113202702999115,-0.062393057346344,0.11089069843292237,0.35798290371894836,-0.06226911023259163,0.26329532265663147,
0.8366581916809083,0.05973314642906189,0.06205262541770935,0.34659790992736816,0.09718766063451767,0.11875224113464355,
1.0946187019348146,0.17404775619506838,-0.3141727924346924,0.18174822628498077,0.2039138525724411,-0.11141145974397659,
1.2544601440429688,0.27942848205566406,-0.539504861831665,0.1686321645975113,0.021753622218966484,-0.33451777696609497,
0.9492300987243653,0.31678400039672855,-0.28258130550384525,0.11250603199005127,0.016627037897706032,-0.45296186208724976,
0.6492217063903809,0.22134156227111818,-0.3404547452926636,0.08647362887859344,0.08626870065927505,-0.4719368815422058,
0.45098128318786623,0.09024509787559509,-0.29436187744140624,0.10751260817050934,0.05517629534006119,-0.5017642974853516,
0.3163834571838379,-0.05223568677902222,-0.18638368844985964,0.12162736058235168,-0.013200368732213974,-0.5390486121177673,
0.09743612408638001,-0.2459864139556885,-0.11924200057983399,0.08600758016109467,-0.07425334304571152,-0.54184490442276,
-0.04825145602226258,-0.29593558311462403,-0.17019532918930055,0.03886962682008743,-0.05687620863318443,-0.49257639050483704,
-0.1609043836593628,-0.3340850353240967,-0.18102267980575562,0.026685666292905807,-0.027648016810417175,-0.44563817977905273,
-0.2908911466598511,-0.3880736589431763,-0.09080340266227722,0.04253147169947624,-0.0006169317639432847,-0.3532264828681946,
-0.3799319744110108,-0.3982137203216553,-0.07715566754341126,0.026019876822829247,0.007106235716491938,-0.27253270149230957,
-0.4222084999084473,-0.4058405876159668,-0.11576703786849976,-0.00647069001570344,0.007239393889904022,-0.19942893087863922,
-0.43125319480895996,-0.38048079013824465,-0.12067270278930664,-0.030305981636047363,-0.019658533856272697,-0.12759016454219818,
-0.4485661029815674,-0.38137187957763674,-0.0954590678215027,-0.04681921750307083,-0.04229503870010376,-0.050628017634153366,
-0.4699021339416504,-0.38475348949432375,-0.08647105097770691,-0.050747379660606384,-0.056409791111946106,0.04178367182612419,
-0.4989238739013672,-0.3869894742965698,-0.07423833012580872,-0.025247611105442047,-0.050084784626960754,0.1212790310382843,
-0.52860107421875,-0.38471364974975586,-0.012158951163291931,-0.03383630886673927,0.034404002130031586,0.2764081656932831,
-0.5289629936218262,-0.3968239307403565,-0.06342318058013917,-0.09429006278514862,0.09252749383449554,0.3759438097476959,
-0.5173629283905029,-0.39566779136657715,-0.14559630155563355,-0.11606140434741974,0.07015693932771683,0.4703528881072998,
-0.5024677753448487,-0.4351357460021973,-0.033444011211395265,-0.02984156459569931,0.0039773848839104176,0.5729511976242065,
-0.42809400558471683,-0.42980256080627444,0.03758089542388916,-0.044821847230196,0.08460458368062973,0.6703563332557678,
-0.3364773511886597,-0.3915029048919678,-0.04974756240844727,-0.13110826909542084,0.11476488411426544,0.7372682094573975,
-0.22404725551605226,-0.35813148021698,-0.19948915243148804,-0.11386429518461227,0.002712383633479476,0.6553760170936584,
0.5108478546142579,-0.2546999931335449,-0.009807925671339035,-0.016459180042147636,-0.08630377799272537,0.3778080344200134,
0.9241900444030762,-0.09830446839332581,0.038130009174346925,-0.03376972675323486,0.06809298694133759,0.3672885298728943,
0.9811084747314454,0.3061954259872437,-0.13899017572402955,-0.04622000828385353,0.08333958685398102,0.21681994199752808,
1.0775673866271973,0.43334102630615234,-0.02847382426261902,0.0062442682683467865,-0.15121832489967346,-0.1007620319724083,
1.1201845169067384,0.5576817035675049,0.0814257264137268,-0.02478155866265297,-0.1845078468322754,-0.2475687861442566,
0.6606508255004884,0.45141191482543946,-0.1346444368362427,-0.07218582183122635,-0.08131035417318344,-0.30376148223876953,
0.4571550846099854,0.31873295307159427,-0.12240158319473267,-0.07032161206007004,-0.09708958119153976,-0.3453068137168884,
0.29278855323791503,0.1793327808380127,-0.018961645662784576,-0.0628647580742836,-0.14695727825164795,-0.37127262353897095,
0.15131325721740724,0.06668308973312378,0.05478677153587341,-0.032771043479442596,-0.1514846533536911,-0.3932437002658844,
-0.023104651272296908,-0.07295708656311035,0.1441969156265259,0.0013839994790032506,-0.07045797258615494,-0.32599887251853943,
-0.15188480615615846,-0.13166842460632325,0.14511841535568237,0.05238373205065727,-0.05221535637974739,-0.2401115447282791,
-0.2608835220336914,-0.19223963022232057,0.15116350650787355,0.10358300805091858,-0.06419958919286728,-0.20529071986675262,
-0.2910834312438965,-0.2334545612335205,0.18493359088897707,0.11656591296195984,-0.04169587045907974,-0.15668803453445435,
-0.3157445192337036,-0.23402440547943115,0.11423583030700685,0.11050722002983093,-0.017527684569358826,-0.08325135707855225,
-0.355478310585022,-0.24248766899108887,0.08639121651649476,0.1392693668603897,-0.022654268890619278,-0.03105340152978897,
-0.3702898979187012,-0.2854179382324219,0.12178492546081543,0.1669662445783615,0.0033781302627176046,0.06295618414878845,
-0.3815715551376343,-0.2937099695205689,0.09304915070533754,0.11603328585624695,0.10198166966438293,0.14278444647789001,
-0.3620945453643799,-0.287499737739563,0.014454390108585359,0.09865615516901016,0.14059750735759735,0.1992434561252594,
-0.32722432613372804,-0.29514312744140625,0.12085202932357789,0.18281204998493195,0.10970483720302582,0.27494382858276367,
-0.32664070129394535,-0.29844601154327394,0.22654874324798585,0.2511221170425415,0.21283574402332306,0.3706178665161133,
-0.3039620161056519,-0.2759685277938843,0.23355185985565186,0.21530261635780334,0.4424668252468109,0.47221747040748596,
-0.24353086948394775,-0.22555272579193117,0.12797622680664064,0.172292560338974,0.5336135029792786,0.5152275562286377,
0.05582300424575806,-0.15070407390594484,0.06419596076011658,0.27848610281944275,0.23154446482658386,0.37647682428359985,
0.42849121093750003,-0.13852901458740235,0.1958062767982483,0.308246910572052,0.25131842494010925,0.1926521360874176,
0.8176689147949219,-0.06973862648010254,0.08356051445007324,0.2589784562587738,0.45478394627571106,0.1240091621875763,
0.9896031379699708,0.12713589668273925,-0.3528427600860596,0.23980370163917542,0.2763521373271942,-0.06447607278823853,
0.9150390625,0.16236525774002075,-0.342830491065979,0.23148131370544434,0.019556835293769836,-0.25908657908439636,
0.8399091720581056,0.17091888189315796,-0.34968261718750004,0.17808493971824646,0.012566035613417625,-0.34517326951026917,
0.44356598854064944,0.128215229511261,-0.5471226215362549,0.07761718332767487,0.07295320928096771,-0.31368136405944824,
0.21019642353057863,0.06175432205200196,-0.5652769088745118,0.01583125628530979,0.0118337981402874,-0.29976752400398254,
0.0969630777835846,-0.015589556097984314,-0.510271978378296,-0.0034766620956361294,-0.08830106258392334,-0.3198077976703644,
-0.017402856051921847,-0.12772434949874878,-0.2879742383956909,-0.014195885509252548,-0.13950033485889435,-0.32133913040161133,
-0.0777213215827942,-0.18247127532958984,-0.24012570381164552,-0.0268459003418684,-0.08790158480405807,-0.2548932433128357,
-0.16060960292816162,-0.19767235517501833,-0.21207537651062014,-0.06779200583696365,-0.024917826056480408,-0.16760815680027008,
-0.22971384525299074,-0.2106355667114258,-0.23566834926605226,-0.08164044469594955,-0.015996236354112625,-0.1394452154636383,
-0.21344497203826907,-0.2241675853729248,-0.1894102454185486,-0.08803202956914902,-0.07678288966417313,-0.1075538620352745,
-0.2293267011642456,-0.2314314126968384,-0.1884962558746338,-0.10767284035682678,-0.1404990255832672,-0.08271988481283188,
-0.23084754943847657,-0.24506890773773193,-0.2135472059249878,-0.15074947476387024,-0.15521298348903656,-0.03970982879400253,
-0.2760365962982178,-0.24855799674987794,-0.26627016067504883,-0.24848748743534088,-0.11546530574560165,0.02866682969033718,
-0.28051671981811527,-0.27104423046112064,-0.2846390247344971,-0.2528817057609558,-0.10694319009780884,0.08259584754705429,
-0.280488395690918,-0.2983031988143921,-0.2092836856842041,-0.263667494058609,-0.08483894914388657,0.15743066370487213,
-0.31355860233306887,-0.31344468593597413,-0.26381146907806396,-0.35494735836982727,-0.055411022156476974,0.2390565574169159,
-0.2934842586517334,-0.29365086555480957,-0.32537710666656494,-0.3984234631061554,-0.162669837474823,0.2843303084373474,
-0.2685818672180176,-0.2956146240234375,-0.25690488815307616,-0.37758421897888184,-0.25701233744621277,0.3340648412704468,
-0.1847252368927002,-0.24653525352478028,-0.10044186115264893,-0.3689289391040802,-0.21579989790916443,0.40610334277153015,
-0.049294772744178775,-0.16688228845596315,-0.09295343756675721,-0.39942213892936707,-0.1741214245557785,0.357700377702713,
