0.24188210964202883,-0.4076579570770264,-0.1301653265953064,-0.36014246940612793,0.005575805902481079,0.6365295052528381,
0.6539149761199952,-0.4319281578063965,-0.032394525408744816,-0.28251132369041443,-0.10900670289993286,0.619285523891449,
1.2818745613098146,-0.40643410682678227,0.16654185056686402,-0.20994019508361816,-0.032307662069797516,0.28818804025650024,
2.289515495300293,-0.386246395111084,0.30555305480957035,-0.19622491300106049,0.13607069849967957,0.03299061208963394,
2.668569374084473,0.12412384748458863,0.28743336200714115,-0.12684956192970276,0.12475226819515228,-0.2928471565246582,
2.325753974914551,0.2264849901199341,0.37575995922088623,-0.03450445085763931,-0.06186874955892563,-0.5531045794487,
2.044679069519043,0.14523544311523437,0.39209628105163574,-0.04122893512248993,-0.07558402419090271,-0.6132920384407043,
1.209703540802002,-0.1603334903717041,0.010948514193296434,-0.0747847706079483,0.02934451773762703,-0.6084983348846436,
0.9459275245666504,-0.25144591331481936,-0.014510209858417512,-0.057740531861782074,0.0019805384799838066,-0.5588969588279724,
0.7082916736602783,-0.3189744472503662,0.04895806312561035,-0.05261361971497536,-0.04948512092232704,-0.510027289390564,
0.5562243938446045,-0.3203896760940552,0.08175199627876283,-0.04229386895895004,-0.05501118302345276,-0.44910749793052673,
0.4541046142578125,-0.29758434295654296,0.0807809829711914,-0.008271988481283188,-0.02691483311355114,-0.3581605553627014,
0.2696799993515015,-0.23527445793151858,0.12370995283126832,0.03340648487210274,0.05491079390048981,-0.2009008675813675,
0.22588100433349612,-0.18709797859191896,0.0919806480407715,0.012167773209512234,0.0765489786863327,-0.10509365051984787,
0.12505611181259155,-0.13290239572525026,0.04126162827014923,0.027680687606334686,-0.008938495069742203,0.0038296394050121307,
0.0679929256439209,-0.15127339363098147,0.09990254640579224,0.08174285292625427,-0.06799409538507462,0.1281326860189438,
-0.00807001143693924,-0.17844210863113405,0.12382190227508545,0.1324760764837265,-0.019191665574908257,0.3387221395969391,
-0.07269500494003296,-0.21301815509796143,0.11162660121917725,0.14019924402236938,0.0488521009683609,0.513225793838501,
0.0011715957894921304,-0.33937165737152103,-0.007342485338449479,0.11283525824546814,0.05943816900253296,0.6564372777938843,
0.1454059958457947,-0.40717601776123047,-0.03341495990753174,0.14019924402236938,-0.08783464133739471,0.72847580909729,
0.33311564922332765,-0.4686471462249756,-0.008772180229425431,0.2359398901462555,-0.14708998799324036,0.7523776888847351,
2.487936401367188,-0.2831748008728027,-0.2998921871185303,0.21649882197380066,0.12568429112434387,0.548113226890564,
3.12542781829834,0.024446986615657806,-0.5152809143066407,0.01862594112753868,0.14559142291545868,0.10995660722255707,
2.9825962066650393,0.36908419132232667,-0.12402210235595704,0.06962547451257706,0.00024941086303442717,-0.26095515489578247,
2.0426746368408204,0.36069617271423343,-0.11637333631515503,0.10844104737043381,0.07009081542491913,-0.4664846360683441,
1.7048871994018555,0.10004948377609253,-0.15491943359375002,0.10497893393039703,-0.0012153277639299631,-0.58579421043396,
1.4380832672119142,-0.10469181537628175,-0.11908538341522218,0.0915299728512764,-0.11619731038808823,-0.6690846085548401,
1.1210511207580567,-0.23109257221221924,-0.050026267766952515,0.09259523451328278,-0.15860815346240997,-0.6791380047798157,
0.6358864784240723,-0.24941706657409668,-0.021023112535476687,0.09525931626558304,-0.12844805419445038,-0.633063554763794,
0.46583032608032227,-0.21959171295166016,-0.1062209725379944,0.04519188776612282,-0.0329071506857872,-0.4987070560455322,
0.3620381832122803,-0.20062503814697266,-0.14670095443725586,0.00011788571282522753,-0.021189240738749504,-0.40210089087486267,
0.30663614273071294,-0.1941417694091797,0.026891300082206727,0.013766586780548096,-0.09562459588050842,-0.3697434961795807,
0.18396123647689822,-0.17205270528793337,-0.02246077507734299,0.0026478886138647795,-0.06473192572593689,-0.2616191506385803,
-0.002703133225440979,-0.17258783578872683,-0.10231761932373047,-0.031840045005083084,0.03300609067082405,-0.08172260969877243,
-0.08762604594230652,-0.1753122091293335,-0.04225500226020813,-0.015261869877576828,0.06802665442228317,0.08519101142883301,
-0.0663590133190155,-0.20455725193023683,-0.05565084218978882,-0.02365082874894142,0.07068981230258942,0.2417183220386505,
-0.01649874895811081,-0.226854944229126,-0.04281105697154999,-0.036966633051633835,0.04965084791183472,0.36395740509033203,
-0.020697754621505738,-0.2931429386138916,-0.02384675443172455,-0.02604767307639122,0.014696856029331684,0.5077015161514282,
0.024276731908321383,-0.5025763988494873,-0.025600337982177736,0.011502900160849094,-0.011934755370020866,0.7093028426170349,
0.13867801427841187,-0.5805284023284912,-0.12501991987228395,-0.030175572261214256,0.033272404223680496,0.9152317643165588,
0.5150954723358154,-0.6183725357055665,-0.1388433575630188,-0.056341130286455154,0.048252686858177185,0.9867376685142517,
1.1668472290039062,-0.598490571975708,0.009716436266899109,0.009572108276188374,-0.013000019825994968,0.871955394744873,
2.9947158813476564,-0.26109716892242435,-0.1705629587173462,-0.07551589608192444,-0.009537910111248493,0.4456498920917511,
3.140569305419922,0.1260059952735901,-0.11363550424575806,-0.1251838505268097,0.12521804869174957,0.06801362335681915,
2.9062984466552737,0.3336725473403931,-0.004664084315299988,-0.06153429299592972,0.1374020129442215,-0.22992753982543945,
1.8682338714599611,0.24246113300323488,0.05848676562309266,0.041862938553094864,-0.00933817308396101,-0.4461096227169037,
1.5335209846496582,0.1110230326652527,-0.14970529079437256,0.0032470999285578728,-0.014331599697470665,-0.572543203830719,
1.1226765632629394,-0.06809131503105163,-0.19079301357269288,-0.021919773891568184,-0.05281427875161171,-0.5793342590332031,
0.6420456409454346,-0.21627533435821533,-0.05918567776679993,-0.04622144624590874,-0.0459565632045269,-0.5344606637954712,
0.4790329933166504,-0.2627171277999878,0.054522186517715454,-0.032839059829711914,-0.053013939410448074,-0.41508445143699646,
0.37000155448913574,-0.26389687061309813,0.15732178688049317,0.02568390592932701,-0.05953868478536606,-0.284589558839798,
0.2602353096008301,-0.2719270944595337,0.15476337671279908,0.06463263183832169,-0.03956497833132744,-0.1692081093788147,
0.1203356146812439,-0.2937609195709229,0.1448615312576294,0.09825504571199417,-0.0046109892427921295,-0.038047414273023605,
0.09773513078689576,-0.30589985847473145,0.13984614610671997,0.1357390433549881,-0.019857587292790413,0.09504406899213791,
0.1207167387008667,-0.32944622039794924,0.1459456205368042,0.1820780336856842,-0.031775232404470444,0.20663051307201385,
0.19518238306045532,-0.36217451095581055,0.08653720617294312,0.2103075534105301,0.020555883646011353,0.3309335708618164,
0.25042052268981935,-0.3768831729888916,0.07220496535301209,0.19918884336948395,0.131609708070755,0.4589650332927704,
0.31987521648406986,-0.3932455778121948,0.1518726944923401,0.22868336737155914,0.22315587103366852,0.5925225615501404,
0.5274249076843261,-0.3611902952194214,0.1765635371208191,0.2374052107334137,0.34679311513900757,0.6651602983474731,
1.815068817138672,-0.27504289150238037,0.18219325542449952,0.26610079407691956,0.07774727046489716,0.38406363129615784,
2.310116195678711,-0.17701563835144044,0.03325001001358032,0.2742899954319,0.05977093428373337,0.1780015230178833,
2.600108337402344,-0.0016861561685800554,-0.33668572902679444,0.12015954405069351,0.5015227794647217,-0.0066886902786791325,
2.238081359863281,0.06804604530334472,0.02831876575946808,0.14972063899040222,0.38281238079071045,-0.31867802143096924,
1.6849912643432619,-0.027552264928817752,0.005332994833588601,0.2398020625114441,-0.06872659921646118,-0.5162845849990845,
1.2633419990539552,-0.07399610280990601,-0.26920325756073,0.11876138299703598,-0.12372087687253952,-0.5646209716796875,
0.9072750091552735,-0.13039779663085938,-0.304464864730835,0.03513812646269798,-0.12971298396587372,-0.5282688140869141,
0.3869731187820435,-0.19410243034362795,-0.08968208432197572,-0.03430379927158356,-0.18530645966529846,-0.43252816796302795,
0.2987631559371948,-0.21296792030334474,0.016333846747875216,-0.05394395813345909,-0.25548091530799866,-0.3349885940551758,
0.24963006973266602,-0.2329267978668213,0.08707555532455445,-0.0449557863175869,-0.270660936832428,-0.22666451334953308,
0.18688101768493653,-0.24047465324401857,0.05158260464668274,-0.06812529265880585,-0.1811787188053131,-0.07679512351751328,
0.2030343770980835,-0.25475850105285647,0.031005263328552246,-0.11273324489593506,-0.07744859158992767,0.04610976576805115,
0.2498887300491333,-0.2747767448425293,0.0532457172870636,-0.13244064152240753,-0.04402592033147812,0.11834800988435745,
0.25719480514526366,-0.2905266761779785,0.0674363136291504,-0.1467551290988922,-0.0643325224518776,0.18472731113433838,
0.17852169275283813,-0.3203964471817017,0.015042477846145631,-0.16086988151073456,-0.09342755377292633,0.29218584299087524,
0.13968685865402222,-0.3457235336303711,-0.02247193157672882,-0.18264122307300568,-0.06320067495107651,0.44032418727874756,
0.15089499950408936,-0.36424920558929447,-0.06106417775154114,-0.21726231276988983,0.005708614829927683,0.5939885973930359,
0.30396623611450196,-0.3138929843902588,-0.1394678831100464,-0.3181295394897461,0.16516539454460144,0.6740165948867798,
1.270169734954834,-0.20393257141113283,0.011943145096302033,-0.37265774607658386,0.06256710737943649,0.6421252489089966,
