-0.05789797306060791,-0.19919562339782715,-0.3232273817062378,-0.5647358894348145,-0.24356378614902496,0.09192076325416565,
0.0860354483127594,-0.1541872262954712,-0.10948439836502076,-0.5496224761009216,-0.3159351944923401,0.06988310813903809,
0.21715660095214845,-0.11281001567840576,0.02406290024518967,-0.4785160422325134,-0.3447639048099518,0.04345123469829559,
0.30941684246063234,-0.062354260683059694,0.1467321753501892,-0.39635753631591797,-0.31746649742126465,0.025608055293560028,
0.44420614242553713,0.03354887962341309,0.3647941112518311,-0.24302604794502258,-0.306414395570755,-0.08651103079319,
0.4967467784881592,0.09521803259849548,0.43148036003112794,-0.18869756162166595,-0.2521524727344513,-0.17279745638370514,
0.35325675010681157,0.13939423561096193,0.35975627899169926,-0.11486141383647919,-0.23504167795181274,-0.22140014171600342,
0.28479695320129395,0.11719239950180055,0.42211751937866215,-0.027642885223031044,-0.24229878187179565,-0.2406414896249771,
0.11119130849838257,0.03922309577465058,0.3719702243804932,0.03893614187836647,-0.24602721631526947,-0.2490304410457611,
0.07075234651565553,0.014048606157302856,0.3361329317092896,0.026219548657536507,-0.22012796998023987,-0.27206677198410034,
-0.019779494404792788,-0.029957666993141174,0.23639366626739503,0.03760456293821335,-0.20088663697242737,-0.25881755352020264,
-0.10059309005737305,-0.05718173384666443,0.2819640398025513,0.09672746062278748,-0.23464235663414001,-0.23311664164066315,
-0.15146775245666505,-0.07739258408546448,0.2680398941040039,0.15511727333068848,-0.21733181178569794,-0.19623185694217682,
-0.17469872236251832,-0.09792578220367432,0.17876304388046266,0.12495696544647217,-0.0769166424870491,-0.1660049855709076,
-0.20147223472595216,-0.12091046571731567,0.13391324281692504,0.13587594032287598,-0.08024559170007706,-0.14216968417167664,
-0.2419452667236328,-0.19387381076812746,0.21746587753295898,0.20858024060726166,-0.13057933747768402,-0.10761517286300659,
-0.26500270366668705,-0.22520999908447267,0.21760528087615968,0.2616437077522278,-0.09043218940496445,-0.03557666018605232,
-0.3326823472976685,-0.2857411861419678,0.1972122669219971,0.29653114080429077,0.05211351439356804,0.06182846054434776,
-0.31639473438262944,-0.29303555488586425,0.1510866165161133,0.3009919226169586,0.2114371359348297,0.15783540904521942,
-0.35426590442657474,-0.28361747264862064,0.11123989820480347,0.26943346858024597,0.365900456905365,0.25976791977882385,
-0.3299921989440918,-0.21527819633483888,-0.00439802035689354,0.2286205142736435,0.40345102548599243,0.36429697275161743,
-0.22673094272613525,-0.17806928157806398,0.033378767967224124,0.22842077910900116,0.4007878601551056,0.3835383355617523,
0.06161044239997864,0.01010887622833252,-0.1725438952445984,0.11417116224765778,0.47888508439064026,0.41682782769203186,
0.22069425582885743,0.022989656031131747,-0.18602837324142457,0.18734152615070343,0.1673618108034134,0.29165926575660706,
1.1086533546447754,0.15553724765777588,-0.21223499774932864,0.09293245524168015,0.07328564673662186,-0.06993144005537033,
1.2932212829589844,0.2520453453063965,-0.438816499710083,-0.0009439763962291181,0.1764165610074997,-0.23558005690574646,
0.9676615715026856,0.23446550369262698,-0.23346776962280275,0.026353424414992332,0.02521558664739132,-0.45229479670524597,
0.7639552593231201,0.11811527013778687,-0.09805667996406556,0.0673661082983017,-0.07651717215776443,-0.5793941617012024,
0.5507635116577149,0.00016649904428049924,-0.07137072682380677,0.09093508124351501,-0.0721229538321495,-0.6218715906143188,
0.08927945494651796,-0.2085390329360962,-0.1345918655395508,0.05358477309346199,-0.044293034821748734,-0.5218023061752319,
-0.10058352947235108,-0.2631742238998413,-0.14643559455871583,0.036274224519729614,-0.02398643270134926,-0.46101561188697815,
-0.2150874137878418,-0.2940845012664795,-0.09764217138290406,0.036340806633234024,-0.017594845965504646,-0.42792582511901855,
-0.25916783809661864,-0.32087576389312744,-0.07504695057868958,0.030148953199386597,-0.041962768882513046,-0.36367708444595337,
-0.42127103805541993,-0.35222618579864506,-0.06986767649650574,0.045129235833883286,-0.08776914328336716,-0.23764298856258392,
-0.4679472923278809,-0.3559077978134155,-0.03746399581432343,0.052519507706165314,-0.10468021780252457,-0.14889313280582428,
-0.475009298324585,-0.35932221412658694,-0.06173357963562012,0.037672385573387146,-0.06107094883918762,-0.06027644872665405,
-0.47056136131286624,-0.35468080043792727,-0.08747966885566712,-0.01778794638812542,-0.008939572609961033,0.029538661241531372,
-0.5062376976013184,-0.3650058746337891,-0.11357756853103639,-0.021383214741945267,-0.008673256263136864,0.12428061664104462,
-0.5150335311889649,-0.3810025453567505,-0.052162885665893555,0.011307088658213615,-0.03983223810791969,0.2054404467344284,
-0.519931983947754,-0.36351416110992435,-0.03881867229938507,0.007312346249818802,-0.04269513860344887,0.2968534827232361,
-0.49734182357788087,-0.3450513362884522,-0.09633256196975709,-0.02604374662041664,-0.004012724384665489,0.394258588552475,
-0.49848585128784184,-0.350249981880188,-0.10478410720825196,-0.04428640007972717,0.05590840429067612,0.5289479494094849,
-0.5102806091308594,-0.35491993427276614,-0.1195914626121521,-0.08876119554042816,0.13187506794929504,0.6407341361045837,
-0.3040652275085449,-0.29480121135711673,-0.19428211450576782,-0.14388862252235413,0.051381029188632965,0.6869399547576904,
0.027224376797676086,-0.25973379611968994,-0.1206681489944458,-0.08436697721481323,-0.1488886922597885,0.5258187055587769,
0.5001216411590577,-0.18981102705001832,-0.03841289281845093,-0.06685668975114822,-0.1000862643122673,0.38979780673980713,
0.8035102844238282,-0.01051655039191246,-0.09244902133941652,-0.10853516310453415,0.05431050807237625,0.35504353046417236,
0.9434776306152344,0.26272470951080323,-0.15145732164382936,-0.07378090918064117,-0.02591722458600998,0.12268272042274475,
1.0812088966369628,0.36682157516479497,0.09075815677642823,0.016499729827046394,-0.21040759980678558,-0.11926650255918503,
1.0030627250671387,0.4089834213256836,0.12268779277801514,0.0017857637722045183,-0.17465466260910034,-0.2160058319568634,
0.5326884269714356,0.3074154615402222,-0.124675452709198,-0.03962639346718788,-0.056543461978435516,-0.27100011706352234,
0.3583077907562256,0.20871076583862305,-0.07976868152618409,-0.025311900302767754,-0.09056534618139267,-0.3200022578239441,
0.22266287803649903,0.10521192550659181,0.009962428361177444,-0.000744239310733974,-0.22285787761211395,-0.34510257840156555,
-0.03677449822425843,-0.03865974545478821,0.08847582340240479,0.019029732793569565,-0.2225915640592575,-0.3465007245540619,
-0.11626474857330323,-0.09518241882324219,0.08451440930366516,0.0378715954720974,-0.1508859395980835,-0.2988967299461365,
-0.20923497676849367,-0.14271172285079955,0.1114854097366333,0.0703621655702591,-0.14476066827774048,-0.21747057139873505,
-0.30474581718444826,-0.1818358063697815,0.1471732497215271,0.10378483682870865,-0.18990124762058258,-0.16580523550510406,
-0.32751035690307617,-0.2283406734466553,0.17963094711303712,0.13327935338020325,-0.18484124541282654,-0.11513859778642654,
-0.34908943176269536,-0.24380998611450197,0.14270023107528687,0.12535645067691803,-0.1040143072605133,-0.036908239126205444,
-0.3821949720382691,-0.25601279735565186,0.1156370759010315,0.1414019912481308,-0.022721314802765846,0.07714163511991501,
-0.424989652633667,-0.2578409433364868,0.14624998569488526,0.16996440291404724,0.036733757704496384,0.1643601655960083,
-0.3446315050125122,-0.2777032136917114,0.150994348526001,0.16683518886566162,0.11642885208129883,0.2342015653848648,
-0.30332973003387453,-0.2642393112182617,0.14296011924743654,0.15744754672050476,0.16596364974975586,0.2755471467971802,
-0.25978932380676273,-0.24341561794281008,0.17718868255615236,0.19246810674667358,0.22868110239505768,0.29944899678230286,
-0.09911473393440247,-0.18120102882385256,0.1851631283760071,0.2057839184999466,0.3893362879753113,0.35837143659591675,
-0.015128469467163086,-0.15869346857070923,0.1370105266571045,0.2467965930700302,0.5142385363578796,0.3954559564590454,
0.10997385978698732,-0.13479112386703493,0.1994074583053589,0.2971969246864319,0.5378741025924683,0.35424354672431946,
0.29815862178802494,-0.1060804009437561,0.15913846492767336,0.29240256547927856,0.4247564673423767,0.2561047673225403,
0.6363466739654542,-0.04920257031917572,-0.007678315788507462,0.31870129704475403,0.07614868134260178,0.07907114177942276,
0.6966651439666749,0.04148450493812561,-0.053839719295501715,0.28334781527519226,0.18720251321792603,-0.026190301403403282,
0.7285459518432618,0.12095704078674317,-0.2365736961364746,0.2198980152606964,0.3903351128101349,-0.07372772693634033,
0.5799479961395264,0.1380740761756897,-0.3708616018295288,0.194597989320755,0.43394437432289124,-0.15928177535533905,
0.511939811706543,0.10846645832061769,-0.3478410243988037,0.15984372794628143,0.3153005540370941,-0.21361026167869568,
0.40328512191772464,0.06698364615440369,-0.3825220108032227,0.12369131296873093,0.16203564405441284,-0.2578187584877014,
0.23991942405700684,-0.01696925759315491,-0.31692023277282716,0.11843156814575195,0.052513133734464645,-0.2985651195049286,
0.1878904104232788,-0.06777867078781129,-0.2799576282501221,0.0994565412402153,0.06922446936368942,-0.3203364610671997,
0.14102133512496948,-0.10179128646850587,-0.3181171894073487,0.05052095651626587,0.11862610280513763,-0.3089514374732971,
0.043955457210540776,-0.12266455888748169,-0.3059720039367676,0.02881619520485401,0.0949239730834961,-0.2859150767326355,
-0.0947799324989319,-0.18904534578323365,-0.24145450592041018,0.033942777663469315,-0.01719510927796364,-0.25022873282432556,
-0.14345954656600954,-0.19770804643630982,-0.23184745311737062,0.006911694537848234,-0.07918018847703934,-0.22499528527259827,
-0.16265898942947388,-0.19662392139434814,-0.27649357318878176,-0.06865550577640533,-0.05987226590514183,-0.20821736752986908,
-0.15860810279846194,-0.2086934804916382,-0.3314144849777222,-0.13150610029697418,-0.01925905980169773,-0.18930892646312714,
-0.170006000995636,-0.22467758655548098,-0.3075445890426636,-0.149748757481575,-0.013200368732213974,-0.1427035927772522,
-0.202797532081604,-0.22491166591644288,-0.27795698642730715,-0.20520909130573273,-0.057009369134902954,-0.07525904476642609,
-0.2135413408279419,-0.2293665885925293,-0.30570120811462403,-0.2687254846096039,-0.07132386416196823,-0.027788199484348297,
-0.17121031284332278,-0.25528004169464114,-0.31595122814178467,-0.31120288372039795,-0.04555777460336685,0.02654028870165348,
-0.14599223136901857,-0.26204752922058105,-0.2683088541030884,-0.3132668435573578,-0.03164275735616684,0.05916401743888855,
-0.11962839365005494,-0.26415443420410156,-0.2648390293121338,-0.3783136308193207,-0.058074839413166046,0.1060374453663826,
-0.11010987758636476,-0.24668824672698975,-0.3160010576248169,-0.4626026749610901,-0.1582096964120865,0.15011276304721832,
-0.09782851934432985,-0.21610786914825442,-0.25626907348632816,-0.4872369170188904,-0.26560166478157043,0.177143856883049,
-0.006550154089927674,-0.19643853902816774,-0.19713134765625,-0.49442747235298157,-0.35048991441726685,0.1860654503107071,
