0.373605227470398,0.006002127751708031,-0.0008385474793612957,-0.2624031603336334,-0.21846291422843933,0.02613554336130619,
0.4057355403900147,0.03255328238010407,0.07726641297340393,-0.22964626550674438,-0.17179101705551147,-0.02080267295241356,
0.4072863578796387,0.030673524737358095,0.18020530939102175,-0.21326783299446106,-0.12385411560535431,-0.05602297931909561,
0.36191289424896245,0.02107478827238083,0.18990024328231814,-0.2273160070180893,-0.1539478302001953,-0.10502514243125916,
0.3308726310729981,0.009274374693632126,0.236002516746521,-0.20880703628063202,-0.24402925372123718,-0.17173732817173004,
0.32583065032958985,-0.00901382640004158,0.3243711948394776,-0.1575411856174469,-0.26200559735298157,-0.22659845650196075,
0.28027138710021976,-0.021501004695892334,0.39848635196685794,-0.13070982694625854,-0.19815631210803986,-0.23518714308738708,
0.11541467905044556,-0.028933584690093994,0.3623150587081909,-0.1028132289648056,-0.05947219580411911,-0.19364182651042938,
0.02577972710132599,-0.04413305521011353,0.3566315650939942,-0.06752634048461914,-0.07425273954868317,-0.17080523073673248,
-0.048355269432067874,-0.05308688282966614,0.3748098134994507,-0.0043428437784314156,-0.1389009803533554,-0.1944407820701599,
-0.09601625800132751,-0.0500069260597229,0.33156249523162845,0.026616405695676804,-0.14196361601352692,-0.18918102979660034,
-0.1407452940940857,-0.03996544182300568,0.2898735284805298,0.04026510566473007,-0.10461277514696121,-0.14310835301876068,
-0.19608784914016725,-0.059189516305923465,0.25288469791412355,0.03979761153459549,-0.06539740413427353,-0.10842350125312805,
-0.2369072198867798,-0.06454837918281556,0.24419333934783938,0.06729475408792496,-0.007739970926195383,-0.06707792729139328,
-0.24502015113830566,-0.07291616201400757,0.25792047977447513,0.10764164477586746,0.011767684482038021,-0.03432104364037514,
-0.25553665161132816,-0.08615514039993287,0.253802227973938,0.14532537758350372,0.0098368925973773,-0.013748124241828918,
-0.20878944396972657,-0.09236557483673097,0.18217597007751465,0.13693641126155853,0.019157957285642624,-0.00915417168289423,
-0.2108348846435547,-0.10286409854888917,0.11921061277389527,0.134939044713974,0.020356379449367523,0.015280332416296005,
-0.23627178668975832,-0.10325086116790771,0.13310174942016603,0.1451922208070755,0.05264720693230629,0.06022117659449577,
-0.23150496482849123,-0.07386743426322938,0.11893315315246583,0.14432668685913086,0.1652989238500595,0.13245941698551178,
-0.1979112982749939,-0.06552160382270814,0.09065914750099183,0.1493201106786728,0.26663219928741455,0.18332579731941223,
-0.1467853307723999,-0.05632320642471314,0.07317548990249634,0.14778879284858704,0.3001214563846588,0.19890528917312622,
-0.06741885542869568,-0.042617911100387575,0.04367088973522187,0.15737617015838623,0.2561127245426178,0.19304633140563965,
0.13367345333099365,-0.02600267827510834,0.002076922357082367,0.16656407713890076,0.20264975726604462,0.16921104490756989,
0.24815921783447267,-0.003470944613218308,-0.0639759659767151,0.14865432679653168,0.20704397559165955,0.13545547425746918,
0.35450191497802735,0.03317001760005951,-0.12283152341842651,0.12302140146493912,0.21842898428440094,0.07932935655117035,
0.5475834846496582,0.0759247660636902,-0.20640153884887696,0.10617690533399582,0.17801551520824432,-0.02499997988343239,
0.5597445487976075,0.07713298797607422,-0.19511369466781617,0.10038452595472336,0.10417938232421875,-0.10309718549251556,
0.5273516654968262,0.05669927000999451,-0.1971538305282593,0.09698899835348129,0.07235460728406906,-0.161753311753273,
0.40385084152221684,0.030999603867530826,-0.19971196651458742,0.07168896496295929,0.073752760887146,-0.21574890613555908,
0.32325544357299807,0.01919773817062378,-0.17985992431640627,0.0796118751168251,0.04665509611368179,-0.24384525418281555,
0.2573400497436524,-0.005983636155724526,-0.1281432867050171,0.0775473341345787,0.02608230523765087,-0.2621556520462036,
0.2112649440765381,-0.035451024770736694,-0.13355666399002075,0.06696126610040665,0.007706495001912117,-0.2819961905479431,
0.11495046615600586,-0.06322814822196961,-0.1157269835472107,0.05151493474841118,0.00024964381009340286,-0.3125559687614441,
0.02868811786174774,-0.08571158647537232,-0.11172745227813721,0.04272650182247162,-0.0042111510410904884,-0.3084280788898468,
-0.060602957010269166,-0.10381442308425903,-0.09023038744926454,0.04399150237441063,-0.018725380301475525,-0.28945305943489075,
-0.17377681732177735,-0.12572648525238037,-0.05918873548507691,0.046255189925432205,-0.02837933972477913,-0.2559638023376465,
-0.22249417304992677,-0.12110100984573365,-0.06907588839530945,0.037533339112997055,-0.007473523262888193,-0.22447189688682556,
-0.25304203033447265,-0.10450195074081421,-0.07643322944641114,0.02914438024163246,-0.002480096183717251,-0.1987724006175995,
-0.32216136455535893,-0.12599751949310303,-0.09633037447929382,0.001181187224574387,-0.036302242428064346,-0.1524999737739563,
-0.3326213598251343,-0.1458567500114441,-0.09226380586624146,-0.010669879615306854,-0.06586333364248276,-0.13465678691864014,
-0.3287315368652344,-0.1614851236343384,-0.07288078665733337,-0.007540665566921234,-0.08130966871976852,-0.11195334792137146,
-0.36266431808471683,-0.13816137313842775,-0.033489111065864566,-0.0026803964283317327,-0.08590362221002579,-0.08119384199380875,
-0.42670717239379885,-0.15162259340286255,9.012939990498126e-05,0.021154897287487984,-0.09615679085254669,-0.011152699589729309,
-0.4516899108886719,-0.14712786674499512,0.0020078709349036217,0.008438301272690296,-0.036834876984357834,0.06275001913309097,
-0.44089851379394535,-0.12897419929504395,-0.029888930916786197,0.0031119792256504297,0.022020984441041946,0.10762428492307663,
-0.37833347320556643,-0.13417111635208132,-0.014784695208072664,0.0158285740762949,0.03240731358528137,0.1568261981010437,
-0.3845284938812256,-0.12625641822814943,0.0014562244527041913,0.029344117268919945,-0.0033456236124038696,0.19697335362434387,
-0.381147837638855,-0.12247647047042848,0.011979222297668457,0.02894464321434498,-0.014131425879895687,0.22620154917240143,
-0.3535510540008545,-0.13547033071517944,-0.0021675180643796923,0.010036197490990162,0.028345992788672447,0.25629526376724243,
-0.2941352605819702,-0.15810871124267578,-0.09325967431068422,-0.035702940076589584,0.07934539020061493,0.30356764793395996,
-0.2560105323791504,-0.15741753578186035,-0.0678033709526062,-0.01599554717540741,0.05251403525471687,0.3224095106124878,
-0.2239853620529175,-0.18268299102783203,0.0014931793324649335,-0.0037450066301971674,0.012233723886311054,0.33059871196746826,
-0.15248221158981323,-0.15690912008285524,-0.07454424500465394,-0.04509058594703674,0.001581078744493425,0.3574966490268707,
-0.1209694266319275,-0.13252471685409548,-0.0872973382472992,-0.05474454537034035,0.00710713816806674,0.37573930621147156,
-0.010372752696275711,-0.11582298278808595,-0.0741734504699707,-0.06719481945037842,0.02035636454820633,0.3862587809562683,
0.1286031723022461,-0.09594175219535828,-0.10399478673934937,-0.053879015147686005,-0.007606827188283205,0.3628895580768585,
0.523525333404541,0.001113392785191536,-0.07456021308898926,-0.06899245083332062,-0.03896554931998253,0.23545731604099274,
0.7313408851623535,0.07793650627136231,-0.13037576675415039,-0.11746198683977127,-0.0016812935937196016,0.1359882354736328,
0.8255598068237305,0.14482983350753784,-0.16183011531829836,-0.1163967177271843,-0.019990526139736176,0.02520073391497135,
0.7936645984649658,0.1428910255432129,0.032375916838645935,-0.06453165411949158,-0.08177585899829865,-0.0933099314570427,
0.7029166698455811,0.14578999280929567,0.06259742975234986,-0.04342610761523247,-0.09169613569974899,-0.16814476251602173,
0.5814947605133057,0.1387394666671753,0.04738114178180695,-0.03190793842077255,-0.08976534754037857,-0.21641455590724945,
0.30202288627624513,0.07458499670028687,0.05793900489807129,-0.032041095197200775,-0.08230849355459213,-0.23845221102237701,
0.17561051845550538,0.029233551025390627,0.06417571306228638,-0.018925024196505547,-0.08743508160114288,-0.24271327257156372,
0.061324197053909305,-0.0037203576415777207,0.10319817066192627,0.0023136851377785206,-0.0959571972489357,-0.23046272993087769,
-0.10930745601654053,-0.04459783732891083,0.1461880922317505,0.024284765124320984,-0.1019493043422699,-0.21528270840644836,
-0.1572064518928528,-0.059903967380523684,0.1637914299964905,0.04505741968750954,-0.09136324375867844,-0.1889839917421341,
-0.20944459438323976,-0.07456409931182861,0.16447609663009644,0.05804033204913139,-0.06686215847730637,-0.1504347324371338,
-0.28906233310699464,-0.09745177030563355,0.15117850303649905,0.06962508708238602,-0.02897869609296322,-0.10496126115322113,
-0.3024556875228882,-0.09429087042808533,0.15578495264053346,0.08653590083122253,0.005442720837891102,-0.061019621789455414,
-0.3089423894882202,-0.10024735927581788,0.15050188302993775,0.10045091807842255,0.012899572029709816,-0.02067272923886776,
-0.3252184629440308,-0.10316466093063355,0.13636696338653564,0.10611013323068619,0.02328590117394924,0.01614547334611416,
-0.28063642978668213,-0.0905946969985962,0.09371634125709534,0.09818723052740097,0.06816016137599945,0.04364261031150818,
-0.2549755096435547,-0.09098302721977235,0.0816147804260254,0.08407247066497803,0.10797442495822906,0.07580028474330902,
-0.24654979705810548,-0.1056450128555298,0.07319052815437317,0.11083724349737167,0.083473339676857,0.09996847063302994,
-0.1977981209754944,-0.13423289060592652,0.18318434953689577,0.19006629288196564,0.028945118188858032,0.11681296676397324,
-0.14810124635696412,-0.1285347580909729,0.17376854419708254,0.20924104750156403,0.056109361350536346,0.12347086519002914,
-0.10753837823867798,-0.1088071346282959,0.08476127386093141,0.19978682696819305,0.1196257546544075,0.15542879700660706,
-0.07213870286941529,-0.0859919548034668,0.0063390865921974186,0.18846839666366577,0.14592446386814117,0.17633460462093353,
-0.013129056990146638,-0.08878905773162843,0.022472482919692994,0.22308948636054993,0.08120965212583542,0.15582826733589172,
0.043464019894599915,-0.09157562255859375,0.060902136564254764,0.23300975561141968,0.05677515268325806,0.13139376044273376,
0.148620867729187,-0.05188612341880799,-0.013869895040988922,0.24905531108379364,0.09645625203847885,0.10669295489788055,
0.22264904975891114,-0.03472622334957123,-0.005554892122745514,0.2546479403972626,0.17628450691699982,0.08791767060756683,
0.2842434883117676,-0.014779862761497498,-0.06967361569404602,0.24858924746513367,0.22628535330295563,0.05136577785015106,
0.3418139934539795,0.013034817576408387,-0.10689243078231812,0.25085294246673584,0.20897480845451355,0.0026299310848116875,
0.47620787620544436,0.009519670158624649,-0.1539841890335083,0.2397342473268509,0.16516581177711487,-0.08172569423913956,
0.486150598526001,-0.0029239885509014132,-0.2003851890563965,0.23933476209640503,0.164167121052742,-0.14544183015823364,
0.45535020828247075,-0.006266380846500397,-0.22913424968719484,0.2259523868560791,0.2061784863471985,-0.19604189693927765,
0.3988525867462158,-0.006177985295653343,-0.3435734272003174,0.19678828120231628,0.20151850581169128,-0.2800029516220093,
0.3642095804214478,-0.026243171095848086,-0.36293127536773684,0.15544269979000092,0.10224918276071548,-0.31602218747138977,
0.23492953777313233,-0.042698156833648686,-0.4021960735321045,0.0530441589653492,0.015763023868203163,-0.28033584356307983,
-0.05757660269737244,-0.046093353629112245,-0.49692597389221194,-0.037836216390132904,0.00837275106459856,-0.24897709488868713,
-0.09714295268058777,-0.04992769658565521,-0.42827997207641605,-0.060406506061553955,-0.0010814708657562733,-0.23213261365890503,
-0.14128633737564086,-0.069629967212677,-0.34624993801116943,-0.10141918808221817,-0.040429677814245224,-0.2017725706100464,
-0.18485511541366578,-0.08826086521148682,-0.3376689910888672,-0.14023476839065552,-0.07245418429374695,-0.17873623967170715,
-0.1978777885437012,-0.11712150573730469,-0.2937090158462525,-0.16793163120746613,-0.04009678214788437,-0.1176166832447052,
-0.22882790565490724,-0.14488805532455445,-0.24092454910278321,-0.14842398464679718,-0.036634672433137894,-0.06235608831048012,
-0.27140088081359864,-0.15198403596878052,-0.1690520524978638,-0.12518790364265442,-0.057407330721616745,-0.03505868464708328,
-0.20505874156951906,-0.15127389430999758,-0.14595744609832764,-0.15781162679195404,-0.07498419284820557,-0.03805474191904068,
-0.1627939820289612,-0.14413470029830933,-0.21203463077545168,-0.19715982675552368,-0.07804682850837708,-0.027535254135727882,
