0.8543868064880371,0.1904371500015259,-0.060296046733856204,-0.25786837935447693,0.033470481634140015,0.12661781907081604,
1.0127011299133302,0.2583002090454102,0.09014102816581726,-0.16698801517486572,-0.05960699915885925,-0.11626247316598892,
0.9722496032714845,0.3529404640197754,0.2596856355667114,-0.15227404236793518,-0.12951497733592987,-0.23144419491291046,
0.739106845855713,0.3873554468154907,0.216295862197876,-0.14794641733169556,-0.12458813190460205,-0.2990884780883789,
0.36010203361511234,0.29727134704589847,0.1762634515762329,-0.14807957410812378,-0.09023334830999374,-0.32572007179260254,
0.1639099955558777,0.19203705787658693,0.17377861738204958,-0.1417553573846817,-0.08024632185697556,-0.3244566321372986,
0.014891226589679719,0.10111912488937379,0.1926034212112427,-0.11565636843442917,-0.12079295516014099,-0.3148026764392853,
-0.19714276790618898,-0.036757245659828186,0.2736065864562988,-0.0665210485458374,-0.13610613346099854,-0.26633313298225403,
-0.2846238136291504,-0.07817890644073487,0.29531047344207767,-0.027705475687980652,-0.07971369475126266,-0.18563935160636902,
-0.360387134552002,-0.0968543291091919,0.2791822910308838,-0.009329662658274174,-0.01979256421327591,-0.11892717331647873,
-0.40517668724060063,-0.11722328662872315,0.2476519823074341,0.00232166750356555,0.00857010018080473,-0.0712565928697586,
-0.46018657684326175,-0.1640231490135193,0.23759307861328127,0.03121696598827839,0.002910883165895939,0.009370612911880016,
-0.48153014183044435,-0.1856746554374695,0.24964826107025148,0.0724959596991539,0.008104046806693077,0.0846714898943901,
-0.49469914436340334,-0.19891144037246705,0.2674274444580078,0.10252310335636139,0.05504225939512253,0.1670963317155838,
-0.48269329071044925,-0.18885757923126223,0.22443501949310304,0.11310917139053345,0.11696075648069382,0.2441282868385315,
-0.42269206047058105,-0.1691416144371033,0.21507441997528076,0.14326946437358856,0.1162949651479721,0.29792413115501404,
-0.3788475036621094,-0.14049770832061767,0.24486157894134522,0.17283055186271667,0.17062345147132874,0.3724260628223419,
-0.19779708385467532,-0.009519492089748383,0.1940651535987854,0.1651739776134491,0.20737507939338684,0.37255921959877014,
0.12678903341293335,0.06211015582084656,0.11020827293395996,0.193536639213562,-0.03111100010573864,0.2267511487007141,
0.5615501403808594,0.11617971658706666,0.0666703224182129,0.24573460221290588,-0.04096469655632973,0.053445927798748016,
0.9836365699768067,0.16571985483169557,0.02143102139234543,0.17129923403263092,0.19772112369537354,-0.0645986869931221,
1.1727535247802734,0.44914908409118653,-0.40063180923461916,0.09739652276039124,0.16889239847660065,-0.25494813919067383,
0.9259555816650391,0.4740469455718994,-0.27305121421813966,0.10731679201126099,-0.030844682827591896,-0.3979598879814148,
0.7372313499450684,0.4168475151062012,-0.14081727266311647,0.055251993238925934,-0.04629101976752281,-0.49003866314888,
0.3923348426818848,0.1348570466041565,-0.2685562133789063,0.018033139407634735,0.0018458807608112693,-0.5064194202423096,
0.1863783359527588,0.008306952565908432,-0.19316813945770264,0.01829945668578148,-0.013800190761685371,-0.48577994108200073,
0.003514242172241211,-0.08428372740745545,-0.09281400442123414,0.01896524615585804,-0.04202969744801521,-0.4531562030315399,
-0.1334838151931763,-0.1511425852775574,-0.04150211215019226,0.013638924807310104,-0.04575812444090843,-0.4188680052757263,
-0.320801591873169,-0.227203106880188,-0.022659416496753695,-0.0006755665526725352,-0.02252204529941082,-0.33784133195877075,
-0.39211320877075195,-0.2562905550003052,-0.02061125785112381,-0.0005424084956757724,-0.01566440425813198,-0.2573472857475281,
-0.4754049777984619,-0.29015483856201174,-0.0021304188296198848,0.008445760235190392,-0.023587308824062347,-0.18544194102287292,
-0.567164421081543,-0.3163578033447266,0.045419889688491824,0.007646811660379171,-0.04009890556335449,-0.08810339868068695,
-0.5997379302978516,-0.3298380374908447,0.04665026664733887,0.003052859101444483,-0.045358650386333466,-0.006743825972080231,
-0.5969960689544678,-0.33372824192047124,0.058716171979904176,-0.0009418826666660607,-0.044692859053611755,0.053110722452402115,
-0.592130470275879,-0.33512587547302247,0.06161916255950928,0.00964418239891529,-0.0443599633872509,0.144457146525383,
-0.6344092845916749,-0.3466995239257813,0.10626076459884644,0.03714132308959961,-0.020324936136603355,0.2624351680278778,
-0.6416962623596192,-0.34223518371582035,0.10485544204711915,0.025689728558063507,0.03380381688475609,0.3762853145599365,
-0.6483207225799561,-0.33123996257781985,0.05577465295791626,-0.0041376762092113495,0.06203332543373108,0.47089412808418274,
-0.6411448955535889,-0.321081280708313,0.0013059142976999283,-0.0026729374658316374,0.0537109449505806,0.5708292722702026,
-0.567643690109253,-0.3285032033920288,0.02309057414531708,-0.016854271292686462,0.04086119309067726,0.6557174921035767,
-0.3973305702209473,-0.2953809261322022,0.0011733498424291611,-0.03469745069742203,0.027079332619905472,0.6306837797164917,
-0.0656226933002472,-0.21766908168792726,-0.04400349855422974,-0.031435076147317886,0.02381695993244648,0.5744245052337646,
0.6937558174133301,-0.05721105337142945,-0.08689186573028565,-0.008398734033107758,-0.042096275836229324,0.42095986008644104,
0.99005126953125,0.08964946269989015,-0.0800289034843445,-0.012323756702244282,-0.0581425242125988,0.19692759215831757,
1.218969249725342,0.2702502250671387,-0.0983288586139679,-0.031165622174739838,0.015160988084971905,0.008841837756335735,
1.155162525177002,0.48000874519348147,-0.12716821432113648,-0.022244032472372055,0.006705451291054487,-0.10540777444839478,
0.9136649131774903,0.4859038829803467,-0.06917557120323181,-0.013721915893256664,-0.04935409128665924,-0.24602268636226654,
0.6879871368408204,0.45018806457519533,-0.058121442794799805,-0.037290893495082855,-0.08870229125022888,-0.324719101190567,
0.46764831542968754,0.3682689666748047,-0.060387408733367925,-0.05892907455563545,-0.10827653110027313,-0.3319096267223358,
0.07843402028083801,0.1583714008331299,-0.019087590277194977,-0.059195391833782196,-0.11553364247083664,-0.32618382573127747,
-0.03439458012580872,0.06291022300720216,0.043420881032943726,-0.027104301378130913,-0.11866285651922226,-0.30134984850883484,
-0.12249722480773927,-0.01667810082435608,0.10711220502853394,-0.007796382065862417,-0.11626601219177246,-0.2464221566915512,
-0.33715927600860596,-0.10873931646347046,0.161530339717865,0.016172068193554878,-0.08310965448617935,-0.16612786054611206,
-0.38773787021636963,-0.12988919019699097,0.17372682094573977,0.023362603038549423,-0.04575882479548454,-0.0851011723279953,
-0.44131011962890626,-0.14310771226882935,0.17868900299072266,0.026758134365081787,-0.029047487303614616,-0.011797660030424595,
-0.4463338375091553,-0.1687803626060486,0.20766799449920656,0.05838317051529884,-0.05241672694683075,0.046791885048151016,
-0.4104275703430176,-0.1775729298591614,0.24589076042175295,0.08062057197093964,-0.010139042511582375,0.11097406595945358,
-0.3903340578079224,-0.16916658878326418,0.24564709663391116,0.10538797080516815,0.08640055358409882,0.19153468310832977,
-0.3725332736968994,-0.1624604940414429,0.2735998868942261,0.1532582938671112,0.19319331645965576,0.28161612153053284,
-0.3439371585845947,-0.14136627912521363,0.2950221300125122,0.1868141144514084,0.25131678581237793,0.35092487931251526,
-0.3005338430404663,-0.11977860927581788,0.2776793479919434,0.21477732062339783,0.28806841373443604,0.39113861322402954,
-0.2180572509765625,-0.09504748582839967,0.26525943279266356,0.2380799800157547,0.2728218138217926,0.3751596510410309,
0.23053898811340334,-0.051222944259643556,0.20762319564819337,0.3205713629722595,0.13347192108631134,0.2543187141418457,
0.5891661167144776,0.009019005298614503,0.19300100803375245,0.3135792016983032,0.20664256811141968,0.0971895158290863,
0.9058163642883301,0.12113417387008668,-0.008345229923725129,0.22123411297798157,0.3355395793914795,-0.024916429072618484,
0.9660882949829102,0.2442049264907837,-0.2608226299285889,0.20911672711372375,0.23314103484153748,-0.12764787673950195,
0.7210023403167725,0.36428844928741455,-0.32260110378265383,0.18215221166610718,0.06522872298955917,-0.2616048753261566,
0.5716974258422852,0.3338244199752808,-0.39377698898315433,0.11657186597585678,0.11203378438949585,-0.3162662386894226,
0.4216777801513672,0.28260006904602053,-0.48436951637268066,0.06317548453807831,0.1357359141111374,-0.30807703733444214,
0.13693621158599853,0.12964344024658203,-0.46279215812683105,0.011310425586998463,0.04185948148369789,-0.3060130774974823,
0.05991877317428589,0.05650268197059632,-0.3666909694671631,-0.0015393273206427693,-0.042895618826150894,-0.32685232162475586,
0.01613908112049103,-0.008961221575737,-0.2623612880706787,-0.0017390643479302526,-0.06852854043245316,-0.30035385489463806,
-0.21606035232543946,-0.1197571873664856,-0.16028879880905153,-0.0006072209216654301,-0.05774274468421936,-0.22618483006954193,
-0.3079659700393677,-0.1377978801727295,-0.1442933440208435,-0.028237516060471535,-0.02758244425058365,-0.1520158052444458,
-0.38650150299072267,-0.14786508083343505,-0.17070618867874146,-0.06126071512699127,-0.03337481990456581,-0.10580994188785553,
-0.4324347496032715,-0.15537308454513551,-0.18360937833786012,-0.10793261229991913,-0.0910322517156601,-0.06160147488117218,
-0.4676981925964356,-0.16000370979309084,-0.17908918857574463,-0.1252431571483612,-0.14063364267349243,0.0013157082721590996,
-0.5326568126678467,-0.17177659273147583,-0.1363231420516968,-0.13989053666591644,-0.1361728459596634,0.09066475927829742,
-0.5360980987548828,-0.1889434337615967,-0.1520922899246216,-0.17344637215137482,-0.044293779879808426,0.20977464318275452,
-0.48126673698425293,-0.18156843185424806,-0.16344133615493775,-0.2154577374458313,0.03540131822228432,0.2969266176223755,
-0.44545888900756836,-0.17704992294311525,-0.14480425119400026,-0.23576433956623077,0.004575228318572044,0.35085561871528625,
-0.30387914180755615,-0.15887807607650759,-0.12046058177947999,-0.24515198171138763,-0.15814392268657684,0.37795329093933105,
-0.1269361972808838,-0.10758225917816162,-0.11821173429489136,-0.24854731559753418,-0.18823768198490143,0.3808831572532654,
0.1002362608909607,-0.05445414185523987,-0.14950491189956666,-0.2835679054260254,-0.06453384459018707,0.38481131196022034,
0.3260619401931763,-0.020914119482040406,-0.18187446594238282,-0.3111315965652466,-0.06027279049158096,0.33188098669052124,
