-0.10964124202728272,-0.1749178171157837,-0.3265660047531128,-0.5491585731506348,-0.4933678209781647,0.12101156264543533,
0.00012552335392683746,-0.20472705364227295,-0.25924975872039796,-0.47685375809669495,-0.4803849160671234,0.03299408406019211,
0.4319648742675781,-0.0953814685344696,0.09371201992034912,-0.3964262902736664,-0.21034038066864014,0.037721194326877594,
0.38482298851013186,-0.06725444793701173,0.12228252887725831,-0.318461537361145,-0.2153339684009552,-0.0004271753132343292,
0.3609503269195557,-0.030104809999465944,0.21227691173553467,-0.2671290934085846,-0.29436326026916504,-0.1411086618900299,
0.46218571662902835,0.11456481218338013,0.2230341911315918,-0.2629346251487732,-0.25228530168533325,-0.20336006581783295,
0.34530794620513916,0.10516083240509033,0.2449063301086426,-0.24635642766952515,-0.12498622387647629,-0.19250768423080444,
0.3138525724411011,0.062766033411026,0.308197021484375,-0.1781129240989685,-0.14502651989459991,-0.23418615758419037,
0.2468200445175171,-0.02935478687286377,0.46915812492370607,-0.058137521147727966,-0.23857004940509796,-0.31527939438819885,
0.13856406211853028,-0.05027742385864258,0.35679733753204346,-0.04162592440843582,-0.17352233827114105,-0.3108185827732086,
0.021518954634666444,-0.08392830491065979,0.2911521434783936,0.0038475545588880777,-0.15847547352313995,-0.28811514377593994,
-0.07239100337028503,-0.1472726345062256,0.39177181720733645,0.11649926751852036,-0.20175184309482574,-0.27679672837257385,
-0.11444776058197022,-0.15904989242553713,0.3118891000747681,0.1655680239200592,-0.20188499987125397,-0.2753985524177551,
-0.09757981896400453,-0.1793752193450928,0.23864531517028809,0.15684616565704346,-0.12491964548826218,-0.2576885521411896,
-0.18797969818115234,-0.1952083468437195,0.18575327396392824,0.15977564454078674,-0.08397354185581207,-0.19776742160320282,
-0.22969911098480225,-0.26087017059326173,0.2656126022338867,0.25405153632164,-0.13017939031124115,-0.16973765194416046,
-0.23987970352172852,-0.28179824352264404,0.2376356840133667,0.30957844853401184,-0.10574488341808319,-0.1295904964208603,
-0.3099899530410767,-0.2886900186538696,0.1609471678733826,0.3055837154388428,-0.048420339822769165,-0.04696591570973396,
-0.39192235469818115,-0.2857926368713379,0.056776905059814455,0.2599770724773407,0.07794665545225143,0.07021317631006241,
-0.3808480501174927,-0.26650385856628417,0.023947879672050476,0.19652727246284485,0.229946568608284,0.17933619022369385,
-0.36104152202606205,-0.26095142364501955,0.04819894134998322,0.17448961734771729,0.3418659269809723,0.26855209469795227,
-0.3140952348709107,-0.20539603233337403,0.05718876123428345,0.16829776763916016,0.47216108441352844,0.3901920020580292,
-0.289702844619751,-0.1670504689216614,-0.010799483954906465,0.10165136307477951,0.6026561260223389,0.5093669295310974,
-0.21971144676208498,-0.12731939554214478,-0.03415987491607666,0.07122474908828735,0.558713972568512,0.5682893395423889,
0.2565753698348999,-0.03344017267227173,0.11312873363494874,0.13860271871089935,0.22428753972053528,0.46083080768585205,
0.625866174697876,0.052225840091705326,0.01749580055475235,0.14399562776088715,0.01782596856355667,0.26954925060272217,
0.9872373580932617,0.10314135551452637,-0.14198675155639648,0.11729743331670761,-0.02864619344472885,0.06248846650123596,
1.2498242378234865,0.23870460987091066,-0.17376776933670046,0.1027832105755806,0.08014394342899323,-0.13984520733356476,
1.122657585144043,0.2423503637313843,-0.16986663341522218,0.06543236970901489,0.10564371198415756,-0.3481709957122803,
0.9153583526611329,0.16742759943008423,-0.0917573869228363,0.08494002372026443,0.010435696691274643,-0.5255374908447266,
0.724992847442627,0.039179617166519166,-0.024562306702136993,0.11569953709840775,-0.05367990583181381,-0.6498405337333679,
0.19775021076202393,-0.17769447565078736,-0.07287227511405946,0.10078583657741547,-0.07305440306663513,-0.6246070861816406,
-0.04741450548171997,-0.25073301792144775,-0.1092731237411499,0.0775497555732727,-0.08237546682357788,-0.5450451970100403,
-0.14400794506072997,-0.2794503211975098,-0.06960884332656861,0.09153135120868683,-0.09109731763601303,-0.528333842754364,
-0.21673338413238527,-0.3538264274597168,-0.013904589414596559,0.1057792603969574,-0.08077757060527802,-0.5297319889068604,
-0.27595033645629885,-0.3817198753356934,-0.0031599611043930057,0.09466056525707245,-0.09009863436222076,-0.43285951018333435,
-0.4504330635070801,-0.3921249866485596,-0.055305445194244386,0.05304867401719093,-0.0656641349196434,-0.23252320289611816,
-0.4243183135986328,-0.3560957908630371,-0.018031658232212068,0.04585813730955124,-0.007540641352534294,-0.08778040111064911,
-0.3798160791397095,-0.33775973320007324,-0.023180365562438965,0.030078906565904617,0.04705416411161423,-0.015209263190627098,
-0.3817023754119873,-0.33629014492034914,-0.0354180634021759,-0.0029442915692925453,0.04592232033610344,0.047042131423950195,
-0.4240417003631592,-0.3491684913635254,-0.042950043082237245,-0.02384873293340206,-8.409570727963e-05,0.14784547686576843,
-0.4642039299011231,-0.3556076049804688,-0.03241957128047943,-0.011598191224038601,-0.04216203838586807,0.24897901713848114,
-0.471898889541626,-0.3393196821212769,-0.025780445337295534,-0.013795299455523491,-0.05068415403366089,0.32734254002571106,
-0.4230062007904053,-0.3302934169769287,-0.09380688667297364,-0.0628640428185463,0.01522908080369234,0.42947477102279663,
-0.4176363945007324,-0.3214550256729126,-0.06421034932136536,-0.06732483953237534,0.06489703804254532,0.5511811971664429,
-0.43018641471862795,-0.31399848461151125,-0.0480896919965744,-0.07504800707101822,0.10923866927623749,0.6712232232093811,
-0.1407439112663269,-0.2934236764907837,-0.0718918800354004,-0.09435592591762543,0.11270078271627426,0.7284145951271057,
0.17945131063461306,-0.23936977386474612,-0.009033221006393434,-0.05940193682909012,-0.018792802467942238,0.5936586260795593,
0.5824830055236817,-0.14555643796920778,0.03786872029304505,-0.060999833047389984,-0.07704944908618927,0.3696202337741852,
0.9548453330993653,0.14446492195129396,-0.10054413080215455,-0.10514172911643982,-0.17465431988239288,0.16941708326339722,
1.001177215576172,0.2753260850906372,-0.010411962866783142,-0.09122671186923981,-0.07325444370508194,0.007496886886656284,
0.9937237739562989,0.3529993057250977,0.045675554871559144,-0.0628640428185463,0.03127462789416313,-0.14749909937381744,
0.6586417675018311,0.28419873714447025,0.18544487953186037,0.05697820708155632,-0.17006036639213562,-0.3451722264289856,
0.457172155380249,0.2452239751815796,0.10814355611801148,0.03380870446562767,-0.2510870397090912,-0.40675780177116394,
0.09184805154800416,0.10881147384643555,-0.10342962741851808,-0.045353759080171585,-0.19069986045360565,-0.40089887380599976,
-0.027858546376228335,0.005993724614381791,-0.012108125537633897,-0.016857935115695,-0.20747777819633484,-0.3925764858722687,
-0.18982371091842654,-0.15847949981689455,0.1370207905769348,0.04885556548833847,-0.24775809049606323,-0.33212271332740784,
-0.31931114196777344,-0.20994973182678223,0.16645472049713136,0.08820377290248871,-0.23817071318626404,-0.23371893167495728,
-0.42630672454833984,-0.2685465097427368,0.20111567974090577,0.1477912813425064,-0.12478645890951157,-0.07579489797353745,
-0.40305862426757816,-0.2815043687820435,0.1655268669128418,0.144196018576622,-0.042561352252960205,0.004033362492918968,
-0.34711015224456787,-0.27060546875,0.12898757457733154,0.1350746899843216,-0.017461061477661133,0.04418051615357399,
-0.2873637914657593,-0.2846507787704468,0.19118579626083376,0.19339792430400848,0.017293190583586693,0.13719141483306885,
-0.25969581604003905,-0.2913524627685547,0.18944073915481568,0.2174995243549347,0.13480517268180847,0.2186841517686844,
-0.16715818643569946,-0.2672471284866333,0.12104096412658692,0.23421086370944977,0.29825669527053833,0.32787376642227173,
-0.03924363553524018,-0.23695473670959474,0.17694001197814943,0.2820146083831787,0.28700485825538635,0.32447823882102966,
0.07599456310272218,-0.15571306943893434,0.15620341300964358,0.26896512508392334,0.42489001154899597,0.3132929503917694,
0.25712118148803714,-0.008192767947912216,0.006536940485239029,0.2940654158592224,0.6535223722457886,0.353107213973999,
0.386484694480896,-0.024180892109870913,0.08033609390258789,0.39972633123397827,0.4003889262676239,0.2343302220106125,
0.7899718761444092,0.11484699249267578,-0.2458756446838379,0.2812156677246094,0.3751554787158966,0.013421005569398403,
0.7343223094940186,0.17729388475418092,-0.41235284805297856,0.24273298680782318,0.4526534676551819,-0.058018289506435394,
0.4840895175933838,0.13201390504837038,-0.33051877021789555,0.22975006699562073,0.3932649791240692,-0.16607606410980225,
0.4162787914276123,0.0969831645488739,-0.3851113080978394,0.20112109184265137,0.2795479893684387,-0.2452385276556015,
0.20778388977050782,0.0020155422389507294,-0.4782552242279053,0.06763013452291489,0.1446588635444641,-0.26121747493743896,
0.1026232957839966,-0.03032873570919037,-0.46564688682556155,0.00837479718029499,0.09818670898675919,-0.26368090510368347,
0.0006283754017204047,-0.08476142287254335,-0.29126503467559817,-0.028110509738326073,0.09512407332658768,-0.29657095670700073,
-0.04427140057086945,-0.12403738498687744,-0.2359119176864624,-0.023383397608995438,0.07881221175193787,-0.3174767792224884,
-0.08774791955947876,-0.15434808731079103,-0.2072166919708252,-0.018522409722208977,0.045189645141363144,-0.3077548146247864,
-0.192068088054657,-0.20145366191864014,-0.2930140972137451,-0.0797751173377037,0.027812516316771507,-0.21128180623054504,
-0.2357503652572632,-0.21665942668914795,-0.3147088289260864,-0.15001599490642548,-0.0019483084324747324,-0.12566116452217102,
-0.22401382923126223,-0.22481982707977297,-0.3084176063537598,-0.18596866726875305,-0.033706504851579666,-0.12526169419288635,
-0.13810817003250123,-0.2242464065551758,-0.26609795093536376,-0.23903214931488037,-0.12192371487617493,-0.1345827579498291,
-0.14216169118881225,-0.23437247276306153,-0.27551066875457764,-0.2793790400028229,-0.13610506057739258,-0.1020921990275383,
-0.21447639465332033,-0.23998570442199707,-0.2788459539413452,-0.34116438031196594,-0.11306870728731155,0.037790343165397644,
-0.2169972896575928,-0.2372133493423462,-0.2732861518859863,-0.3943610191345215,-0.12092503160238266,0.09571409970521927,
-0.16055676937103272,-0.25827176570892335,-0.27819740772247314,-0.4337092339992523,-0.2247217446565628,0.1903228908777237,
