0.5040436744689941,-0.4646952629089356,-0.31304593086242677,-0.5086817741394043,0.5955281257629395,1.2184863090515137,
1.8586563110351564,-0.5357362270355225,0.6023576259613037,-0.25628069043159485,-0.016399728134274483,0.8060291409492493,
2.865727806091309,-0.48244843482971195,0.6182004928588868,-0.16233767569065094,-0.5002961158752441,0.06993142515420914,
2.773894500732422,-0.2063914775848389,0.08707541823387147,-0.3325136601924896,0.07301590591669083,-0.025676056742668152,
2.358369255065918,0.017254294455051424,-0.05429746508598328,-0.35741421580314636,0.2967880368232727,-0.13626381754875183,
1.8434288024902346,-0.10946041345596313,0.6805686950683594,-0.15994082391262054,-0.03477553650736809,-0.3959886133670807,
1.3996031761169434,-0.1383523225784302,0.5188898086547852,-0.041365012526512146,-0.40135934948921204,-0.5442628860473633,
1.0665632247924806,-0.09566676616668701,0.19389081001281738,-0.14775829017162323,-0.22106334567070007,-0.5272852778434753,
0.7266751289367677,-0.1532346844673157,0.1231480360031128,-0.1733912229537964,-0.06453604251146317,-0.48340970277786255,
0.5931400299072266,-0.17302867174148562,0.21080844402313234,-0.11739826947450638,-0.08011553436517715,-0.44426125288009644,
0.4896865367889405,-0.16570833921432496,0.2200627326965332,-0.0789821669459343,-0.13171428442001343,-0.3863374888896942,
0.4204161643981934,-0.13735651969909668,0.20783784389495852,-0.04622528329491615,-0.11620137095451355,-0.333939790725708,
0.36945390701293945,-0.06455025672912598,0.09508784413337708,-0.01852840557694435,-0.031446266919374466,-0.24831916391849518,
0.3069821357727051,-0.05025231242179871,0.01293642967939377,-0.02844868041574955,0.030339069664478302,-0.1605014204978943,
0.27486648559570315,-0.031488442420959474,-0.013832010328769684,-0.03157789632678032,0.040725402534008026,-0.09345633536577225,
0.2817589282989502,-0.04125245809555054,0.0012705750763416291,0.0033760941587388515,-0.000353861425537616,-0.020219404250383377,
0.14952338933944703,-0.0726922333240509,0.05006029605865479,0.04891614988446236,-0.08657370507717133,0.14962369203567505,
0.09073566794395448,-0.060033893585205084,0.1002389669418335,0.11922360211610794,0.01649063266813755,0.42952191829681396,
0.05833669900894165,-0.040351927280426025,0.11551076173782349,0.170689195394516,0.46996039152145386,0.8963741064071655,
0.7531119346618653,-0.1370904803276062,0.07755550146102906,0.17954421043395996,0.6256221532821655,1.1495075225830078,
2.2742748260498047,-0.2606579542160034,0.4740661144256592,0.46337059140205383,-0.494636595249176,0.24849355220794678,
3.2313785552978516,-0.15619827508926393,0.3737886190414429,0.43813714385032654,-0.34430113434791565,-0.1840038150548935,
2.612550735473633,0.21600492000579835,-0.7003913402557373,0.19445790350437164,0.358773410320282,-0.2724873423576355,
2.324395179748535,0.02086499333381653,-0.38229687213897706,0.14285916090011597,0.13300393521785736,-0.6001226902008057,
1.7474660873413086,-0.1118240237236023,-0.15201593637466432,0.09046146273612976,-0.18064986169338226,-0.7808848023414612,
1.1580060005187989,-0.1879659414291382,-0.13233058452606203,0.04352213442325592,-0.24416601657867432,-0.7885435819625854,
0.44596796035766606,-0.16064217090606692,-0.0940209448337555,-0.006145819090306759,-0.07625370472669601,-0.6655055284500122,
0.3012152194976807,-0.14624027013778687,-0.039608466625213626,0.02288263849914074,-0.004215197637677193,-0.4819471538066864,
0.1437038064002991,-0.1234560251235962,0.031942161917686465,0.09312351047992706,-0.05461552366614342,-0.2893340289592743,
0.15031381845474245,-0.06313621997833252,0.057784223556518556,0.1324717104434967,-0.07532159984111786,-0.21856051683425903,
0.29013679027557376,0.032317253947258,-0.089452064037323,0.08579982072114944,-0.05481525883078575,-0.21077075600624084,
0.27031970024108887,0.06349159479141235,-0.14064880609512329,0.03872844576835632,-0.02964838594198227,-0.16276729106903076,
0.21957478523254395,0.08770929574966431,-0.12579193115234374,0.04918135330080986,-0.03157917782664299,-0.09206036478281021,
0.1305945634841919,0.15576618909835815,-0.14779064655303956,0.04285634309053421,-0.031912073493003845,0.0010171197354793549,
0.12327432632446289,0.17809772491455078,-0.20030901432037354,-0.00934161338955164,-0.0737902820110321,0.04276217147707939,
0.1387012004852295,0.16378765106201174,-0.19528234004974365,-0.038037173449993134,-0.1309816688299179,0.09229696542024612,
0.11810392141342163,0.1294327735900879,-0.1753774881362915,-0.05608009174466133,-0.1261214017868042,0.16719838976860046,
0.04623673558235169,-0.004134448617696762,-0.14151291847229006,-0.07565432786941528,-0.03484155237674713,0.38078391551971436,
0.019353583455085754,-0.0949212670326233,-0.10637168884277344,-0.11293858289718628,0.06729067862033844,0.6039568185806274,
0.06353172659873962,-0.20209615230560304,-0.03913747072219849,-0.13550888001918793,0.04851539433002472,0.757155179977417,
0.18568212985992433,-0.2807487010955811,0.09621133208274842,-0.04669244959950447,0.033868007361888885,0.9117516875267029,
0.7775068283081055,-0.3096585273742676,0.16579108238220217,0.17494913935661316,0.35085076093673706,1.2266038656234741,
1.5379501342773438,-0.41220569610595703,0.03916829228401184,0.04718398302793503,0.3294788897037506,0.9170779585838318,
3.046922302246094,-0.6023025035858155,0.026287740468978884,-0.005812923889607191,-0.0316457562148571,0.23590794205665588,
2.864251518249512,-0.17492414712905885,0.6449084758758545,0.23633591830730438,0.14751820266246796,0.00015339162200689316,
2.2407354354858398,0.006924588233232498,0.4972393989562989,0.5242236852645874,0.4461917281150818,-0.003441875334829092,
1.9782871246337892,-0.01844000816345215,0.20591957569122316,0.5468605160713196,0.23700042068958282,-0.22807952761650085,
1.4419133186340334,-0.05983912944793701,-0.21756713390350343,0.39725741744041443,0.04345518350601196,-0.4119042158126831,
1.156926155090332,-0.08767414689064026,-0.27713239192962646,0.24046382308006287,0.062430206686258316,-0.4527837336063385,
0.8874242782592774,-0.09567897319793701,-0.19859334230422976,0.1467871367931366,0.05197729915380478,-0.4077097475528717,
0.622300386428833,-0.0600220263004303,-0.07436015009880066,0.05197858810424805,0.013760936446487904,-0.41989371180534363,
0.5661904335021973,-0.05230399966239929,-0.00916774570941925,0.0015116850845515728,-0.0405675508081913,-0.4461924135684967,
0.5120783805847168,-0.055296158790588384,0.021013490855693817,-0.044494424015283585,-0.09822499006986618,-0.40071892738342285,
0.370670747756958,-0.053441268205642704,0.009970953315496446,-0.09988817572593689,-0.11660079658031464,-0.2975880205631256,
0.33659296035766606,0.01263602077960968,0.005491987243294716,-0.159542977809906,-0.03790438920259476,-0.2132989764213562,
0.37722125053405764,0.02317129969596863,-0.04667176008224488,-0.23917149007320404,0.0628962591290474,-0.18107472360134125,
0.2990923881530762,-0.011958207190036775,-0.04164955615997315,-0.2588789165019989,-0.023922793567180634,-0.09059382975101471,
