-0.199615216255188,-0.7733684539794923,-0.17666239738464357,-0.40260982513427734,0.08846445381641388,0.7786955237388611,
0.762925672531128,-0.4971070766448975,0.10681451559066774,-0.31499183177948,0.0290093831717968,0.4886106848716736,
1.7899042129516602,-0.31195893287658694,0.32462637424469,-0.23056961596012115,-0.11852974444627762,0.06716545671224594,
2.3482254028320315,-0.04999189376831055,0.3563411712646485,-0.25087621808052063,0.2227543592453003,-0.16792510449886322,
1.6049955368041993,0.38758690357208253,0.14931482076644897,-0.15660201013088226,0.14259357750415802,-0.4065476655960083,
1.319518280029297,0.2811253070831299,0.2869309425354004,-0.06998269259929657,-0.10954119265079498,-0.6231292486190796,
1.00065336227417,0.07701373100280762,0.25184991359710696,-0.09901115298271179,-0.07219035923480988,-0.6262584924697876,
0.5748452186584473,-0.1586659550666809,0.06878796815872193,-0.08363139629364014,0.018024221062660217,-0.541503369808197,
0.07068183422088624,-0.43230824470520024,0.14205785989761352,-0.008796571753919125,0.05018189176917076,-0.4577469527721405,
0.017379869520664216,-0.5024845123291016,0.15773301124572756,0.0393400639295578,-0.013001606799662113,-0.4023531973361969,
-0.026177874207496645,-0.527585506439209,0.15498986244201662,0.06876800209283829,-0.05774271488189697,-0.31773126125335693,
-0.11861923933029175,-0.5672101497650147,0.11160498857498169,0.10585251450538635,0.030873972922563553,-0.1990208476781845,
-0.10153536796569824,-0.5763169765472412,0.04980345964431763,0.07902117073535919,0.13140830397605896,-0.12758153676986694,
-0.09519404172897339,-0.5484044075012208,-0.03445689380168915,0.032216109335422516,0.09219326078891754,-0.05860567465424538,
-0.15003277063369752,-0.5451480865478516,-0.09463162422180177,0.04120427742600441,0.0027110441587865353,0.009304935112595558,
-0.29179794788360597,-0.6131161212921143,-0.007496718317270279,0.04859454929828644,-0.02505241148173809,0.20557990670204163,
-0.3494452476501465,-0.6848140239715577,-0.020963923633098604,0.0387408547103405,0.07341797649860382,0.39899200201034546,
-0.25542616844177246,-0.7012359142303467,-0.030413019657135013,0.01563793048262596,0.05277847498655319,0.5677032470703125,
-0.14681005477905273,-0.6974916934967041,0.008773481845855713,0.03388058394193649,-0.052815865725278854,0.677492082118988,
0.12043523788452148,-0.5526684284210205,0.11944444179534913,0.1085156798362732,0.06096769496798515,0.7699703574180603,
1.7575670242309571,-0.02426589131355286,0.0876174807548523,0.12682491540908813,0.27422034740448,0.6757609844207764,
2.916840171813965,0.18030835390090943,0.1478045701980591,0.16703864932060242,-0.1276506930589676,-0.06506384164094925,
3.189817237854004,0.4601369380950928,0.3097766637802124,0.2842177450656891,-0.028248203918337822,-0.4969620108604431,
1.6173978805541993,0.2667731046676636,-0.2779442310333252,0.21178001165390015,0.07408370822668076,-0.6686021685600281,
1.2550843238830567,-0.1486767888069153,-0.21111626625061036,0.16604021191596985,-0.09336254745721817,-0.8452363610267639,
0.8127924919128419,-0.4954079627990723,-0.11446583271026611,0.12948831915855408,-0.15940895676612854,-0.8558224439620972,
0.3624093532562256,-0.6878828048706055,-0.10443480014801027,0.0832824856042862,-0.06999330967664719,-0.7219985723495483,
-0.01094949096441269,-0.7576401233673096,0.0383109986782074,0.08627854287624359,0.035667601972818375,-0.5127406716346741,
-0.060338765382766724,-0.7363301753997803,0.08848479986190796,0.12416201084852219,0.013829683884978294,-0.40028873085975647,
-0.06920430064201355,-0.7142202377319337,0.08747010231018067,0.1405404508113861,-0.08563937991857529,-0.3427644670009613,
-0.17130450010299683,-0.6706342220306397,-0.03493686616420746,0.107384093105793,-0.13038049638271332,-0.2440277636051178,
-0.21502370834350587,-0.6132523059844971,-0.0696571946144104,0.04906086251139641,-0.022855360060930252,-0.0688583254814148,
-0.20774502754211427,-0.5857270240783692,-0.09223291873931885,-0.003936041612178087,0.06063473969697952,0.0718897357583046,
-0.1117674708366394,-0.5595450401306152,-0.030268773436546326,-0.024242645129561424,0.04332419112324715,0.14432772994041443,
-0.11830168962478638,-0.5637208938598633,-0.034735918045043945,-0.056267160922288895,-0.0351724810898304,0.2392028272151947,
-0.18544374704360964,-0.6182630062103271,-0.04628374576568604,-0.08329824358224869,-0.04143091291189194,0.3909364342689514,
-0.23084225654602053,-0.6922428607940674,-0.02212810516357422,-0.08968982845544815,-0.034306954592466354,0.5708996057510376,
-0.13013296127319338,-0.844389820098877,0.00797836109995842,-0.10074194520711899,-0.0011505975853651762,0.7211018800735474,
0.010412853956222535,-0.8917739868164063,0.021946397423744202,-0.139956995844841,0.05371052026748657,0.908521831035614,
0.2822944164276123,-0.808024787902832,0.048604544997215275,-0.13609541952610016,0.08719977736473083,0.9945419430732727,
1.9229177474975587,-0.32961761951446533,0.005143566057085991,-0.1531396508216858,-0.014066928997635841,0.7212350368499756,
2.712161445617676,-0.0009875412099063397,-0.06650142073631286,-0.2296389490365982,-0.08124516904354095,0.307246595621109,
2.9193841934204103,0.26990904808044436,0.07395530939102173,-0.1771087497472763,0.154711052775383,-0.0008158497512340546,
2.658574485778809,0.45110416412353516,0.39416189193725587,0.044599417597055435,0.2250850796699524,-0.3042830526828766,
1.3965563774108887,0.12342634201049806,0.3543545961380005,0.21564093232154846,0.029409322887659073,-0.47692248225212097,
0.983218288421631,-0.10033116340637208,0.010965078324079515,0.17642588913440704,-0.004745719488710165,-0.5791212916374207,
0.6433892250061035,-0.310653829574585,-0.1335461974143982,0.11410792171955109,0.008303769864141941,-0.5558186173439026,
0.17446117401123049,-0.5289039134979249,0.04238114655017853,0.1177697703242302,-0.03770234063267708,-0.4829811751842499,
0.08937308788299561,-0.5799006462097168,0.05238503813743592,0.10545264929533005,-0.058741312474012375,-0.41413846611976624,
0.020868252217769626,-0.6030137538909912,0.04806721210479736,0.09047237038612366,-0.03710312768816948,-0.3369733691215515,
-0.18781955242156984,-0.6204054832458497,0.07652182579040528,0.07981972396373749,0.01549430564045906,-0.18151134252548218,
-0.19479734897613527,-0.6167862892150879,0.11082415580749512,0.10099185258150101,0.04671986773610115,0.02335233986377716,
-0.12427415847778321,-0.613327169418335,0.11293421983718872,0.10944738984107971,0.0362003818154335,0.12568430602550507,
-0.06094438433647156,-0.6040810585021973,0.10332175493240357,0.09946053475141525,0.030740903690457344,0.1734214723110199,
-0.09066582918167115,-0.6203453063964844,0.12864742279052735,0.09806237369775772,0.030075112357735634,0.2517184019088745,
-0.13351317644119262,-0.6380660533905029,0.17578485012054446,0.14034004509449005,0.057039618492126465,0.43720757961273193,
-0.11378409862518311,-0.6296937942504883,0.16462227106094363,0.12223056703805923,0.17867949604988098,0.5976630449295044,
0.0010184673592448235,-0.6265935897827148,0.1554252028465271,0.07522577047348022,0.2968572974205017,0.7216331958770752,
0.7659271240234375,-0.4789650917053223,0.44245090484619143,0.1544548124074936,0.19033083319664001,0.708716869354248,
1.5485090255737306,-0.3250260353088379,0.3457895994186402,0.27216655015945435,0.16416527330875397,0.44985759258270264,
2.2560028076171874,-0.054763531684875494,-0.07376572489738464,0.09320210665464401,0.43181297183036804,0.15398038923740387,
2.4701242446899414,0.10760326385498048,-0.15275416374206544,0.1232292503118515,0.24812142550945282,-0.15727657079696655,
1.708306121826172,0.24842579364776612,0.022869011759757998,0.26870331168174744,-0.004745472222566605,-0.4476964771747589,
1.2376656532287598,0.043394109606742864,-0.34917449951171875,0.17369504272937775,-0.024852339178323746,-0.5328510999679565,
0.8776073455810547,-0.1610062599182129,-0.38891310691833497,0.06636965274810791,-0.1040148064494133,-0.5741300582885742,
0.3298773765563965,-0.4422684192657471,-0.08092349767684937,-0.006068337243050337,-0.21080756187438965,-0.5607476830482483,
0.12181851863861085,-0.5394603252410889,0.007219869643449783,-0.05453786998987198,-0.2393699586391449,-0.4771243929862976,
0.006198925524950028,-0.6041995525360108,0.10098850727081299,-0.049344707280397415,-0.24256575107574463,-0.3458971381187439,
-0.1572085738182068,-0.6133999824523926,0.1528223752975464,-0.039823904633522034,-0.25102129578590393,-0.21380433440208435,
-0.13678728342056276,-0.5887571334838867,0.10072182416915894,-0.09035738557577133,-0.116065613925457,-0.05874178931117058,
-0.06705441474914552,-0.59041428565979,0.09108195304870606,-0.11698899418115616,-0.06812871247529984,0.03506806120276451,
-0.056582254171371464,-0.5798102855682373,0.12000677585601807,-0.11505820602178574,-0.13870246708393097,0.1029786691069603,
0.007245822995901108,-0.5424561500549316,0.03525180220603943,-0.14342087507247925,-0.18604016304016113,0.16762691736221313,
0.0011915121227502824,-0.5527327060699463,-0.01450040638446808,-0.1829022318124771,-0.2081443965435028,0.25750860571861267,
-0.04625077843666077,-0.5815996646881104,-0.03957944214344025,-0.22205069661140442,-0.19389648735523224,0.37721771001815796,
-0.06162288188934326,-0.6452765941619873,-0.11641232967376709,-0.2888960540294647,-0.11080586910247803,0.5493244528770447,
0.07075471878051758,-0.6577266216278077,-0.12328578233718873,-0.3954225182533264,0.022685088217258453,0.6792867183685303,
