0.2370020389556885,-0.08104324936866761,-0.07012951970100403,-0.525189220905304,-0.260110467672348,0.16633616387844086,
0.33301084041595463,-0.07473186254501343,0.050071227550506595,-0.44449540972709656,-0.27182838320732117,0.11527004837989807,
0.3402064561843872,-0.029498928785324098,0.13576563596725463,-0.415134072303772,-0.2736259996891022,0.03411021828651428,
0.4323593616485596,-0.0136782243847847,0.1481584429740906,-0.4100074768066406,-0.22395804524421692,-0.04378724470734596,
0.45691981315612795,-0.004909000173211098,0.13931194543838502,-0.35654452443122864,-0.2208288311958313,-0.09052573144435883,
0.3733073234558106,-0.0061259400099515915,0.3467728614807129,-0.26453229784965515,-0.2610425651073456,-0.15637238323688507,
0.3437637805938721,0.006447885185480118,0.3936082124710083,-0.20301328599452972,-0.22648805379867554,-0.21662640571594238,
0.316291880607605,0.005853477120399475,0.38145720958709717,-0.14968349039554596,-0.1865406334400177,-0.2757485806941986,
0.3000001192092896,-0.006902868300676346,0.39612033367156985,-0.11765923351049423,-0.17002898454666138,-0.3089054524898529,
0.12833821773529053,-0.04212955832481385,0.3936240911483765,-0.07105391472578049,-0.1551152765750885,-0.3167617619037628,
0.04096972942352295,-0.07048360705375671,0.3920851945877075,-0.06146653741598129,-0.1117723286151886,-0.3179602026939392,
-0.016690520942211153,-0.09980466961860657,0.35989058017730713,-0.0530775785446167,-0.06989412009716034,-0.31090280413627625,
-0.12590662240982056,-0.1687949299812317,0.32643928527832033,-0.017258059233427048,-0.032143816351890564,-0.28633517026901245,
-0.18018090724945068,-0.19615286588668823,0.34430148601531985,0.04519306868314743,0.005140441469848156,-0.2354687750339508,
-0.22885210514068605,-0.2124732494354248,0.3465505123138428,0.07162494212388992,0.04076022282242775,-0.18533477187156677,
-0.25041842460632324,-0.22945971488952638,0.3191630601882935,0.0786823183298111,0.07591395080089569,-0.15231157839298248,
-0.24853401184082033,-0.2831129550933838,0.2525526523590088,0.10864288359880447,0.1199226900935173,-0.07454727590084076,
-0.29463317394256594,-0.2572297811508179,0.26839756965637207,0.1629047840833664,0.13809876143932343,0.006079931743443012,
-0.3142028570175171,-0.2524613857269287,0.28047311305999756,0.2183651179075241,0.1518140435218811,0.09962347149848938,
-0.29839022159576417,-0.24504115581512453,0.2654775381088257,0.21157406270503998,0.18816620111465454,0.15961118042469025,
-0.21382060050964358,-0.19806227684020997,0.11123652458190919,0.19526219367980957,0.26939260959625244,0.2519562840461731,
-0.16466007232666016,-0.16128755807876588,0.09912669062614442,0.20225298404693604,0.2985542118549347,0.30655109882354736,
-0.09380985498428346,-0.13300944566726686,0.10453275442123414,0.17662006616592407,0.3124026656150818,0.3240613639354706,
0.012729460000991823,-0.11199868917465211,0.06794805526733398,0.18907034397125244,0.29469263553619385,0.33478060364723206,
0.16159486770629883,-0.03045358955860138,0.08863620162010194,0.2345438152551651,0.24469178915023804,0.31007978320121765,
0.2685268402099609,0.014427058398723602,0.059716600179672244,0.24506330490112305,0.22991123795509338,0.26733604073524475,
0.34071354866027836,0.06292681097984314,-0.009484494477510453,0.2573804259300232,0.19662173092365265,0.19802726805210114,
0.440693998336792,0.10982743501663209,-0.039515092968940735,0.25658148527145386,0.19016356766223907,0.11913113296031952,
0.6602751731872559,0.17730036973953248,-0.14441990852355957,0.23021453619003296,0.15514332056045532,-0.005441454704850912,
0.6655504703521729,0.18282942771911623,-0.17903573513031007,0.22608663141727448,0.12165407091379166,-0.10604237020015717,
0.6678539276123048,0.1558577656745911,-0.16487947702407837,0.2834111452102661,0.05567425489425659,-0.2302122563123703,
0.5675515651702882,0.021389545500278474,-0.02438054829835892,0.30291882157325745,-0.001517128781415522,-0.336272656917572,
0.4179563999176026,-0.04651944637298584,-0.08429248929023743,0.2894032597541809,-0.08534012734889984,-0.3758871555328369,
0.23231544494628908,-0.08956326842308045,-0.0955083966255188,0.30052196979522705,-0.1415994018316269,-0.3931311368942261,
0.1384647846221924,-0.138832688331604,-0.06598129868507385,0.31603488326072693,-0.183877095580101,-0.4227588176727295,
0.06236459612846375,-0.21499269008636476,-0.012346318364143372,0.2919332683086395,-0.19499579071998596,-0.471627801656723,
0.01619904041290283,-0.24334480762481692,-0.05023064017295838,0.2136363536119461,-0.15025468170642853,-0.5078468322753906,
-0.032960993051528935,-0.272257137298584,-0.10496522188186647,0.1480560153722763,-0.09805671870708466,-0.5555839538574219,
-0.059642386436462407,-0.30809779167175294,-0.08363204002380371,0.09898725897073746,-0.06869537383317947,-0.5934008359909058,
-0.10691207647323608,-0.3911418676376343,-0.050532674789428716,0.05983878672122955,-0.08014696091413498,-0.6171029806137085,
-0.17274311780929566,-0.410539722442627,-0.007057028263807297,0.06503195315599442,-0.12455517798662186,-0.6076487898826599,
-0.20397300720214845,-0.44463157653808594,0.036611083149909976,0.07402011752128601,-0.14213204383850098,-0.5447981357574463,
-0.29946997165679934,-0.4521770477294922,0.05769376158714295,0.014498470351099968,-0.04912113398313522,-0.39899009466171265,
-0.32476553916931156,-0.44171919822692873,-0.004309566318988801,-0.0914953425526619,0.10181352496147156,-0.22934672236442566,
-0.36429796218872074,-0.40767688751220704,-0.07445680499076844,-0.1884344071149826,0.18603599071502686,-0.05617467314004898,
-0.4221973896026612,-0.3628105163574219,-0.05701912641525269,-0.2112710028886795,0.15394489467144012,0.08930050581693649,
-0.44362730979919435,-0.3275705575942993,0.036214783787727356,-0.17192280292510986,0.04615345224738121,0.2602088749408722,
-0.39173798561096196,-0.3448478221893311,0.06215002536773682,-0.16313497722148895,0.011332742869853973,0.36293914914131165,
-0.3296525478363037,-0.35546407699584964,0.03646713197231293,-0.18184368312358856,0.01452853623777628,0.43630924820899963,
-0.25085153579711916,-0.3461804866790772,-0.03299011588096619,-0.2361721694469452,0.020187754184007645,0.5504922866821289,
-0.19801348447799683,-0.32852857112884526,-0.049648749828338626,-0.2830438017845154,0.00767089705914259,0.5905063152313232,
-0.12403661012649536,-0.3165733575820923,-0.06312408447265626,-0.2970254123210907,0.005806684028357267,0.6127436757087708,
0.03965800702571869,-0.2556236028671265,0.034165662527084355,-0.2719251215457916,-0.006310699041932821,0.6415058374404907,
0.16069481372833253,-0.1946424961090088,-0.012620033323764802,-0.30221858620643616,-0.018494661897420883,0.5721970796585083,
0.19010399580001833,-0.08540078401565553,-0.0263761967420578,-0.307278573513031,-0.0270167775452137,0.5612781047821045,
0.23882787227630617,-0.027797898650169375,0.021899041533470155,-0.2512856125831604,-0.08167815953493118,0.5921041965484619,
0.39661769866943364,0.05876492261886597,-0.05335922241210938,-0.28350988030433655,-0.059307605028152466,0.5282549262046814,
0.544517183303833,0.10889967679977418,-0.07674378156661987,-0.2634695768356323,-0.06183760613203049,0.42725449800491333,
0.7073690414428712,0.2712838172912598,0.31102466583251953,-0.0520811602473259,-0.17855064570903778,0.2843093276023865,
0.8016166687011719,0.3080327987670899,0.28560924530029297,0.08640322089195251,-0.2430657297372818,0.076249860227108,
0.8529810905456543,0.3425084352493286,0.09308597445487976,0.046921856701374054,-0.22648754715919495,-0.1451919972896576,
0.7386330604553223,0.27976322174072266,-0.005379363521933556,0.004577595740556717,-0.19566145539283752,-0.24612580239772797,
0.3464229583740235,0.1894376277923584,0.12129073143005371,0.014697607606649399,-0.14546087384223938,-0.29546087980270386,
0.2579755067825317,0.12124310731887818,0.10595920085906983,-0.005675574764609337,-0.1004534512758255,-0.3331446051597595,
0.18160130977630617,0.044192290306091314,0.11252748966217041,-0.02651480957865715,-0.07495368272066116,-0.3696298897266388,
0.025136092305183412,-0.09623683094978333,0.18993084430694582,-0.027380337938666344,-0.06163787096738815,-0.3963280916213989,
-0.055982297658920294,-0.15281339883804324,0.19917584657669068,-0.012200319208204746,-0.05011969804763794,-0.40425100922584534,
-0.1306336045265198,-0.20032072067260742,0.20519237518310549,0.0015152267878875136,-0.017962081357836723,-0.3912675678730011,
-0.19318416118621828,-0.23491003513336184,0.19320086240768433,0.007241023238748312,0.027644552290439606,-0.3678317666053772,
-0.2890820026397705,-0.289914870262146,0.1709855079650879,0.017560772597789764,0.06938960403203964,-0.33813750743865967,
-0.35420606136322025,-0.3142258167266846,0.19401907920837402,0.07668294757604599,0.07658013701438904,-0.263169527053833,
-0.4155251502990723,-0.31889798641204836,0.20517041683197024,0.13294222950935364,0.02857665903866291,-0.15344727039337158,
-0.4511123180389405,-0.3060472965240479,0.17776933908462525,0.1519172489643097,-0.00025206065038219094,-0.05024978518486023,
-0.402050256729126,-0.28377556800842285,0.10760664939880371,0.15884146094322205,0.007204790599644184,0.04043085128068924,
-0.3584901332855225,-0.2667325258255005,0.1049514651298523,0.1681625247001648,0.06958933919668198,0.1521504670381546,
-0.3068862438201905,-0.2424872398376465,0.09581820964813233,0.18593913316726685,0.13437074422836304,0.2524184584617615,
-0.2532461881637573,-0.21552691459655762,0.09904556870460511,0.18354228138923645,0.17525026202201843,0.31839829683303833,
-0.14869379997253418,-0.20133280754089355,0.06459394097328186,0.16916121542453766,0.19722133874893188,0.3496238589286804,
0.022916731238365174,-0.15006486177444459,0.1343346953392029,0.26064079999923706,0.19588975608348846,0.3825138807296753,
0.08522730469703675,-0.10800518989562989,0.11838966608047485,0.2830779254436493,0.21160241961479187,0.37685465812683105,
0.1654647469520569,-0.09755501747131348,0.012284163385629654,0.26363685727119446,0.21166899800300598,0.35455068945884705,
0.28457412719726566,-0.03499226868152618,0.06020792126655579,0.34712696075439453,0.13257311284542084,0.28970271348953247,
0.3300122499465943,-0.008981404453516006,-0.0008507579565048218,0.36290618777275085,0.12465019524097443,0.22485476732254028,
0.32750179767608645,0.01088833510875702,-0.08836581110954285,0.37189435958862305,0.14415785670280457,0.1984228938817978,
0.3811787605285645,0.05390704274177552,-0.1151402473449707,0.42182862758636475,0.12298572063446045,0.13856834173202515,
0.3873893737792969,0.06847740411758423,-0.2710142135620117,0.37069594860076904,0.1667281538248062,0.06626351922750473,
0.38161008358001713,0.08117876648902894,-0.4049573421478272,0.2848091423511505,0.19495762884616852,0.02718188427388668,
0.37246983051300053,0.09794815182685852,-0.39800558090209964,0.24046748876571655,0.18716788291931152,-0.016360800713300705,
0.37674846649169924,0.08628251552581788,-0.3413186311721802,0.2082432359457016,0.19522394239902496,-0.06489691138267517,
0.4095614910125733,0.029753619432449342,-0.33617839813232425,0.15418106317520142,0.15114863216876984,-0.17415310442447662,
0.34689462184906006,-0.010868482291698456,-0.25994524955749515,0.1565779149532318,0.061200354248285294,-0.255179762840271,
0.2781460523605347,-0.06640868782997132,-0.2244485139846802,0.15517975389957428,0.009002397768199444,-0.3219585418701172,
0.19204366207122803,-0.11033737659454346,-0.2409761667251587,0.12322182208299637,0.0006800191476941109,-0.3635038435459137,
0.046999582648277284,-0.1876598596572876,-0.30252106189727784,0.04093014821410179,0.014262140728533268,-0.40644732117652893,
-0.03228367269039154,-0.20698325634002687,-0.25690789222717286,-0.016727294772863388,0.028909526765346527,-0.4206286668777466,
-0.11019867658615112,-0.2435358762741089,-0.22433371543884278,-0.05547628551721573,0.021718991920351982,-0.4190307557582855,
-0.2133122205734253,-0.2906518936157227,-0.18487694263458254,-0.09515739232301712,-0.004979198332875967,-0.41197338700294495,
-0.26933114528656005,-0.3082796573638916,-0.16684434413909913,-0.11573030799627304,-0.020092638209462166,-0.3784175515174866,
-0.3400323867797852,-0.3174599885940552,-0.19040496349334718,-0.1799124926328659,-0.03347502276301384,-0.2768179476261139,
-0.4123680591583252,-0.3054810523986817,-0.22494196891784668,-0.26726415753364563,-0.05105188488960266,-0.13953199982643127,
-0.39869198799133304,-0.2757232427597046,-0.18565450906753542,-0.3484239876270294,-0.11616617441177368,0.02465187944471836,
-0.30118348598480227,-0.2921109437942505,-0.11293623447418213,-0.33843713998794556,-0.1697622835636139,0.08643721789121628,
-0.2159796953201294,-0.2792264223098755,-0.05286508798599243,-0.3038826286792755,-0.2227592021226883,0.12938068807125092,
-0.12468008995056153,-0.2264491081237793,-0.09898684024810792,-0.3146684467792511,-0.2511884570121765,0.18264392018318176,
-0.0903638482093811,-0.20599730014801027,-0.12432820796966554,-0.34376347064971924,-0.2498568594455719,0.233976349234581,
-0.04635704457759857,-0.18851177692413332,-0.12772371768951415,-0.3749224543571472,-0.26390504837036133,0.28184667229652405,
0.0032527081668376925,-0.16794816255569459,-0.133991539478302,-0.4179331362247467,-0.28001704812049866,0.30601370334625244,
0.1513223171234131,-0.11987171173095704,-0.18062844276428225,-0.5026216506958008,-0.24812568724155426,0.3116063177585602,
0.2065511465072632,-0.12283149957656861,-0.1605192542076111,-0.5399724841117859,-0.2027187943458557,0.2972918450832367,
