0.557136058807373,0.031348037719726565,0.020872265100479126,-0.33896955847740173,-0.12625083327293396,-0.04390662536025047,
0.5167665004730225,-0.0077542588114738464,0.22883641719818115,-0.25368183851242065,-0.21872910857200623,-0.12253645807504654,
0.439931583404541,-0.014358259737491608,0.3382598400115967,-0.18790175020694733,-0.18104538321495056,-0.1451733261346817,
0.27589643001556396,-0.011791687458753586,0.2602895259857178,-0.1583406627178192,-0.05168233439326286,-0.1301264613866806,
0.22610502243041994,-0.019499871134758,0.26907031536102294,-0.13190878927707672,-0.02272045612335205,-0.14650490880012512,
0.18058428764343262,-0.014541664719581605,0.28867826461791996,-0.09216110408306122,-0.10101739317178726,-0.18998101353645325,
0.10229851007461549,-0.014380986988544465,0.3146819114685059,-0.044423941522836685,-0.15974009037017822,-0.22327052056789398,
0.02728743553161621,-0.013546554744243622,0.26011531352996825,-0.04109498858451843,-0.13810190558433533,-0.2155473679304123,
-0.04254630208015442,-0.022864313423633577,0.20737259387969972,-0.04781947284936905,-0.10361398011445999,-0.18938180804252625,
-0.15778216123580935,-0.04750133156776429,0.22992401123046877,-0.035036299377679825,-0.09602396935224533,-0.14324253797531128,
-0.1744747519493103,-0.0531390905380249,0.28427982330322266,0.017095081508159637,-0.08264157921075821,-0.12559908628463745,
-0.1795120716094971,-0.056197977066040045,0.2975183486938477,0.04485853761434555,-0.03783389553427696,-0.1078224927186966,
-0.19275604486465456,-0.043453484773635864,0.2565981149673462,0.05604381114244461,-0.010669652372598648,-0.09450668841600418,
-0.2156106472015381,-0.06752716898918153,0.24658565521240236,0.08720279484987259,-0.03530389443039894,-0.07606429606676102,
-0.25516300201416015,-0.07745814323425293,0.22700822353363037,0.10271570831537247,-0.060004714876413345,-0.02732844650745392,
-0.2732929944992066,-0.07662968039512635,0.2036761522293091,0.11290230602025986,-0.04142916575074196,-0.005557104013860226,
-0.22751028537750245,-0.07106118202209473,0.15235575437545779,0.11176934838294983,0.03080933168530464,0.024734167382121086,
-0.23170456886291504,-0.05382862091064453,0.1249470353126526,0.10611013323068619,0.07108964025974274,0.05509420484304428,
-0.22796125411987306,-0.04455722570419312,0.13623979091644287,0.10611013323068619,0.09379308670759201,0.07673238962888718,
-0.19390274286270143,-0.04758947491645813,0.12109440565109253,0.10957223922014236,0.11503180116415024,0.09663952142000198,
-0.1186880111694336,-0.05168040990829468,0.1263127565383911,0.11949251592159271,0.14019867777824402,0.11075427383184433,
-0.07674002647399902,-0.04387861788272858,0.110898756980896,0.12914647161960602,0.17029239237308502,0.12540166079998016,
-0.03680437207221985,-0.030080395936965945,0.07635635733604432,0.13600412011146545,0.18420740962028503,0.1515006273984909,
0.014588220417499543,-0.01916772574186325,0.04494633972644806,0.1254846304655075,0.20071901381015778,0.15949012339115143,
0.08833351135253907,0.0035896126180887224,-0.0018358547240495682,0.11230198293924332,0.2334093153476715,0.1676793396472931,
0.23543152809143067,0.056295984983444215,-0.012891796231269837,0.12368699908256531,0.20424769818782806,0.15702669322490692,
0.35965044498443605,0.060673278570175175,0.0019931312650442123,0.1543799340724945,0.11789469420909882,0.10116689652204514,
0.5144163608551026,0.09218491315841676,-0.034079995751380925,0.13793490827083588,0.07375279814004898,0.0027630887925624847,
0.6890170574188232,0.1161272406578064,-0.15792320966720583,0.10124986618757248,0.05058330297470093,-0.11601389944553375,
0.6559933185577393,0.10109457969665528,-0.11066452264785767,0.11529804021120071,0.014231151901185513,-0.21335244178771973,
0.5834546089172363,0.05785898566246033,-0.08861107230186463,0.10118328034877777,0.01476378459483385,-0.25749433040618896,
0.4659279823303223,0.03294279873371125,-0.12430533170700074,0.10238170623779297,0.011101937852799892,-0.29411280155181885,
0.3187302350997925,-0.07214516401290894,-0.10213357210159302,0.09585696458816528,0.021155372262001038,-0.34338128566741943,
0.21786935329437257,-0.09088824391365052,-0.12590991258621217,0.06183507293462753,0.02515011467039585,-0.3738744854927063,
0.10629057884216309,-0.13072158098220826,-0.13587204217910767,0.03780004382133484,0.008904830552637577,-0.38186395168304443,
-0.13713268041610718,-0.16685984134674073,-0.08169786930084229,0.024816744029521942,0.0022470145486295223,-0.36408814787864685,
-0.23670728206634523,-0.17793434858322144,-0.04803130030632019,0.032539911568164825,-0.004544046241790056,-0.3330623209476471,
-0.321035099029541,-0.18040021657943728,-0.027704134583473206,0.044390976428985596,-0.02957776188850403,-0.27686962485313416,
-0.3946649789810181,-0.16818584203720094,-0.020077672600746155,0.02521621808409691,-0.034837506711483,-0.22214163839817047,
-0.42324156761169435,-0.13801270723342896,-0.07783576250076295,-0.02112278714776039,-0.008272471837699413,-0.1578928679227829,
-0.39992837905883794,-0.1229906678199768,-0.06328864693641663,-0.023253316059708595,0.007506757974624634,-0.13239310681819916,
-0.3977301836013794,-0.12726728916168215,-0.01399531662464142,-0.004944083280861378,-0.016728010028600693,-0.09504227340221405,
-0.46792583465576176,-0.14070656299591064,0.024426864087581636,0.011700673960149288,-0.039031982421875,-0.03984826058149338,
-0.45653629302978516,-0.14928427934646607,0.011298632621765137,0.007572773844003677,-0.0026132543571293354,0.0081552192568779,
-0.4683852195739746,-0.13612635135650636,-0.015390446782112122,-0.006741717457771301,0.04958470165729523,0.06980739533901215,
-0.473131275177002,-0.10715984106063843,-0.026042121648788455,-0.01233435608446598,0.06922551989555359,0.11208508163690567,
-0.4016117572784424,-0.11207848787307739,-0.005656879767775536,-0.010004089213907719,0.03666837140917778,0.14104697108268738,
-0.38269774913787846,-0.11337599754333497,-0.0016201788559556008,-0.02285384200513363,0.045723117887973785,0.16927647590637207,
-0.3873290061950684,-0.09376971125602723,-0.022536952793598176,-0.03343990817666054,0.04152864217758179,0.2139510065317154,
-0.38739340305328374,-0.10468494892120361,0.03299607634544373,-0.013399620540440083,-0.0028795707039535046,0.25336578488349915,
-0.290618896484375,-0.13557621240615844,0.022898527979850772,-0.0036790817975997925,-0.003478781785815954,0.2536986768245697,
-0.24868698120117189,-0.127465558052063,-0.015383972227573395,-0.02345305308699608,-0.020523013547062874,0.2871879041194916,
-0.23103821277618408,-0.1356565833091736,-0.028603166341781616,-0.01732778176665306,-0.06573017686605453,0.3228742778301239,
-0.16645560264587403,-0.14441906213760378,-0.003260951861739159,0.007306457497179508,-0.08244150876998901,0.34184929728507996,
-0.0760439932346344,-0.1401286244392395,-0.03338556587696075,-0.004211255814880133,-0.02285338006913662,0.3668173551559448,
-0.0038780018687248233,-0.15193469524383546,-0.09254022836685181,-0.0305765513330698,0.029411157593131065,0.39271658658981323,
0.18555747270584108,-0.10831325054168701,-0.07760375142097474,-0.04562341049313545,0.048119865357875824,0.37041258811950684,
0.3066426753997803,-0.06325874328613282,-0.06973693370819092,-0.04855288937687874,0.010169817134737968,0.29950594902038574,
0.40159912109375,-0.0387442409992218,-0.04261303246021271,-0.02738075889647007,-0.015130214393138885,0.2396513968706131,
0.5220315456390381,0.08314523696899415,-0.07499118447303772,-0.0525476299226284,0.01962403953075409,0.194510817527771,
0.536191749572754,0.16447334289550783,-0.09341200590133668,-0.07112318277359009,-0.011002314276993275,0.14530891180038452,
0.6162707805633545,0.21823611259460451,-0.031552824378013614,-0.05068341642618179,-0.0669952780008316,0.026265613734722137,
0.8005208015441895,0.24535288810729983,-0.12511144876480104,-0.1078748032450676,-0.05021736025810242,-0.09650611132383347,
0.7186018943786622,0.19446434974670412,-0.13614579439163207,-0.15674380958080292,-0.0628008022904396,-0.18978333473205566,
0.584337568283081,0.13560546636581422,0.007100149244070053,-0.1109374389052391,-0.11786165833473206,-0.2581599950790405,
0.44622454643249515,0.08152564764022828,0.16705083847045898,-0.06586343795061111,-0.1314437836408615,-0.2856571078300476,
0.17028383016586304,-0.005289806798100472,0.2062615156173706,-0.029378129169344902,-0.1060771718621254,-0.27993136644363403,
0.05700671672821045,-0.03057936728000641,0.18681278228759768,-0.024051807820796967,-0.07751476764678955,-0.2694118618965149,
-0.02612052857875824,-0.0493249386548996,0.1768139123916626,-0.025649704039096832,-0.06712843477725983,-0.2549642026424408,
-0.18116426467895508,-0.0811627209186554,0.22137112617492677,0.0007155920611694455,-0.08423925191164017,-0.21807941794395447,
-0.24905755519866946,-0.09099093079566956,0.2510641098022461,0.04092932492494583,-0.0639992207288742,-0.17233963310718536,
-0.2728976488113403,-0.09877548813819886,0.2551819562911987,0.06043698266148567,-0.00334572559222579,-0.12340404093265533,
-0.2990873336791992,-0.09374765753746034,0.2300933599472046,0.06449829787015915,0.023086149245500565,-0.09184557944536209,
-0.322799825668335,-0.09236450791358948,0.2087631940841675,0.08567042648792267,0.02534983679652214,-0.057757120579481125,
-0.3323657035827637,-0.07905871868133546,0.17900500297546387,0.09059813618659973,0.011101733893156052,-0.024665668606758118,
-0.32080082893371586,-0.06225143074989319,0.15900737047195435,0.10624420642852783,0.01915779709815979,-0.004225908778607845,
-0.30436913967132573,-0.07105476260185242,0.12775325775146484,0.1054452583193779,0.06709469854831696,0.05469653382897377,
-0.3012259483337403,-0.06867193579673768,0.10312880277633668,0.10817499458789825,0.09432552009820938,0.08092866837978363,
-0.2543026447296143,-0.05648734569549561,0.12532929182052613,0.13414080440998077,0.06955812126398087,0.07267286628484726,
-0.20818233489990234,-0.08598626852035524,0.16452932357788086,0.17295639216899872,-0.006674866657704115,0.07020944356918335,
-0.21505024433135989,-0.0909156620502472,0.16359101533889772,0.20551353693008423,0.003178830025717616,0.11761371791362762,
-0.2008159637451172,-0.07656577229499817,0.10715922117233277,0.17002691328525543,0.11623001843690872,0.16548402607440948,
-0.07624313831329346,-0.05816405415534973,0.06983612179756164,0.1944614052772522,0.13014504313468933,0.17600351572036743,
-0.013195967674255371,-0.054345798492431645,0.13970797061920168,0.23613987863063812,0.08214155584573746,0.15509770810604095,
0.06739537119865417,-0.04569468498229981,0.06291961669921875,0.20617932081222534,0.08373945206403732,0.13352610170841217,
0.12048006057739258,-0.018106384575366976,-0.05257207155227661,0.18620561063289642,0.07994444668292999,0.1192781925201416,
0.162405002117157,0.006649651378393174,-0.009498058259487152,0.2071114331483841,0.07375259697437286,0.1029663234949112,
0.19549297094345094,0.005609467625617981,-0.0006148112006485462,0.21896249055862427,0.10491158813238144,0.08399130403995514,
0.2673223972320557,0.010362039506435395,-0.06125711798667908,0.20970800518989563,0.15990586578845978,0.05343152955174446,
0.34589872360229496,0.044038125872612,-0.13505308628082277,0.19166509807109833,0.18027904629707336,0.006426735781133175,
0.3386286497116089,0.052508145570755005,-0.14029682874679567,0.192064568400383,0.14452610909938812,-0.025198303163051605,
0.3539275169372559,0.06871834993362427,-0.17132499217987063,0.162570059299469,0.13693609833717346,-0.07879441976547241,
0.4310734272003174,0.07637421488761903,-0.33727052211761477,0.11043868213891983,0.20711040496826172,-0.1520979404449463,
0.3205610752105713,0.03702207207679749,-0.3351616382598877,0.12362001836299896,0.18813566863536835,-0.1716747283935547,
0.17410885095596315,0.03058608174324036,-0.2900864124298096,0.11310053616762161,0.11429952085018158,-0.1819279044866562,
0.09474319219589233,0.02713442146778107,-0.38569920063018803,0.056441780179739,0.03879890218377113,-0.21108952164649963,
0.05791611075401307,0.0190061092376709,-0.3956098794937134,0.018092261627316475,0.03420494869351387,-0.20949162542819977,
-0.0035207193344831468,0.02431953102350235,-0.3924621343612671,-0.023186735808849335,0.04745417460799217,-0.1993716061115265,
-0.04932670295238495,0.017671558260917663,-0.39097955226898196,-0.06280125677585602,0.04692154377698898,-0.2097579389810562,
-0.08885618448257447,-0.00034490113612264397,-0.3426116228103638,-0.10860762745141983,0.028812047094106674,-0.22926558554172516,
-0.11676149368286133,-0.026312842965126038,-0.2718061447143555,-0.12685029208660126,-0.012200633995234966,-0.21415215730667114,
-0.16272348165512085,-0.06465452313423158,-0.24868097305297854,-0.14782267808914185,-0.03976435214281082,-0.1784657984972,
-0.25983917713165283,-0.09475587010383607,-0.19982917308807374,-0.16639822721481323,-0.04802015423774719,-0.13225995004177094,
-0.28260915279388427,-0.12558218240737914,-0.17600189447402956,-0.20022037625312805,-0.0420280396938324,-0.10043517500162125,
-0.29976882934570315,-0.1531233072280884,-0.16473969221115115,-0.21746434271335602,-0.041894882917404175,-0.05749170482158661,
