0.4107379913330078,0.06014703512191773,0.01787279397249222,-0.2864333391189575,-0.08983331173658371,-0.05727846175432205,
0.37392663955688477,0.018213219940662384,0.25910320281982424,-0.18383507430553436,-0.19789108633995056,-0.15115489065647125,
0.3345328807830811,0.015999574959278107,0.3595651388168335,-0.11805498600006104,-0.20634661614894867,-0.18783994019031525,
0.2583490371704102,0.028031384944915774,0.28553309440612795,-0.11625734716653824,-0.13643863797187805,-0.19336599111557007,
0.19200913906097414,0.03147842586040497,0.23352644443511963,-0.11885393410921097,-0.0711246058344841,-0.20248731970787048,
0.07940445542335511,-0.002327554672956467,0.24577252864837648,-0.08995863050222397,-0.0982222706079483,-0.21067653596401215,
0.03075787127017975,-0.004576875269412995,0.26811463832855226,-0.06319386512041092,-0.12159150838851929,-0.22592313587665558,
0.0033458974212408066,-0.003313424810767174,0.2322317123413086,-0.07351361215114594,-0.10974043607711792,-0.23178209364414215,
-0.10171861648559571,-0.02687816619873047,0.18452992439270022,-0.06798853725194931,-0.10461363941431046,-0.2098129540681839,
-0.13955912590026856,-0.061636346578598025,0.22416181564331056,-0.020451107993721962,-0.11719707399606705,-0.18611082434654236,
-0.1788910269737244,-0.064578115940094,0.2734413146972656,0.024889210239052773,-0.1096736416220665,-0.1634739488363266,
-0.20216791629791261,-0.07519689202308655,0.26794798374176027,0.057046882808208466,-0.08390755951404572,-0.1231270581483841,
-0.2704341888427734,-0.08314828872680664,0.2279817581176758,0.08054927736520767,-0.03790144622325897,-0.061008818447589874,
-0.2538790225982666,-0.08376151323318481,0.20085179805755615,0.0933324471116066,-0.0022816695272922516,-0.03803905472159386,
-0.2409353017807007,-0.09079126119613648,0.2003328561782837,0.11963116377592087,0.016360457986593246,-0.02139429748058319,
-0.23800334930419922,-0.08089933395385743,0.16265566349029542,0.13141566514968872,0.027345998212695122,-0.002752169966697693,
-0.25234739780426024,-0.06988595128059387,0.13193211555480958,0.11417168378829956,0.04166049137711525,0.028606552630662918,
-0.2616934299468994,-0.07093679904937744,0.08351647257804871,0.11157510429620743,0.04405733570456505,0.055970530956983566,
-0.25576224327087405,-0.06482456922531128,0.14352309703826904,0.14426541328430176,0.06056893616914749,0.08772872388362885,
-0.23172845840454104,-0.06108270287513733,0.14071766138076783,0.15944543480873108,0.12515059113502502,0.1259450912475586,
-0.210038423538208,-0.045969420671463014,0.07391926050186158,0.12688829004764557,0.20051805675029755,0.17141856253147125,
-0.1298180103302002,-0.019840118288993836,-0.0027499649673700336,0.10638193786144257,0.23240940272808075,0.20257754623889923,
-0.07779948115348817,-0.02167986631393433,0.036449757218360905,0.11596932262182236,0.2495202124118805,0.23340363800525665,
-0.018040513992309572,-0.01456480473279953,0.03477442562580109,0.1198309063911438,0.27695077657699585,0.2583042085170746,
0.2090796709060669,0.016684798896312716,0.006559133529663086,0.12196142971515656,0.23740282654762268,0.21789072453975677,
0.34987204074859624,0.04801804125308991,-0.014569452404975891,0.12109590321779251,0.12035690248012543,0.1260116696357727,
0.4706398963928223,0.08827446699142456,-0.016063794493675232,0.15398594737052917,-0.012002207338809967,0.045317888259887695,
0.6510399341583253,0.11071451902389527,-0.03464650213718414,0.17322754859924316,-0.022588331252336502,-0.07325884699821472,
0.7023675441741943,0.12541497945785524,-0.13973149061203002,0.12082985043525696,0.08793285489082336,-0.16307395696640015,
0.7095756053924561,0.11002926826477051,-0.2399641513824463,0.08540980517864227,0.09046285599470139,-0.2445666790008545,
0.49998135566711427,0.01019270494580269,-0.10623760223388673,0.10431824624538422,-0.025251492857933044,-0.3349809944629669,
0.38022751808166505,-0.06575202345848084,-0.06934743523597718,0.1264890730381012,-0.08763604611158371,-0.37852367758750916,
0.27618906497955326,-0.11047270298004151,-0.07552822828292848,0.10564982891082764,-0.058341268450021744,-0.4024255573749542,
0.1736953377723694,-0.11583944559097291,-0.1450121283531189,0.052519768476486206,0.0003148543764837086,-0.4106813669204712,
-0.06519415378570557,-0.11607871055603028,-0.14434250593185424,0.027020001783967018,-0.019126221537590027,-0.3921723961830139,
-0.1615575909614563,-0.15264378786087038,-0.08410925865173341,0.0296165831387043,-0.07538550347089767,-0.3612797260284424,
-0.23995444774627686,-0.1545819401741028,-0.0657230019569397,0.03208000585436821,-0.09815552830696106,-0.3403073251247406,
-0.3259682416915894,-0.13282222747802735,-0.0741571843624115,-0.0015424025477841496,-0.045291781425476074,-0.27625828981399536,
-0.37874579429626465,-0.1302354097366333,-0.12029079198837281,-0.04848061501979828,0.0029114363715052605,-0.20515190064907074,
-0.4005150318145752,-0.13373842239379882,-0.11563345193862916,-0.046350087970495224,0.0067064412869513035,-0.15481814742088318,
-0.3606407165527344,-0.15732539892196656,0.021417908370494843,-0.009598464705049992,-0.0009501471649855375,-0.12226101756095886,
-0.3797453403472901,-0.15199379920959474,0.021113695204257966,0.0006547054508700967,-0.007608050014823675,-0.08044938743114471,
-0.4095303058624268,-0.15979820489883423,0.017322297394275665,0.017432620748877525,-0.029712287709116936,-0.038970645517110825,
-0.4162159442901612,-0.16424250602722168,0.03141408264636993,0.021027889102697372,-0.03051123581826687,-0.0015532332472503185,
-0.42846546173095706,-0.1655675768852234,0.009591326862573624,0.026287632063031197,-0.03257518634200096,0.057302627712488174,
-0.4226233959197998,-0.14536231756210327,0.028427594900131227,0.03580843284726143,-0.010138053447008133,0.09545240551233292,
-0.3940747261047364,-0.11680004596710206,0.011997368931770325,0.016632167622447014,0.05231340974569321,0.1270744949579239,
-0.3719780683517456,-0.1330504894256592,-0.043368554115295416,-0.0009446961339563131,0.06935764104127884,0.1842658817768097,
-0.3829859495162964,-0.1291948676109314,-0.04468137621879578,-0.016324451193213463,0.05371157079935074,0.22481250762939453,
-0.369628119468689,-0.11588605642318726,-0.03639059960842133,-0.023448407649993896,0.022286269813776016,0.24478621780872345,
-0.28405089378356935,-0.17840337753295898,-0.022100095450878144,-0.01745629496872425,0.022952059283852577,0.26535913348197937,
-0.24009437561035157,-0.2036951780319214,-0.04294816851615906,-0.021251298487186432,0.056641049683094025,0.3129631578922272,
-0.23505136966705323,-0.14008508920669557,-0.04594509601593018,-0.03376815468072891,0.09132871776819229,0.33626580238342285,
-0.1629515290260315,-0.09661511182785035,-0.056848508119583134,-0.049081332981586456,0.07102211564779282,0.3517121374607086,
-0.13680424690246581,-0.1184157967567444,-0.037417858839035034,-0.0493476502597332,0.011167570948600769,0.3956542909145355,
-0.07411471605300904,-0.07944821119308472,-0.035208296775817875,-0.05920134484767914,-8.428496948909014e-05,0.4196893274784088,
0.044795721769332886,-0.06537047028541565,-0.05190067291259766,-0.05494028702378273,-0.005410607438534498,0.4118330180644989,
0.3788372039794922,-0.04436856806278229,-0.045364588499069214,-0.05980055779218674,0.05118156969547272,0.3618321716785431,
0.5298634052276612,0.03834590911865235,-0.06595690250396728,-0.06985399127006531,0.02867785654962063,0.2698199450969696,
0.7090293884277344,0.14323450326919557,-0.013875621557235719,-0.05553949996829033,-0.10641099512577057,0.13266712427139282,
0.7559190273284913,0.17848982810974123,-0.005613823607563973,-0.08037348091602325,-0.12392128258943558,-0.00388645613566041,
0.7937244892120362,0.20074512958526614,-0.058652383089065556,-0.13430249691009521,-0.06513199955224991,-0.1099468469619751,
0.6560473918914795,0.14985005855560304,-0.017971014976501467,-0.1384303867816925,-0.044226180762052536,-0.19809748232364655,
0.5434748649597169,0.08472842574119568,0.11378647089004518,-0.08376900851726532,-0.09802203625440598,-0.26314517855644226,
0.4168003082275391,0.033284839987754826,0.1828007459640503,-0.037762898951768875,-0.12991338968276978,-0.30469051003456116,
0.29730043411254886,0.006855693459510804,0.18535863161087038,-0.00021114907576702535,-0.13111208379268646,-0.32586032152175903,
0.09271317720413208,-0.033327850699424746,0.1651297450065613,0.01363728940486908,-0.1012180894613266,-0.32186558842658997,
-0.02938249707221985,-0.030954524874687195,0.09393875002861024,-0.023646967485547066,-0.07218963652849197,-0.2925042510032654,
-0.11362112760543824,-0.03655615150928498,0.047188532352447514,-0.027508551254868507,-0.06732936948537827,-0.2563518285751343,
-0.15057168006896973,-0.06330199837684632,0.0903353750705719,0.0031843811739236116,-0.07738280296325684,-0.23950731754302979,
-0.20691435337066652,-0.10156419277191163,0.19503350257873536,0.07235998660326004,-0.06373409926891327,-0.19942674040794373,
-0.255205774307251,-0.10117474794387818,0.18629654645919802,0.07488999515771866,-0.028913265094161034,-0.1546856313943863,
-0.3340693712234497,-0.10069591999053956,0.08178964257240295,0.04879101738333702,0.005441512446850538,-0.08337949961423874,
-0.336647629737854,-0.09264904260635376,0.0963885247707367,0.07981684058904648,0.001113875419832766,-0.05275315046310425,
-0.31066474914550785,-0.09950566291809082,0.16101769208908082,0.12442478537559509,-0.010071400552988052,-0.02412416785955429,
-0.30753340721130373,-0.10759929418563843,0.17054129838943483,0.13640901446342468,0.0072391461580991745,0.008100084029138088,
-0.31087670326232913,-0.10491422414779664,0.06583361625671387,0.11144188046455383,0.06389790028333664,0.05543777346611023,
-0.2971052646636963,-0.0805901288986206,0.045693546533584595,0.10751371830701828,0.06569553166627884,0.07301463186740875,
-0.2749179363250733,-0.07826071977615356,0.06548186540603639,0.10991056263446808,0.03713312745094299,0.07467911392450333,
-0.2604161977767944,-0.07020660042762757,0.07489370107650757,0.1262224167585373,0.003643878735601902,0.07913990318775177,
-0.2478034019470215,-0.06348954439163208,0.10454835891723634,0.15358640253543854,0.0035772996488958597,0.10903389006853104,
-0.2269354820251465,-0.06169877648353577,0.040125134587287906,0.11876557022333145,0.08646818995475769,0.15430763363838196,
-0.20854759216308594,-0.0460603803396225,-0.013536112010478975,0.12602268159389496,0.10677479207515717,0.17994056642055511,
-0.13679704666137696,-0.05638644099235535,0.05186070799827576,0.13800691068172455,0.0811418667435646,0.18719767034053802,
-0.0857950747013092,-0.0526300311088562,0.037856006622314455,0.14639520645141602,0.06716042011976242,0.1885945349931717,
-0.03890657424926758,-0.04912079870700836,0.03252431154251099,0.1517881155014038,0.07901148498058319,0.17767557501792908,
0.05505834817886353,-0.047655713558197026,0.016063112020492553,0.16750076413154602,0.07974385470151901,0.17208294570446014,
0.07651724815368653,-0.0475269228219986,0.04698846340179444,0.198060542345047,0.07195410877466202,0.153174489736557,
0.1300404191017151,-0.03439427018165588,0.04668974280357361,0.1955971121788025,0.08693438768386841,0.13599710166454315,
0.21387376785278323,-0.005697060748934746,-0.027701142430305484,0.2041192352771759,0.07574911415576935,0.09971153736114502,
0.2558809280395508,-0.0032432310283184054,0.0015974327921867372,0.23401321470737457,0.10297993570566177,0.0809362530708313,
0.27668418884277346,0.028089484572410586,-0.0018941674381494523,0.23281478881835938,0.14059709012508392,0.06548991799354553,
0.30515077114105227,0.03911992013454438,-0.05954502820968628,0.2161034494638443,0.15937237441539764,0.026674345135688782,
0.3859099388122559,0.03463753461837769,-0.10600637197494507,0.2310837358236313,0.14212840795516968,-0.050091274082660675,
0.39130327701568607,0.015253232419490816,-0.0804330587387085,0.2593798339366913,0.1748187094926834,-0.10901372134685516,
0.39797322750091557,-0.010954494774341584,-0.10365341901779175,0.2673693001270294,0.2283482402563095,-0.15229009091854095,
0.3105928421020508,-0.005333568528294564,-0.23634226322174073,0.22655636072158813,0.2360714077949524,-0.1892414540052414,
0.2338425636291504,-0.010379596054553986,-0.316173529624939,0.15145522356033325,0.18666978180408478,-0.19809645414352417,
0.1520532011985779,-0.0030916629359126094,-0.38395266532897954,0.07875092327594757,0.1416623592376709,-0.19836276769638062,
0.07552560567855836,-0.010951021313667299,-0.40503783226013185,0.043996669352054596,0.14092998206615448,-0.19336934387683868,
-0.01369231790304184,-0.027841499447822573,-0.3403868913650513,0.01856348291039467,0.11536363512277603,-0.2054867297410965,
-0.0305054247379303,-0.030984121561050418,-0.29489755630493164,0.01989506371319294,0.03586827218532562,-0.2152072638273239,
-0.06485269069671631,-0.026737302541732788,-0.2376818895339966,-0.029839470982551575,0.026214314624667168,-0.1856461763381958,
-0.13203152418136596,-0.04706327319145203,-0.3541754484176636,-0.11925510317087173,0.07381831854581833,-0.14443376660346985,
-0.14314787387847902,-0.06993269920349121,-0.2780776500701904,-0.11852359026670456,0.0831395760178566,-0.12732461094856262,
-0.14472554922103884,-0.09579800367355347,-0.1694116830825806,-0.09355645626783371,0.0482521615922451,-0.12459488213062286,
-0.1725200653076172,-0.11328308582305908,-0.13467096090316774,-0.10380962491035461,-0.02371976710855961,-0.1121446043252945,
-0.1708284616470337,-0.10607466697692872,-0.17205393314361572,-0.13177281618118286,-0.04276137053966522,-0.10302327573299408,
-0.17446823120117189,-0.10700682401657105,-0.18435746431350708,-0.15647363662719727,-0.01067027822136879,-0.07419455796480179,
-0.20232429504394533,-0.0874089539051056,-0.18300738334655764,-0.2017473727464676,0.05104847997426987,-0.041304513812065125,
-0.19708034992218018,-0.09245611429214479,-0.17443087100982668,-0.20261290669441223,0.009902642108500004,-0.02778897061944008,
-0.20646111965179445,-0.09843350052833558,-0.10546936988830567,-0.18989631533622742,-0.061736393719911575,-0.005751311779022217,
-0.218003249168396,-0.10032738447189332,-0.05377848744392395,-0.2054758071899414,-0.08816827088594437,0.01402265951037407,
-0.16805577278137207,-0.10976078510284425,-0.08136453032493592,-0.22265319526195526,-0.060537971556186676,0.04777822643518448,
-0.15208274126052856,-0.0956904947757721,-0.061950033903121954,-0.2271139919757843,-0.03690241649746895,0.06222587823867798,
