-0.4013538837432862,-0.1750505566596985,-0.21408669948577883,-0.275046169757843,0.003709744429215789,0.2671653926372528,
-0.3886929750442505,-0.18362872600555422,-0.1516077995300293,-0.2579353451728821,-0.12265725433826447,0.30171990394592285,
-0.23383948802947999,-0.11780782938003541,-0.022132499516010287,-0.22790822386741638,-0.20940972864627838,0.318364679813385,
-0.10135886669158936,-0.04685647487640381,-0.019802194833755494,-0.23077112436294556,-0.06986008584499359,0.3532520830631256,
0.09378259778022767,0.01992170810699463,-0.056432443857192996,-0.24868088960647583,-0.03510582819581032,0.3164338767528534,
0.7160218238830567,0.05123405456542969,0.02335258275270462,-0.20014476776123047,-0.338905930519104,0.07967884093523026,
1.0383095741271973,0.09335492253303529,0.11758328676223756,-0.2062700390815735,-0.14263096451759338,-0.07465134561061859,
1.101328182220459,0.22863938808441164,0.024003469944000246,-0.22391349077224731,0.13273990154266357,-0.14402669668197632,
0.6388402938842774,0.26896276473999026,0.1600412964820862,-0.17311368882656097,-0.001949473051354289,-0.2911663353443146,
0.47373709678649906,0.22400875091552735,0.21360173225402834,-0.16319340467453003,-0.16773125529289246,-0.4092109501361847,
0.32218770980834965,0.1613924503326416,0.19154499769210817,-0.17178210616111755,-0.167464941740036,-0.42345887422561646,
-0.08345960378646851,-0.008164975792169571,0.16961555480957033,-0.16286051273345947,-0.11227092891931534,-0.35115405917167664,
-0.22614517211914065,-0.07419472336769105,0.21542718410491946,-0.13276679813861847,-0.08950089663267136,-0.2812460660934448,
-0.30039911270141606,-0.11142711639404297,0.2609156131744385,-0.1088649183511734,-0.1108061894774437,-0.24882209300994873,
-0.38798816204071046,-0.17836862802505493,0.3019895553588867,-0.09128805249929428,-0.15874308347702026,-0.20874151587486267,
-0.4451935291290283,-0.21130073070526123,0.33776013851165776,-0.05680011585354805,-0.14955517649650574,-0.14382696151733398,
-0.4887013912200928,-0.24445321559906008,0.37302675247192385,0.006715097930282354,-0.06886113435029984,-0.010271742939949036,
-0.5297535419464111,-0.26826679706573486,0.4104453563690186,0.04393277317285538,0.023151082918047905,0.12188762426376343,
-0.6006575584411622,-0.27126121520996094,0.3823867797851563,0.08088413625955582,0.1708899438381195,0.26216962933540344,
-0.5506005764007569,-0.24804713726043703,0.37761328220367435,0.14420078694820404,0.18061049282550812,0.37408900260925293,
-0.5478512763977051,-0.23236212730407715,0.40676393508911135,0.21537376940250397,0.17188863456249237,0.45724618434906006,
-0.369867491722107,-0.12687079906463625,0.3555122137069702,0.26577410101890564,0.19998498260974884,0.5525208115577698,
-0.09828090071678162,-0.05882648825645447,0.20250482559204103,0.2629777789115906,0.053910594433546066,0.44093433022499084,
0.4862974643707276,-0.003282526507973671,0.03487752676010132,0.28095412254333496,-0.1239885687828064,0.1428600251674652,
1.4881073951721193,0.1948137640953064,-0.28971195220947266,0.16091212630271912,0.14971782267093658,-0.050285737961530685,
1.415539836883545,0.3843632459640503,-0.5209551811218261,0.060044899582862854,0.2918640375137329,-0.20874382555484772,
1.138683032989502,0.416114616394043,-0.39923503398895266,0.13021919131278992,0.06542877107858658,-0.38344720005989075,
0.8459504127502442,0.3426925420761109,-0.11462222337722779,0.1595805436372757,-0.018860284239053726,-0.47545942664146423,
0.34486558437347414,0.13996981382369997,-0.1369029998779297,0.11190996319055557,0.004975007846951485,-0.5086157321929932,
0.12393516302108765,0.02723066508769989,-0.20519778728485108,0.06224200502038002,-0.019392915070056915,-0.49004021286964417,
-0.0494465172290802,-0.06530174612998962,-0.19404171705245973,0.01976458728313446,-0.04908716306090355,-0.4588812291622162,
-0.24686901569366457,-0.17666652202606203,-0.10833588838577271,-0.016454404219985008,-0.030777929350733757,-0.42732277512550354,
-0.2790031909942627,-0.21156666278839112,-0.0750066101551056,-0.02144782990217209,0.006572904530912638,-0.3826482594013214,
-0.3308415412902832,-0.25013630390167235,-0.0415854424238205,-0.012193345464766026,0.026413455605506897,-0.33457818627357483,
-0.44955377578735356,-0.3051238298416138,0.011516238749027253,-0.010195975191891193,0.007837905548512936,-0.2230583131313324,
-0.5436176776885987,-0.325748085975647,0.002440711110830307,-0.006067355629056692,-0.02638387307524681,-0.11439992487430573,
-0.593370008468628,-0.33576171398162846,0.011849952489137651,0.0014560746494680643,-0.0793142020702362,-0.02977798506617546,
-0.6043798923492432,-0.35287897586822514,0.03608527481555939,-0.0044028800912201405,-0.10481397062540054,0.0253494530916214,
-0.6363559722900392,-0.36216139793395996,0.030351558327674867,-0.0032710363157093525,-0.10002028197050095,0.1444593369960785,
-0.679184627532959,-0.3759625434875489,0.03912087082862854,0.029752161353826523,-0.07105840742588043,0.2785494923591614,
-0.707204008102417,-0.3989101886749268,0.08314664363861085,0.04353402182459831,-0.03623757138848305,0.432613343000412,
-0.7406462669372559,-0.4196828842163086,0.0698914349079132,0.04300139099359512,-0.03437335789203644,0.5262900590896606,
-0.6162875175476075,-0.44335775375366215,0.027040460705757143,0.04160322993993759,-0.02012544497847557,0.6607797145843506,
-0.5261202335357666,-0.4368978023529053,-0.01276911050081253,0.00804739911109209,0.10417760163545609,0.8045904040336609,
-0.3737416744232178,-0.3984322786331177,-0.07582212686538697,0.00864661019295454,0.1252831518650055,0.8094506859779358,
0.6948849678039551,-0.18245034217834474,-0.03203419148921967,0.03208242729306221,-0.08037947118282318,0.46297338604927063,
1.3623466491699219,0.01706196963787079,-0.10406304597854615,0.04639691859483719,-0.11946135759353638,0.19912071526050568,
1.5809532165527345,0.2619021892547608,-0.18876582384109497,-0.013124732300639153,0.05377727374434471,0.08800031989812851,
1.3720969200134279,0.5281915664672852,-0.2723618268966675,-0.06039584055542946,0.08959679305553436,-0.06646303087472916,
1.1083599090576173,0.6252472877502442,-0.08077436685562134,0.002787655219435692,-0.09702422469854355,-0.3242570459842682,
0.8306897163391114,0.5412509918212891,0.03339906930923462,-0.02371079847216606,-0.1142016127705574,-0.42645585536956787,
0.5279112815856933,0.4071516990661621,-0.06301255822181702,-0.06838532537221909,-0.11579950898885727,-0.4032197594642639,
0.021955743432044983,0.11882210969924928,-0.02077348679304123,-0.08030297607183456,-0.14163216948509216,-0.379184752702713,
-0.07053137421607972,0.00913667380809784,0.07643480300903321,-0.06751979887485504,-0.12958137691020966,-0.3514878749847412,
-0.1624723553657532,-0.08711416721343995,0.15532249212265015,-0.03915628045797348,-0.09316282719373703,-0.29322952032089233,
-0.3736600399017334,-0.20957539081573487,0.27945086956024173,0.0395401306450367,-0.05394778400659561,-0.1653977930545807,
-0.4680294990539551,-0.24513490200042726,0.3307749509811402,0.09586598724126816,-0.023521166294813156,-0.05987003445625305,
-0.510128116607666,-0.2626652479171753,0.3311640739440918,0.10818310081958771,0.011099928990006447,0.023020857945084572,
-0.5203516006469727,-0.25696890354156493,0.29491143226623534,0.10145862400531769,0.029742056503891945,0.06876064836978912,
-0.46794037818908696,-0.24921386241912843,0.25162057876586913,0.1442023664712906,0.04205917567014694,0.15005363523960114,
-0.44941134452819825,-0.2568454504013062,0.2944193840026856,0.21544192731380463,0.05677314102649689,0.23787137866020203,
-0.45303306579589847,-0.26665897369384767,0.3288973093032837,0.24500301480293274,0.1549106240272522,0.3080456852912903,
-0.326376485824585,-0.1682196855545044,0.20847880840301514,0.22036877274513245,0.3090410828590393,0.379684716463089,
-0.22646934986114503,-0.1200384020805359,0.16123698949813844,0.2500630021095276,0.21856017410755157,0.3720947206020355,
-0.056137984991073614,-0.07746081948280335,0.19537274837493898,0.294670969247818,0.17348617315292358,0.3095104396343231,
0.16873897314071656,0.008026912063360215,0.15266969203948977,0.26384487748146057,0.26123732328414917,0.23867033421993256,
0.7479106426239014,0.19558680057525635,-0.2638667345046997,0.19140689074993134,0.2343394011259079,0.08227618783712387,
0.882879638671875,0.24290831089019777,-0.32317600250244144,0.20212611556053162,0.10344504565000534,-0.09256033599376678,
0.9309826850891114,0.2798891067504883,-0.2899847269058228,0.1707008183002472,0.09092818945646286,-0.20740915834903717,
0.5935886383056641,0.31897275447845463,-0.5202347278594971,0.08414807170629501,0.11303242295980453,-0.23756946623325348,
0.3670655250549317,0.29106893539428713,-0.5622527599334717,0.010977726429700851,0.05177971348166466,-0.2922974228858948,
0.2709622144699097,0.2424175024032593,-0.5398006916046143,-0.030034955590963364,-0.026583800092339516,-0.33051377534866333,
0.028603386878967286,0.07861447930335999,-0.3600436925888062,-0.0615268349647522,-0.07651807367801666,-0.31007400155067444,
-0.08981950283050538,0.01275266855955124,-0.2679235219955444,-0.08196660131216049,-0.03770250082015991,-0.2745208144187927,
-0.15125302076339722,-0.045015534758567816,-0.21979730129241945,-0.07331132888793945,-0.0388343445956707,-0.23843498528003693,
-0.28817498683929443,-0.14902580976486207,-0.09800616502761841,-0.06831789761781693,-0.07498675584793091,-0.17598386108875275,
-0.3613832712173462,-0.15437555313110352,-0.08312264084815979,-0.07450974732637405,-0.07052595913410187,-0.11772721260786057,
-0.38365790843963626,-0.14767134189605713,-0.08520353436470032,-0.10027583688497543,-0.040964871644973755,-0.07564926147460938,
-0.40984225273132324,-0.15377911329269411,-0.13866473436355592,-0.1253095418214798,-0.02997933141887188,-0.004676018841564655,
-0.44959235191345215,-0.16753307580947877,-0.12091307640075684,-0.14355219900608063,-0.037236448377370834,0.05684300512075424,
-0.4697280406951905,-0.16413481235504152,-0.11614654064178467,-0.18057014048099518,-0.04495961591601372,0.13154466450214386,
-0.4841989040374756,-0.1643460988998413,-0.15101853609085084,-0.19728146493434906,-0.06140463426709175,0.1878039538860321,
-0.46329674720764163,-0.1929064154624939,-0.11507022380828857,-0.2167225480079651,-0.05947384238243103,0.2673659026622772,
-0.43233437538146974,-0.18052475452423097,-0.1199837327003479,-0.2191859781742096,-0.03870118781924248,0.336275190114975,
-0.39478201866149903,-0.16267391443252566,-0.10845003128051758,-0.22311413288116455,-0.04888777807354927,0.3875410556793213,
-0.17550083398818972,-0.07637282609939576,-0.12484264373779297,-0.24974574148654938,-0.18897005915641785,0.3459291458129883,
0.12919696569442748,-0.03271318674087525,-0.12031458616256714,-0.22531123459339142,-0.24023590981960297,0.2797496020793915,
0.4235768795013428,0.033187982439994816,-0.0698564112186432,-0.23709572851657867,-0.0803130716085434,0.24286480247974396,
0.8543868064880371,0.1904371500015259,-0.060296046733856204,-0.25786837935447693,0.033470481634140015,0.12661781907081604,
