0.34066424369812015,0.013839490711688995,0.06783180236816407,-0.2696746289730072,-0.1380370408296585,-0.028694869950413704,
0.38524363040924076,0.028438636660575868,0.11352477073669434,-0.2632824778556824,-0.03550546243786812,-0.05432663857936859,
0.3728278875350952,0.029784730076789858,0.13867267370223998,-0.23199032247066498,-0.015798071399331093,-0.07649745047092438,
0.32424507141113285,0.01968512088060379,0.18974084854125978,-0.21394740045070648,-0.11093950271606445,-0.14813649654388428,
0.3099127292633057,0.023166267573833468,0.2023932933807373,-0.20655712485313416,-0.16866351664066315,-0.19720524549484253,
0.2718227863311768,0.012442480772733688,0.2202927589416504,-0.18678316473960876,-0.16207218170166016,-0.21278473734855652,
0.17380741834640503,-0.009261590987443924,0.24966783523559571,-0.18205605447292328,-0.11227108538150787,-0.19254471361637115,
0.12456130981445312,-0.03167293667793274,0.2489638090133667,-0.13931231200695038,-0.10248396545648575,-0.22077421844005585,
0.12469782829284669,-0.04056436419487,0.3022585153579712,-0.07126855105161667,-0.1479574292898178,-0.26884427666664124,
0.011285174638032913,-0.034362828731536864,0.30751602649688725,-0.05249326303601265,-0.18484221398830414,-0.2540637254714966,
-0.0822244703769684,-0.03709414601325989,0.23023262023925783,-0.0648103877902031,-0.15841034054756165,-0.2108539342880249,
-0.14300297498703005,-0.042320764064788824,0.20543417930603028,-0.04949720576405525,-0.08816947788000107,-0.1867523342370987,
-0.1383424997329712,-0.042427501082420355,0.26476776599884033,-0.01933690719306469,0.009834854863584042,-0.16118597984313965,
-0.16310273408889772,-0.059344309568405154,0.2647427797317505,-0.0057547856122255325,0.028543561697006226,-0.1392149031162262,
-0.19091094732284547,-0.04718906581401825,0.2501680850982666,0.042315274477005005,-0.032842300832271576,-0.12203750759363174,
-0.25687799453735355,-0.04686049520969391,0.31421899795532227,0.10503271222114563,-0.09848922491073608,-0.06730955094099045,
-0.2969408988952637,-0.060576969385147096,0.28141102790832523,0.10177034139633179,-0.059673652052879333,0.0012668492272496223,
-0.3110642671585083,-0.07397148013114929,0.22852933406829834,0.11548562347888947,-0.0004183149430900812,0.04161374270915985,
-0.23066837787628175,-0.09108330607414246,0.2416461229324341,0.1247401088476181,0.08540204912424088,0.06644771993160248,
-0.19602701663970948,-0.10665254592895508,0.20122218132019043,0.11635114997625351,0.08413705229759216,0.0768340453505516,
-0.18310236930847168,-0.13152261972427368,0.21062295436859133,0.1549004167318344,0.005374060478061438,0.07210693508386612,
-0.10496499538421632,-0.12330031394958496,0.24408690929412843,0.22660602629184723,-0.0038138453382998705,0.045541904866695404,
-0.14806723594665527,-0.09701431393623353,0.1387205481529236,0.2131570726633072,0.11529603600502014,0.09234695881605148,
-0.18120398521423342,-0.07948825359344483,0.052167880535125735,0.15882857143878937,0.22235512733459473,0.16451862454414368,
-0.13717070817947388,-0.04946914315223694,0.050990551710128784,0.129600390791893,0.28387415409088135,0.19028469920158386,
0.06352226138114929,-0.016607296466827393,0.01889660954475403,0.10410060733556747,0.3780168890953064,0.20719577372074127,
0.12029174566268921,-0.013186441361904146,0.05524857640266419,0.1271369606256485,0.3051128685474396,0.21498551964759827,
0.2318584680557251,0.02695713043212891,0.09706972241401673,0.19777731597423553,0.1697576940059662,0.17031100392341614,
0.48995518684387207,0.11158201694488526,-0.09014539122581483,0.21002784371376038,0.18260744214057922,0.09587565064430237,
0.5127187252044678,0.1493467926979065,-0.23142452239990235,0.12154431641101837,0.2829420268535614,0.06271929293870926,
0.515144157409668,0.16671371459960938,-0.23248667716979982,0.061756350100040436,0.2336069792509079,0.003264220431447029,
0.5198825836181641,0.15807961225509645,-0.004668866097927093,0.11255614459514618,0.08293862640857697,-0.08248956501483917,
0.5057519912719727,0.1674818992614746,-0.03673079907894135,0.18086624145507812,-0.001616737456060946,-0.18042732775211334,
0.46540598869323735,0.13655151128768922,-0.15206041336059573,0.11548562347888947,-0.001084105228073895,-0.2547960877418518,
0.38284380435943605,0.06893258094787598,-0.20325682163238526,0.056030552834272385,-0.010738064534962177,-0.2944771945476532,
0.22817153930664064,-0.04690381586551667,-0.05346287488937378,0.06721583008766174,-0.03743625432252884,-0.3389520049095154,
0.13606315851211548,-0.0649272084236145,-0.029729419946670534,0.08232926577329636,-0.022389395162463188,-0.3384193480014801,
0.06322556138038636,-0.09086831212043762,-0.07155001163482666,0.05283476039767265,0.006905378308147192,-0.34301331639289856,
-0.07612422108650208,-0.10938390493392945,-0.005044149979948998,0.059758979827165604,-0.03643757104873657,-0.37250781059265137,
-0.17519429922103882,-0.15150301456451418,0.022674097120761873,0.0877884179353714,-0.11486759036779404,-0.36917948722839355,
-0.25820479393005374,-0.16139082908630373,0.01523522436618805,0.09511211514472961,-0.13184525072574615,-0.3219083845615387,
-0.351252818107605,-0.14312331676483156,-0.018856003880500793,0.0697455033659935,-0.08843571692705154,-0.25792595744132996,
-0.39510834217071533,-0.11301178932189943,-0.12119110822677613,-0.029324088245630264,0.02128652110695839,-0.1721721589565277,
-0.3900164842605591,-0.10206960439682007,-0.06849658489227295,-0.07133545726537704,0.052978139370679855,-0.1185760498046875,
-0.3697515964508057,-0.11099560260772706,0.08266415596008302,-0.024330660700798035,0.003842815523967147,-0.07936099171638489,
-0.36156325340271,-0.10626225471496582,0.08810261487960816,0.022141501307487488,-0.010737990960478783,-0.047935694456100464,
-0.3682541370391846,-0.10457589626312257,0.06205909252166748,0.0309299323707819,-0.0034808774944394827,-0.014313286170363426,
-0.3573425531387329,-0.12610658407211303,0.03492083251476288,0.0273346658796072,0.0029772883281111717,0.016579383984208107,
-0.3545979976654053,-0.1292312979698181,0.01885717958211899,0.012554120272397995,0.0026443933602422476,0.06611418724060059,
-0.331029486656189,-0.12332029342651368,0.016019850969314575,0.01282043568789959,0.019222570583224297,0.09427711367607117,
-0.306413745880127,-0.11235613822937013,0.008204271644353866,0.012088066898286343,0.03260495886206627,0.1143174022436142,
-0.3211787462234497,-0.09402490854263307,-0.01135629266500473,-0.004356952849775553,0.028543634340167046,0.14354558289051056,
-0.3238551616668701,-0.10079345703125,-0.012804760038852692,-0.010415645316243172,0.008769663982093334,0.1709095686674118,
-0.31798503398895267,-0.11521847248077394,-0.003389864042401314,-0.010815119370818138,0.01622651517391205,0.20007118582725525,
-0.3166721343994141,-0.12545320987701417,-0.035491132736206056,-0.03924436494708061,0.07268553227186203,0.25553151965141296,
-0.30426189899444583,-0.10731391906738282,0.013118797540664674,-0.041907522827386856,0.06136709824204445,0.2937479019165039,
-0.26466186046600343,-0.1180185079574585,0.07659319639205933,0.016948336735367775,0.02062072977423668,0.3262384533882141,
-0.20941891670227053,-0.12380816936492921,0.06206226348876953,0.019411761313676834,0.0322054848074913,0.3527369201183319,
-0.0619567334651947,-0.13098838329315185,-0.11649599075317384,-0.10742155462503433,0.08267244696617126,0.36358875036239624,
-0.009417067468166352,-0.15918947458267213,0.03731740415096283,-0.11581051349639893,0.01729183830320835,0.35227030515670776,
0.03430509567260742,-0.14502800703048707,0.24632887840270998,0.029598088935017586,-0.015731360763311386,0.36485376954078674,
0.20989022254943848,0.002657574601471424,-0.006323928385972977,0.025203874334692955,0.09845167398452759,0.3682492971420288,
0.31019527912139894,0.0691040575504303,-0.05327786803245545,-0.08531731367111206,0.08913061022758484,0.31198999285697937,
0.43865652084350587,0.11903612613677979,0.046462771296501164,-0.043106209486722946,-0.008873720653355122,0.2105901688337326,
0.5762203216552735,0.16842174530029297,0.11658157110214235,-0.003624845528975129,0.018024208024144173,0.15113508701324463,
0.6318697452545167,0.21722066402435303,0.00939447581768036,-0.010083011351525784,0.03520159423351288,0.06438261270523071,
0.594013261795044,0.2117097854614258,0.07613960504531861,0.035789940506219864,-0.056411147117614746,-0.010785111226141453,
0.5578972816467286,0.21795966625213625,0.0847127377986908,0.07567077875137329,-0.14975495636463165,-0.08415520191192627,
0.4210555076599121,0.2350085258483887,-0.04477216005325318,0.03805362805724144,-0.14449520409107208,-0.1643163412809372,
0.34388833045959477,0.19787311553955078,-0.10032039880752563,-0.0337851420044899,-0.09023328870534897,-0.2041306048631668,
0.23614211082458497,0.13847364187240602,-0.0873659908771515,-0.0831867903470993,-0.05521272495388985,-0.22676748037338257,
0.09172213673591614,0.04217903017997742,0.09789641499519348,-0.049231477081775665,-0.04662403091788292,-0.23735354840755463,
-0.014264336228370667,0.014531327784061432,0.17040092945098878,0.035989679396152496,-0.0880361795425415,-0.2232387810945511,
-0.07854255437850953,-0.0028401369228959086,0.16346497535705568,0.07760156691074371,-0.10747726261615753,-0.21518272161483765,
-0.17401134967803955,-0.026965022087097168,0.046931296586990356,0.062155235558748245,-0.0645337849855423,-0.1776321530342102,
-0.19832025766372682,-0.03088057637214661,0.001594194956123829,0.01082280371338129,-0.007675298023968935,-0.14467553794384003,
-0.20627095699310305,-0.053527730703353885,0.029278916120529175,0.018878865987062454,-0.000950816145632416,-0.11431549489498138,
-0.23481643199920654,-0.07054210901260376,0.10906386375427246,0.04890600964426994,-0.013600831851363182,-0.0976041704416275,
-0.23108344078063967,-0.073782616853714,0.11393630504608154,0.0835292637348175,-0.04163108393549919,-0.10079571604728699,
-0.25132730007171633,-0.08618227243423462,0.10482603311538696,0.10004086047410965,-0.06773006170988083,-0.08395121991634369,
-0.2856715440750122,-0.07962324023246765,0.09290159940719606,0.09258400648832321,-0.04842214658856392,-0.04580143839120865,
-0.29252889156341555,-0.09692949652671815,0.019854649901390076,0.058495547622442245,0.02614636905491352,0.011456526815891266,
-0.2909071922302246,-0.09840010404586792,0.05676067471504212,0.06202423572540283,0.06442930549383163,0.04607762023806572,
-0.28352568149566654,-0.09979971647262574,0.10536530017852784,0.09811006486415863,0.060035090893507004,0.07643765956163406,
-0.2827198028564453,-0.0804284393787384,0.11982595920562744,0.13512800633907318,0.06682614982128143,0.09947400540113449,
-0.252258038520813,-0.04490275084972382,0.023014830052852632,0.13093352317810059,0.09445644915103912,0.14421510696411133,
-0.23345484733581545,-0.03674633204936981,0.007670801132917404,0.13792432844638824,0.09565487504005432,0.1722448766231537,
-0.18755820989608765,-0.019870395958423617,0.03530711531639099,0.16928304731845856,0.08913012593984604,0.17943540215492249,
-0.1230290174484253,-0.02251296788454056,0.055101364850997925,0.17893700301647186,0.0925256609916687,0.19075384736061096,
-0.024498045444488525,-0.016508959233760834,0.00718839094042778,0.18486253917217255,0.1141638457775116,0.20140650868415833,
0.03903781771659851,-0.010661950707435608,-0.012542961537837983,0.16029487550258636,0.12648096680641174,0.18303069472312927,
0.07330964803695679,0.013832297921180726,-0.07546731233596803,0.11582008749246597,0.15943758189678192,0.18176567554473877,
0.1670141339302063,0.032978597283363345,-0.000320059503428638,0.1652883142232895,0.07248537242412567,0.13516035676002502,
0.23605093955993653,0.016352804005146028,0.08509031534194947,0.23765970766544342,0.014561616815626621,0.10153795033693314,
0.30716867446899415,0.0325783371925354,0.042107808589935306,0.2628931701183319,0.04225848987698555,0.05633079260587692,
0.4404137134552002,0.06645825505256653,-0.17063096761703492,0.21382442116737366,0.16975733637809753,-0.0060537573881447315,
0.43946638107299807,0.09401277899742128,-0.23377463817596436,0.14398302137851715,0.21563027799129486,-0.0503288097679615,
0.3963177680969239,0.08923407793045045,-0.2218414306640625,0.12953242659568787,0.20231513679027557,-0.059921976178884506,
0.35841629505157474,0.04728269279003144,-0.10768004655838014,0.17933353781700134,0.07801208645105362,-0.15659472346305847,
0.2774932622909546,0.0323861688375473,-0.12252423763275147,0.20097172260284424,0.02488202042877674,-0.20985795557498932,
0.19503060579299927,0.026470863819122316,-0.214072322845459,0.14517849683761597,0.0387970395386219,-0.21897928416728973,
0.1102326512336731,0.003572925552725792,-0.2938283443450928,0.08445842564105988,0.0616336464881897,-0.21045716106891632,
0.01235857903957367,0.003901416808366776,-0.31224844455719,0.0028325351886451244,0.08726657181978226,-0.21838006377220154,
-0.020594216883182526,-0.005296856909990311,-0.27770414352416994,-0.014211696572601795,0.053977057337760925,-0.23236165940761566,
-0.08483717441558838,-0.021341833472251895,-0.20225253105163576,0.015482550486922264,0.0004475181340239942,-0.21957848966121674,
-0.19729446172714235,-0.0433916062116623,-0.2267532825469971,-0.008485900238156319,-0.033774103969335556,-0.16917817294597626,
-0.20615224838256838,-0.04772076904773712,-0.3226018905639649,-0.11194971203804016,0.01323069166392088,-0.13548918068408966,
-0.20439643859863282,-0.06877906322479248,-0.33051347732543945,-0.16547925770282745,0.0465867854654789,-0.11897757649421692,
