0.4744631290435791,-0.06284676194190979,0.14507730007171632,-0.4789196848869324,0.07361961156129837,0.7923240065574646,
0.8706248283386231,-0.1062050461769104,0.16001874208450317,-0.4777878224849701,-0.1247858926653862,0.5805361270904541,
2.728483581542969,-0.2885371446609497,0.622417163848877,-0.38664114475250244,-0.38391146063804626,-0.18472319841384888,
3.1725997924804688,-0.16281592845916748,0.5974889755249023,-0.3953630030155182,0.1352052092552185,-0.3118225634098053,
2.698883628845215,0.06523902416229248,0.5287295818328858,-0.18464034795761108,0.1736878901720047,-0.44025349617004395,
1.7703752517700195,-0.05302056670188904,0.9624738693237305,0.00590882170945406,-0.18543939292430878,-0.6427203416824341,
1.4261948585510256,-0.10179781913757324,0.6556210041046143,-0.001281713368371129,-0.32838454842567444,-0.7367299199104309,
1.0056925773620606,-0.08036339282989502,0.27417631149291993,-0.09622340649366379,-0.0952913835644722,-0.5634913444519043,
0.6841283798217774,-0.07697230577468872,0.09944872856140137,-0.08011128753423691,-0.05581001564860344,-0.44338271021842957,
0.5171089172363281,-0.037308454513549805,0.3192466259002686,0.017027519643306732,-0.16293567419052124,-0.4274037480354309,
0.534662389755249,-0.005383881181478501,0.3320046424865723,-0.005209876224398613,-0.11120376735925674,-0.4100266396999359,
0.5158340930938721,0.004841441288590431,0.20831916332244874,0.009237772785127163,-0.004211267456412315,-0.2650175094604492,
0.2923710107803345,0.09223340749740601,0.26839494705200195,0.07528416812419891,0.10284780710935593,-0.0873846635222435,
0.3384119033813477,0.11745113134384155,0.24008421897888185,0.08433891832828522,0.1176949292421341,-0.043841972947120667,
0.37926175594329836,0.15735218524932862,0.19089864492416384,0.08107654005289078,0.038931943476200104,-0.05302987992763519,
0.32020599842071534,0.13705500364303588,0.17880550622940064,0.10198235511779785,-0.015596281737089157,0.046372607350349426,
0.19550528526306155,0.13353312015533447,0.18062641620635989,0.09059734642505646,0.08074356615543365,0.1726064532995224,
0.15673726797103882,0.11476421356201172,0.12131093740463257,0.07288732379674911,0.13607074320316315,0.31981268525123596,
0.11493697166442872,-0.04564190208911896,0.1545333743095398,0.07528416812419891,0.13347415626049042,0.6487130522727966,
0.25089962482452394,-0.03976651430130005,0.09078378081321717,0.04179491847753525,0.31909650564193726,0.8352674841880798,
0.7913780212402344,0.04082448482513428,0.25501575469970705,0.17874875664710999,-0.07032442092895508,0.7470518350601196,
2.994989585876465,0.025258320569992068,0.31525754928588867,0.21836328506469727,-0.13390737771987915,0.17480508983135223,
3.4178977966308595,0.011515227705240251,0.11388123035430908,0.18201112747192383,0.12601713836193085,-0.1845885068178177,
2.7541446685791016,0.28985841274261476,0.06137298345565796,0.2774188816547394,0.02847886085510254,-0.35509738326072693,
1.876467514038086,0.2021103620529175,0.06871309280395509,0.2378709316253662,-0.10434629768133163,-0.535193681716919,
1.4069499015808107,0.09199507832527161,-0.18876264095306397,0.05804098770022392,-0.11479920893907547,-0.5617586970329285,
1.0037516593933107,-0.03606742918491364,-0.2585115909576416,-0.024983063340187073,-0.16639794409275055,-0.5001730918884277,
0.678280258178711,-0.056996846199035646,-0.07070913910865784,0.0032464456744492054,-0.20261694490909576,-0.4507048726081848,
0.432647705078125,-0.0033079016953706745,0.25965845584869385,0.08700286597013474,-0.21287010610103607,-0.35889238119125366,
0.3335471868515015,0.008692339062690735,0.24548115730285647,0.09046497941017151,-0.16466689109802246,-0.24257883429527283,
0.29787936210632326,0.0489383727312088,0.15221910476684572,0.11043868213891983,-0.09482549875974655,-0.15263056755065918,
0.33250463008880615,0.08144984841346742,0.13886510133743288,0.12788237631320953,-0.08357364684343338,-0.12193763256072998,
0.41111598014831546,0.14981993436813354,0.1009900450706482,0.1120365783572197,-0.05534413456916809,-0.12120526283979416,
0.39481587409973146,0.18165130615234376,0.04245017766952515,0.06676284223794937,-0.05394597724080086,-0.07113783061504364,
0.3258427619934082,0.17510334253311158,-0.008659358322620393,0.04339360073208809,0.01662779413163662,-0.03565121069550514,
0.22906038761138917,0.16531641483306886,-0.05081308484077454,-0.0037443523760885,0.13993215560913086,0.04517573118209839,
0.11298599243164063,0.12110040187835694,-0.07373504042625427,-0.08943156152963638,0.1276150345802307,0.2293333262205124,
0.00926349088549614,0.06186472773551941,-0.04934619665145874,-0.16553139686584473,0.06602942943572998,0.3768058717250824,
0.0892134726047516,-0.10234872102737427,0.010638328641653061,-0.1960911750793457,0.0727539137005806,0.4654225707054138,
0.1262516260147095,-0.1886910438537598,0.04825149476528168,-0.18750450015068054,0.18853530287742615,0.7644249796867371,
0.05499011874198914,-0.2225975275039673,0.09545900821685792,-0.16606605052947998,0.308577299118042,1.0927927494049072,
0.19395880699157717,-0.27005274295806886,0.15750157833099365,-0.05361407250165939,0.33840468525886536,1.0802758932113647,
2.005584144592285,-0.37910907268524174,0.38469026088714603,-0.04063116014003754,-0.22718416154384613,0.42800116539001465,
3.1304872512817385,-0.46629080772399906,0.19991074800491335,-0.16007393598556519,0.12535180151462555,0.06228255853056908,
3.2097332000732424,-0.20119388103485109,-0.027818605303764343,-0.025784039869904518,0.31117385625839233,-0.08432447165250778,
2.7150466918945315,0.10555847883224488,0.3073695421218872,0.1472548544406891,-0.02491706982254982,-0.3304005563259125,
2.074112129211426,0.1432601809501648,0.5000655174255372,0.15005117654800415,-0.28797081112861633,-0.5940535068511963,
1.5702619552612305,0.07139326333999634,0.16305418014526368,0.0732855498790741,-0.18870148062705994,-0.5833343267440796,
1.2011041641235352,-0.03799410462379456,0.04782679378986359,0.10664165019989014,-0.16479960083961487,-0.48845916986465454,
0.612814474105835,-0.04245997965335846,0.15159201622009277,0.09325926005840302,-0.26093971729278564,-0.3965801000595093,
0.5054440021514893,-0.018330757319927216,0.1355185866355896,0.14106300473213196,-0.5115432143211365,-0.38785824179649353,
0.47406768798828125,0.015277156233787538,0.2440030336380005,0.18806779384613037,-0.4833136796951294,-0.32653898000717163,
0.34144253730773927,0.04802923500537873,0.06459048390388489,0.1436595916748047,-0.17798225581645966,-0.13765425980091095,
0.30096158981323246,0.03985360264778137,-0.04499541223049164,0.18600384891033173,-0.07811371237039566,0.0004972163587808609,
0.3128325700759888,0.06078629493713379,0.055138987302780156,0.26789605617523193,-0.26693183183670044,0.04237542673945427,
0.3460128784179688,0.05709013342857361,0.09417532682418824,0.2569771111011505,-0.3014863431453705,0.029059618711471558,
0.4265190601348877,0.057756698131561285,-0.12213869094848634,0.1990533322095871,-0.10494505614042282,0.08445336669683456,
0.3811807632446289,0.027403470873832703,-0.16690963506698608,0.20884045958518982,0.08547096699476242,0.22173933684825897,
0.31852054595947266,-0.015541492402553559,-0.11044286489486695,0.239800825715065,0.23906852304935455,0.3573629856109619,
0.4548721790313721,-0.09122117161750794,-0.0004307462833821774,0.2446610927581787,0.49419939517974854,0.4018377661705017,
0.6421285629272462,-0.06544257998466492,-0.023870947957038882,0.21536631882190704,0.8308895230293274,0.4802013039588928,
0.7486230850219727,-0.0984764039516449,-0.1141169309616089,0.2639024257659912,0.6244945526123047,0.5248092412948608,
0.9797984123229981,-0.21917526721954347,-0.05826499462127686,0.16017229855060577,0.2694285809993744,0.2254699319601059,
2.594341087341309,-0.15122374296188357,-0.6529308795928955,-0.10414644330739975,0.4185656011104584,-0.1625526398420334,
2.627326011657715,-0.06554860472679139,-0.5728675842285157,0.025682661682367325,0.4862764775753021,-0.2655504047870636,
2.201939392089844,0.012818504869937897,-0.1623533606529236,0.055842962116003036,0.3176318109035492,-0.37613818049430847,
1.827621650695801,0.09820464253425598,-0.13176873922348023,0.031408458948135376,0.15524552762508392,-0.4563658833503723,
1.2178533554077149,0.05772185921669007,-0.12389216423034669,-0.021987922489643097,0.05424514785408974,-0.4748748540878296,
0.9128551483154297,0.03962166011333466,-0.08271744847297668,-0.08204220235347748,0.11037126928567886,-0.3951131999492645,
0.665599250793457,0.04247251749038697,-0.032319200038909916,-0.08830063045024872,0.08034412562847137,-0.313154399394989,
0.391163444519043,0.012863035500049592,0.23195579051971438,-0.05647585913538933,-0.06246788799762726,-0.2613559365272522,
0.35134923458099365,-0.002226751856505871,0.2780291080474854,-0.0677277147769928,-0.14602456986904144,-0.22680141031742096,
0.3372555255889893,-0.007775270193815232,0.26629655361175536,-0.09469221532344818,-0.1120692640542984,-0.15862448513507843,
0.28877835273742675,-0.002894629538059235,0.2157521724700928,-0.09675616770982742,-0.045956287533044815,-0.06614620238542557,
0.2648638725280762,0.014257857203483583,0.22868857383728028,-0.09655643254518509,0.034804072231054306,0.04743761569261551,
0.26456465721130373,0.0199310839176178,0.21208200454711915,-0.15894098579883575,0.07854649424552917,0.10742532461881638,
0.26847801208496097,0.020831292867660525,0.14629288911819457,-0.21846263110637665,0.07701517641544342,0.15236616134643555,
0.18707252740859986,-0.03539106845855713,0.05543854832649231,-0.28510966897010803,0.022220956161618233,0.27706584334373474,
0.06572670340538025,-0.06432439684867859,-0.007964653521776199,-0.3100768029689789,-0.13217580318450928,0.5210114121437073,
0.033999085426330566,-0.06832595467567444,0.08198202252388001,-0.3265218138694763,-0.06559678167104721,0.7401896119117737,
0.20297441482543946,-0.09761041402816772,0.10739567279815675,-0.41939955949783325,0.13200977444648743,0.6937174201011658,
