-0.2555663824081421,-0.2143876314163208,-0.18336935043334962,-0.2361748069524765,-0.16945990920066833,0.14184243977069855,
-0.257895565032959,-0.2066129446029663,-0.12260444164276124,-0.1952952891588211,-0.25681158900260925,0.15941929817199707,
-0.2009828329086304,-0.13706777095794678,-0.030427116155624392,-0.19476266205310822,-0.24915501475334167,0.235519140958786,
-0.16989487409591675,-0.10852851867675782,-0.10881969928741456,-0.23577533662319183,-0.11613010615110397,0.28978103399276733,
-0.037261012196540835,-0.09421474933624269,-0.11505895853042603,-0.22206005454063416,-0.08843322843313217,0.31394922733306885,
0.22582919597625734,0.0031978614628314973,0.04607970416545868,-0.17332421243190765,-0.21286943554878235,0.2518309950828552,
0.41151003837585454,0.0457819938659668,0.04780025780200958,-0.20175345242023468,-0.2777174115180969,0.13591690361499786,
0.5654071807861328,0.06920979619026184,-0.0414194792509079,-0.26493698358535767,-0.1566767394542694,0.05415785312652588,
0.5904983520507813,0.10234177112579346,-0.018085673451423645,-0.27019670605659485,-0.073586106300354,-0.011755382642149925,
0.5408475399017334,0.10679391622543336,0.12915713787078859,-0.22305874526500702,-0.1506180465221405,-0.10549865663051605,
0.5225064277648926,0.13242840766906738,0.20539798736572268,-0.21174031496047974,-0.18057860434055328,-0.19018717110157013,
0.43846931457519533,0.1342265009880066,0.20585975646972657,-0.20954319834709167,-0.14915330708026886,-0.2194819450378418,
0.19432102441787721,0.059654039144515995,0.24065556526184084,-0.18730580806732178,-0.10434561222791672,-0.22886958718299866,
0.10365469455718995,0.005039051920175553,0.29386415481567385,-0.11067367345094681,-0.10714185982942581,-0.2361273467540741,
0.04877142608165741,-0.03466809988021851,0.3576990604400635,-0.05121860280632973,-0.09822027385234833,-0.2367265522480011,
-0.07922244668006898,-0.0792334794998169,0.3178442001342774,-0.0005519612459465861,-0.03636835888028145,-0.2031041383743286,
-0.1420254111289978,-0.09876790642738342,0.2783245086669922,0.037198349833488464,0.008173014037311077,-0.16675201058387756,
-0.18146140575408937,-0.11924607753753663,0.2694203853607178,0.058570217341184616,0.037068311125040054,-0.13133195042610168,
-0.26486949920654296,-0.1564866065979004,0.2101461172103882,0.0746823400259018,0.03626936301589012,-0.0935150682926178,
-0.2852299213409424,-0.18631097078323366,0.21669571399688722,0.12261924147605896,0.015496707521378994,-0.06515240669250488,
-0.3138943672180176,-0.20508787631988526,0.22442865371704102,0.15324559807777405,0.02867935597896576,-0.0037665413692593575,
-0.40386304855346683,-0.21941215991973878,0.11672836542129517,0.15510980784893036,0.07255493849515915,0.07339855283498764,
-0.4121100425720215,-0.20664496421813966,0.10666192770004274,0.14911769330501556,0.1149657815694809,0.14323994517326355,
-0.3831013679504395,-0.19389078617095948,0.11942555904388429,0.17681457102298737,0.12062499672174454,0.1995657980442047,
-0.37088220119476323,-0.17037553787231446,0.13492884635925292,0.18866564333438873,0.15251635015010834,0.255359023809433,
-0.23502094745635987,-0.08995115160942078,0.03431654274463654,0.16269981861114502,0.24712514877319336,0.30023330450057983,
-0.0938740909099579,-0.042532590031623844,-0.030261126160621644,0.14479005336761475,0.2437961846590042,0.32919517159461975,
0.06594989895820617,0.0006564812734723091,-0.06560930013656617,0.1914619505405426,0.10651024430990219,0.26061877608299255,
0.7352354526519775,0.07015953063964844,-0.1469660758972168,0.18234063684940338,-0.027113869786262512,0.09570252895355225,
1.020283317565918,0.17420215606689454,-0.28825197219848636,0.10943659394979477,0.0891331136226654,-0.09284928441047668,
1.141897487640381,0.24710733890533448,-0.3419649600982666,0.060367852449417114,0.15611161291599274,-0.2193494439125061,
0.7069288730621338,0.21681823730468752,-0.25735173225402835,0.02807702124118805,0.04059699922800064,-0.33093589544296265,
0.5459897518157959,0.13785099983215332,-0.16148645877838136,0.04385553300380707,-0.06446454674005508,-0.40903449058532715,
0.4146727561950684,0.034725242853164674,-0.09913695454597474,0.04731764271855354,-0.047686632722616196,-0.4318045377731323,
0.12739617824554444,-0.13055081367492677,-0.11759680509567261,0.03626552224159241,-0.0013476269086822867,-0.4015110731124878,
0.004404683783650398,-0.17576099634170533,-0.08688963055610657,0.036664996296167374,-0.0018802591366693377,-0.39085841178894043,
-0.08325368165969849,-0.1934063196182251,-0.06204237937927246,0.025546297430992126,0.007307646796107292,-0.3853989541530609,
-0.2581037521362305,-0.2555975914001465,-0.0669484555721283,-0.0011518921237438917,0.003579221200197935,-0.31469202041625977,
-0.34267416000366213,-0.29425926208496095,-0.0410179078578949,0.02015339583158493,-0.0026792073622345924,-0.2559027373790741,
-0.3796700477600098,-0.30666275024414064,-0.0018182145431637764,0.027210773900151253,0.004644485656172037,-0.19225317239761353,
-0.4868322372436524,-0.3023158311843872,-0.02143976390361786,0.006771012209355831,0.0347382053732872,-0.08266410231590271,
-0.5146580696105957,-0.31167159080505374,-0.03426095247268677,-0.007876373827457428,0.034871362149715424,-0.03339562565088272,
-0.5375486373901367,-0.3227046251296997,-0.02237578630447388,-0.008209269493818283,-0.017459750175476074,0.06594028323888779,
-0.5676442623138428,-0.32879090309143066,-0.005083045735955239,0.003042586613446474,-0.0470874197781086,0.13431695103645325,
-0.54543776512146,-0.3310283660888672,-0.006695385277271271,-0.0019508404657244682,-0.016394486650824547,0.2339191883802414,
-0.5311721801757813,-0.30695948600769046,-0.008572135120630264,-0.012004273943603039,0.06949245929718018,0.3084876835346222,
-0.6192337512969971,-0.34270920753479006,-0.15523381233215333,-0.09123332053422928,0.10437986999750137,0.5146163105964661,
-0.6196823596954346,-0.3381844997406006,-0.1874239206314087,-0.1214601993560791,0.029877938330173492,0.5316605567932129,
-0.3596897602081299,-0.27373661994934084,-0.11253077983856202,-0.11094070971012115,0.0015818503452464938,0.5048292279243469,
0.14571897983551027,-0.1699047923088074,-0.04103935658931732,-0.1030188500881195,0.040397658944129944,0.49031296372413635,
0.3481503248214722,-0.12195663452148438,-0.04102254509925843,-0.09522910416126251,0.013433150015771389,0.43738263845443726,
0.8220439910888673,0.092623370885849,-0.0006811872124671937,-0.07612092047929764,-0.11200173944234848,0.2030244618654251,
0.9695101737976075,0.2145388126373291,0.03393877148628235,-0.04955589026212692,-0.12485149502754211,0.07186376303434372,
0.9092320442199707,0.31062769889831543,0.015840956568717958,0.003174697747454047,-0.07624880224466324,-0.07014930248260498,
0.8410813331604005,0.2953713893890381,0.030155503749847413,0.0282084122300148,-0.08796671032905579,-0.1773415356874466,
0.6885397434234619,0.24587168693542483,0.02144477963447571,0.021750247105956078,-0.1145317479968071,-0.2309376448392868,
0.3161647319793701,0.1245545744895935,0.01642041951417923,-0.0026176776736974716,-0.15940600633621216,-0.2922569513320923,
0.16552982330322266,0.05455562472343445,0.058728694915771484,0.005971016827970743,-0.16852733492851257,-0.2985153794288635,
0.03150737881660461,-0.025554195046424866,0.10750122070312501,0.032935526221990585,-0.16593074798583984,-0.2832687795162201,
-0.18565881252288818,-0.12391809225082398,0.18448945283889773,0.10237745195627213,-0.13297413289546967,-0.22474579513072968,
-0.25951757431030276,-0.1553586006164551,0.21341986656188966,0.11036693304777145,-0.08377223461866379,-0.16316020488739014,
-0.38228845596313477,-0.1989532470703125,0.11998692750930787,0.09232401847839355,0.00038366077933460474,-0.06562192738056183,
-0.3922626495361328,-0.21579394340515137,0.12992749214172364,0.1257466822862625,0.017228156328201294,0.002821311354637146,
-0.4004805088043213,-0.2329171657562256,0.1697470784187317,0.13380274176597595,0.04678924381732941,0.040904514491558075,
-0.37127237319946294,-0.2133882761001587,0.07203668355941772,0.09811639040708542,0.09758903831243515,0.11740381270647049,
-0.3767629384994507,-0.1997869372367859,0.06696836948394776,0.10324297845363617,0.10118430852890015,0.16334335505962372,
-0.3030291795730591,-0.16207932233810426,0.17488056421279907,0.16682595014572144,0.19319653511047363,0.22013527154922485,
-0.21043841838836672,-0.12171868085861207,0.17863800525665285,0.17521503567695618,0.3251561224460602,0.245102658867836,
-0.08442283272743226,-0.09192196130752564,0.11569089889526368,0.1885974258184433,0.2692963182926178,0.2703360915184021,
0.1822818160057068,-0.0799942970275879,0.14831860065460206,0.277879923582077,0.09266216307878494,0.16660597920417786,
0.4390169143676758,-0.00794881209731102,0.05884671807289124,0.23420405387878418,0.27855080366134644,0.11487407982349396,
0.6799399375915528,0.11675300598144532,-0.3328784465789795,0.15930265188217163,0.38993752002716064,0.012741844169795513,
0.6961826324462891,0.16430453062057496,-0.33998458385467534,0.1597021222114563,0.21656574308872223,-0.12700754404067993,
0.6277590274810791,0.14601179361343383,-0.30723347663879397,0.1224178671836853,0.10830823332071304,-0.2506448030471802,
0.48839726448059084,0.10761055946350098,-0.3854170560836792,0.07681123167276382,0.14339539408683777,-0.23666319251060486,
0.22227437496185304,0.0049123246222734455,-0.4037768840789795,0.044387247413396835,0.09326137602329254,-0.277742475271225,
0.15369577407836915,-0.041384974122047426,-0.3363795280456543,0.018621163442730904,0.01622944138944149,-0.29565224051475525,
-0.06668107509613037,-0.13356314897537233,-0.3044502973556519,-0.05601392686367035,-0.010335591621696949,-0.25457295775413513,
-0.15351978540420533,-0.1541427493095398,-0.30192141532897954,-0.0816468596458435,0.02235471084713936,-0.20603683590888977,
-0.258465051651001,-0.19416959285736085,-0.22480995655059816,-0.07332447916269302,-0.008005325682461262,-0.16122914850711823,
-0.2588334083557129,-0.20025131702423096,-0.1877669930458069,-0.09955661743879318,-0.044290896505117416,-0.13925807178020477,
-0.2963887691497803,-0.22741196155548096,-0.24381253719329835,-0.1700638085603714,-0.08403857797384262,-0.06981614977121353,
-0.30345189571380615,-0.23829948902130127,-0.2516281366348267,-0.18610934913158417,-0.0803101509809494,-0.023810043931007385,
-0.3374286890029907,-0.22085947990417482,-0.16887491941452026,-0.19030383229255676,-0.06606224179267883,0.05868137255311012,
-0.3473093509674072,-0.21718783378601075,-0.18502252101898195,-0.20568358898162842,-0.08297331631183624,0.10408827662467957,
-0.3506365776062012,-0.21062240600585938,-0.20631136894226076,-0.23011691868305206,-0.22864848375320435,0.13757982850074768,
-0.3153777599334717,-0.18157809972763062,-0.1703981876373291,-0.2375737577676773,-0.41220685839653015,0.1767948865890503,
-0.2986207962036133,-0.15322865247726442,-0.1691905498504639,-0.25961142778396606,-0.2944951355457306,0.2840536832809448,
-0.2717667579650879,-0.14298273324966432,-0.19031614065170288,-0.2743254005908966,-0.12758152186870575,0.3554264008998871,
-0.002936409041285515,-0.1403708815574646,-0.12649832963943483,-0.2935667335987091,-0.27065983414649963,0.29563844203948975,
