0.5340810775756836,0.022628901898860933,-0.007505385577678681,-0.3059616684913635,-0.028647370636463165,0.007321556098759174,
0.4662606239318848,0.02305073142051697,0.3901471853256226,-0.16834279894828796,-0.2303818315267563,-0.06485011428594589,
0.40344738960266113,0.06529883146286011,0.3385351657867432,-0.12073879688978195,-0.2022188901901245,-0.10406515747308731,
0.36210834980010986,0.09100967049598695,0.17388840913772585,-0.15982067584991455,-0.07611821591854095,-0.1298978179693222,
0.35417227745056157,0.06313402056694031,0.13085397481918334,-0.1541614681482315,-0.0836416482925415,-0.16611681878566742,
0.32924556732177734,0.02932182848453522,0.21592493057250978,-0.08085795491933823,-0.1335093379020691,-0.21618424355983734,
0.24915609359741211,0.016397711634635926,0.281281852722168,-0.06534504145383835,-0.11806300282478333,-0.26432088017463684,
0.14458799362182617,0.019303424656391146,0.18872387409210206,-0.07446637004613876,-0.05601135268807411,-0.2736419439315796,
0.0098892480134964,-0.002479228191077709,0.23789284229278565,-0.033320531249046326,-0.061137937009334564,-0.26205721497535706,
-0.06988950967788697,-0.018497493863105775,0.20675194263458252,-0.01800735667347908,-0.09076560288667679,-0.2502727210521698,
-0.11525148153305054,-0.028676679730415346,0.1839119791984558,-0.015144456177949905,-0.09902140498161316,-0.23848821222782135,
-0.2059978485107422,-0.046587541699409485,0.1658212423324585,-0.01987156830728054,-0.06406740844249725,-0.1839599907398224,
-0.24108648300170898,-0.04607320129871369,0.18217782974243166,-0.01614314317703247,-0.01646340824663639,-0.14654257893562317,
-0.278171181678772,-0.0566909670829773,0.20265059471130373,-0.0018931363010779023,0.027078809216618538,-0.09467340260744095,
-0.3424536466598511,-0.08080854415893556,0.24632074832916262,0.04291455075144768,0.02028774842619896,-0.03967912495136261,
-0.34011335372924806,-0.08508490920066834,0.2790276050567627,0.10250277817249298,-0.016863349825143814,-0.0007303934544324875,
-0.3428210496902466,-0.09345712661743165,0.2776573419570923,0.12986676394939423,-0.013401240110397339,0.034423332661390305,
-0.3294001817703247,-0.0984289586544037,0.17516441345214845,0.108628049492836,0.033070921897888184,0.07516969740390778,
-0.32938494682312014,-0.10045675039291382,0.16883975267410278,0.12620490789413452,0.06522858887910843,0.1264355480670929,
-0.32133719921112064,-0.09904467463493348,0.21292243003845215,0.17440812289714813,0.08546862006187439,0.17550429701805115,
-0.30287814140319824,-0.10008853673934937,0.2051020383834839,0.20097316801548004,0.10104811191558838,0.2179817110300064,
-0.2210596799850464,-0.09989915490150453,0.1193772315979004,0.19751104712486267,0.1481860727071762,0.246144637465477,
-0.17092783451080323,-0.07643681764602661,0.04548167586326599,0.17320971190929413,0.1613687127828598,0.26152437925338745,
-0.10398304462432861,-0.0665569543838501,-0.0009988383390009403,0.17014707624912262,0.15464423596858978,0.27710390090942383,
0.06687652468681336,-0.05274838209152222,-0.06374768614768982,0.13912124931812286,0.16063635051250458,0.2708454728126526,
0.1964927315711975,-0.017178529500961305,-0.06687300801277161,0.13492676615715027,0.13267315924167633,0.22297514975070953,
0.3168170213699341,0.02602280974388123,-0.06066488027572632,0.1327296644449234,0.03666618838906288,0.1528674215078354,
0.5382209300994873,0.08974016308784485,-0.07516735196113587,0.14251677691936493,0.004907992668449879,0.045808348804712296,
0.6084926128387451,0.15937854051589967,-0.14215192794799805,0.11022594571113586,0.0819399282336235,-0.011715932749211788,
0.6262688636779785,0.19877849817276003,-0.1948175668716431,0.08053170144557953,0.07068806886672974,-0.08861470967531204,
0.6363337993621827,0.1766523361206055,-0.07740281224250795,0.1068304181098938,-0.09595923870801926,-0.2448756843805313,
0.6061625003814698,0.11156305074691773,-0.08833698630332948,0.07946643233299255,-0.09409502148628235,-0.32516998052597046,
0.49250097274780275,0.07667802572250366,-0.2035294055938721,-0.008616571314632893,-0.027316490188241005,-0.3611206114292145,
0.2360191822052002,-0.0053032502532005315,-0.11399613618850708,-0.02266474813222885,-0.021524114534258842,-0.3806282579898834,
0.14353408813476562,-0.05591683387756348,-0.01686316430568695,0.012888454832136631,-0.045425985008478165,-0.39813855290412903,
0.06872727274894715,-0.08010457754135132,0.008969568461179734,0.012355822138488293,-0.047356776893138885,-0.4111880362033844,
-0.0955994725227356,-0.11589787006378174,-0.019226594269275667,0.004632655531167984,-0.05015309527516365,-0.40799224376678467,
-0.18244872093200684,-0.14038923978805543,0.02126191556453705,0.02753584086894989,-0.073322594165802,-0.3533308506011963,
-0.2811232089996338,-0.16262753009796144,0.04079592525959015,0.039120592176914215,-0.07099232822656631,-0.3004671037197113,
-0.3225183725357056,-0.16955130100250246,0.028378620743751526,0.04451349377632141,-0.04469361528754234,-0.26518023014068604,
-0.35442180633544923,-0.14680054187774658,-0.013330847024917603,0.002435547299683094,0.0076374998316168785,-0.22489993274211884,
-0.3935023069381714,-0.15022587776184082,-0.023302511870861055,-0.014808421023190022,-0.007342780940234661,-0.1669095903635025,
-0.4643378257751465,-0.17058777809143066,0.009732701629400254,-0.003356828121468425,-0.05681099742650986,-0.09740108251571655,
-0.48903646469116213,-0.19928755760192873,0.07406275272369385,0.03252926841378212,-0.09236419945955276,-0.028891265392303467,
-0.4684980869293213,-0.1854238510131836,0.05402290225028992,0.016750037670135498,-0.06320258229970932,0.016382474452257156,
-0.4575818061828614,-0.17503759860992432,0.03260143995285034,0.010691346600651741,-0.046025194227695465,0.05846042186021805,
-0.4682975769042969,-0.1682831048965454,0.05063087344169617,0.025804786011576653,-0.04256308451294899,0.10619758069515228,
-0.4802252769470215,-0.18376162052154543,0.07616818547248841,0.0438477024435997,0.005773287266492844,0.19994086027145386,
-0.46732749938964846,-0.19231550693511965,0.03249642550945282,0.012622138485312462,0.077745221555233,0.26738542318344116,
-0.4353068351745606,-0.19843374490737917,-0.003381811454892159,-0.021066850051283836,0.10763920098543167,0.3153223395347595,
-0.3994009494781494,-0.19368940591812134,0.08338605761528016,0.05243639647960663,0.01802382804453373,0.36612212657928467,
-0.3729029178619385,-0.20120863914489748,0.12671092748641968,0.08439433574676514,0.006705394014716148,0.42863982915878296,
-0.33623661994934084,-0.2005800485610962,0.02991428077220917,0.02613767981529236,0.09691997617483139,0.4873625338077545,
-0.17949788570404054,-0.17700272798538208,-0.13351737260818483,-0.05701952427625656,0.15091556310653687,0.5316375494003296,
-0.024020780622959138,-0.18230777978897095,-0.0571026086807251,-0.0524255745112896,0.09445655345916748,0.490425169467926,
0.16529773473739626,-0.153405237197876,-0.007979106903076173,-0.045967407524585724,0.07901021838188171,0.4263095557689667,
0.46815543174743657,-0.021332171559333802,-0.015026870369911195,-0.03185265138745308,0.10803867876529694,0.3652566075325012,
0.5812007904052735,0.07847625017166138,-0.08000478744506836,-0.09909746795892715,0.08453627675771713,0.2647222578525543,
0.7303234100341798,0.1403844952583313,-0.15836428403854372,-0.15695464611053467,-0.011204364709556103,0.11625101417303085,
0.821412754058838,0.18723796606063844,-0.11677757501602173,-0.11587538570165634,-0.07565286010503769,0.018712740391492844,
0.7555762767791748,0.22582387924194336,0.025885176658630372,-0.0879787728190422,-0.026184646412730217,-0.08515054732561111,
0.6693921089172363,0.2216646671295166,-0.030422508716583252,-0.09789904206991196,-0.021257799118757248,-0.16844090819358826,
0.5673041343688965,0.1725666165351868,0.005679924413561821,-0.07932350039482117,-0.08876892924308777,-0.23628494143486023,
0.35761959552764894,0.12469720840454102,0.09511531591415406,-0.05895031616091728,-0.1346418857574463,-0.3009997308254242,
0.23193790912628176,0.09328880906105042,0.09349715709686279,-0.056087419390678406,-0.11520080268383026,-0.3039292097091675,
0.11690179109573365,0.05401749014854432,0.07576438784599304,-0.07572823017835617,-0.07019338011741638,-0.2864855229854584,
-0.01147812232375145,-0.009562477469444275,0.09301899671554566,-0.07626086473464966,-0.020458851009607315,-0.28322315216064453,
-0.038764888048172,-0.03190381526947022,0.15151089429855347,-0.03904318809509277,-0.011936734430491924,-0.2837557792663574,
-0.09592425227165223,-0.046051946282386784,0.18797746896743775,0.009293187409639359,-0.04116492718458176,-0.2482025921344757,
-0.18291382789611818,-0.06153683662414551,0.19305737018585206,0.0341937430202961,-0.07052627950906754,-0.20652411878108978,
-0.2710191011428833,-0.07160239815711976,0.1751598358154297,0.059027720242738724,-0.08271024376153946,-0.17370064556598663,
-0.2640641927719116,-0.07766103744506836,0.18483968973159792,0.07607116550207138,-0.06832899898290634,-0.15412795543670654,
-0.294908332824707,-0.09932105541229248,0.16045407056808472,0.07021220773458481,-0.05614503473043442,-0.1075226441025734,
-0.36362380981445314,-0.10661025047302247,0.1233447551727295,0.06335457414388657,-0.035372376441955566,-0.04853362217545509,
-0.36126456260681156,-0.09856990575790406,0.13493003845214843,0.06721615791320801,0.004108986351639032,-0.0037259343080222607,
-0.3546244859695435,-0.10785759687423707,0.13576018810272217,0.07706984877586365,0.03779797628521919,0.04787281155586243,
-0.3347482681274414,-0.11763825416564942,0.18040785789489747,0.1194806918501854,0.03839718922972679,0.08762048929929733,
-0.3129112720489502,-0.13022242784500124,0.17913674116134645,0.15310311317443848,0.011366100050508976,0.1109231486916542,
-0.29494311809539797,-0.1294332981109619,0.16895815134048464,0.17514076828956604,0.015560578554868698,0.14754162728786469,
-0.28615636825561525,-0.09185250401496887,0.10023311376571656,0.17154550552368164,0.08986277133226395,0.22390776872634888,
-0.25293984413146975,-0.07019163370132446,0.05279350280761719,0.1465783715248108,0.15963760018348694,0.27131202816963196,
-0.18373357057571413,-0.06265526413917542,0.07282442450523377,0.17860287427902222,0.1642981320619583,0.26298967003822327,
0.0462531179189682,-0.03882118165493012,0.11739867925643921,0.23286478221416473,0.09478962421417236,0.20453327894210815,
0.12458935976028443,-0.02450113743543625,0.0636814296245575,0.23126688599586487,0.03586718440055847,0.17297481000423431,
0.17074978351593018,-0.01681600511074066,0.0015167531557381154,0.23492874205112457,0.032937705516815186,0.1584605872631073,
0.2205965042114258,-0.011997279524803162,-0.009718511253595352,0.2577653229236603,0.09951673448085785,0.13575713336467743,
0.3629170894622803,0.07298701405525208,-0.06991689205169678,0.21149291098117828,0.24678954482078552,0.10399892926216125,
0.3550746440887451,0.1094667673110962,-0.15515446662902832,0.17707155644893646,0.18194158375263214,0.0669809952378273,
0.36080436706542973,0.10433310270309448,-0.1207927703857422,0.25630059838294983,0.0030437216628342867,-0.015110948123037815,
0.4547642707824707,0.08072776794433595,0.0065538458526134494,0.32853883504867554,-0.08237717300653458,-0.09480604529380798,
0.41213369369506836,0.05578945875167847,-0.12240169048309327,0.3170865774154663,0.032871272414922714,-0.12796369194984436,
0.3929660558700562,0.041159492731094365,-0.24303617477416994,0.21575331687927246,0.16243405640125275,-0.1558603048324585,
0.3075996160507202,0.04251955449581146,-0.40072312355041506,0.12547215819358826,0.16962459683418274,-0.19873720407485962,
0.25180280208587646,0.015766169130802154,-0.29351017475128177,0.1492408663034439,0.08766581118106842,-0.2497367411851883,
0.18925617933273317,-0.013710674643516541,-0.2025853157043457,0.1629561483860016,0.08047527819871902,-0.2649167478084564,
0.1074425220489502,-0.04216517806053162,-0.2234797239303589,0.13765612244606018,0.13040953874588013,-0.2640511989593506,
-0.0066854961216449744,-0.05419338941574097,-0.37923119068145755,0.02846650779247284,0.16742748022079468,-0.24108146131038666,
-0.07260052561759948,-0.0747209131717682,-0.4144147872924805,-0.006154586561024189,0.12162111699581146,-0.24168066680431366,
-0.10250722169876099,-0.0757426679134369,-0.35862207412719727,-0.017473021522164345,0.051047347486019135,-0.2557288408279419,
-0.16388452053070068,-0.08466669321060181,-0.28436453342437745,-0.04450410604476929,0.030407847836613655,-0.24767278134822845,
-0.2196906328201294,-0.08667914867401123,-0.2923102617263794,-0.08844626694917679,0.040993914008140564,-0.18222559988498688,
-0.3066650629043579,-0.10106961727142334,-0.29865965843200687,-0.14477212727069855,0.017291778698563576,-0.11318314075469971,
-0.3205661058425904,-0.138722562789917,-0.2288158416748047,-0.15509186685085297,-0.021523794159293175,-0.08774995803833008,
-0.2869762420654297,-0.13894866704940798,-0.183764386177063,-0.16700951755046844,-0.020258793607354164,-0.06844203174114227,
-0.28707778453826904,-0.14322450160980224,-0.1880075812339783,-0.18045848608016968,-0.008540883660316467,-0.029093829914927483,
-0.30466215610504155,-0.15063675642013552,-0.1726689338684082,-0.17599768936634064,-0.020258793607354164,0.008390162140130997,
-0.3400590896606446,-0.1403020977973938,-0.12124383449554443,-0.17120400071144104,-0.018328001722693443,0.06717944145202637,
-0.3411852598190308,-0.12948315143585207,-0.13887581825256348,-0.19637086987495422,0.00643939757719636,0.10865817964076996,
-0.3173158884048462,-0.11456921100616456,-0.1607122302055359,-0.21521273255348206,0.017424937337636948,0.14148163795471191,
-0.2699396848678589,-0.10062317848205567,-0.12145866155624391,-0.20682333409786224,-0.014266782440245152,0.19088418781757355,
-0.23711457252502444,-0.09392439723014832,-0.10356210470199585,-0.2144133299589157,-0.07918133586645126,0.2038670927286148,
-0.17740033864974977,-0.09680320620536804,-0.10875548124313356,-0.22806203365325928,-0.0980231985449791,0.19627708196640015,
-0.056537759304046635,-0.07735536098480225,-0.09909128546714784,-0.23471994698047638,-0.04076523706316948,0.1953449845314026,
-0.04614099562168122,-0.08555050492286682,-0.08464410901069641,-0.24257627129554749,0.019821681082248688,0.23482634127140045,
-0.05745755434036255,-0.0869846522808075,-0.07024842500686646,-0.25242993235588074,-0.0402991846203804,0.2434816062450409,
-0.01971340924501419,-0.08888968825340271,-0.03543171584606171,-0.2690747082233429,-0.1167319044470787,0.18316102027893066,
0.22777366638183594,-0.04487684369087219,0.0004588179290294647,-0.2806594669818878,-0.1901019960641861,0.10905855149030685,
