-0.09633429646492005,-0.1066915512084961,-0.04872678220272064,-0.2838330566883087,-0.09942151606082916,0.13913698494434357,
-0.06623001098632812,-0.10927348136901856,-0.05569970011711121,-0.26851987838745117,-0.09595941007137299,0.17136123776435852,
-0.03263492584228516,-0.13193963766098024,-0.003984507918357849,-0.2595321536064148,-0.09995405375957489,0.19153378903865814,
0.06685855388641358,-0.09985491633415222,0.015177038311958314,-0.2621287405490875,-0.14915594458580017,0.1683642864227295,
0.13781306743621827,-0.09313877820968629,0.015139107406139374,-0.26638978719711304,-0.1259198635816574,0.11783081293106079,
0.22804768085479737,-0.07043858766555787,0.013344624638557435,-0.260863721370697,-0.09569299221038818,0.09299682825803757,
0.2607785701751709,-0.04954128861427307,0.09080634713172914,-0.19781339168548584,-0.14303067326545715,0.04559256136417389,
0.2965226173400879,-0.045192173123359686,0.14296706914901733,-0.17783968150615692,-0.15308411419391632,-0.027111735194921494,
0.36497054100036624,-0.016539524495601653,0.14396438598632813,-0.1891581118106842,-0.12312355637550354,-0.08390364795923233,
0.3743781566619873,0.00015166914090514183,0.08585426211357117,-0.20520366728305817,-0.11739775538444519,-0.13683398067951202,
0.33416845798492434,-0.020040163397789003,0.13226405382156373,-0.1645238697528839,-0.13810382783412933,-0.17964428663253784,
0.30179524421691895,-0.02230218350887299,0.23704276084899903,-0.13396410644054413,-0.1319119781255722,-0.2197248637676239,
0.2736036777496338,-0.029112911224365236,0.25837872028350833,-0.09514852613210678,-0.11972802132368088,-0.2389662116765976,
0.17773743867874148,-0.058714848756790165,0.2836599826812744,-0.04361635819077492,-0.09868904948234558,-0.24429252743721008,
0.10598456859588623,-0.06793246865272522,0.25462448596954346,-0.015852902084589005,-0.08550640195608139,-0.23883305490016937,
0.034409770369529726,-0.0707472324371338,0.2418299913406372,0.003654753090813756,-0.0825769230723381,-0.23643620312213898,
-0.06330443620681762,-0.055759054422378544,0.18926600217819214,0.014906609430909157,-0.07804955542087555,-0.21579670906066895,
-0.1163411855697632,-0.06032563447952271,0.15902653932571412,0.024161092936992645,-0.05408110097050667,-0.19608931243419647,
-0.14264127016067504,-0.06161845922470093,0.13939021825790407,0.022829512134194374,-0.04156424477696419,-0.168592169880867,
-0.2218899965286255,-0.060224848985672,0.11725122928619386,0.02828899212181568,-0.0524832047522068,-0.1361016035079956,
-0.2466049671173096,-0.06458923816680909,0.13327101469039918,0.06850272417068481,-0.07045954465866089,-0.10254577547311783,
-0.2739280223846436,-0.07914186120033265,0.17013247013092042,0.0849476158618927,-0.06639819592237473,-0.08689995855093002,
-0.2804827928543091,-0.0875221848487854,0.11283316612243653,0.08035366982221603,0.019688492640852928,-0.02291751466691494,
-0.2993818521499634,-0.08371337652206422,0.07344852089881897,0.07862260937690735,0.038197461515665054,0.012103053741157055,
-0.3051342487335205,-0.10194271802902222,0.07538660764694215,0.10072685033082962,0.02741166017949581,0.050519153475761414,
-0.30163891315460206,-0.10679154396057129,0.10389525890350343,0.11011449247598648,0.041393253952264786,0.0853399857878685,
-0.27744588851928714,-0.08499861955642701,0.07973706126213075,0.1047881692647934,0.069755919277668,0.11803029477596283,
-0.26282520294189454,-0.07156698107719421,0.06036239266395569,0.09733131527900696,0.09605463594198227,0.15604691207408905,
-0.2621807336807251,-0.057727867364883424,0.05147942900657654,0.09207157790660858,0.12421756982803345,0.1785506308078766,
-0.17995545864105225,-0.050413697957992554,0.04234789311885834,0.09972816705703735,0.15690787136554718,0.2244235724210739,
-0.14457782506942748,-0.04579538106918335,0.04563831686973572,0.10625290870666504,0.14705418050289154,0.24106833338737488,
-0.07780616283416748,-0.050242018699646,0.04629362523555756,0.11111317574977875,0.12661442160606384,0.23254622519016266,
0.2366631031036377,-0.029509642720222475,0.04486504793167115,0.1355476677417755,0.10264596343040466,0.1965935379266739,
0.31743912696838383,-0.003024924919009209,0.022482651472091678,0.15705269575119019,0.09811858832836151,0.16190586984157562,
0.3902308940887451,0.03242573440074921,-0.06671780347824097,0.1306874006986618,0.12961047887802124,0.12994793057441711,
0.5786075592041016,0.07392041087150573,-0.12032252550125122,0.10225816816091537,0.07901040464639664,0.055579159408807755,
0.6834616661071777,0.05235709547996521,-0.08071249127388001,0.13328398764133453,-0.024986034259200096,-0.052611760795116425,
0.7293765544891357,0.05531706809997559,-0.09724988341331482,0.15671980381011963,-0.04409421607851982,-0.16353242099285126,
0.7315532684326173,0.02300228625535965,-0.14067773818969728,0.15319111943244934,0.01010111253708601,-0.24429278075695038,
0.524575424194336,-0.05887739658355713,-0.24491353034973146,0.09573341906070709,0.07002224028110504,-0.31286919116973877,
0.3866848230361939,-0.10096648931503296,-0.18403913974761965,0.07116635143756866,0.026546001434326172,-0.37838178873062134,
0.26870317459106446,-0.15005271434783937,-0.08542011380195619,0.09327058494091034,-0.04143118858337402,-0.41999369859695435,
-0.018607945740222932,-0.17508232593536377,-0.11289892196655274,0.07223161309957504,-0.06666463613510132,-0.4173305332660675,
-0.12370853424072266,-0.1657502889633179,-0.14472309350967408,0.03308314085006714,-0.003281403100118041,-0.383108913898468,
-0.2199117422103882,-0.16708543300628664,-0.1330733060836792,0.006052055861800909,0.02834363467991352,-0.3300454318523407,
-0.32123808860778813,-0.14479711055755615,-0.0771521806716919,-0.00466716755181551,0.012231511063873768,-0.2958238124847412,
-0.3331350803375244,-0.1524595022201538,-0.05381526350975037,0.0009254707838408649,-0.04389461129903793,-0.2579403221607208,
-0.35797126293182374,-0.15106742382049562,-0.06793297529220581,-0.016118761152029037,-0.044027768075466156,-0.2187252938747406,
-0.39201695919036866,-0.15136578083038332,-0.02487083673477173,-0.02324271760880947,-0.016597209498286247,-0.1596696823835373,
-0.38572814464569094,-0.15748794078826905,0.006301681697368622,-0.0020040064118802547,-0.013534572906792164,-0.11353041231632233,
-0.3792234182357788,-0.1516621708869934,0.020956492424011233,0.014773908071219921,-0.013667731545865536,-0.0826377421617508,
-0.3946638345718384,-0.1504796624183655,0.018683262169361115,0.01743706874549389,-0.020192475989460945,-0.049081914126873016,
-0.4242823123931885,-0.17158614397048952,-0.00637713372707367,0.016105487942695618,-0.03317538648843765,0.011438420973718166,
-0.4245503902435303,-0.15962945222854616,-0.005831822752952576,0.017303911969065666,-0.028181960806250572,0.06130611151456833,
-0.4145955085754395,-0.1302422523498535,-0.004399647191166878,0.013974959962069988,0.004108869004994631,0.09825747460126877,
-0.373438048362732,-0.11611672639846803,-0.010372535139322282,0.011378377676010132,0.03826390951871872,0.13187988102436066,
-0.3762006521224976,-0.1253448724746704,-0.007419943064451218,0.015572857111692429,0.016026515513658524,0.17655441164970398,
-0.36416130065917973,-0.1137901782989502,-0.014657440781593324,0.004720475524663925,0.004042290151119232,0.21676813066005707,
-0.26431703567504883,-0.09453423023223878,-0.0035503167659044267,0.006251792889088392,0.02461520954966545,0.23734106123447418,
-0.210139799118042,-0.08269488215446473,-0.015032872557640076,0.0023898824583739042,0.043656885623931885,0.23481041193008423,
-0.1961877465248108,-0.07720960378646852,-0.01824488937854767,0.0042540947906672955,0.012830794788897038,0.2579799294471741,
-0.16266866922378542,-0.11385841369628907,-0.07250391244888306,-0.007130919024348259,-0.03111136518418789,0.2798844277858734,
-0.11363004446029663,-0.09327816367149354,-0.07502173185348511,-0.043749384582042694,-0.04762296378612518,0.29166892170906067,
-0.05769866108894348,-0.09720848798751831,-0.08414862155914307,-0.06878309696912766,0.006572365760803223,0.3087797164916992,
-0.007169907540082932,-0.14843884706497193,0.0037423960864543917,-0.05593334883451462,0.026812389492988586,0.35365399718284607,
0.09469609260559082,-0.1543586015701294,0.027942377328872683,-0.012723557651042938,0.014561849646270275,0.36969953775405884,
0.2205922842025757,-0.1302838444709778,0.036586579680442814,0.014906739816069603,0.00018077914137393236,0.34033820033073425,
0.30366518497467043,-0.08118836283683778,0.002163248509168625,0.007982520386576653,0.03939582780003548,0.31324052810668945,
0.42131543159484863,0.023157416284084322,-0.09482558369636536,-0.0329635813832283,0.09885089844465256,0.270163893699646,
0.4622325897216797,0.0443885087966919,-0.056622403860092166,-0.043882545083761215,0.031073447316884995,0.2117074877023697,
0.5605416774749756,0.08687549233436585,-0.028557077050209045,-0.047544389963150024,-0.08497379720211029,0.06802995502948761,
0.6972013950347901,0.14421066045761108,-0.056162357330322266,-0.06172572448849678,-0.13630622625350952,-0.06333047151565552,
0.6300272941589355,0.11490364074707032,-0.037419119477272035,-0.0546017661690712,-0.08284327387809753,-0.1612682193517685,
0.5190699577331543,0.07814232707023622,0.0003312525106593967,-0.03802358731627464,-0.035771895200014114,-0.19821958243846893,
0.4039937496185303,0.04550615251064301,0.028416693210601807,-0.0266385730355978,-0.0369037389755249,-0.2329738438129425,
0.2181302309036255,-0.012038198858499528,0.10369545221328735,0.00938068050891161,-0.0922309160232544,-0.27631676197052,
0.1348733186721802,-0.043497154116630556,0.12186959981918336,0.04986072704195976,-0.10621251165866852,-0.3044796884059906,
0.038126403093338014,-0.03580939769744873,0.07934539318084717,0.05405520647764206,-0.043428484350442886,-0.30654364824295044,
-0.11044949293136597,-0.06798566579818725,0.08095443248748779,0.061911534518003464,0.01709185168147087,-0.2911638915538788,
-0.15504193305969238,-0.10207812786102295,0.09552658796310426,0.08474715799093246,0.03713235631585121,-0.26080578565597534,
-0.22198143005371096,-0.12873220443725586,0.10235836505889893,0.11477430164813995,0.04379025846719742,-0.21999284625053406,
-0.26743898391723636,-0.12821145057678224,0.10279909372329712,0.12336299568414688,0.06209949404001236,-0.1745193749666214,
-0.3750147342681885,-0.13912471532821655,0.046704751253128056,0.12203141301870346,0.0515134260058403,-0.05327896773815155,
-0.40522866249084477,-0.14645662307739257,0.0408222645521164,0.11544009298086166,0.030474456027150154,0.023020600900053978,
-0.36989402770996094,-0.1359626293182373,0.022455745935440065,0.10571955144405365,0.017225230112671852,0.049052998423576355,
-0.3107339859008789,-0.09794743061065675,-0.0037605833262205125,0.07975373417139053,0.002378105418756604,0.06083749234676361,
-0.33532979488372805,-0.1056916356086731,0.016763117909431458,0.07888820767402649,-0.02931351214647293,0.11476650089025497,
-0.3597437381744385,-0.10164247751235962,0.041719171404838565,0.09739717841148376,-0.03943352401256561,0.1775505244731903,
-0.2728644847869873,-0.08898761868476868,0.03439861536026001,0.08774321526288986,0.007438111584633589,0.22635295987129211,
-0.20103225708007813,-0.07988694906234742,0.05091983079910278,0.10458771139383316,0.042392101138830185,0.24273139238357544,
-0.13441487550735473,-0.0786677360534668,0.0715742826461792,0.13281722366809845,0.06003554165363312,0.24379664659500122,
-0.01288963109254837,-0.07921247482299805,0.07443034648895264,0.1709669977426529,0.05044816434383392,0.21936215460300446,
0.06808511018753052,-0.07318257093429566,0.07741992473602295,0.2143765240907669,0.052978165447711945,0.18261052668094635,
0.13956797122955322,-0.06306952238082886,0.06874873638153077,0.24094155430793762,0.09352479875087738,0.1551799774169922,
0.23732469081878663,-0.0402307540178299,-0.07195948362350464,0.20725257694721222,0.1453898549079895,0.13746994733810425,
0.2969888925552368,-0.019077496230602266,-0.04973113536834717,0.21996916830539703,0.13493694365024567,0.09752253443002701,
0.35043082237243656,-0.00028105257079005244,-0.033499664068222045,0.24786578118801117,0.12827904522418976,0.032741136848926544,
0.39991819858551025,0.02158937305212021,-0.06771520972251892,0.26451051235198975,0.1255493015050888,-0.026114722713828087,
0.46645164489746094,0.02411479651927948,-0.13539550304412842,0.264842689037323,0.14292658865451813,-0.1281152069568634,
0.45399112701416017,0.0018951667472720147,-0.22766685485839844,0.21950240433216095,0.1884666532278061,-0.17725053429603577,
0.37764203548431396,-0.02373208850622177,-0.2603409051895142,0.20438896119594574,0.17961163818836212,-0.1942947655916214,
0.24933135509490967,-0.04918759167194367,-0.27885937690734863,0.16231101751327515,0.15331292152404785,-0.2142018973827362,
0.1721944808959961,-0.04976937472820282,-0.329490876197815,0.0879422277212143,0.15278029441833496,-0.19955450296401978,
0.08670835494995117,-0.04519864618778229,-0.3861154079437256,0.00984503235667944,0.17934532463550568,-0.18444105982780457,
0.018942417204380037,-0.04267698228359223,-0.2993508815765381,-0.01205946784466505,0.14352580904960632,-0.2044813483953476,
-0.006960178911685944,-0.05418728590011597,-0.2838827848434448,-0.015921052545309067,0.08280573040246964,-0.22705164551734924,
-0.057039964199066165,-0.05345886945724487,-0.24760231971740723,-0.030302122235298157,0.0023782653734087944,-0.21673189103603363,
-0.14418632984161378,-0.07315534949302674,-0.3050557613372803,-0.11186143755912781,-0.01073780283331871,-0.16626499593257904,
-0.15829732418060305,-0.08116453289985658,-0.2969782829284668,-0.16206201910972595,0.01090038102120161,-0.13783574104309082,
-0.1444830298423767,-0.10413861274719238,-0.2364921808242798,-0.15793411433696747,0.011233276687562466,-0.12485283613204956,
-0.13631920814514162,-0.10801583528518677,-0.12493731975555421,-0.12877249717712402,-0.018460970371961594,-0.12598468363285065,
-0.12769795656204225,-0.1122491478919983,-0.15638571977615356,-0.14448514580726624,-0.04888758808374405,-0.12065836042165756,
-0.15008875131607058,-0.1196740746498108,-0.17904008626937867,-0.1725149154663086,-0.06080523505806923,-0.0913635864853859,
-0.17442244291305542,-0.12923457622528076,-0.17093745470046998,-0.20706944167613983,-0.03224283084273338,-0.05334695801138878,
-0.1678969979286194,-0.1382705807685852,-0.14192664623260498,-0.21698971092700958,-0.03523888811469078,-0.025849822908639908,
