1.270169734954834,-0.20393257141113283,0.011943145096302033,-0.37265774607658386,0.06256710737943649,0.6421252489089966,
2.6623027801513675,-0.23572425842285158,0.3104714632034302,-0.20288124680519104,-0.2595422565937042,0.21688498556613922,
3.495003890991211,-0.015086482465267182,-0.02943764626979828,-0.4156678020954132,0.15664327144622803,-0.20469342172145844,
3.2011219024658204,0.10407475233078003,-0.1005864977836609,-0.35987457633018494,0.35844430327415466,-0.4441116452217102,
1.6964824676513672,-0.049916046857833865,0.7222106456756592,-0.02704603038728237,-0.021788524463772774,-0.6638889908790588,
1.1970258712768556,-0.16687270402908327,0.440888786315918,0.044126953929662704,-0.11639732122421265,-0.6903208494186401,
0.8003534317016602,-0.2492097854614258,0.19527586698532107,0.044060371816158295,-0.0037456073332577944,-0.5919170379638672,
0.35522353649139404,-0.216814923286438,-0.01041008308529854,0.015231652185320854,0.05557630583643913,-0.4789324700832367,
0.3001201391220093,-0.18528995513916016,0.01558869630098343,0.005311376880854368,0.0007817664882168174,-0.42813265323638916,
0.2701733589172363,-0.16410422325134277,0.05405690670013428,0.012035858817398548,-0.07771490514278412,-0.377332866191864,
0.1528433680534363,-0.15142669677734377,0.035722348093986514,-0.010535085573792458,-0.05787421017885208,-0.2487034648656845,
0.08044190406799318,-0.1323537826538086,0.07724807262420655,0.004711511544883251,0.022087201476097107,-0.03565056622028351,
0.031385117769241334,-0.09866920709609986,0.09138358831405641,0.012834153138101101,0.0737525224685669,0.12254121154546738,
-0.02658452391624451,-0.0961230218410492,0.07725170254707336,0.009638359770178795,0.05943803861737251,0.2430492341518402,
-0.027483421564102176,-0.162422251701355,0.13303309679031372,0.0394657664000988,-0.023253116756677628,0.381400465965271,
0.0034273002296686173,-0.2160449743270874,0.14232007265090943,0.09266240149736404,-0.09136346727609634,0.5087661147117615,
0.11385443210601807,-0.24790780544281008,0.11036959886550904,0.13014639914035797,-0.044358666986227036,0.6440547108650208,
0.5148381233215332,-0.2537515640258789,0.010249870270490647,0.1315445601940155,0.07328647375106812,0.7866004109382629,
1.1315463066101075,-0.21230967044830323,0.0025047743692994118,0.14039957523345947,-0.0820424035191536,0.7025777101516724,
2.0978012084960938,-0.16543155908584595,-0.004317405447363853,0.16170485317707062,-0.1133345440030098,0.3664867579936981,
2.855266952514649,-0.04045172035694122,-0.22282822132110597,0.07288843393325806,0.1303447037935257,0.12773436307907104,
2.920368194580078,0.23911883831024172,-0.13101003170013428,0.04825419560074806,0.2230892926454544,-0.26528164744377136,
2.318783760070801,0.25471172332763675,0.14968611001968385,0.1623040735721588,-0.04455840587615967,-0.5168837904930115,
1.8576126098632812,0.126498281955719,0.10134607553482056,0.1754201352596283,-0.06846027821302414,-0.6499086618423462,
1.561339569091797,-0.05934577584266663,-0.07837471961975098,0.14792299270629883,0.03999696299433708,-0.6725455522537231,
0.8597561836242676,-0.2718646764755249,-0.048976176977157594,0.14106535911560059,0.0037113893777132034,-0.6365262866020203,
0.6392127037048341,-0.26243865489959717,-0.02335871607065201,0.13380824029445648,-0.09695610404014587,-0.6119586229324341,
0.4187750339508057,-0.22794427871704104,-0.0638893485069275,0.09765583276748657,-0.11593112349510193,-0.5403861999511719,
0.11281343698501588,-0.17151823043823244,-0.0759247660636902,0.06929316371679306,-0.0826416090130806,-0.40729472041130066,
0.01003294959664345,-0.14156754016876222,-0.05470439195632935,0.06270204484462738,-0.03197501227259636,-0.2230701446533203,
-0.06384496092796325,-0.10337163209915162,-0.04632475078105927,0.041063860058784485,-0.0010823444463312626,-0.06847363710403442,
-0.07265704274177552,-0.08471024036407471,-0.08575657606124878,0.0021817046217620373,0.0015142378397285938,0.02926437184214592,
-0.025188839435577395,-0.10286140441894531,-0.01679805964231491,-0.008271203376352787,-0.04715503007173538,0.1308639645576477,
-0.06632698774337768,-0.14422607421875,-0.01788003295660019,-0.01745910942554474,-0.04509108141064644,0.28532731533050537,
-0.10283377170562745,-0.21359913349151613,-0.03420644998550415,-0.014196736738085747,0.006241348572075367,0.4583662152290344,
-0.10555485486984253,-0.30518004894256595,-0.02338918149471283,-0.010734627023339272,0.055776145309209824,0.6248803734779358,
0.18976519107818604,-0.4919651031494141,-0.18758387565612794,-0.09502367675304413,0.04325928911566734,0.7674926519393921,
0.41678590774536134,-0.5167973518371582,-0.13253804445266723,-0.11260053515434265,-0.02525053173303604,0.8447243571281433,
0.8601342201232911,-0.5309689044952393,-0.026584887504577638,-0.07564917951822281,0.05930483341217041,0.8178263902664185,
2.3609172821044924,-0.36867420673370366,0.03378692865371704,-0.09109551459550858,0.12148964405059814,0.6278098821640015,
2.870619583129883,-0.016828741133213043,0.23425934314727784,0.006376183591783047,0.036468230187892914,0.24324935674667358,
2.8984928131103516,0.391850757598877,0.043674674630165104,-0.043491508811712265,0.13400651514530182,-0.03718149662017822,
2.6014377593994142,0.4699911594390869,-0.07098768949508667,0.01250145398080349,0.08140906691551208,-0.2728046774864197,
1.8499250411987305,0.2307079553604126,-0.05034340620040894,0.03653648495674133,-0.07105690985918045,-0.501636803150177,
1.3625181198120118,0.06174905300140381,-0.1311750054359436,-0.011400417424738407,-0.09668983519077301,-0.5445136427879333,
0.9966769218444824,-0.0698937177658081,-0.1050384283065796,-0.030841493979096413,-0.09409324824810028,-0.5151523351669312,
0.5356320381164551,-0.22602221965789795,0.05329901576042176,-0.011400417424738407,-0.1050122082233429,-0.44657593965530396,
0.41715826988220217,-0.23171846866607668,0.08878121972084047,0.0230875201523304,-0.11579801142215729,-0.33172711730003357,
0.3254113674163819,-0.21935045719146729,0.08375245928764344,0.04272833466529846,-0.08790139853954315,-0.2259330451488495,
0.23841326236724855,-0.21555957794189454,0.09003449082374573,0.05657624825835228,-0.021655147895216942,-0.12766343355178833,
0.1327231526374817,-0.21525306701660157,0.06575548648834229,0.06323415040969849,0.023352274671196938,0.009822267107665539,
0.1406370759010315,-0.22449650764465334,0.097570139169693,0.09146366268396378,0.022486748173832893,0.12060976028442383,
0.14842790365219116,-0.23854591846466067,0.08131603598594667,0.10171683132648468,0.02721385844051838,0.24631096422672272,
0.20399322509765627,-0.2689852237701416,0.08958033323287964,0.09665682911872864,0.05817310884594917,0.3677511215209961,
0.28242599964141846,-0.30716159343719485,0.17631897926330567,0.11296869069337845,0.08373945206403732,0.44331833720207214,
0.39623727798461916,-0.3654447317123413,0.31068072319030765,0.21203827857971191,0.19039906561374664,0.5399245023727417,
0.5170076370239258,-0.39839718341827396,0.39806339740753177,0.26037466526031494,0.3965277373790741,0.6471167206764221,
1.4631744384765626,-0.4067393302917481,0.07484206557273865,0.23567382991313934,0.14732243120670319,0.5099639296531677,
2.4469179153442386,-0.31622817516326907,-0.01724390834569931,0.2028503715991974,-0.0896989181637764,0.1156829223036766,
2.8639583587646484,-0.006464537978172303,-0.3833121538162232,0.03160911053419113,0.32215896248817444,-0.1064247190952301,
2.6348646163940432,0.18299936056137087,-0.5223795890808106,0.03087674267590046,0.33727240562438965,-0.2590904235839844,
1.698050880432129,0.11890134811401368,-0.10022627115249634,0.11350131779909134,-0.08537127822637558,-0.4662843644618988,
1.379886054992676,0.02344043701887131,-0.2766809225082398,0.028879370540380478,-0.157676100730896,-0.538189709186554,
1.0827847480773927,-0.06091389656066895,-0.3191741943359375,-0.05487704649567604,-0.15075187385082245,-0.5098936557769775,
0.6111390590667725,-0.19509379863739015,-0.028098621964454652,-0.06086915731430054,-0.18863534927368164,-0.4391201138496399,
0.532197666168213,-0.21019361019134522,0.049483537673950195,-0.04535624384880066,-0.23244434595108032,-0.36668214201927185,
0.4353529930114746,-0.21505553722381593,0.10313104391098023,-0.018924370408058167,-0.2287825047969818,-0.2803291380405426,
0.357810378074646,-0.2048482656478882,0.11155420541763306,-0.0197233185172081,-0.14662398397922516,-0.19044744968414307,
0.17114019393920898,-0.19756044149398805,0.0035297393798828128,-0.05920664593577385,-0.018858391791582108,-0.05576193705201149,
0.09597477912902833,-0.20147547721862794,0.01619890183210373,-0.08856799453496933,-0.01899154856801033,0.09410746395587921,
0.11130648851394653,-0.20883519649505616,0.053742730617523195,-0.0914308950304985,-0.07811372727155685,0.17779728770256042,
0.14852832555770876,-0.2665393352508545,-0.024376007914543155,-0.13444094359874725,-0.08696873486042023,0.2768003046512604,
0.14955414533615113,-0.314827299118042,-0.04441113471984864,-0.15741071105003357,-0.06446502357721329,0.4237402379512787,
0.17305740118026736,-0.3574074268341065,-0.07356895208358764,-0.1785828322172165,0.006707955151796341,0.5604935884475708,
0.2597226142883301,-0.36036214828491214,-0.16372740268707275,-0.2484908103942871,0.13560496270656586,0.6799363493919373,
0.8999770164489747,-0.20070099830627441,-0.18977607488632203,-0.3104093074798584,0.04419194534420967,0.6145557761192322,
1.7513267517089846,-0.21858050823211672,0.00240881871432066,-0.2520194947719574,-0.28018108010292053,0.2908484935760498,
3.161389923095703,0.05785663723945618,-0.11369241476058961,-0.3500238358974457,0.126816526055336,-0.11088936775922775,
