0.1959896683692932,-0.11943131685256958,-0.2504480600357056,-0.4040127992630005,-0.09189705550670624,0.27574804425239563,
0.31252689361572267,-0.11882421970367432,-0.14338306188583375,-0.30341190099716187,-0.19123296439647675,0.21329690515995026,
0.6538829326629639,0.10147100687026978,0.22855072021484377,-0.24542157351970673,-0.10581207275390625,0.09045860171318054,
0.7252410888671875,0.22402932643890383,0.1571679711341858,-0.24302473664283752,-0.003879580646753311,0.015557191334664822,
0.6988816738128663,0.24340589046478273,0.15533692836761476,-0.19668573141098022,-0.08836837112903595,-0.09882557392120361,
0.6463698387145996,0.22441773414611818,0.3070981025695801,-0.13922803103923798,-0.15581291913986206,-0.21593809127807617,
0.520520544052124,0.2100320816040039,0.2809359073638916,-0.12185090035200119,-0.10015285760164261,-0.24882812798023224,
0.34439327716827395,0.16659213304519654,0.23150966167449952,-0.11233010143041611,-0.07451993227005005,-0.2594807744026184,
0.18552672863006592,0.10966336727142334,0.2146836280822754,-0.08263585716485977,-0.11553261429071426,-0.27466079592704773,
-0.01765227168798447,-0.006119814142584801,0.30897412300109867,-0.013127350248396397,-0.16406872868537903,-0.27605894207954407,
-0.11502773761749269,-0.04089045822620392,0.3014302015304566,0.024290064349770546,-0.12558604776859283,-0.2383752167224884,
-0.20145440101623535,-0.06450820565223694,0.26928248405456545,0.053052205592393875,-0.06513229012489319,-0.18164989352226257,
-0.2871379852294922,-0.09093960523605348,0.24164247512817383,0.07289275527000427,-0.03743540868163109,-0.13577693700790405,
-0.3951660871505738,-0.14212530851364136,0.21939303874969485,0.10931122303009033,-0.07611776888370514,-0.07286027073860168,
-0.42322926521301274,-0.16547048091888428,0.24286010265350344,0.13028360903263092,-0.10261622071266174,-0.049757350236177444,
-0.4149635791778565,-0.17174323797225954,0.24363911151885986,0.16104312241077423,-0.08816857635974884,0.00909851212054491,
-0.46297559738159183,-0.20344996452331543,0.19992518424987793,0.1838131546974182,0.012898392975330353,0.1154252216219902,
-0.4345922946929932,-0.20867547988891602,0.17705435752868653,0.1951981633901596,0.1551777720451355,0.19565294682979584,
-0.4000869750976563,-0.2016087293624878,0.17086843252182007,0.160909965634346,0.2934624254703522,0.2615661919116974,
-0.3212197542190552,-0.16792968511581421,0.09732666611671448,0.1434662640094757,0.31363585591316223,0.31256574392318726,
-0.11434791088104249,-0.09130172729492188,0.09268319606781006,0.20864713191986084,0.15005119144916534,0.2897956967353821,
0.1534027695655823,-0.04539606869220734,0.12184176445007325,0.24653059244155884,0.10058297216892242,0.2399945706129074,
0.4642870903015137,0.05960842967033386,-0.017324486374855043,0.18601025640964508,0.25910764932632446,0.18227055668830872,
1.1035786628723145,0.3263247013092041,-0.3868653059005738,0.1541854739189148,0.08793295919895172,-0.10588346421718597,
1.3447640419006348,0.3313658714294434,-0.2446208715438843,0.23048505187034607,-0.14595916867256165,-0.3708679974079132,
1.3648835182189942,0.263959002494812,-0.1348336696624756,0.12196123600006104,0.002445485210046172,-0.48112285137176514,
0.6748266220092773,0.05323774814605713,-0.5656416416168213,0.011906103231012821,0.10610903054475784,-0.5016292333602905,
0.3295286655426026,-0.06865275502204896,-0.41300992965698247,-0.003007599152624607,-0.006742420606315136,-0.5261302590370178,
0.0803699016571045,-0.16838992834091188,-0.24010019302368166,-0.02411315031349659,-0.08503936231136322,-0.5202047824859619,
-0.11910568475723267,-0.24008719921112062,-0.17811164855957032,-0.03163658082485199,-0.0975562185049057,-0.47752758860588074,
-0.35877614021301274,-0.3241819620132447,-0.08252710103988647,-0.029905525967478752,0.014429710805416107,-0.3492963910102844,
-0.41204094886779785,-0.3620070219039917,-0.07418180704116821,-0.024312887340784073,0.08533637225627899,-0.24556627869606018,
-0.44808354377746584,-0.38883039951324466,-0.0702811062335968,-0.0027412830386310816,0.08686769008636475,-0.20222333073616028,
-0.42196111679077153,-0.3733831882476807,0.011886486411094667,0.015767687931656837,0.031074466183781624,-0.16653697192668915,
-0.4484451770782471,-0.3684846639633179,0.016171947121620178,0.015235054306685925,-0.03157639876008034,-0.09829346090555191,
-0.5086490631103516,-0.36904654502868656,-0.015306581556797028,0.03640718758106232,-0.05667669326066971,-0.03377838432788849,
-0.5280047416687011,-0.34141154289245607,-0.031107458472251895,0.0036503036972135305,-0.010870320722460747,0.0720822736620903,
-0.5643793106079101,-0.31744339466094973,-0.08611171245574951,-0.01385998073965311,0.01183312851935625,0.14645104110240936,
-0.5592037200927734,-0.29655818939208983,-0.06510304212570191,-0.015258140861988068,-0.015464273281395435,0.2080366462469101,
-0.5604156017303467,-0.3266645669937134,-0.04056609869003296,-0.02284814976155758,-0.037035878747701645,0.3086375594139099,
-0.5675468921661377,-0.34448151588439946,-0.07993575930595398,-0.06665714830160141,0.012765234336256981,0.43580350279808044,
-0.5758594036102295,-0.3416579008102417,-0.12709716558456421,-0.06912057101726532,0.06230003014206886,0.5204920172691345,
-0.4156233787536621,-0.33710708618164065,-0.044100081920623785,-0.07211662828922272,0.10151507705450058,0.5961258411407471,
-0.26165688037872314,-0.30996146202087405,-0.10545213222503663,-0.13729751110076904,0.05024922639131546,0.6053137183189392,
-0.04980622828006745,-0.29458088874816896,-0.18189699649810792,-0.09175744652748108,-0.03423956036567688,0.5392007231712341,
0.25820622444152835,-0.2166454076766968,-0.06018061041831971,-0.0732484757900238,-0.018726646900177002,0.5038473010063171,
0.740436601638794,0.061559051275253296,-0.09896790385246278,-0.05733608454465866,-0.04362720251083374,0.31849128007888794,
1.0239880561828614,0.21625750064849855,-0.07349739670753479,-0.058334771543741226,-0.12052597850561142,0.09944625943899155,
1.208926296234131,0.36236095428466797,-0.07042805552482605,-0.1370977759361267,-0.08703672885894775,-0.054218146950006485,
1.1153995513916015,0.4297375202178955,-0.16692563295364382,-0.14022698998451233,-0.006808999925851822,-0.19736306369304657,
0.9619103431701661,0.33146674633026124,0.04539539515972138,0.0003213523013982922,-0.07112434506416321,-0.30482161045074463,
0.697312068939209,0.2324965000152588,0.24428353309631348,0.07442250102758408,-0.13310912251472473,-0.34317371249198914,
0.4140772342681885,0.1591379761695862,0.24112389087677003,0.0806143507361412,-0.1570109874010086,-0.3415758013725281,
-0.005406028404831887,0.054503679275512695,0.027383992075920106,0.02661876007914543,-0.14709071815013885,-0.3178071081638336,
-0.11231112480163574,0.003494812175631523,-0.006578152626752854,-0.01605839841067791,-0.13197727501392365,-0.29943129420280457,
-0.18859368562698364,-0.05824571251869202,-0.0017562158405780794,0.011904794722795486,-0.17465443909168243,-0.2744641602039337,
-0.3053060054779053,-0.16373437643051147,0.22729861736297607,0.09892358630895615,-0.18757076561450958,-0.2075522094964981,
-0.37242558002471926,-0.20011703968048097,0.23646488189697268,0.1323462575674057,-0.1130688413977623,-0.12366263568401337,
-0.4109666347503662,-0.21414499282836916,0.18519785404205324,0.11090780794620514,-0.01659582555294037,-0.04689702391624451,
-0.42259130477905277,-0.2132180690765381,0.07934018969535828,0.08620698750019073,0.02588159404695034,0.01668594963848591,
-0.42960491180419924,-0.22006657123565676,0.0997132420539856,0.11929676681756973,0.0018465649336576462,0.08326497673988342,
-0.4364762306213379,-0.23376224040985108,0.1618366241455078,0.14046891033649445,0.012965262867510319,0.13033635914325714,
-0.4197727203369141,-0.22432148456573486,0.17937630414962769,0.14892444014549255,0.09539009630680084,0.20969855785369873,
-0.3898451566696167,-0.2198518991470337,0.19600614309310915,0.17921790480613708,0.24406108260154724,0.3128960430622101,
-0.3516439437866211,-0.19840105772018435,0.22807202339172364,0.2046510875225067,0.30857616662979126,0.3840024471282959,
-0.1322277545928955,-0.17208346128463747,0.19605729579925538,0.23008427023887634,0.265632688999176,0.3756800591945648,
0.08847438097000122,-0.13380264043807985,0.1475112795829773,0.2683672308921814,0.13939884305000305,0.2732149362564087,
0.3490262269973755,-0.08431809544563294,0.10203105211257935,0.3067167401313782,0.22715000808238983,0.21515803039073944,
0.5723607540130615,-0.02288620471954346,0.03826791644096375,0.2557837665081024,0.38081440329551697,0.1962495893239975,
0.8336456298828125,0.1224800705909729,-0.3171592235565186,0.26377326250076294,0.1872691661119461,-0.06880152225494385,
1.008825206756592,0.1524032473564148,-0.26663713455200194,0.2591809630393982,0.028078338131308556,-0.23724326491355896,
0.9317065238952638,0.16813268661499026,-0.33671996593475345,0.19087085127830505,0.11223422735929489,-0.26713722944259644,
0.44681377410888673,0.15200690031051636,-0.5816237926483154,0.09945785254240036,0.18294115364551544,-0.2692677676677704,
0.3339444398880005,0.10713956356048585,-0.5447574615478515,0.067233607172966,0.10550974309444427,-0.3289891481399536,
0.2720051765441895,0.04386429488658905,-0.44846568107604984,0.038538042455911636,0.026280703023076057,-0.3614131510257721,
0.0307865709066391,-0.05922448039054871,-0.33986055850982666,-0.00014437375648412853,-0.018060928210616112,-0.31720468401908875,
-0.10976026058197022,-0.10530055761337281,-0.3150285959243775,-0.024645457044243813,0.011367002502083778,-0.2633422315120697,
-0.170536208152771,-0.13399224281311037,-0.28388214111328125,-0.02757493406534195,0.051847051829099655,-0.2188674509525299,
-0.2554780960083008,-0.1639771580696106,-0.22959613800048828,-0.04754864051938057,0.051314420998096466,-0.16726869344711304,
-0.29584388732910155,-0.1697110176086426,-0.2349991798400879,-0.07258235663175583,0.0023122543934732676,-0.13264760375022888,
-0.31707448959350587,-0.17600389719009402,-0.23744485378265381,-0.1054723933339119,-0.045757804065942764,-0.10528361797332764,
-0.32959158420562745,-0.18664315938949586,-0.2395640850067139,-0.12884163856506348,-0.06659704446792603,-0.07698752731084824,
-0.35740551948547367,-0.1990915894508362,-0.24842569828033448,-0.18823014199733734,-0.07285547256469727,-0.016999825835227966,
-0.35777590274810794,-0.20694313049316407,-0.2802783727645874,-0.23823098838329315,-0.07631757855415344,0.03180260211229324,
-0.3539820194244385,-0.21449842453002932,-0.28436563014984134,-0.26333126425743103,-0.07878100126981735,0.06449290364980698,
-0.33219351768493655,-0.20628991127014162,-0.20772666931152345,-0.25747230648994446,-0.09489312767982483,0.12354850023984909,
-0.33182222843170167,-0.21565146446228028,-0.1860779166221619,-0.28104129433631897,-0.08716996014118195,0.18606621026992798,
-0.32074661254882814,-0.22517962455749513,-0.21690299510955813,-0.3372339904308319,-0.10607840865850449,0.24618706107139587,
-0.2900630712509155,-0.2103151321411133,-0.2378553628921509,-0.3343045115470886,-0.23058119416236877,0.29352477192878723,
-0.232368540763855,-0.19678531885147096,-0.1517181158065796,-0.3328407406806946,-0.32012975215911865,0.29651886224746704,
-0.10273778438568115,-0.17390348911285403,-0.12435742616653443,-0.3432936668395996,-0.3643382489681244,0.27934151887893677,
