-0.11851671934127808,-0.16475913524627686,-0.15704679489135742,-0.37425410747528076,-0.19802357256412506,0.17660775780677795,
-0.09011179208755493,-0.12443130016326905,-0.1343890070915222,-0.359406977891922,-0.20814357697963715,0.20290647447109222,
-0.017289024591445924,-0.07831349968910217,-0.08687915205955506,-0.3402988016605377,-0.3450300395488739,0.1504421979188919,
0.3185681581497193,0.011851638555526733,0.049068194627761845,-0.33856773376464844,-0.34243345260620117,0.05636602267622948,
0.41468129158020023,0.09231250286102295,0.07784332036972047,-0.2885003089904785,-0.16766352951526642,0.06721840053796768,
0.4002044200897217,0.13687576055526735,0.15301349163055422,-0.23710128664970398,-0.11919399350881577,0.027537304908037186,
0.5523276805877686,0.17244884967803956,0.2772876501083374,-0.17990989983081818,-0.2438965141773224,-0.13711263239383698,
0.5212657451629639,0.18962870836257936,0.29601387977600097,-0.15813855826854706,-0.2524186074733734,-0.20901797711849213,
0.39341645240783696,0.18105859756469728,0.23175313472747805,-0.1499493420124054,-0.11846162378787994,-0.20728692412376404,
0.15741835832595827,0.09706866145133973,0.22662460803985596,-0.09768480807542801,-0.06832761317491531,-0.20315903425216675,
0.08801117539405823,0.056587117910385135,0.31252281665802006,-0.02577945962548256,-0.17465433478355408,-0.23318617045879364,
0.049403294920921326,0.019227921962738037,0.37333643436431885,0.0013182057300582528,-0.16480062901973724,-0.24876566231250763,
-0.05422077178955079,-0.020896826684474946,0.27483808994293213,0.02049296535551548,-0.08217605203390121,-0.23265354335308075,
-0.12818597555160524,-0.05550875067710877,0.2538450717926026,0.06636592000722885,-0.08424000442028046,-0.20508982241153717,
-0.18853960037231446,-0.09094927310943604,0.292256498336792,0.1573798954486847,-0.16267019510269165,-0.19203943014144897,
-0.24155268669128419,-0.13376249074935914,0.3046017169952393,0.19732731580734253,-0.14203070104122162,-0.15701887011528015,
-0.26584615707397463,-0.1434218764305115,0.21867325305938723,0.20125548541545868,-0.030510827898979187,-0.10528696328401566,
-0.2781822204589844,-0.1602617383003235,0.17652980089187623,0.22462472319602966,0.057706382125616074,-0.045698732137680054,
-0.31993834972381596,-0.20968587398529054,0.17888952493667604,0.2513229250907898,0.010102379135787487,0.014355555176734924,
-0.3446363687515259,-0.2472615718841553,0.19882171154022218,0.27742189168930054,-0.04582400619983673,0.04837743937969208,
-0.3263368368148804,-0.26512625217437746,0.2005250930786133,0.28720903396606445,0.017093177884817123,0.08626090735197067,
-0.2999895095825195,-0.27821052074432373,0.18485014438629152,0.2939335107803345,0.14559070765972137,0.14351886510849,
-0.2745189428329468,-0.2349397897720337,0.08952828049659729,0.2802182137966156,0.3612401783466339,0.25284162163734436,
-0.27232182025909424,-0.1936906933784485,0.024609050154685976,0.24786080420017242,0.437672883272171,0.34372201561927795,
-0.2371227502822876,-0.1453121304512024,-0.03524196445941925,0.21963129937648773,0.43547579646110535,0.4089694619178772,
0.10268703699111939,-0.016372287273406984,-0.19417806863784792,0.1712949126958847,0.3799488842487335,0.3842020630836487,
0.4674053192138672,0.06800304651260376,-0.2883248805999756,0.10231904685497284,0.2902003526687622,0.21662263572216034,
0.8126116752624513,0.16529715061187744,-0.37195253372192383,0.05065372213721275,0.1258833110332489,0.003170277923345566,
1.01871919631958,0.24123256206512453,-0.3977964878082276,0.04599319025874138,0.005641584284603596,-0.15202544629573822,
0.9585237503051758,0.30936169624328613,-0.3203567743301392,-0.003275289200246334,0.04265952482819557,-0.31833985447883606,
0.8324320793151856,0.27859270572662354,-0.3272727489471436,-0.02777637168765068,0.07674798369407654,-0.4293271005153656,
0.6707281589508057,0.17756060361862183,-0.24899051189422608,-0.00986661296337843,-0.01626291498541832,-0.5076240301132202,
0.5059931755065918,0.05044891238212586,-0.15402950048446656,0.015300259925425053,-0.11613146215677261,-0.5525648593902588,
0.17400784492492677,-0.13290964365005495,-0.07441690564155579,0.010573148727416992,-0.12778277695178986,-0.5798622369766235,
0.031294566392898564,-0.18309184312820437,-0.08896162509918214,-0.025245649740099907,-0.04262837395071983,-0.5443076491355896,
-0.11109129190444947,-0.23407838344573975,-0.10081651210784913,-0.040825143456459045,0.006107477005571127,-0.45316094160079956,
-0.35157709121704106,-0.3223907947540283,-0.016165006160736083,-0.006936416029930115,0.006506951525807381,-0.33638137578964233,
-0.3972341537475586,-0.3428243160247803,0.014154203236103058,0.025487570092082024,0.007039583288133144,-0.27146679162979126,
-0.41402988433837895,-0.3462047815322876,0.017920885980129243,0.039269428700208664,0.01023537665605545,-0.20275723934173584,
-0.4436802387237549,-0.3430557489395142,0.01041514128446579,0.009641761891543865,0.009036954492330551,-0.11760266870260239,
-0.5436174392700196,-0.3628990173339844,-0.06255771517753601,-0.020718276500701904,0.009636165574193,-0.002886999398469925,
-0.5368643283843995,-0.36200206279754643,-0.04039609432220459,-0.005937730427831411,0.010967746376991272,0.09871260076761246,
-0.5516999721527099,-0.3486268997192383,-0.012012161314487457,-0.009599576704204082,0.02834487333893776,0.18892718851566315,
-0.5692022800445556,-0.3151165246963501,-0.0520009458065033,-0.03489960730075836,0.03260593116283417,0.3187562823295593,
-0.5566576957702637,-0.3149391889572144,-0.07019609808921815,-0.04248961806297302,0.01955644227564335,0.4095035195350647,
-0.5621652603149414,-0.30238912105560306,-0.06306374073028564,-0.05374147370457649,0.027013292536139488,0.4920614957809448,
-0.4810564994812012,-0.2740723371505737,-0.11867674589157105,-0.1001470535993576,0.07961072772741318,0.6033816337585449,
-0.3733278751373291,-0.26540346145629884,-0.16245596408843996,-0.13057366013526917,0.05577543005347252,0.6524503827095032,
0.13855684995651246,-0.20223035812377932,-0.04784466326236725,-0.10247731953859329,-0.10028580576181412,0.5025143623352051,
0.5695102214813232,-0.08368688225746156,-0.006047073379158974,-0.045152779668569565,-0.12658452987670898,0.3623655438423157,
0.8129945755004884,0.05993461608886719,-0.005246620997786522,-0.024446701630949974,-0.028779933229088783,0.2736157178878784,
0.901546859741211,0.20777924060821534,-0.06454126238822937,-0.0803065076470375,-0.009804910980165005,0.1116289272904396,
1.1073874473571779,0.3715695858001709,-0.11594418287277222,-0.09382204711437225,-0.06439971178770065,-0.16593903303146362,
0.9576597213745117,0.3822668552398682,-0.006813272833824158,-0.06952201575040817,-0.0434936098754406,-0.24816672503948212,
0.6682011604309083,0.33735854625701905,0.016009578108787538,-0.05740462616086006,-0.03284096345305443,-0.28678256273269653,
0.27565295696258546,0.182375967502594,0.03555114269256592,-0.024980641901493073,-0.10075157135725021,-0.3486344814300537,
0.1332593321800232,0.09182628393173219,0.06141193509101868,-0.029308278113603592,-0.14209716022014618,-0.3532284200191498,
-0.013096229732036592,0.011632844805717468,0.03986093103885651,-0.03037354163825512,-0.1349066197872162,-0.3305915594100952,
-0.19920560121536257,-0.09978715777397157,0.09360706806182861,0.0022501812782138586,-0.12491975724697113,-0.2879143953323364,
-0.2711458206176758,-0.13936543464660645,0.12525342702865602,0.04852260649204254,-0.1801803559064865,-0.23258723318576813,
-0.3422076463699341,-0.1671347975730896,0.15751136541366578,0.08301053941249847,-0.21173882484436035,-0.17326530814170837,
-0.39723916053771974,-0.18262864351272584,0.17215975522994997,0.1072453036904335,-0.19076642394065857,-0.10888338088989258,
-0.43170714378356934,-0.21369709968566897,0.1410862684249878,0.08707185834646225,-0.05321414768695831,-0.0058190482668578625,
-0.40816569328308105,-0.2293327808380127,0.0910920798778534,0.09060055017471313,0.004376714117825031,0.08139947801828384,
-0.3932560920715332,-0.2430354356765747,0.11818940639495851,0.12142664194107056,0.004776188172399998,0.1610945761203766,
-0.37265250682830814,-0.2646509170532227,0.19290479421615603,0.16397064924240112,0.03400437906384468,0.24738100171089172,
-0.3356656551361084,-0.2529273748397827,0.20426924228668214,0.19779279828071594,0.12714843451976776,0.31495869159698486,
-0.289389705657959,-0.21586482524871828,0.19730027914047243,0.19606173038482666,0.19259561598300934,0.38539931178092957,
-0.16673798561096193,-0.14356614351272584,0.13040114641189576,0.18873804807662964,0.21290223300457,0.41429460048675537,
0.04843997657299042,-0.12271640300750733,0.13168869018554688,0.2276867777109146,0.2278159260749817,0.32627713680267334,
0.3424175977706909,-0.07889720797538757,0.1405652403831482,0.27542394399642944,0.23966699838638306,0.24791362881660461,
0.6350419998168946,0.02308765798807144,0.11485755443572998,0.3370095491409302,0.26982730627059937,0.17467668652534485,
0.7046533107757569,0.07238245606422425,0.06587571501731873,0.3774908483028412,0.25577884912490845,0.026341063901782036,
0.796677303314209,0.13709298372268677,-0.020747411251068118,0.36031344532966614,0.31663206219673157,-0.08025195449590683,
0.5938055515289307,0.15566246509552004,-0.3202143430709839,0.2957983613014221,0.3420652449131012,-0.11414068192243576,
0.45431618690490727,0.14402483701705934,-0.4022507667541504,0.23461222648620605,0.3017183542251587,-0.18218445777893066,
0.392646336555481,0.10621109008789063,-0.42440466880798344,0.2042521983385086,0.2308117151260376,-0.24729874730110168,
0.31084456443786623,0.07339779734611511,-0.40659575462341313,0.17076294124126434,0.18580429255962372,-0.2827187776565552,
0.12065033912658692,-0.0009560317732393742,-0.4557642936706543,0.05724570155143738,0.1364026516675949,-0.282985121011734,
0.005496394634246827,-0.057048606872558597,-0.47281618118286134,0.023423554375767708,0.0731525793671608,-0.279256671667099,
-0.0673737347126007,-0.09412164688110353,-0.36258907318115235,0.0047148484736680984,0.024017250165343285,-0.2938374876976013,
-0.1263678789138794,-0.14342007637023926,-0.3246774196624756,-0.048015739768743515,-0.01686227321624756,-0.25422295928001404,
-0.22469134330749513,-0.16121543645858766,-0.33711559772491456,-0.09468764066696167,-0.04182941094040871,-0.1927039474248886,
-0.24277336597442628,-0.1737830638885498,-0.32902839183807375,-0.13090664148330688,-0.03969888016581535,-0.15868206322193146,
-0.2076591968536377,-0.1826340675354004,-0.29107301235198973,-0.17691273987293243,-0.019924908876419067,-0.13138465583324432,
-0.21851372718811035,-0.19106800556182862,-0.29950313568115233,-0.21912384033203125,-0.03190913423895836,-0.10402067005634308,
-0.23128628730773926,-0.19096210002899172,-0.2913792610168457,-0.25108176469802856,-0.04682283475995064,-0.06513851881027222,
-0.23735899925231935,-0.1880456805229187,-0.28230714797973633,-0.29615578055381775,-0.04149651527404785,-0.016202934086322784,
-0.21724412441253663,-0.17944387197494507,-0.3318345546722412,-0.3571421504020691,-0.041696250438690186,0.008164990693330765,
-0.18202108144760132,-0.18010120391845705,-0.31838612556457524,-0.37565112113952637,-0.11213686317205429,0.05250662565231323,
-0.21026012897491456,-0.18554832935333254,-0.26074140071868895,-0.38350746035575867,-0.19243116676807404,0.1022411584854126,
-0.18686206340789796,-0.14657292366027833,-0.24396400451660158,-0.45581281185150146,-0.231113463640213,0.14578281342983246,
-0.12226339578628541,-0.11190402507781982,-0.2557644605636597,-0.4820449650287628,-0.23257820308208466,0.14205437898635864,
