0.20297441482543946,-0.09761041402816772,0.10739567279815675,-0.41939955949783325,0.13200977444648743,0.6937174201011658,
1.762210273742676,-0.3111635446548462,0.4052153110504151,-0.22865067422389984,-0.5465636849403381,0.14896781742572784,
2.6113100051879883,-0.4815248966217041,0.7330302238464356,-0.2663343846797943,-0.17305533587932587,-0.08079642057418823,
2.803847885131836,-0.23688957691192628,0.4165357112884522,-0.20601379871368408,0.3045825958251953,-0.15989230573177338,
1.9807126998901368,0.017901697754859926,0.7541375637054444,0.03267202153801918,-0.03177463635802269,-0.3875260055065155,
1.7139375686645508,0.02877502143383026,0.7564966678619385,-0.007208817172795534,-0.2917657494544983,-0.504838228225708,
1.317637062072754,0.0058153275400400165,0.35285534858703616,-0.06959336996078491,-0.22658486664295197,-0.5100979804992676,
1.065665626525879,-0.021010237932205203,0.19675878286361695,-0.07425390183925629,-0.13703607022762299,-0.46369242668151855,
0.6922883033752442,-0.09183732867240907,0.2892375707626343,-0.03230911120772362,-0.15141715109348297,-0.38912391662597656,
0.5761974334716797,-0.07457113862037659,0.33228039741516113,-0.008540397509932518,-0.22538644075393677,-0.36002886295318604,
0.536709213256836,-0.05054372549057007,0.30915160179138185,-0.025051996111869812,-0.21100537478923798,-0.34438279271125793,
0.5324931144714355,0.014295941591262818,0.21977868080139162,0.019156478345394135,-0.1064763069152832,-0.28918880224227905,
0.48913125991821294,0.04587199985980988,0.2678893327713013,0.0490504615008831,-0.03297305852174759,-0.13272805511951447,
0.3566813945770264,0.073777836561203,0.18677510023117067,0.047319408506155014,-0.011268295347690582,-0.04171453043818474,
0.35517885684967043,0.10167862176895143,0.1152963161468506,0.05131414905190468,-0.07145573943853378,-0.052100859582424164,
0.46599578857421875,0.1163563370704651,0.11316618919372559,0.02701280452311039,-0.12105711549520493,-0.05436454713344574,
0.43903369903564454,0.09277760386466981,0.10862954854965211,0.04412361606955528,-0.11886000633239746,0.05655611306428909,
0.34403948783874516,0.06006182432174683,0.15785142183303835,0.08813130855560303,-0.04968416318297386,0.16973841190338135,
0.252290678024292,0.0164116770029068,0.17491955757141114,0.12062187492847443,0.05244806781411171,0.30396172404289246,
0.07662689685821533,3.666122502181679e-05,0.16736536026000978,0.1661619246006012,0.21137221157550812,0.6622900366783142,
0.050092124938964845,-0.032748058438301086,0.17330557107925415,0.0729512870311737,0.6713666915893555,1.0466508865356445,
0.31781313419342044,-0.0769902765750885,0.03256563246250153,0.2474549263715744,0.37096214294433594,1.0202856063842773,
2.284810829162598,-0.3377918004989624,0.7810585498809814,0.48121386766433716,-0.6233956813812256,0.05515589565038681,
3.730895233154297,-0.3981362342834473,0.1810425877571106,0.03753124549984932,0.295461505651474,-0.4198854863643646,
3.6933811187744143,-0.003341089189052582,-0.93146390914917,-0.03397463262081146,0.506716787815094,-0.44285523891448975,
1.7849420547485353,0.2038052558898926,0.15886340141296387,0.2293454259634018,-0.08290709555149078,-0.6469865441322327,
1.650638008117676,0.049212709069252014,0.2847079038619995,0.09731920808553696,-0.11393292248249054,-0.6842042207717896,
1.0759746551513671,-0.04220343232154847,-0.16199897527694704,-0.014866452664136887,-0.058672331273555756,-0.5699546337127686,
0.37928950786590576,-0.02958730757236481,0.029964327812194824,0.05803758651018143,-0.11213529109954834,-0.41169625520706177,
0.2759654998779297,0.04165903627872467,0.19403299093246462,0.06789127737283707,-0.07744761556386948,-0.3046371638774872,
0.2665460824966431,0.06185950040817261,0.15411188602447512,0.044854938983917236,-0.01752649061381817,-0.24531525373458862,
0.32729282379150393,0.08918363451957703,0.10052814483642579,0.05058073252439499,-0.06466443836688995,-0.1560327708721161,
0.2796432733535767,0.11457518339157105,0.16971532106399537,0.03133939206600189,-0.05780680477619171,-0.14604592323303223,
0.3668406963348389,0.16632637977600098,0.09857935309410096,0.016425691545009613,0.0015151113038882613,-0.09990666061639786,
0.24554774761199952,0.19760650396347046,0.07414911985397339,-0.031111733987927437,0.08354047685861588,0.011746373027563095,
0.18545275926589966,0.20389771461486816,0.009480557590723039,-0.09382917732000351,0.07128993421792984,0.06827196478843689,
0.015280964970588685,0.1001869559288025,0.061533874273300176,-0.1059470847249031,-0.024384014308452606,0.16441106796264648,
-0.07847290635108949,-0.0037404935806989673,0.11808890104293823,-0.12072762846946716,0.003113124519586563,0.36514684557914734,
-0.11548254489898682,-0.09542081952095033,0.1651525139808655,-0.1203947365283966,0.06223530322313309,0.5941786766052246,
-0.09106651544570923,-0.24430389404296876,0.19140011072158813,-0.08131284266710281,0.10917351394891739,0.8348618745803833,
0.1414767622947693,-0.29108211994171146,0.10068672895431519,-0.0721915140748024,0.06849373131990433,0.9276730418205261,
0.6032907962799072,-0.2873414516448975,0.031460797786712645,-0.08923574537038803,-0.08836646378040314,0.858564019203186,
1.2589961051940919,-0.22469227313995363,0.03225188255310059,-0.13104738295078278,-0.12025781720876694,0.6007699966430664,
3.567025375366211,0.059800148010253906,0.05444518923759461,-0.20561589300632477,0.11636404693126678,0.2040921449661255,
2.875674057006836,0.3016454935073853,0.3880210399627686,-0.01666461117565632,0.11469957232475281,-0.2984463572502136,
2.183353042602539,0.2755077362060547,0.4423754692077637,0.09538789838552475,-0.0923612043261528,-0.4421238899230957,
1.3160277366638184,0.11004655361175537,0.029600441455841064,0.030406761914491653,-0.14668969810009003,-0.5239495038986206,
1.0000716209411622,-0.006593340635299683,0.04877870380878449,-0.03470752760767937,-0.09608963131904602,-0.5114992260932922,
0.7325102806091309,-0.06593650579452515,0.20927214622497559,0.013162795454263687,-0.12644967436790466,-0.43766307830810547,
0.5729897975921631,-0.045308893918991094,0.335006856918335,0.08047419786453247,-0.18190999329090118,-0.37734249234199524,
0.5147760391235352,-0.006837380677461625,0.22383849620819093,0.10131343454122543,-0.1555446982383728,-0.32148268818855286,
0.4730728626251221,0.021423590183258057,0.20321195125579836,0.12528188526630402,-0.10234805941581726,-0.24198734760284424,
0.45531949996948246,0.04695813655853272,0.15622833967208863,0.13040846586227417,-0.04628851264715195,-0.1774056851863861,
0.43424544334411624,0.0978136658668518,0.0984819769859314,0.13040846586227417,-0.04848562180995941,-0.12201192229986191,
0.4715882778167725,0.12645413875579833,0.07331686019897461,0.09592053294181824,-0.04322587698698044,-0.10117268562316895,
0.4862198352813721,0.12700018882751465,0.06023851037025452,0.08553589880466461,0.00937117449939251,-0.07300641387701035,
0.3626049757003784,0.10097601413726807,0.11363255977630615,0.11083593219518661,0.02628224715590477,0.023932646960020065,
0.17480456829071045,0.048210507631301885,0.08019631505012513,0.10810618847608566,0.09818759560585022,0.20183181762695312,
0.13165760040283203,-0.008376473188400268,0.04699952602386475,0.05723981186747551,0.15358135104179382,0.33612170815467834,
0.06409613490104675,-0.060018193721771244,0.1455389976501465,0.056307706981897354,0.13447317481040955,0.5088943243026733,
0.0899359703063965,-0.1316127896308899,0.27312889099121096,0.11356566846370697,0.21090589463710785,0.6995100378990173,
0.8102398872375489,-0.25086848735809325,0.39176397323608403,0.23127739131450653,0.5985956192016602,0.8849992156028748,
1.598075294494629,-0.2841367244720459,0.42732081413269046,0.3164985477924347,0.2798151671886444,0.6227444410324097,
3.0713760375976564,-0.14611241817474366,-0.1461389183998108,0.25604480504989624,-0.2570115327835083,0.040244508534669876,
2.7052810668945315,0.13367124795913696,-0.43279581069946294,0.05870455130934715,0.5096459984779358,-0.2140873819589615,
2.054962730407715,0.21012375354766846,-0.10746498107910157,0.1834736466407776,0.3183644413948059,-0.3051009178161621,
1.667286491394043,0.12450653314590454,0.10293074846267701,0.2136339545249939,-0.08290736377239227,-0.43226686120033264,
1.0232470512390137,0.0694297969341278,-0.2948735475540161,0.015028709545731544,-0.11213555932044983,-0.4824674427509308,
0.7851003170013429,0.05735170841217041,-0.12243311405181885,-0.05041847378015518,-0.0800444632768631,-0.46662163734436035,
0.5954553604125977,0.01745956838130951,0.05864334702491761,-0.06413375586271286,-0.11686266958713531,-0.3586304485797882,
0.4149963855743408,0.030242282152175906,0.21762039661407473,-0.06459981203079224,-0.13756874203681946,-0.25909480452537537,
0.4270237445831299,0.02018326669931412,0.25190975666046145,-0.03457266837358475,-0.1378350555896759,-0.1805315464735031,
0.45387067794799807,0.00487845465540886,0.24338538646698,-0.023054495453834534,-0.11912635713815689,-0.14384649693965912,
0.4022671222686768,0.02790636718273163,0.15417840480804446,-0.039366357028484344,-0.09888632595539093,-0.10310013592243195,
0.3751104831695557,0.052994620800018315,0.11659363508224488,-0.08597376942634583,-0.06233397498726845,-0.04877576231956482,
0.34257035255432133,0.05357555747032166,0.09387748241424561,-0.12818488478660583,-0.0024128477089107037,0.0008921902626752853,
0.2693028926849365,0.03073325753211975,0.04925084114074707,-0.1851099580526352,0.0360698327422142,0.06054699793457985,
0.06966134309768678,-0.10774255990982057,0.09825409650802613,-0.23737448453903198,-0.07471767067909241,0.2287256270647049,
0.08263256549835206,-0.1805220127105713,0.17871568202972413,-0.19429785013198853,-0.21080520749092102,0.3702726364135742,
0.14856814146041872,-0.22976229190826417,0.14684704542160035,-0.21933157742023468,-0.1305774748325348,0.5363873243331909,
0.4078497409820557,-0.2826228618621826,-0.044826635718345643,-0.3288540542125702,0.3002554178237915,0.8457134962081909,
0.8608675956726075,-0.23036367893218995,0.06170456409454346,-0.3500927686691284,0.5035877227783203,0.9204817414283752,
1.7727975845336914,-0.3081793308258057,0.3325931549072266,-0.296962708234787,-0.39023569226264954,0.3851863443851471,
3.244287109375,-0.33401606082916263,0.26954164505004885,-0.35861489176750183,-0.5498256683349609,-0.15257246792316437,
