-0.3887913227081299,-0.16368682384490968,-0.12771446704864503,-0.30407533049583435,-0.060205962508916855,0.43061548471450806,
-0.34063994884490967,-0.16082961559295655,-0.13277432918548585,-0.28376874327659607,-0.09968732297420502,0.534545361995697,
-0.0717305600643158,-0.14991369247436523,-0.011587906628847122,-0.25307580828666687,-0.06666412949562073,0.5175011157989502,
0.3308377265930176,-0.04996280670166016,-0.018830418586730957,-0.2587350308895111,-0.15707844495773315,0.3051805794239044,
0.720361089706421,0.03329365849494934,0.028756314516067506,-0.22990630567073822,-0.20681297779083252,0.13879959285259247,
0.9060891151428223,0.16816511154174807,0.039145395159721375,-0.22158360481262207,-0.04063180088996887,0.052180927246809006,
0.8723326683044434,0.25708034038543703,0.04434336423873902,-0.22684334218502045,0.06915701180696487,-0.07312080264091492,
0.8184012413024903,0.29655418395996097,0.11450378894805908,-0.21053148806095123,-0.056544192135334015,-0.24176546931266785,
0.7256105899810792,0.29677715301513674,0.19651080369949342,-0.21053148806095123,-0.12285690009593964,-0.3271197974681854,
0.3619067192077637,0.18159356117248537,0.17371443510055543,-0.20939964056015015,-0.05547892674803734,-0.35907772183418274,
0.21796736717224122,0.10032788515090943,0.20461709499359132,-0.1759769767522812,0.00344351539388299,-0.3539511263370514,
0.07657328844070435,0.023342546820640565,0.25320138931274416,-0.13822665810585022,-0.028114942833781242,-0.3498232364654541,
-0.15825971364974978,-0.0760794460773468,0.2953383207321167,-0.0773734301328659,-0.10408161580562592,-0.33317849040031433,
-0.2606525897979736,-0.10078463554382325,0.29349493980407715,-0.03988943621516228,-0.11826294660568237,-0.2890365719795227,
-0.34448740482330326,-0.11122140884399415,0.24976844787597657,-0.014389668591320515,-0.08324237912893295,-0.2048141211271286,
-0.4120997428894043,-0.12374553680419922,0.22372233867645264,0.003453511046245694,-0.0516173429787159,-0.13630428910255432,
-0.46627135276794435,-0.13761162757873535,0.21007068157196046,0.013640102930366993,-0.04289548844099045,-0.05154919996857643,
-0.46259789466857915,-0.14445985555648805,0.21633682250976563,0.037941448390483856,-0.0949602872133255,-0.004677562043070793,
-0.45937571525573734,-0.15618172883987427,0.2531611919403076,0.07595807313919067,-0.10747715085744858,0.042060915380716324,
-0.44126334190368655,-0.16095665693283082,0.2687769651412964,0.09526599198579788,-0.040298908948898315,0.11549758166074753,
-0.4516918659210205,-0.16172226667404177,0.25812363624572754,0.13647840917110443,0.12641498446464539,0.25524696707725525,
-0.4128600597381592,-0.1560832738876343,0.27556419372558594,0.1736295074224472,0.15104922652244568,0.30285099148750305,
-0.33457958698272705,-0.1326408863067627,0.28417692184448246,0.1892089992761612,0.11230022460222244,0.33121365308761597,
-0.12276735305786134,-0.030921533703804016,0.20691626071929933,0.20092691481113434,0.1156291738152504,0.32448917627334595,
0.1200036883354187,0.048856434226036076,0.13499759435653688,0.21004770696163177,0.05763896182179451,0.2518503963947296,
0.4804536819458008,0.09950771927833557,0.057945460081100464,0.2324182689189911,0.06955660879611969,0.1494518667459488,
1.1603275299072267,0.25418801307678224,-0.11285483837127686,0.22269773483276367,0.11736035346984863,-0.06579813361167908,
1.276960849761963,0.3965020179748535,-0.20177764892578126,0.19599953293800354,0.067226342856884,-0.2724594473838806,
1.0812368392944336,0.4552982807159424,-0.2538651704788208,0.14213711023330688,-0.005211641546338797,-0.4282543659210205,
0.8678321838378906,0.4110283374786377,-0.3164078235626221,0.08095097541809082,-0.020857714116573334,-0.5378434062004089,
0.4747994899749756,0.11769658327102661,-0.3143567323684693,0.03228170797228813,-0.015065337531268597,-0.6235972046852112,
0.23909506797790528,-0.03444561958312988,-0.20527379512786867,0.01763431914150715,-0.044160373508930206,-0.5886432528495789,
-0.03654811382293701,-0.15640711784362793,-0.13614743947982788,0.0021879859268665314,-0.0628025010228157,-0.5425039529800415,
-0.19934684038162231,-0.22521300315856935,-0.09627609252929688,0.011375891976058483,-0.06420066207647324,-0.5024899840354919,
-0.37427883148193364,-0.31797118186950685,0.012451118230819702,0.024358801543712616,-0.03503904491662979,-0.4088132977485657,
-0.42921261787414555,-0.3456146717071533,0.016098643839359283,0.01577010750770569,0.002311788499355316,-0.31413793563842773,
-0.49944462776184084,-0.3435426473617554,0.006395664066076279,0.005916411988437176,0.008370480500161648,-0.22199253737926483,
-0.5730943202972413,-0.3552470684051514,0.03368429243564606,0.01337326318025589,-0.01186954416334629,-0.11053924262523651,
-0.5664061069488525,-0.35636978149414067,0.047189715504646304,0.012707472778856754,-0.007541907951235771,-0.028380725532770157,
-0.5610214233398437,-0.3589622735977173,0.02874736487865448,0.007847203873097897,0.007771268952637911,0.05484306067228317,
-0.5936836242675781,-0.3454412937164307,0.020731841027736665,-0.015388877131044865,0.008903113193809986,0.1692924201488495,
-0.6162078857421875,-0.3559759140014649,0.00422559529542923,-0.022845730185508728,-0.004612430464476347,0.2571101486682892,
-0.5933565616607667,-0.36320290565490726,0.031106889247894287,-0.012126504443585873,-0.015997445210814476,0.35138604044914246,
-0.6018454551696778,-0.36646537780761723,0.027639394998550417,-0.022512834519147873,-0.00028479364118538797,0.447393000125885,
-0.598094129562378,-0.3648864269256592,-0.03375510275363922,-0.06332551687955856,0.055841270834207535,0.5992602705955505,
-0.558637809753418,-0.3887171030044556,-0.034606358408927916,-0.08289974927902222,0.09059552103281021,0.7264262437820435,
-0.4815398693084717,-0.39843411445617677,-0.014490112662315369,-0.06911788880825043,0.0047751544043421745,0.7784244418144226,
0.1835387945175171,-0.29770522117614745,0.0689635455608368,-0.014123613946139812,-0.015131975524127483,0.627090334892273,
0.7248268127441406,-0.14486169815063477,-0.053162217140197754,-0.05047576501965523,0.01789122261106968,0.4782196283340454,
1.0119166374206543,-0.01151920184493065,-0.15998775959014894,-0.019449936226010323,-0.07305572926998138,0.30258414149284363,
1.4538742065429688,0.40176892280578613,-0.05445753931999207,-0.01465624663978815,-0.028847254812717438,0.035069603472948074,
1.3537886619567872,0.5582298755645753,-0.12478518486022949,-0.05187392234802246,0.08080840110778809,-0.12212347984313965,
1.0721933364868164,0.5780758380889893,-0.09698842763900757,-0.01612098515033722,0.019555699080228806,-0.2637370526790619,
0.8241769790649415,0.5014535903930665,0.017244930565357208,0.020364321768283844,-0.07365494221448898,-0.38078299164772034,
0.3648258447647095,0.2620915412902832,-0.004191233590245247,-0.0012738618534058332,-0.11087261885404587,-0.4094119668006897,
0.12357617616653443,0.1377507209777832,-0.0265943318605423,-0.022246256470680237,-0.08304258435964584,-0.38684168457984924,
-0.0312760978937149,0.0367202639579773,0.012532016634941101,-0.02564178593456745,-0.061138082295656204,-0.3540182113647461,
-0.1474051833152771,-0.046898829936981204,0.059581607580184937,-0.008464396931231022,-0.07911442220211029,-0.31706687808036804,
-0.34113609790802,-0.15890047550201417,0.17314622402191163,0.02895301766693592,-0.11719762533903122,-0.23876993358135223,
-0.4110284328460694,-0.18685774803161623,0.19651833772659302,0.05645015463232994,-0.10774340480566025,-0.16526669263839722,
-0.44717974662780763,-0.20508990287780762,0.20260517597198488,0.07029859721660614,-0.06766282767057419,-0.09222950041294098,
-0.5205234050750732,-0.23255865573883058,0.19579360485076905,0.079686239361763,0.012232005596160889,0.037666186690330505,
-0.5567277908325196,-0.2415121078491211,0.18122607469558716,0.09613125771284103,0.043257832527160645,0.1393323689699173,
-0.5509174823760986,-0.23246374130249026,0.19767432212829592,0.10844805091619492,0.05657371133565903,0.21762865781784058,
-0.45882945060729985,-0.2069767475128174,0.21698648929595948,0.15032626688480377,0.061833456158638,0.2846071720123291,
-0.43014183044433596,-0.19119366407394411,0.27131161689758304,0.21524082124233246,0.1099700927734375,0.3556469976902008,
-0.3827718734741211,-0.18041672706604006,0.28771722316741943,0.2575185000896454,0.2212236523628235,0.4278186559677124,
-0.28586146831512455,-0.17101057767868044,0.26233017444610596,0.2758277356624603,0.26609790325164795,0.4555155336856842,
0.17714588642120363,-0.12763184309005737,0.15583711862564087,0.2824190557003021,0.11103536188602448,0.2870705723762512,
0.544524097442627,-0.04942413568496704,0.07413487434387207,0.2792232632637024,0.1954575628042221,0.20857390761375427,
0.7218113899230958,0.05171676278114319,-0.04557575881481171,0.2571190297603607,0.36769750714302063,0.17049071192741394,
0.8167317390441895,0.14368817806243897,-0.1501305103302002,0.2881448566913605,0.2996537387371063,-0.022255580872297287,
1.0229400634765626,0.2752555847167969,-0.15349465608596802,0.3065206706523895,0.004575490020215511,-0.24236585199832916,
0.7159101009368897,0.2741331815719605,-0.35230958461761475,0.1734291911125183,0.06869109719991684,-0.23364399373531342,
0.3865872859954834,0.23746252059936523,-0.6948805809020997,0.06637010723352432,0.13553644716739655,-0.2918340563774109,
0.30759055614471437,0.15895569324493408,-0.5278700828552246,0.031216377392411232,0.013430500403046608,-0.3310491144657135,
0.1262727737426758,0.0708669900894165,-0.4629067420959473,-0.010994726791977882,-0.09436094760894775,-0.3290517330169678,
-0.02437628656625748,0.014739841222763062,-0.4195370674133301,-0.035628966987133026,-0.13577310740947723,-0.3152698874473572,
-0.2006138563156128,-0.09211979508399964,-0.26251795291900637,-0.05214056745171547,-0.11706439405679703,-0.2775861620903015,
-0.2924707651138306,-0.1353423237800598,-0.22038278579711915,-0.074577696621418,-0.013201110996305943,-0.16040706634521484,
-0.36827564239501953,-0.1582315802574158,-0.19777114391326905,-0.08829297870397568,-0.004146362654864788,-0.10288278758525848,
-0.4047261714935303,-0.1760698676109314,-0.1696183204650879,-0.13183565437793732,-0.048088520765304565,-0.062202997505664825,
-0.40653996467590336,-0.1782887578010559,-0.18324100971221924,-0.1624610424041748,-0.11466777324676514,-0.02904471382498741,
-0.42968339920043946,-0.18063143491744996,-0.16745792627334596,-0.1635928899049759,-0.16007466614246368,0.028346410021185875,
-0.48153080940246584,-0.1922250747680664,-0.13214169740676882,-0.19148950278759003,-0.09595906734466553,0.1365373283624649,
-0.4424663543701172,-0.1838457465171814,-0.1941018342971802,-0.25713640451431274,0.010500805452466011,0.20378214120864868,
-0.4013538837432862,-0.1750505566596985,-0.21408669948577883,-0.275046169757843,0.003709744429215789,0.2671653926372528,
