0.19967377185821533,-0.07262434363365174,-0.10082076787948609,-0.40953999757766724,-0.17691822350025177,0.24225659668445587,
0.356601095199585,-0.0020258940756320955,0.00980069562792778,-0.3689933717250824,-0.2613404393196106,0.1666228175163269,
0.6403995037078858,0.15868765115737915,0.2677088022232056,-0.29888564348220825,-0.3054157793521881,0.033464767038822174,
0.7541866779327393,0.20941634178161622,0.2530385971069336,-0.2870346009731293,-0.17132557928562164,-0.07159694284200668,
0.5570885181427002,0.18172612190246584,0.3971015453338623,-0.20434343814849854,-0.17372243106365204,-0.1590152084827423,
0.42947082519531254,0.16834708452224734,0.47100739479064946,-0.13643282651901245,-0.2648691236972809,-0.23025476932525635,
0.2951343297958374,0.14998490810394288,0.43104276657104496,-0.122850701212883,-0.2445625215768814,-0.25921663641929626,
0.07085121273994446,0.0516524612903595,0.3712263822555542,-0.09894882887601852,-0.10467997938394547,-0.2533576786518097,
-0.017395775020122527,-0.004260583594441414,0.3835018157958985,-0.04149112477898598,-0.10121786594390869,-0.23258504271507263,
-0.15811594724655154,-0.06167274117469788,0.35007143020629883,0.05271819978952408,-0.18830323219299316,-0.2281908243894577,
-0.14855637550354003,-0.05769522786140442,0.2652564764022827,0.05724557116627693,-0.12645132839679718,-0.22346371412277222,
-0.21895449161529543,-0.11764166355133057,0.20989577770233156,0.08148033916950226,-0.05181623250246048,-0.16720442473888397,
-0.26077728271484374,-0.15410996675491334,0.2525700569152832,0.14106856286525726,-0.05667650327086449,-0.10275592654943466,
-0.276307487487793,-0.19239726066589358,0.2607670545578003,0.19706152379512787,-0.046623069792985916,-0.0644729882478714,
-0.2479045629501343,-0.22227795124053956,0.17222318649291993,0.21337497234344482,0.04938353970646858,-0.015800630673766136,
-0.2626127481460571,-0.22920899391174318,0.09999114871025086,0.18201623857021332,0.11789336055517197,0.04152391478419304,
-0.3043306350708008,-0.2493980884552002,0.18355200290679932,0.2390744686126709,0.12242073565721512,0.11302978545427322,
-0.2913702964782715,-0.25019919872283936,0.20779223442077638,0.2847476899623871,0.163832888007164,0.16755801439285278,
-0.25770225524902346,-0.22900054454803467,0.10585249662399293,0.24020631611347198,0.3119046688079834,0.23180676996707916,
-0.20602908134460451,-0.11399730443954469,-0.14364707469940186,0.12455854564905167,0.5654375553131104,0.36523115634918213,
-0.09117825627326966,-0.06477470397949218,-0.12237046957015991,0.14666278660297394,0.41496899724006653,0.3698250949382782,
0.15062334537506106,-0.0033752892166376116,-0.040241736173629764,0.16244201362133026,0.32135888934135437,0.3013818562030792,
0.9196665763854981,0.14156777858734132,-0.3018169164657593,0.10571667551994324,0.288402259349823,0.112896628677845,
1.2426801681518556,0.13554621934890748,-0.2518845796585083,0.16470569372177124,0.08034279197454453,-0.1519547402858734,
1.3476574897766114,0.28500189781188967,-0.2189055919647217,0.13873986899852753,0.03034193627536297,-0.48145437240600586,
1.0250984191894532,0.15822322368621827,-0.3508217573165894,0.0934661328792572,0.09246017783880234,-0.5777276158332825,
0.3748796939849854,-0.16508243083953858,-0.18494193553924562,0.10618273168802261,-0.006076790392398834,-0.6288602948188782,
0.07395018935203553,-0.257486891746521,-0.1428661584854126,0.0946645587682724,-0.09342847019433975,-0.6064231395721436,
-0.1354083299636841,-0.2989365100860596,-0.1549156188964844,0.059177931398153305,-0.10354848206043243,-0.5690723061561584,
-0.38896803855896,-0.36152889728546145,-0.1653401255607605,0.012106560170650482,-0.06886081397533417,-0.4516269564628601,
-0.4724911689758301,-0.39258430004119876,-0.12349086999893188,0.026620788499712944,-0.07551871240139008,-0.33324944972991943,
-0.5393024921417237,-0.4060499668121338,-0.050394606590271,0.037340011447668076,-0.11020638793706894,-0.19656269252300262,
-0.5082211494445801,-0.40967693328857424,-0.07279043793678285,0.025754408910870552,-0.09875460714101791,-0.13005191087722778,
-0.4816763401031494,-0.4038002967834473,-0.09098103046417237,-0.005870628170669079,-0.05680982023477554,-0.05048997700214386,
-0.5033918380737304,-0.402592134475708,-0.09959268569946289,-0.035231977701187134,-0.04136348515748978,0.06176226586103439,
-0.5078008651733399,-0.4084098815917969,-0.030541944503784182,0.0037167517002671957,-0.08357459306716919,0.15224316716194153,
-0.5305731296539307,-0.40940556526184085,0.0030564118176698686,0.024888882413506508,-0.08357459306716919,0.24871617555618286,
-0.5247169017791748,-0.38264892101287845,-0.11838546991348267,-0.03769540414214134,0.038864243775606155,0.4010489881038666,
-0.529097318649292,-0.3816896438598633,-0.15321352481842043,-0.08037256449460983,0.06609506905078888,0.5091068148612976,
-0.4217560768127442,-0.41744499206542973,-0.011958427727222443,-0.027109339833259583,0.036334238946437836,0.6143682599067688,
-0.24281203746795654,-0.38544764518737795,-0.08052194118499756,-0.08037256449460983,0.07601533830165863,0.6471251249313354,
-0.02481718510389328,-0.3344443798065186,-0.17894225120544435,-0.11186444759368896,0.04652082920074463,0.592397153377533,
0.6243695735931397,-0.1685676455497742,-0.07341801524162293,-0.047815416008234024,-0.09416065365076065,0.41942480206489563,
0.8211261749267579,0.017301575839519502,-0.09893307685852051,-0.06958676129579544,0.0124989477917552,0.33240601420402527,
0.9070351600646973,0.1961650013923645,-0.2028520107269287,-0.0879625752568245,0.030009232461452484,0.22288350760936737,
1.0120549201965332,0.39916534423828126,-0.060317569971084596,-0.04182330146431923,-0.15421493351459503,-0.06027709320187569,
0.9097230911254883,0.43797802925109863,-0.040844386816024786,-0.05014568194746971,-0.09609144926071167,-0.14663009345531464,
0.7240387439727783,0.4202169895172119,-0.09701175093650818,-0.07031913101673126,-0.04049795866012573,-0.21973386406898499,
0.4198008537292481,0.20369584560394288,-0.009240184724330903,-0.05134410411119461,-0.17065995931625366,-0.3280579447746277,
0.23112840652465821,0.10383280515670777,0.056717044115066534,-0.04055830091238022,-0.19842341542243958,-0.3335840106010437,
-0.029207661747932434,-0.01109696999192238,0.054468107223510746,-0.03876066580414772,-0.08224301040172577,-0.29483500123023987,
-0.12034848928451539,-0.07492091655731202,0.10182023048400879,-0.004072798416018486,-0.07505252212285995,-0.25821617245674133,
-0.27432165145874027,-0.16856595277786257,0.18884304761886597,0.0515206903219223,-0.19223161041736603,-0.22599190473556519,
-0.312490177154541,-0.19365438222885134,0.17761486768722534,0.07009623944759369,-0.18623949587345123,-0.18125079572200775,
-0.4174208164215088,-0.25310935974121096,0.15542365312576295,0.12136209011077881,-0.08670385181903839,-0.037639837712049484,
-0.44995737075805664,-0.26793684959411623,0.17975629568099977,0.14506423473358154,-0.0068090143613517284,0.06356028467416763,
-0.4509361267089844,-0.2810121774673462,0.17275155782699586,0.15571686625480652,0.028744187206029892,0.12088483572006226,
-0.2992009162902832,-0.28654115200042723,0.1710286855697632,0.14499765634536743,0.0504489503800869,0.139194056391716,
-0.2744080781936646,-0.29196574687957766,0.1762643575668335,0.16976504027843475,0.06030264496803284,0.1963188648223877,
-0.222491192817688,-0.2929211139678955,0.30935339927673344,0.24899409711360931,0.1901317536830902,0.290994256734848,
-0.06863880157470703,-0.2836300373077393,0.29630231857299805,0.3152402341365814,0.33068010210990906,0.30184662342071533,
0.21041414737701417,-0.1450887680053711,0.13322746753692627,0.3126436471939087,0.42448994517326355,0.29465609788894653,
0.30634403228759766,-0.05313346385955811,0.002544428035616875,0.31723758578300476,0.3971925377845764,0.2729513347148895,
0.5023759841918946,0.010931402444839478,0.01694147884845734,0.38341715931892395,0.29206424951553345,0.17068594694137573,
0.787583875656128,0.06532758474349976,-0.07773571610450745,0.3535897433757782,0.2720905542373657,0.019951023161411285,
0.8713507652282715,0.1322032928466797,-0.5289645195007324,0.2723633348941803,0.2532486915588379,-0.1135399267077446,
0.7204582214355469,0.14561023712158203,-0.5676496505737305,0.20525166392326355,0.19086411595344543,-0.20961347222328186,
0.5729681491851807,0.1346534013748169,-0.5971132755279541,0.13301342725753784,0.15497802197933197,-0.28344962000846863,
0.29671750068664554,0.03776966631412507,-0.5219388484954834,0.08028282970190048,0.12654878199100494,-0.31494149565696716,
0.16280407905578614,-0.02542548179626465,-0.4800627708435059,0.027951322495937347,0.0981862023472786,-0.3052217364311218,
0.057244366407394415,-0.0879241168498993,-0.43200688362121586,-0.0027416101656854153,0.03253927826881409,-0.28677934408187866,
-0.020712007582187653,-0.15833593606948854,-0.3383924722671509,0.009309194050729275,-0.0353713296353817,-0.2845156490802765,
-0.13426948785781861,-0.20477695465087892,-0.2777103900909424,-0.03896060213446617,-0.05001871660351753,-0.2554871737957001,
-0.17280288934707644,-0.2169128179550171,-0.3260008573532105,-0.09581909328699112,-0.0341729074716568,-0.2243282049894333,
-0.21533849239349367,-0.23286545276641846,-0.2927283763885498,-0.11752385646104813,-0.04309449717402458,-0.17825551331043243,
-0.2497368097305298,-0.24795045852661135,-0.23683950901031495,-0.1257796436548233,-0.06220267713069916,-0.13764230906963348,
-0.30669162273406986,-0.2592901945114136,-0.2262828588485718,-0.15434205532073975,-0.08151059597730637,-0.06886617094278336,
-0.3195170879364014,-0.2596479415893555,-0.2353930950164795,-0.19402314722537994,-0.08257585763931274,-0.01726742647588253,
-0.31690940856933597,-0.26673452854156493,-0.2435250520706177,-0.22398371994495392,-0.07764901220798492,0.03972422331571579,
-0.3090584754943848,-0.28746354579925537,-0.20187041759490967,-0.24089479446411133,-0.06866084039211273,0.11176272481679916,
-0.3021986722946167,-0.28201301097869874,-0.204848051071167,-0.25960350036621094,-0.07545190304517746,0.17501281201839447,
-0.2770020723342896,-0.27309207916259765,-0.20039796829223633,-0.2700563967227936,-0.1082087829709053,0.22847576439380646,
-0.24666922092437746,-0.2667069673538208,-0.17147287130355837,-0.2647300660610199,-0.12671776115894318,0.2583697438240051,
-0.13503797054290773,-0.21168191432952882,-0.16789966821670532,-0.27844536304473877,-0.12731696665287018,0.3148953318595886,
-0.014796565473079682,-0.16967097520828248,-0.2054833173751831,-0.32817989587783813,-0.15834279358386993,0.29039427638053894,
0.19393804073333742,-0.11881352663040162,-0.2174414873123169,-0.3588062524795532,-0.2766537368297577,0.19884809851646423,
