1.430592727661133,-0.21583545207977295,-0.7283458709716797,-0.8430287837982178,-0.179367333650589,0.14402145147323608,
1.7572494506835938,-0.19653964042663574,0.07874605655670167,-0.623184859752655,-0.15459993481636047,-0.21051186323165894,
1.1121742248535156,-0.09304764270782472,0.6934998989105225,-0.24521571397781372,-0.21571947634220123,-0.20578475296497345,
0.20772125720977785,0.005292298644781113,1.0008328437805176,0.10439076274633408,-0.260660320520401,-0.2060510665178299,
0.013583944737911226,-0.04111961126327515,0.6885674953460694,0.18015769124031067,-0.2287023812532425,-0.16257496178150177,
-0.12380853891372681,-0.07115694284439088,0.4259263038635254,0.17756110429763794,-0.1782354861497879,-0.10471779108047485,
-0.18675392866134644,-0.07873177528381348,0.2906038522720337,0.16624267399311066,-0.14188332855701447,-0.07042959332466125,
-0.21053931713104249,-0.08949517011642456,0.21908535957336428,0.1387455314397812,-0.09847381711006165,-0.04040244594216347,
-0.1644228458404541,-0.0802547812461853,0.171211838722229,0.0744302049279213,-0.059591662138700485,-0.03361138701438904,
-0.15754669904708862,-0.07599905729293824,0.12097569704055787,0.03261857479810715,-0.035223737359046936,-0.026420850306749344,
-0.131041157245636,-0.07110995650291443,0.16347767114639283,0.03714594617486,-0.011255287565290928,-0.017166366800665855,
-0.10541571378707887,-0.05568997859954834,0.19172482490539552,0.06457650661468506,0.01590895466506481,-0.015568469651043415,
-0.07271134853363037,-0.05077271461486817,0.17680552005767824,0.07589494436979294,0.04786688834428787,-0.027086641639471054,
-0.02893740236759186,-0.044548976421356204,0.1409543037414551,0.05825150012969971,0.06677532941102982,-0.02928375080227852,
-0.02409277856349945,-0.03015839457511902,0.06573994159698486,0.05045982077717781,0.08042442053556442,-0.030885376036167145,
-0.029142445325851443,-0.029894918203353882,0.08454098701477052,0.07602616399526596,0.074898362159729,-0.03055248036980629,
-0.031010067462921145,-0.028907409310340883,0.08278456926345826,0.084681436419487,0.06990493088960648,-0.0354127511382103,
-0.05631675124168396,-0.023499810695648195,0.0010336420498788356,0.03681112080812454,0.08728206157684326,-0.047197237610816956,
-0.08215996026992799,-0.03549650013446808,-0.020718963444232942,-0.03269738703966141,0.11344762146472931,-0.051524873822927475,
-0.12994935512542724,-0.06742941737174989,0.008251116424798966,-0.07038111984729767,0.13848133385181427,-0.05065934732556343,
-0.19120434522628785,-0.10799105167388917,0.0704343318939209,-0.05273767560720444,0.15865477919578552,-0.04320249333977699,
-0.4018139362335205,-0.15864593982696534,0.1864234209060669,0.07529379427433014,0.22423511743545532,0.1643909215927124,
-0.5729371070861816,-0.0868367612361908,0.2068501949310303,0.07782379537820816,0.31045496463775635,0.5422934889793396,
-0.420534086227417,0.2137436866760254,0.07952075600624085,-0.05679899454116821,0.1440073847770691,0.09208609163761139,
3.0118804931640626,0.31118497848510746,-0.5148656368255615,-0.34222328662872314,0.42190825939178467,-0.7730417847633362,
1.6574436187744142,0.5280712127685547,-0.32875320911407474,0.08155222237110138,0.3840913772583008,-0.5966073870658875,
0.4731374740600586,0.47984032630920415,0.45623497962951665,0.3517964780330658,-0.09394605457782745,-0.621973991394043,
0.4593647956848145,-0.03006495237350464,0.15389777421951295,0.2856835126876831,-0.04074941202998161,-0.5619196891784668,
-0.2550912380218506,-0.41383957862854004,-0.2572312593460083,0.20232658088207245,-0.01611516997218132,-0.388215035200119,
-0.3128807783126831,-0.43761878013610844,-0.059864884614944464,0.2128460705280304,-0.1766372174024582,-0.3115159869194031,
-0.2851329803466797,-0.41541771888732915,0.05374394059181214,0.1713007539510727,-0.2267046421766281,-0.2588519752025604,
-0.1728205442428589,-0.349248218536377,0.030484047532081605,0.10964857041835785,-0.13562452793121338,-0.2021932154893875,
-0.15063228607177737,-0.30969874858856206,0.09583060145378114,0.12030121684074402,-0.08668894320726395,-0.14273814857006073,
-0.15215244293212893,-0.2621039867401123,0.16323059797286987,0.12496061623096466,-0.09041713923215866,-0.11044949293136597,
-0.049954074621200564,-0.23210954666137695,0.1039845108985901,0.05485290288925171,-0.0527334101498127,-0.09174078702926636,
-0.031171199679374696,-0.24243175983428955,0.06767481565475464,0.004319420084357262,0.01970457285642624,-0.06823839247226715,
-0.04620071053504944,-0.26529181003570557,0.09961735010147095,-0.04648037627339363,0.08075753599405289,-0.047998372465372086,
-0.17119442224502565,-0.4082647323608399,0.1009445071220398,-0.1299038976430893,0.1380820870399475,0.024040136486291885,
-0.3278140306472779,-0.4200422763824463,0.11861568689346313,-0.19275450706481934,0.13608472049236298,0.18316401541233063,
-0.45455193519592285,-0.4179591178894043,0.12748732566833496,-0.1805705428123474,0.12383417040109634,0.33802685141563416,
-0.4278148174285889,-0.39305005073547367,0.18143272399902344,-0.1245775818824768,0.10106414556503296,0.39868032932281494,
0.0019344959408044817,-0.20074982643127443,0.24506042003631592,0.001722838031128049,0.055191196501255035,0.38010478019714355,
0.15927189588546753,-0.07381780743598938,0.18492517471313477,0.04659710451960564,0.0651780441403389,0.3004762828350067,
0.2734706401824951,-0.004722994938492775,0.07906872034072876,-0.023643771186470985,0.12323495745658875,0.23343117535114288,
0.241599178314209,0.007343050837516785,-0.07738723754882813,-0.10393808037042618,0.16957397758960724,0.2220461666584015,
-0.08453179001808167,-0.10658833980560303,-0.01910330355167389,-0.09794597327709198,0.14067867398262024,0.32291340827941895,
-0.2749300241470337,-0.16155389547348023,0.03317633867263794,-0.027372196316719055,0.12150390446186066,0.6005479097366333,
-0.6064204692840577,-0.07366698384284974,-0.11106779575347901,-0.12158152461051941,0.0639796257019043,0.9765197038650513,
0.48830852508544925,-0.014292356371879578,-0.3327319383621216,-0.31006675958633423,-0.17017881572246552,0.28982362151145935,
2.426436424255371,0.17345134019851685,-0.2493419647216797,-0.2202516347169876,0.14454025030136108,-0.35779058933258057,
2.4629600524902346,0.5737055778503418,0.04798141121864319,0.04573157802224159,0.11058494448661804,-0.3927445709705353,
0.7498485088348389,0.41689229011535645,0.2922412157058716,0.13334958255290985,-0.06398526579141617,-0.49734023213386536,
0.48992857933044437,0.008514080941677094,0.025580623745918275,0.1104469895362854,-0.02157454378902912,-0.4967398941516876,
-0.05239917635917664,-0.22802393436431886,0.0009358572773635388,0.12642595171928406,-0.015981905162334442,-0.35552576184272766,
-0.39349300861358644,-0.41842379570007326,0.14089878797531127,0.17975576221942902,-0.06112248823046684,-0.2324211150407791,
-0.39349300861358644,-0.41842379570007326,0.14089878797531127,0.18528181314468384,-0.08881936222314835,-0.18774659931659698,
-0.3562321662902832,-0.4081133842468262,0.08204389214515687,0.14500150084495544,-0.08562356978654861,-0.11930335313081741,
-0.2759809970855713,-0.3586711168289185,0.06746619939804077,0.10179171711206436,-0.02656797133386135,-0.07755830138921738,
-0.2582337141036987,-0.2617754697799683,0.045247709751129156,0.012575820088386536,0.016308922320604324,0.002003636211156845,
-0.22466933727264404,-0.22843608856201172,0.043344327807426454,-0.011326051317155361,0.01164839044213295,0.036424994468688965,
-0.1495235562324524,-0.21879193782806397,0.10035325288772584,0.003654229687526822,0.02549682930111885,0.054467909038066864,
-0.1023174524307251,-0.18137693405151367,0.14006630182266236,-0.006532361730933189,0.06338029354810715,0.06518713384866714,
-0.06266600489616395,-0.1125992774963379,0.06419629454612732,-0.03203212842345238,0.08674953132867813,0.09354980289936066,
-0.056649899482727056,-0.08057900071144104,0.07374231219291687,-0.04914293810725212,0.10186297446489334,0.10500139743089676,
-0.024845050275325777,-0.051089036464691165,0.07898330092430116,-0.04667951539158821,0.13162380456924438,0.11165929585695267,
0.018742391467094423,-0.022417026758193973,0.14065697193145751,-0.005333939101547003,0.1635817438364029,0.11199219524860382,
0.013092397153377533,-0.03345475196838379,0.16711207628250124,0.08481406420469284,0.13788223266601562,0.10193876177072525,
-0.00043944427743554116,-0.04843605756759644,0.19268583059310915,0.15845046937465668,0.09034480154514313,0.08109952509403229,
-0.048934900760650636,-0.11307257413864136,0.1140419602394104,0.2067868411540985,0.028226569294929504,0.052137646824121475,
-0.11522154808044434,-0.14466720819473267,0.08421916365623475,0.18588103353977203,0.03368604555726051,0.07843635976314545,
-0.21120569705963135,-0.16696327924728394,0.04632499516010285,0.15159283578395844,0.08981216698884964,0.15666672587394714,
-0.4407832622528076,-0.20624294281005862,0.052620446681976324,0.1038556694984436,0.24161235988140106,0.4392281174659729,
-0.6410156250000001,-0.11233426332473756,-0.008852729946374894,0.034944839775562286,0.337819367647171,0.8424943089485168,
-0.4050634384155274,-0.04308895766735077,0.09182673692703247,0.16843579709529877,-0.032692935317754745,0.548015296459198,
2.0780561447143557,0.29919302463531494,0.6272401332855225,0.36564287543296814,-0.07317298650741577,-0.2246343195438385,
2.10228271484375,0.37861759662628175,0.07040123343467712,0.34700074791908264,0.23815055191516876,-0.44707486033439636,
1.3914879798889161,0.3042881727218628,-0.2693617105484009,0.2720993459224701,0.061116915196180344,-0.5472097396850586,
0.773866081237793,0.042448902130126955,-0.3945877313613892,0.12429389357566833,-0.07417166978120804,-0.5148523449897766,
0.029238834977149963,-0.3886284828186035,-0.42220497131347656,-0.019716542214155197,-0.07956457138061523,-0.44774067401885986,
-0.08606646656990052,-0.5269380569458008,-0.21452651023864747,-0.01738627627491951,-0.0847577378153801,-0.35978975892066956,
-0.23601551055908204,-0.5288168430328369,-0.031966212391853335,0.015037710778415203,-0.14601044356822968,-0.2946088910102844,
-0.3140306949615479,-0.4036374092102051,0.11315022706985474,0.010909811593592167,-0.18855445086956024,-0.1994008719921112,
-0.35537109375000003,-0.3484753847122193,0.09218474626541139,-0.011593900620937347,-0.16378705203533173,-0.0838196873664856,
-0.37068493366241456,-0.2723547458648682,0.0863076388835907,-0.03303235024213791,-0.11178882420063019,-0.006920910440385342,
-0.23636977672576906,-0.15552632808685304,0.11139703989028932,-0.02990313246846199,-0.08462458103895187,0.03209440037608147,
-0.15630521774291994,-0.11848019361495972,0.1278126835823059,-0.020116016268730164,-0.11105645447969437,0.04893889278173447,
-0.11747615337371826,-0.08742398619651795,0.11476700305938721,-0.033365245908498764,-0.11092329770326614,0.06771417707204819,
-0.08108918070793153,-0.06291533708572387,0.08875255584716797,-0.05726711452007294,-0.060922443866729736,0.08529104292392731,
-0.0016785895451903344,-0.05491217374801636,0.07495654821395874,-0.05247342586517334,-0.009057381190359592,0.09647632390260696,
0.03269248306751251,-0.051757133007049566,0.11308468580245973,-0.02677391842007637,-0.005661850795149803,0.08262788504362106,
0.055967158079147344,-0.06216093897819519,0.1131876826286316,-0.028371814638376236,0.0033928968477994204,0.07643603533506393,
0.0086948923766613,-0.09935649037361145,0.03779257535934449,-0.03869156539440155,0.01584317535161972,0.08775446563959122,
-0.0301029771566391,-0.12345443964004517,0.03310205340385437,-0.04128814861178398,0.026296082884073257,0.10719554126262665,
-0.0633230984210968,-0.15007548332214357,0.03009798526763916,-0.05693421885371208,0.03262109309434891,0.12630373239517212,
-0.13119029998779297,-0.19875396490097047,-0.03088982403278351,-0.10966481268405914,0.0686403438448906,0.14820823073387146,
-0.19232875108718872,-0.2543498516082764,-0.08215495347976685,-0.19561833143234253,0.14314228296279907,0.2429501712322235,
-0.2828638792037964,-0.3075973272323609,-0.14343048334121705,-0.3019450306892395,0.21817684173583984,0.3896903693675995,
-0.3134603023529053,-0.31772391796112065,-0.28018765449523925,-0.4426265358924866,0.14107832312583923,0.5219163298606873,
0.07303434014320374,-0.2739847183227539,-0.5738626003265381,-0.6256522536277771,-0.35160645842552185,0.5050052404403687,
0.6551452636718751,-0.18624181747436525,-0.6739342689514161,-0.8922346830368042,-0.2850940227508545,0.3187171220779419,
1.1507205963134766,-0.14144347906112673,-0.7359193325042725,-0.9340463280677795,-0.003731059143319726,0.030829399824142456,
