1.1440434455871582,0.16143612861633302,-0.8931194305419923,-1.240198016166687,-0.2574761211872101,0.013063935562968254,
1.2625699996948243,0.06017364263534546,-0.04468351304531098,-0.8628945350646973,-0.26266929507255554,-0.27841904759407043,
1.2251760482788088,0.022794514894485474,0.8792170524597168,-0.01274694874882698,-0.22531846165657043,-0.4238276481628418,
0.44916653633117676,-0.0400879055261612,1.3688511848449707,0.5186868906021118,-0.23670348525047302,-0.5402743816375732,
0.24041509628295898,-0.21775503158569337,0.6935797691345216,0.515690803527832,-0.16712839901447296,-0.49160510301589966,
-0.033301472663879395,-0.27852137088775636,0.250029468536377,0.41602200269699097,-0.08137460052967072,-0.37009838223457336,
-0.16372992992401125,-0.3370533466339112,0.07369579076766967,0.34318456053733826,-0.04608771577477455,-0.2710287868976593,
-0.20606088638305664,-0.3573501586914063,0.0393858939409256,0.2494412660598755,0.004778663627803326,-0.11024042218923569,
-0.2190882444381714,-0.3366668939590454,0.038411229848861694,0.19691041111946106,0.08334191888570786,0.05647346377372742,
-0.22917959690093995,-0.23996429443359377,0.062420666217803955,0.18832170963287354,0.07661743462085724,0.1587388515472412,
-0.022856980562210083,-0.16308479309082033,0.09549854397773744,0.19617804884910583,0.013500516302883625,0.15893858671188354,
0.15533740520477296,-0.14510002136230468,0.06687074899673462,0.19444698095321655,-0.000680816825479269,0.04668634384870529,
0.29992003440856935,-0.14249613285064697,0.01610923856496811,0.17640307545661926,0.012502030469477177,-0.04333042725920677,
0.2928826332092285,-0.12931827306747437,-0.023388706147670746,0.1627543717622757,-0.029043283313512802,-0.04313069209456444,
0.1059286117553711,-0.06357383131980897,-0.021228641271591187,0.1483067274093628,-0.04954962432384491,-0.010973021388053894,
0.09759703874588013,-0.08711161017417908,-0.05526140928268433,0.12986433506011963,0.012502030469477177,-0.0052472250536084175,
0.08692935705184937,-0.11307955980300904,-0.08062801957130433,0.06747978180646896,0.08141132444143295,0.025778602808713913,
-0.02344741523265839,-0.10567245483398438,-0.12125601768493653,-0.06780880689620972,0.14925535023212433,0.0792415663599968,
-0.04446488916873932,-0.12008154392242432,-0.11149009466171265,-0.12939441204071045,0.19592726230621338,0.10068000853061676,
-0.021469736099243165,-0.15812203884124756,-0.01910383850336075,-0.10908780246973038,0.212971493601799,0.10920212417840958,
-0.01683087646961212,-0.15954006910324098,0.08509550094604493,-0.10009963065385818,0.23960310220718384,0.09175842255353928,
-0.043366035819053655,-0.241975998878479,0.062061804533004764,-0.16108602285385132,0.32755398750305176,0.1039423793554306,
-0.1231972336769104,-0.2787481784820557,0.02038300484418869,-0.24484243988990784,0.4354785978794098,0.1886974722146988,
-0.23545374870300295,-0.2700283288955689,0.006622967869043351,-0.34970441460609436,0.5195013284683228,0.4380359351634979,
-0.33291130065917973,0.19176892042160035,-0.11567920446395874,-0.603437066078186,0.5621784925460815,0.5524853467941284,
0.8226890563964844,0.6310758590698242,-0.1931428074836731,-0.6916543245315552,0.6306217312812805,-0.43621328473091125,
2.690545463562012,0.7455721855163575,0.07144599556922913,-0.24470928311347961,0.3404703140258789,-0.8505345582962036,
0.4196835517883301,0.8608289718627931,0.93094482421875,0.3607603907585144,0.12968112528324127,-0.690012514591217,
0.314352822303772,0.4223176956176758,0.47284388542175293,0.5049039721488953,0.03134389594197273,-0.7519975900650024,
0.5260942459106446,-0.05132496356964111,0.026025536656379702,0.3716127872467041,0.030811263248324394,-0.7202394008636475,
0.3019399166107178,-0.37629094123840334,-0.26774129867553714,0.23998604714870453,0.05624445527791977,-0.6036595106124878,
0.0458407610654831,-0.5509932041168213,-0.17832871675491335,0.17034578323364258,0.07355471700429916,-0.4459311068058014,
0.025038191676139833,-0.5346385478973389,-0.08229410648345947,0.13825468719005585,0.08394104987382889,-0.30671435594558716,
-0.0016139013692736627,-0.4871406555175781,-0.029867467284202576,0.11175623536109924,0.07242287695407867,-0.19133290648460388,
0.01030728593468666,-0.3736611604690552,0.05101885795593262,0.10995860397815704,0.037468887865543365,-0.09193041920661926,
0.03228949010372162,-0.332752799987793,0.07579675316810608,0.10942596942186356,0.014099647291004658,0.010135229676961899,
0.01944100707769394,-0.25739369392395023,0.07339306473731995,0.10596386343240738,0.014432542957365513,0.08630163967609406,
0.09884425401687623,-0.15091568231582642,0.03174624741077423,0.06861302256584167,0.00957227312028408,0.11346588283777237,
0.1492172122001648,-0.11490362882614136,0.005536974593997002,0.005362947005778551,-0.0053414287976920605,0.10720745474100113,
0.18599765300750734,-0.1092725396156311,-0.02596644163131714,-0.04823317006230354,-8.168545900844038e-05,0.11805983632802963,
0.17921639680862428,-0.09951452612876893,-0.020464667677879335,-0.05162870138883591,0.010837274603545666,0.15134935081005096,
0.1082239031791687,-0.05307271480560303,0.07194077372550965,-0.0503636971116066,0.02768176980316639,0.17844702303409576,
0.1393252968788147,-0.06973638534545899,0.03783609569072724,-0.11194930225610733,0.05477943643927574,0.18756835162639618,
0.15460469722747805,-0.09541072845458985,-0.02354465126991272,-0.15256251394748688,0.08027920126914978,0.21566469967365265,
0.1002639651298523,-0.08243815302848817,0.02453751116991043,-0.1581551432609558,0.08853499591350555,0.24975314736366272,
0.08969805240631104,-0.07587710618972779,0.03663449883460999,-0.16501279175281525,0.06017233803868294,0.23503918945789337,
0.09862566590309144,-0.1135118842124939,0.01553727835416794,-0.13971275091171265,0.011236749589443207,0.2418968379497528,
0.05256590843200684,-0.12095754146575928,0.033378908038139345,-0.12539826333522797,-0.0627991333603859,0.2803795039653778,
-0.002162439376115799,-0.15222002267837526,0.013370101153850556,-0.1051582396030426,-0.12038999050855637,0.36553409695625305,
-0.21975536346435548,-0.27470126152038576,0.01689923405647278,-0.06574345380067825,-0.14988450706005096,0.6313841342926025,
-0.47097644805908206,-0.3181684732437134,0.02601222097873688,-0.0010968181304633617,-0.030507981777191162,0.9146082401275635,
-0.39658229351043706,-0.2524389982223511,0.00034720569383352997,-0.29957062005996704,0.12921510636806488,0.7595456838607788,
0.37845232486724856,0.014050546288490296,-0.3587283849716187,-0.6751428842544556,0.12728431820869446,0.22065503895282745,
2.1099061965942383,0.800260353088379,0.027882719039916994,-0.33798670768737793,0.1629706770181656,-0.4237633943557739,
1.7638818740844728,0.8633935928344727,1.1087613105773926,0.5890597105026245,-0.028244294226169586,-0.6330878734588623,
0.9567886352539063,0.6743204593658447,1.5230492591857911,0.7262125015258789,-0.2082739770412445,-0.751465380191803,
0.3495282411575318,-0.23818030357360842,-0.025973674654960633,0.43872424960136414,-0.13110889494419098,-0.7115845084190369,
0.07731471061706544,-0.40488948822021487,-0.29106874465942384,0.21075765788555145,-0.014529014937579632,-0.5671746134757996,
-0.060579109191894534,-0.47152032852172854,-0.23042166233062744,0.08958382159471512,0.04279552772641182,-0.36484095454216003,
-0.2044367790222168,-0.49462075233459474,0.005296892300248147,0.06934379041194916,0.06703029572963715,-0.12582223117351532,
-0.19721506834030153,-0.46223077774047855,0.08941062688827515,0.09704066812992096,0.051850274205207825,0.01532530877739191,
-0.13456659317016603,-0.4139763832092285,0.13017386198043823,0.12700124084949493,0.043860793113708496,0.07557933032512665,
-0.0333772748708725,-0.357109808921814,0.14778401851654052,0.14384573698043823,0.03587130829691887,0.08676460385322571,
0.10599493980407715,-0.22284433841705323,0.11271340847015382,0.14810679852962494,-0.0024782109539955854,0.1107996329665184,
0.11978164911270142,-0.11974866390228273,0.09292411208152772,0.12873229384422302,0.005511272232979536,0.08756355196237564,
0.19921444654464723,-0.06823067665100098,0.05844335556030274,0.079796701669693,0.027682090178132057,0.06486010551452637,
0.1927353382110596,-0.014376193284988403,-0.03999983966350556,0.049170348793268204,0.04406052827835083,0.07537959516048431,
0.13728293180465698,-0.0010632460936903954,-0.0004410030320286751,0.03219269588589668,0.024219980463385582,0.10107909888029099,
0.10131293535232544,-0.0013590097427368165,0.004965277388691902,-0.017208943143486977,0.04239605367183685,0.0884956568479538,
0.1361212968826294,-0.020367790758609772,-0.02061968743801117,-0.025797639042139053,0.06210344657301903,0.08143828064203262,
0.11320257186889648,-0.05492626428604126,0.06998661160469055,0.019211385399103165,0.05085127428174019,0.11586272716522217,
0.06694671511650085,-0.07431332468986511,0.10618783235549928,0.031062452122569084,0.03573783487081528,0.14868620038032532,
0.048829495906829834,-0.09004035592079163,0.11254539489746095,0.016215328127145767,0.0479217953979969,0.1641991138458252,
0.07477928400039673,-0.14421876668930053,0.09708985090255738,0.010689268819987774,0.0653655007481575,0.18423940241336823,
0.055804550647735596,-0.1821414113044739,0.13757786750793458,0.052966952323913574,0.06276891380548477,0.20774179697036743,
0.013094021379947663,-0.23170924186706543,0.20406241416931153,0.11781492829322815,0.1105060800909996,0.2851066291332245,
-0.17058160305023196,-0.3271973609924317,0.23821718692779542,0.20210397243499756,0.3180994987487793,0.5551511645317078,
-0.3713294506072998,-0.3732925415039063,0.27603175640106203,0.31342411041259766,0.558183491230011,0.8652762770652771,
-0.49954023361206057,-0.29188854694366456,0.34950990676879884,0.3553689122200012,0.3133057951927185,0.653754711151123,
1.4504506111145021,0.11562299728393555,-0.053678822517395024,0.2210790067911148,-0.10634181648492813,-0.0819435715675354,
1.9723936080932618,0.554845666885376,-0.33560872077941895,0.11228886991739273,0.11716397851705551,-0.37768760323524475,
1.7314172744750977,0.8099798202514649,-0.4056153774261475,0.010356374084949493,0.026083871722221375,-0.5461325645446777,
0.6493325710296631,0.1744492292404175,-0.35122005939483647,-0.011681284755468369,-0.154944509267807,-0.5846818089485168,
0.27313401699066164,-0.056563907861709596,-0.20736486911773683,-0.05102948844432831,-0.1585397720336914,-0.5212985873222351,
0.0988660216331482,-0.2216481924057007,-0.15013933181762695,-0.09237506240606308,-0.1410960704088211,-0.41144317388534546,
-0.09678712487220764,-0.40363912582397465,0.002748879045248032,-0.09304085373878479,-0.14728792011737823,-0.28441038727760315,
-0.16094801425933838,-0.39447424411773685,0.11097571849822999,-0.03125551715493202,-0.12991079688072205,-0.08520594239234924,
-0.1439283609390259,-0.36000459194183354,0.18017734289169313,0.020609544590115547,-0.08277284353971481,-0.004578735213726759,
0.02746746838092804,-0.24877784252166749,0.17885355949401857,0.04584299772977829,-0.08430416136980057,0.02717946283519268,
0.09298635721206666,-0.20376923084259035,0.15652518272399904,0.04038258269429207,-0.10587557405233383,0.037164513021707535,
0.11786067485809326,-0.15497415065765383,0.1311814785003662,0.019942820072174072,-0.10654136538505554,0.037830304354429245,
0.1861913800239563,-0.09756043553352356,0.06269925832748413,-0.04017804190516472,-0.06140078231692314,0.0357663556933403,
0.19263604879379273,-0.07636014223098755,0.04563517570495606,-0.09091125428676605,-0.033437591046094894,0.05454164370894432,
0.17396667003631594,-0.0777965247631073,0.05890635251998902,-0.076130710542202,-0.04568813368678093,0.07651272416114807,
0.16011632680892945,-0.13822444677352905,0.1344635009765625,-0.007221422158181667,-0.0527455098927021,0.09748511761426926,
0.15948262214660647,-0.1891919016838074,0.12059706449508667,0.04877154156565666,-0.07398422062397003,0.14009569585323334,
0.120779287815094,-0.24454376697540284,0.08772867918014526,0.09437818080186844,-0.08417081087827682,0.2537460923194885,
0.0099851131439209,-0.29330880641937257,0.035106831789016725,0.1681477278470993,-0.13190796971321106,0.4460263252258301,
-0.2296227216720581,-0.3957329988479614,-0.19932624101638796,0.18832117319107056,-0.5209957957267761,0.6983608603477478,
-0.23204100131988525,-0.4289695739746094,-0.48975601196289065,-0.17679820954799652,-0.5847119092941284,0.7688014507293701,
-0.007884483039379121,-0.4929215908050537,-1.0310959815979004,-0.6572990417480469,-0.2857055366039276,0.7869109511375427,
0.6937084197998047,-0.2144045114517212,-1.1989705085754394,-0.9413251876831055,-0.05494261533021927,0.6967629790306091,
