0.13478442430496215,-0.050137299299240115,-0.1202867865562439,-0.3558109998703003,-0.30794569849967957,0.2086336761713028,
0.39893493652343753,0.018413127958774568,-0.0923362672328949,-0.33017808198928833,-0.20015424489974976,0.17754127085208893,
0.5752606391906738,0.024536974728107452,0.09456909894943238,-0.27498406171798706,-0.2834446132183075,0.02614055760204792,
0.7688772201538087,0.09201967716217041,0.1943728566169739,-0.2649972140789032,-0.2901025414466858,-0.12466094642877579,
0.7602516174316407,0.21712188720703127,0.16634478569030764,-0.2788456380367279,-0.18377581238746643,-0.195767343044281,
0.6030367374420167,0.18419021368026733,0.1915176510810852,-0.25074928998947144,-0.16267025470733643,-0.26347821950912476,
0.4631567478179932,0.1343500256538391,0.27734375,-0.1909613013267517,-0.22492164373397827,-0.32899197936058044,
0.3476650953292847,0.08259016871452332,0.37727448940277103,-0.14029467105865479,-0.21866321563720703,-0.335450142621994,
0.07366052269935608,-0.01030665934085846,0.3748456954956055,-0.07211773842573166,-0.13683758676052094,-0.2961685359477997,
-0.022449523210525513,-0.04572263956069947,0.37655928134918215,-0.02897453121840954,-0.08144384622573853,-0.2661413848400116,
-0.09433638453483582,-0.07038625478744508,0.35173485279083255,-0.009799771942198277,-0.061803027987480164,-0.24303844571113586,
-0.19605774879455568,-0.10772061347961426,0.285938835144043,0.015100784599781036,-0.04948590695858002,-0.227525532245636,
-0.2201037645339966,-0.12367682456970215,0.2635202407836914,0.043862923979759216,-0.03830062970519066,-0.21580763161182404,
-0.24194157123565674,-0.15072625875473022,0.26456098556518554,0.09293167293071747,-0.03530457615852356,-0.1836499571800232,
-0.3185570478439331,-0.1914482355117798,0.2835904359817505,0.13554224371910095,-0.026849040761590004,-0.0874432697892189,
-0.34078845977783206,-0.23467924594879153,0.25161993503570557,0.19146862626075745,-0.011269547045230865,-0.042302682995796204,
-0.3033697366714478,-0.24049837589263917,0.24971270561218262,0.2135062962770462,0.025482075288891792,0.00024131499230861664,
-0.33393650054931645,-0.2528885841369629,0.1770344376564026,0.1869412660598755,0.09212768077850342,0.09718038141727448,
-0.38838365077972414,-0.256039834022522,0.14180383682250977,0.2155705690383911,0.15031768381595612,0.18879376351833344,
-0.3977949380874634,-0.2550238370895386,0.16976402997970583,0.223293736577034,0.2572436034679413,0.27554625272750854,
-0.35104606151580814,-0.18896269798278809,0.07109897136688233,0.16337260603904724,0.3800819218158722,0.367158979177475,
-0.31990644931793216,-0.16576513051986697,0.04479044079780579,0.19999107718467712,0.36057424545288086,0.4378659129142761,
-0.23883938789367676,-0.1367337226867676,0.10379948616027833,0.163705512881279,0.4155019521713257,0.48140859603881836,
0.1289144277572632,-0.01916545480489731,-0.11196495294570924,0.1847444772720337,0.3092418313026428,0.43333855271339417,
0.45377855300903325,0.0843148171901703,-0.10085591077804566,0.18308000266551971,0.17635008692741394,0.2764783501625061,
0.8654676437377931,0.19332784414291382,-0.23153009414672854,0.0782846137881279,0.16097033023834229,0.07560941576957703,
1.1427929878234864,0.3172010898590088,-0.3939093589782715,0.005780047737061977,0.11789369583129883,-0.1496274322271347,
1.2107379913330079,0.3269319534301758,-0.25904211997985843,0.011772159487009048,-0.012867516838014126,-0.33698081970214844,
0.9324515342712403,0.23044323921203613,-0.10045096874237061,0.06516854465007782,-0.05734230950474739,-0.4162764549255371,
0.6753836154937745,0.16366803646087646,-0.016740719974040984,0.09785884618759155,-0.051283616572618484,-0.45995229482650757,
0.4968623161315918,0.04335738718509674,0.001355588808655739,0.08148040622472763,-0.020457526668906212,-0.484653115272522,
0.2230245351791382,-0.15439356565475465,-0.11171760559082032,0.012171633541584015,0.010901195928454399,-0.4993670582771301,
0.07720410227775575,-0.20768363475799562,-0.12750473022460937,0.010840053670108318,-0.02032436802983284,-0.49703681468963623,
-0.06506017446517945,-0.24738063812255862,-0.052422535419464115,0.035341136157512665,-0.06453283876180649,-0.4746662378311157,
-0.28932449817657474,-0.31827855110168457,0.04779736399650574,0.07242565602064133,-0.07625074684619904,-0.4078874886035919,
-0.3723383665084839,-0.32891707420349126,0.0542397141456604,0.06470248848199844,-0.03137648478150368,-0.3119471073150635,
-0.45242176055908206,-0.3261624813079834,0.010770170390605927,0.01130610704421997,0.025215687230229378,-0.2163396179676056,
-0.4961005210876465,-0.3115149974822998,-0.0505685031414032,0.0035826778039336205,0.042326558381319046,-0.1713992953300476,
-0.4872799396514893,-0.284697961807251,-0.0027815993875265122,0.01829664409160614,-0.004944554064422846,-0.10462053120136261,
-0.5015812397003174,-0.3079333066940308,0.002917630784213543,0.017431115731596947,-0.06772857904434204,-0.031716488301754,
-0.5257906913757324,-0.3276365756988526,-0.009056541323661805,0.00890900008380413,-0.09495940059423447,0.02247883938252926,
-0.5031039237976075,-0.3117770433425904,-0.008917124569416046,0.005513469688594341,-0.06280173361301422,0.10057604312896729,
-0.5044488906860352,-0.2927978038787842,-0.01214210018515587,0.007111366372555494,-0.015330882743000984,0.19172272086143494,
-0.5282872676849365,-0.3052002191543579,-0.01984696686267853,-0.0026091719046235085,0.021087847650051117,0.2830025851726532,
-0.53988356590271,-0.3155569076538086,-0.033218806982040404,-0.037097107619047165,0.04299234598875046,0.37707874178886414,
-0.5168720722198487,-0.29648914337158205,-0.0910824477672577,-0.06699109822511673,0.05704052373766899,0.4660283327102661,
-0.44116263389587407,-0.29213767051696776,-0.07504047751426697,-0.08157189935445786,0.08060949295759201,0.5527142286300659,
-0.39498040676116947,-0.27927136421203613,-0.07076240181922913,-0.101079560816288,0.10897216200828552,0.6079081892967224,
-0.07533570528030396,-0.19786845445632936,-0.0721361756324768,-0.08057321608066559,0.06516315788030624,0.5708903074264526,
0.19907398223876954,-0.14557690620422364,-0.029220646619796755,-0.0745811015367508,0.07108869403600693,0.43493592739105225,
0.5320269107818604,-0.014722445607185365,-0.011367559432983398,-0.1727185994386673,0.1292787790298462,0.21589091420173645,
1.175755500793457,0.26390795707702636,-0.10748653411865235,-0.09675192087888718,-0.0008166542975232005,0.0537044033408165,
1.0942597389221191,0.3957571506500244,0.14848577976226807,0.01703164167702198,-0.07851438224315643,-0.08897446095943451,
0.9447504997253419,0.4893510341644287,0.19665585756301882,0.03900272026658058,-0.1293807476758957,-0.1473642736673355,
0.517464017868042,0.4259204387664795,0.04209501147270203,0.04606010019779205,-0.16113895177841187,-0.2320527881383896,
0.3850889205932617,0.3284093141555786,0.014098864793777467,0.004448205232620239,-0.1626036912202835,-0.26787230372428894,
0.23154861927032472,0.21737873554229736,-0.03202669620513916,-0.004672205541282892,-0.15541335940361023,-0.2786563038825989,
-0.006039049476385117,0.04206974804401398,0.07435498833656311,0.02322440594434738,-0.18570682406425476,-0.2877776324748993,
-0.09396852254867555,-0.030297747254371645,0.12970775365829468,0.041001010686159134,-0.19875630736351013,-0.2679370939731598,
-0.17373228073120117,-0.07794925570487976,0.15763245820999147,0.030348362401127815,-0.14808966219425201,-0.21813596785068512,
-0.30562584400177006,-0.14018259048461915,0.13386931419372558,0.0414004847407341,-0.08650406450033188,-0.15774878859519958,
-0.3370149612426758,-0.16375648975372314,0.16981995105743408,0.08487658202648163,-0.08736959844827652,-0.0826476439833641,
-0.3866835355758667,-0.1985689163208008,0.19670547246932985,0.11943110078573227,-0.09955355525016785,-0.007613081485033035,
-0.44097552299499515,-0.22100386619567872,0.1930551290512085,0.12009689211845398,-0.05541166290640831,0.06928569823503494,
-0.41859321594238286,-0.21860239505767823,0.1602473020553589,0.10738029330968857,0.04978320375084877,0.13020551204681396,
-0.3707127332687378,-0.2159775733947754,0.16401644945144656,0.13381217420101166,0.1419951617717743,0.209234818816185,
-0.34915630817413335,-0.21498842239379884,0.19325122833251954,0.1937333047389984,0.1672951877117157,0.30996888875961304,
-0.36802463531494145,-0.18591376543045046,0.26304547786712645,0.23887388408184052,0.21523208916187286,0.37135475873947144,
-0.22506864070892335,-0.15102007389068606,0.22376973628997804,0.1665690541267395,0.4024523198604584,0.34126102924346924,
0.0183806911110878,-0.06955088376998901,0.08222298026084901,0.16184194386005402,0.3417322337627411,0.32867759466171265,
0.18869218826293946,-0.06379641890525818,0.17202632427215578,0.3270910978317261,-0.04475901648402214,0.2369316965341568,
0.39264581203460697,-0.027785509824752808,0.26997382640838624,0.3368782103061676,0.1372014731168747,0.0985138863325119,
0.6676558017730714,0.08671645522117616,0.06567265987396241,0.24320152401924133,0.4452626407146454,0.06382621824741364,
0.7177065372467042,0.20596415996551515,-0.39437117576599123,0.2177017480134964,0.40524864196777344,-0.010742295533418655,
0.6614439010620118,0.1848971486091614,-0.338331151008606,0.21796807646751404,0.010168681852519512,-0.21540622413158417,
0.6869045734405518,0.1745339035987854,-0.29710724353790285,0.11490346491336823,-0.01579708233475685,-0.34230637550354004,
0.4261666297912598,0.11481252908706666,-0.5272569179534913,0.016233347356319427,0.15397943556308746,-0.32672688364982605,
0.2038059949874878,0.053055387735366825,-0.47301855087280276,-0.017189323902130127,0.12794704735279083,-0.2758604884147644,
-0.007835974544286728,-0.007716528326272965,-0.38222072124481205,-0.003274307819083333,0.032139819115400314,-0.28444918990135193,
-0.10555294752120972,-0.08477708697319031,-0.19353686571121217,-0.020718013867735863,-0.020324455574154854,-0.27685919404029846,
-0.18144112825393677,-0.11039332151412964,-0.2171781063079834,-0.05427384376525879,0.002578730694949627,-0.2337825447320938,
-0.24940023422241211,-0.12548619508743286,-0.22813735008239747,-0.08796283602714539,0.04146088287234306,-0.17339536547660828,
-0.3109357833862305,-0.152779221534729,-0.2449147939682007,-0.08556599169969559,0.04572194069623947,-0.12459295243024826,
-0.3613649129867554,-0.20703151226043703,-0.17079237699508668,-0.08523309230804443,0.02561507374048233,-0.06087682023644447,
-0.37743163108825684,-0.19883068799972536,-0.19398401975631716,-0.1464192271232605,0.01869085431098938,-0.02805335819721222,
-0.36790399551391606,-0.1889178514480591,-0.2680662631988526,-0.20980244874954224,0.012232690118253231,0.007100368849933147,
-0.3574693202972412,-0.17778202295303347,-0.2838004112243652,-0.25208011269569397,-0.005211015697568655,0.05876569449901581,
-0.35881197452545166,-0.1571072816848755,-0.2481625318527222,-0.2734519839286804,-0.02811420150101185,0.11116339266300201,
-0.34533536434173584,-0.15636396408081055,-0.22876322269439697,-0.30501043796539307,-0.01260128803551197,0.16322819888591766,
-0.25238215923309326,-0.13613755702972413,-0.23701834678649902,-0.3569420874118805,0.040928252041339874,0.20357508957386017,
-0.17838618755340577,-0.1048126220703125,-0.2598989248275757,-0.39162975549697876,-0.025317883118987083,0.20297588407993317,
-0.08274424076080322,-0.11316887140274048,-0.24492955207824707,-0.41206952929496765,-0.19149912893772125,0.14851422607898712,
0.036355319619178775,-0.1040507435798645,-0.17829415798187256,-0.43137744069099426,-0.2741236984729767,0.09498468786478043,
