-0.25490708351135255,-0.20587065219879153,-0.13081537485122682,-0.32804811000823975,-0.005743356887251139,0.47494861483573914,
0.00434974655508995,-0.17642387151718142,-0.10601676702499391,-0.24861934781074524,-0.16393513977527618,0.3616977035999298,
0.5691654682159424,-0.011590076982975006,0.10437785387039185,-0.17937715351581573,-0.038433659821748734,0.26369336247444153,
0.6923039436340332,0.12380477190017701,-0.03463892936706543,-0.28763464093208313,0.1501847207546234,0.18386511504650116,
0.7663540840148926,0.21321892738342285,-0.1996294379234314,-0.34123075008392334,0.09698808193206787,0.029135458171367645,
0.7453854560852051,0.24495313167572022,0.054634660482406616,-0.2934270203113556,-0.010869942605495453,-0.13271816074848175,
0.6170453071594239,0.2863482475280762,0.049783205986022955,-0.3211238980293274,0.018890883773565292,-0.16381056606769562,
0.42599239349365237,0.26865453720092775,-0.024046793580055237,-0.3350389003753662,0.029676686972379684,-0.22845880687236786,
0.26049749851226806,0.14107673168182375,0.1243598461151123,-0.2706569731235504,-0.10534558445215225,-0.3194723427295685,
0.1297423005104065,0.06627827286720277,0.23879539966583252,-0.2044108659029007,-0.16320276260375977,-0.3188731372356415,
-0.00927310660481453,0.01933088451623917,0.277947735786438,-0.18550242483615875,-0.07059133052825928,-0.2697378098964691,
-0.10836576223373413,-0.001718985289335251,0.20700037479400635,-0.16612792015075684,-0.0028804587200284004,-0.21028272807598114,
-0.2826361656188965,-0.08445637226104737,0.2286665439605713,-0.09202545881271362,-0.03889971226453781,-0.1403081715106964,
-0.29959704875946047,-0.11136535406112671,0.2733797550201416,-0.021718008443713188,-0.11866138875484467,-0.12253157049417496,
-0.31134445667266847,-0.12968522310256958,0.2961788892745972,0.027150999754667282,-0.15088564157485962,-0.09636601060628891,
-0.38067440986633305,-0.15749073028564453,0.2846017360687256,0.09459555894136429,-0.1164642795920372,-0.0072166938334703445,
-0.42510900497436527,-0.17156093120574953,0.29184436798095703,0.14872430264949799,-0.022587850689888,0.07048103213310242,
-0.4192896366119385,-0.1811881184577942,0.27105443477630614,0.15757931768894196,0.016693776473402977,0.11056160926818848,
-0.38098876476287846,-0.2016474485397339,0.19743587970733645,0.19080224633216858,-0.05940605327486992,0.16342535614967346,
-0.3935359716415405,-0.20554757118225098,0.23307199478149415,0.2668355107307434,-0.09828820824623108,0.2057030349969864,
-0.3527216196060181,-0.18109886646270754,0.2575774431228638,0.2708968222141266,0.01209982205182314,0.2556372880935669,
-0.20372722148895264,-0.11681113243103028,0.06966077089309693,0.2294846624135971,0.16962580382823944,0.3459184467792511,
-0.11345994472503662,-0.06774746775627137,0.06279819011688233,0.24419863522052765,0.11336652934551239,0.3236810564994812,
0.13689464330673218,-0.02050989717245102,0.08688912987709047,0.25232183933258057,0.0041767871007323265,0.1738128513097763,
0.8327473640441895,0.2050316333770752,-0.11177676916122437,0.24985843896865845,0.05917106568813324,0.018883442506194115,
1.0766249656677247,0.28901090621948244,-0.23327510356903078,0.1894046813249588,0.19099754095077515,-0.11514014005661011,
1.1826542854309083,0.3388862609863281,-0.3713730573654175,0.13134777545928955,0.18453937768936157,-0.2873800992965698,
1.1093534469604494,0.3630635023117066,-0.40443377494812016,0.1502562165260315,0.038864463567733765,-0.4166100025177002,
0.5999959945678711,0.20119352340698243,-0.19809033870697024,0.14386463165283203,-0.016995344310998917,-0.5053598284721375,
0.40623159408569337,0.11482179164886475,-0.2487222194671631,0.11217301338911057,0.004043629392981529,-0.5200738310813904,
0.2208376169204712,0.005510684847831727,-0.27684502601623534,0.06736532598733902,-0.022055350244045258,-0.5268648862838745,
-0.07636268734931946,-0.16434553861618043,-0.1954111695289612,0.03420896455645561,-0.07665015757083893,-0.5122840404510498,
-0.1728977680206299,-0.22279677391052247,-0.1364067792892456,0.04199871048331261,-0.06206934526562691,-0.48665112257003784,
-0.24610579013824463,-0.27294597625732425,-0.08171630501747132,0.04226502776145935,-0.023852983489632607,-0.41321447491645813,
-0.34730660915374756,-0.30088090896606445,-0.05424724817276001,0.023955795913934708,0.016826802864670753,-0.33025699853897095,
-0.4912139892578125,-0.30211322307586674,-0.09040569663047791,-0.00820187572389841,0.024549970403313637,-0.2257944792509079,
-0.5192386150360108,-0.3001992225646973,-0.08769369721412659,-0.02664426527917385,-0.013067180290818214,-0.14796359837055206,
-0.49117546081542973,-0.3148457288742066,-0.06691663265228272,-0.02278268150985241,-0.04029800370335579,-0.11540646106004715,
-0.47821569442749023,-0.35375909805297856,-0.012571321427822114,-0.013062144629657269,-0.06965935975313187,-0.02212923765182495,
-0.5160177707672119,-0.3576194524765015,0.007726392149925232,-0.011331089772284031,-0.06739567220211029,0.09811248630285263,
-0.5699347496032715,-0.357822060585022,0.006620342284440995,0.005446825176477432,-0.050018541514873505,0.1640923172235489,
-0.566224765777588,-0.352732253074646,0.053875392675399786,0.00637893145903945,0.014363379217684269,0.28719690442085266,
-0.5783981323242188,-0.3446713447570801,-0.00043633235618472104,-0.02251734770834446,0.08613578975200653,0.42075255513191223,
-0.6042918205261231,-0.3308927059173584,-0.04246897697448731,-0.04428869113326073,0.10624265670776367,0.5197555422782898,
-0.5702299594879151,-0.30668506622314456,-0.0628553032875061,-0.05121291056275368,0.06336576491594315,0.6157625317573547,
-0.4794289588928223,-0.3053285360336304,-0.025732269883155825,-0.02697814255952835,-0.029511982575058937,0.6778807640075684,
-0.3576750040054322,-0.2950321197509766,0.011183276772499084,-0.044754743576049805,-0.038766469806432724,0.6882004737854004,
0.30693743228912357,-0.2124037027359009,-0.12246180772781373,-0.07997504621744156,0.07301972061395645,0.5958554148674011,
0.655157470703125,-0.08468257784843446,-0.1538111925125122,-0.06792424619197845,-0.08770205080509186,0.4192878007888794,
0.9128143310546876,0.04596526324748993,-0.10734039545059204,-0.054675016552209854,-0.15268318355083466,0.17787222564220428,
1.1729021072387695,0.20081348419189454,-0.07401713132858277,-0.07365003973245621,-0.03590356931090355,0.04284996539354324,
1.081069850921631,0.4361139297485352,-0.09960601925849916,-0.05993476137518883,0.05271311476826668,-0.08930940926074982,
0.9011166572570801,0.3957110166549683,-0.014697067439556122,-0.014993918128311634,-0.018193546682596207,-0.2288590520620346,
0.7969943046569825,0.3433832883834839,0.06123833060264588,0.021624548360705376,-0.053214117884635925,-0.3100188672542572,
0.41488270759582524,0.2474313497543335,0.028553572297096253,0.00451373727992177,-0.013200121000409126,-0.33445337414741516,
0.2267308235168457,0.17636744976043703,-0.04755340218544007,-0.009334701113402843,-0.012401171959936619,-0.33012574911117554,
0.08583146333694458,0.09937859177589417,-0.02962571382522583,-0.004341273568570614,-0.037434887140989304,-0.31214940547943115,
-0.12576204538345337,-0.034980759024620056,0.07020850777626038,0.021691126748919487,-0.04535779356956482,-0.28937938809394836,
-0.19654134511947632,-0.0947822391986847,0.1164746403694153,0.05744406580924988,-0.040697261691093445,-0.24523749947547913,
-0.27939150333404544,-0.1401233434677124,0.14170669317245485,0.07834988087415695,-0.019391968846321106,-0.16967029869556427,
-0.44020934104919435,-0.17268882989883425,0.11347445249557496,0.08094646036624908,0.007772273384034634,-0.09137336164712906,
-0.483246660232544,-0.17144156694412233,0.08005259633064271,0.07375697046518326,-0.011469298973679543,-0.03504544124007225,
-0.4908533573150635,-0.1696453928947449,0.05722215175628662,0.08454277366399765,-0.07325463742017746,0.022745154798030853,
-0.513286304473877,-0.19168672561645508,0.07869034409523011,0.08534172177314758,-0.06666331738233566,0.11116211116313934,
-0.5005353450775146,-0.19050722122192384,0.0788881003856659,0.10072147846221924,0.012299414724111557,0.1993793100118637,
-0.4754345893859864,-0.19012713432312012,0.12128396034240724,0.13094834983348846,0.0708889588713646,0.29245680570602417,
-0.4167313575744629,-0.19488332271575928,0.2145166635513306,0.20664870738983154,0.07741370052099228,0.35623952746391296,
-0.29791812896728515,-0.19249900579452517,0.27376019954681396,0.29945990443229675,0.07481712102890015,0.36629295349121094,
-0.13467501401901247,-0.195199990272522,0.3149033784866333,0.2942001521587372,0.15630985796451569,0.2980494499206543,
0.34845943450927735,-0.07153802514076234,0.046901822090148926,0.3092470169067383,0.12262085825204849,0.20736879110336304,
0.5432033538818359,-0.033576390147209166,0.03661472201347351,0.35472047328948975,0.11090295016765594,0.04944334551692009,
0.7841429233551026,0.053479653596878056,-0.040399900078773504,0.2851454019546509,0.24938733875751495,-0.029053328558802605,
0.7861340045928955,0.26525039672851564,-0.5327297687530518,0.16337233781814575,0.30231767892837524,-0.13977426290512085,
0.7427053451538086,0.32320680618286135,-0.576911735534668,0.1558489203453064,0.17894673347473145,-0.26713991165161133,
0.7019011974334717,0.3055536031723023,-0.488484001159668,0.14572890102863312,0.047919195145368576,-0.31414473056793213,
0.4785491466522217,0.22871239185333253,-0.45016980171203613,0.11417043954133987,0.05777289345860481,-0.3266615867614746,
0.22093892097473145,0.11366426944732666,-0.46132445335388184,0.06989538669586182,0.07068921625614166,-0.3331863284111023,
0.10396481752395631,0.04909699857234955,-0.4083911418914795,0.027551129460334778,0.010368622839450836,-0.30888497829437256,
-0.0255388081073761,-0.016990049183368685,-0.3671447277069092,-0.019653402268886566,-0.037235382944345474,-0.2773265242576599,
-0.17430535554885865,-0.0767842173576355,-0.2660329341888428,-0.04362185299396515,-0.005210869945585728,-0.25235939025878906,
-0.18632895946502687,-0.10944366455078125,-0.21260471343994142,-0.02810867875814438,0.04419070854783058,-0.21627303957939148,
-0.2288355588912964,-0.14635380506515502,-0.1594345808029175,-0.028641309589147568,0.058238886296749115,-0.16800324618816376,
-0.27085750102996825,-0.15495934486389162,-0.15836337804794312,-0.07704426348209381,0.044457025825977325,-0.13664452731609344,
-0.3165836095809937,-0.15847936868667603,-0.2814104318618775,-0.14402276277542114,-0.019259104505181313,-0.12206371128559113,
-0.3157414436340332,-0.17808662652969362,-0.26104648113250734,-0.17438280582427979,-0.04149650037288666,-0.0984281599521637,
-0.34799199104309086,-0.19574464559555055,-0.23215346336364748,-0.1901620328426361,-0.019924893975257874,-0.04176940768957138,
-0.46240968704223634,-0.215553617477417,-0.19730567932128906,-0.21765917539596558,-0.03710228204727173,0.09005706012248993,
-0.5252759456634521,-0.2325985908508301,-0.21551969051361086,-0.2750503122806549,-0.05607730522751808,0.172348752617836,
-0.5057847499847412,-0.23065633773803712,-0.23800451755523683,-0.29395875334739685,-0.06932652741670609,0.2228822261095047,
-0.4327460765838623,-0.2193769454956055,-0.1771634578704834,-0.2809758484363556,-0.08190996944904327,0.31902235746383667,
-0.4034321784973145,-0.1990976333618164,-0.15280617475509645,-0.3226543068885803,-0.06439968198537827,0.362631618976593,
-0.30212240219116215,-0.18687238693237307,-0.19418967962265016,-0.3959578275680542,-0.09083155542612076,0.31402891874313354,
