0.45072293281555176,0.09289186596870423,-0.10485117435455323,-0.38017937541007996,-0.300022691488266,0.06941602379083633,
0.8151421546936035,0.13420263528823853,0.15173197984695436,-0.3189266622066498,-0.3000892698764801,-0.10115944594144821,
0.7516348361968994,0.16041543483734133,0.2551461935043335,-0.25541025400161743,-0.21373626589775085,-0.1589500457048416,
0.5097891330718994,0.13481447696685792,0.3535897970199585,-0.16785883903503418,-0.16193777322769165,-0.22233328223228455,
0.37380235195159917,0.07930265069007875,0.3939068794250489,-0.0951545462012291,-0.20301704108715057,-0.26680806279182434,
0.2384302854537964,0.04419144690036774,0.4090214252471924,-0.08450065553188324,-0.1570112109184265,-0.27772459387779236,
0.042894831299781805,-0.00421040803194046,0.2815643548965454,-0.047216400504112244,-0.0763174295425415,-0.260347455739975,
-0.031619110703468324,-0.05637713074684143,0.3341562747955322,0.012438408099114895,-0.09589166939258575,-0.23804348707199097,
-0.15683380365371705,-0.10508248805999756,0.28083627223968505,0.052785299718379974,-0.10088509321212769,-0.2190684676170349,
-0.19119803905487062,-0.12530747652053834,0.2790954828262329,0.07841822504997253,-0.04782160744071007,-0.19629843533039093,
-0.256862211227417,-0.16982731819152833,0.2649293184280396,0.1390717327594757,0.03899744525551796,-0.12279518693685532,
-0.3330508947372437,-0.18684386014938356,0.23165724277496338,0.16576991975307465,0.046920351684093475,-0.05788063257932663,
-0.3633100748062134,-0.20315401554107668,0.1858605146408081,0.18634283542633057,0.044390346854925156,0.01841893419623375,
-0.3806830883026123,-0.20855836868286134,0.14446473121643066,0.18101651966571808,0.06323221325874329,0.05956477299332619,
-0.35720334053039554,-0.20421743392944336,0.11966646909713746,0.16696834564208984,0.10650858283042908,0.08386611193418503,
-0.3649250268936157,-0.18404957056045534,0.07749422788619996,0.1564488559961319,0.14472495019435883,0.20364178717136383,
-0.38271594047546387,-0.18147521018981935,0.10977693796157838,0.2028544396162033,0.14891941845417023,0.2769452929496765,
-0.35969293117523193,-0.15202022790908815,0.1447710394859314,0.21517156064510345,0.22788214683532715,0.3369330167770386,
-0.1652703046798706,-0.05219639539718628,-0.0371988981962204,0.15019042789936066,0.46077558398246765,0.42455101013183594,
-0.03459950685501099,0.006953292340040208,-0.12430514097213746,0.13887199759483337,0.3047143220901489,0.4232194125652313,
0.6008469581604005,0.11510699987411499,-0.19083648920059204,0.09586193412542343,0.07601538300514221,0.19365493953227997,
0.9871572494506836,0.21847121715545656,-0.3429155826568604,0.019029732793569565,0.1511165350675583,0.001707596704363823,
1.1383823394775392,0.2937037467956543,-0.4112674713134766,-0.009998723864555359,0.17002497613430023,-0.13251572847366333,
0.9266440391540528,0.29368631839752196,-0.1716019153594971,0.033410802483558655,0.03027559258043766,-0.35642099380493164,
0.7680896759033203,0.2474457025527954,-0.11181011199951173,0.042066074907779694,-0.008007349446415901,-0.4385129511356354,
0.608843755722046,0.12492296695709229,-0.1175724744796753,0.04319791868329048,0.01243241224437952,-0.4760635197162628,
0.27677292823791505,-0.06338196396827699,-0.10247927904129028,0.04772529378533363,0.024216901510953903,-0.4975685477256775,
0.10857884883880616,-0.14567071199417114,-0.06210426688194275,0.05338451266288757,-0.02977869100868702,-0.4771953523159027,
-0.07040280103683472,-0.2027373790740967,-0.045681118965148926,0.05132056027650833,-0.05561135336756706,-0.46228164434432983,
-0.18259741067886354,-0.24023973941802979,-0.03912363648414612,0.03887028247117996,-0.0522158220410347,-0.4361826777458191,
-0.3590794324874878,-0.2763578176498413,-0.05823768973350525,0.018563678488135338,-0.026516318321228027,-0.378924697637558,
-0.41841673851013184,-0.28285329341888427,-0.04327378869056702,-0.0032742423936724663,-0.02158947102725506,-0.2604140341281891,
-0.518864631652832,-0.3275810480117798,-0.021779373288154602,0.015900516882538795,-0.022055523470044136,-0.13577809929847717,
-0.5365942478179931,-0.3560571908950806,0.00955411046743393,0.017831308767199516,-0.010337615385651588,-0.04669535532593727,
-0.5455288410186768,-0.36547110080719,-0.017216940224170686,-0.018986893817782402,0.013431097380816936,0.02461078390479088,
-0.5517177581787109,-0.3595455646514893,-0.06604361534118652,-0.0475492961704731,-0.02358684130012989,0.10583719611167908,
-0.5457553863525391,-0.37605178356170654,-0.013428957760334016,-0.00680293096229434,-0.08404059708118439,0.18559886515140533,
-0.5569766998291016,-0.37711782455444337,0.03508446216583252,0.006046821363270283,-0.07518558949232101,0.27361634373664856,
-0.5820015430450439,-0.33602533340454105,-0.05360435247421265,-0.019253209233283997,0.012765306979417801,0.39079543948173523,
-0.5719910621643066,-0.3364959478378296,-0.11586539745330811,-0.06732326745986938,0.047519560903310776,0.528547465801239,
-0.5668859481811523,-0.3271066665649414,-0.11994471549987794,-0.07984012365341187,-0.03290790691971779,0.6107725501060486,
-0.21757290363311768,-0.2524726867675781,-0.00651717483997345,-0.027975061908364296,-0.069060318171978,0.6339420676231384,
0.1130974292755127,-0.13465803861618042,-0.06409905552864074,-0.055138979107141495,0.0673600360751152,0.5958595275878906,
0.4971971035003662,0.03030158877372742,-0.12828420400619509,-0.075046107172966,-0.04975247383117676,0.4164290130138397,
0.9043471336364747,0.15081348419189455,-0.0901047170162201,-0.05560503154993057,-0.22285795211791992,0.19165819883346558,
1.3763854026794435,0.3838055610656739,-0.15522818565368654,-0.11219720542430878,-0.06812828779220581,-0.022792842239141464,
1.2500292778015138,0.4432757377624512,-0.16074737310409548,-0.09528613090515137,0.06403108686208725,-0.16773539781570435,
1.0238327980041504,0.39559454917907716,0.03978802263736725,0.014169789850711823,-0.07625092566013336,-0.339575856924057,
0.7505336284637452,0.31962184906005864,0.17011108398437502,0.04519561678171158,-0.15627892315387726,-0.39929723739624023,
0.1779176473617554,0.13472154140472412,-0.010891742259263993,0.004715568386018276,-0.1534826010465622,-0.39443695545196533,
0.010059671103954317,0.03637587726116181,-0.021822674572467806,-0.02424630895256996,-0.11340202391147614,-0.35482245683670044,
-0.12354935407638551,-0.04637278318405152,0.020625002682209015,-0.004805232863873243,-0.11886150389909744,-0.32353031635284424,
-0.2587627172470093,-0.16908117532730105,0.1651251554489136,0.037472449243068695,-0.16420182585716248,-0.2930371165275574,
-0.32313151359558107,-0.20799200534820558,0.2084270238876343,0.08008302748203278,-0.18311026692390442,-0.22752335667610168,
-0.40882372856140137,-0.23577532768249512,0.21841039657592776,0.12622228264808655,-0.1492215394973755,-0.12805429100990295,
-0.4673458576202393,-0.24776499271392824,0.22125482559204102,0.15232126414775848,-0.07139065861701965,-0.028452061116695404,
-0.46317591667175295,-0.2643284797668457,0.15176500082015992,0.1338122934103012,0.08593558520078659,0.08826097846031189,
-0.4474211692810059,-0.26163904666900634,0.12546452283859252,0.10524990409612656,0.17661622166633606,0.17834240198135376,
-0.4233179569244385,-0.2599046230316162,0.122712242603302,0.12016360461711884,0.12235431373119354,0.2328040450811386,
-0.39642124176025395,-0.2717562198638916,0.19705786705017092,0.18447893857955933,0.06622819602489471,0.2465193122625351,
-0.25122642517089844,-0.24231672286987305,0.2972261905670166,0.25445351004600525,0.18627017736434937,0.3162941634654999,
-0.1934663534164429,-0.19968121051788332,0.2311544179916382,0.27223116159439087,0.32881563901901245,0.37967944145202637,
-0.11314592361450196,-0.1901411294937134,0.19698158502578736,0.33634674549102783,0.4205615520477295,0.4032484292984009,
0.04906897246837616,-0.1610724687576294,0.21981797218322754,0.3366796672344208,0.4776197671890259,0.3594394326210022,
0.4993643283843994,-0.04406291544437409,0.012776969373226166,0.43528318405151367,0.11376538872718811,0.21303212642669678,
0.7225746154785156,-0.022574637830257416,0.12609944343566895,0.45918506383895874,0.05670716241002083,0.03373480588197708,
0.9741540908813477,0.05678057670593262,-0.13251785039901734,0.23787637054920197,0.23513895273208618,-0.13091513514518738,
1.0271552085876465,0.15805177688598634,-0.6266727447509766,0.17096444964408875,0.27468690276145935,-0.19556337594985962,
0.473898983001709,0.1976595163345337,-0.4426499366760254,0.11963201314210892,0.22155682742595673,-0.25701579451560974,
0.3585409164428711,0.17240525484085084,-0.5230617046356202,0.028818223625421524,0.19931943714618683,-0.3145400881767273,
0.29803588390350344,0.12120141983032227,-0.5398320674896241,-0.011328930966556072,0.1208893433213234,-0.3199995458126068,
0.029166463017463687,-0.036538347601890564,-0.320820426940918,-0.0048041860572993755,-0.004612124525010586,-0.3114108741283417,
-0.03514020442962647,-0.08110663294792175,-0.2209312677383423,-0.005003923084586859,-0.020591093227267265,-0.31374111771583557,
-0.0733811914920807,-0.11587702035903931,-0.20869283676147463,-0.03969159722328186,0.017758427187800407,-0.27339422702789307,
-0.2669469118118286,-0.1654538631439209,-0.2524837255477905,-0.08150322735309601,0.040262140333652496,-0.20708154141902924,
-0.29117958545684813,-0.1863527536392212,-0.22533092498779297,-0.0687866359949112,0.004575781524181366,-0.16979728639125824,
-0.29084641933441163,-0.17438201904296877,-0.18540874719619752,-0.07777480781078339,-0.03204268217086792,-0.16067595779895782,
-0.26478497982025145,-0.16689985990524292,-0.21914515495300294,-0.1337677538394928,-0.02218898944556713,-0.15222042798995972,
-0.2768898963928223,-0.1972980260848999,-0.2972991466522217,-0.19601915776729584,-0.018061088398098946,-0.09942324459552765,
-0.32688772678375244,-0.24396927356719972,-0.28847408294677734,-0.21486102044582367,-0.03690295293927193,-0.022258153185248375,
-0.34482386112213137,-0.24130930900573733,-0.2502731800079346,-0.24229156970977783,-0.02764846943318844,0.035332709550857544,
-0.34293742179870607,-0.21560752391815186,-0.2744032859802246,-0.31153449416160583,0.0011804108507931232,0.08140397816896439,
-0.33417339324951173,-0.2531759023666382,-0.30396804809570316,-0.33204081654548645,-0.07704994827508926,0.15524011850357056,
-0.36942634582519535,-0.2632882356643677,-0.19794580936431885,-0.2942905128002167,-0.21193906664848328,0.236799418926239,
-0.3761915445327759,-0.23304553031921388,-0.15883384943008425,-0.33097556233406067,-0.22392328083515167,0.2842702865600586,
-0.17503470182418823,-0.14821388721466064,-0.3054334402084351,-0.4098716974258423,-0.1741887480020523,0.3216876983642578,
