0.0051535584032535555,-0.28566431999206543,-0.15426647663116455,-0.6184827089309692,-0.2615719437599182,0.38088899850845337,
0.09973065853118897,-0.29681150913238524,-0.12596051692962648,-0.5998405814170837,-0.23727060854434967,0.36098185181617737,
0.24439401626586915,-0.2796987533569336,0.1410931944847107,-0.441249281167984,-0.2808133065700531,0.30984917283058167,
0.35637588500976564,-0.23920164108276368,0.19887057542800904,-0.4214753210544586,-0.22495348751544952,0.25132620334625244,
0.45473403930664064,-0.18994026184082033,0.07197908163070679,-0.4142182171344757,-0.18673712015151978,0.2095145881175995,
0.5410474300384521,-0.07558031082153321,0.22010154724121095,-0.3454420566558838,-0.16556499898433685,0.12675684690475464,
0.6443055152893067,-0.00886637568473816,0.18062446117401124,-0.38499000668525696,-0.10604334622621536,-0.010595683008432388,
0.7474702835083008,0.02615953087806702,0.10162967443466187,-0.4262024462223053,-0.054710909724235535,-0.1388268917798996,
0.7237212657928467,0.010766535252332688,0.13557231426239014,-0.3594902455806732,-0.09079674631357193,-0.21079881489276886,
0.4959154605865479,0.006589385122060776,0.44460515975952153,-0.24856959283351898,-0.14126364886760712,-0.3351684510707855,
0.4328496932983399,-0.03002150058746338,0.4030160427093506,-0.21894192695617676,-0.17515237629413605,-0.4096038043498993,
0.3058551549911499,-0.0850742518901825,0.42481088638305664,-0.1349191963672638,-0.2687624990940094,-0.4625341296195984,
0.17119619846343995,-0.1491546154022217,0.5363296031951904,-0.06581016629934311,-0.33354389667510986,-0.522854745388031,
0.10048183202743531,-0.18439699411392213,0.47356500625610354,-0.05036383122205734,-0.3055807054042816,-0.5331745147705078,
0.01629255712032318,-0.20859446525573733,0.4505780220031739,-0.02632880210876465,-0.2350735068321228,-0.5076081156730652,
-0.047331154346466064,-0.20960297584533694,0.41688027381896975,-0.02266695536673069,-0.12761494517326355,-0.47864627838134766,
-0.128054940700531,-0.24125328063964846,0.3489465951919556,-0.0005627176142297685,-0.04552300274372101,-0.44369226694107056,
-0.20289828777313235,-0.2573826313018799,0.372236704826355,0.05230103060603142,-0.023951400071382523,-0.3928259015083313,
-0.2685495138168335,-0.26405975818634037,0.3603382587432862,0.0696774274110794,-0.03114178776741028,-0.3198566734790802,
-0.310713529586792,-0.2726801633834839,0.3158203840255738,0.07999717444181442,-0.02874494343996048,-0.26712608337402344,
-0.3623591184616089,-0.2839762449264526,0.3259112119674683,0.13412593305110931,-0.01622808538377285,-0.16472755372524261,
-0.3873484611511231,-0.2724660873413086,0.3488452196121216,0.18232914805412292,0.015396952629089355,-0.036895815283060074,
-0.40218391418457033,-0.2567213773727417,0.3174844026565552,0.20489943027496338,0.05567726492881775,0.07242695242166519,
-0.37433757781982424,-0.2406090259552002,0.27491273880004885,0.21535234153270721,0.10621074587106705,0.16164284944534302,
-0.28856935501098635,-0.19738281965255738,0.2129525899887085,0.2236747145652771,0.18157820403575897,0.2764250934123993,
-0.20496785640716553,-0.1892352342605591,0.17643473148345948,0.20223626494407654,0.26819753646850586,0.3599817752838135,
-0.11182572841644288,-0.17415056228637696,0.15803163051605226,0.20050521194934845,0.3779197633266449,0.4327526390552521,
-0.04344396591186524,-0.1477452278137207,0.1675448536872864,0.26621872186660767,0.3901037275791168,0.4684390127658844,
0.14512327909469605,-0.07832612991333009,0.21737816333770754,0.32747143507003784,0.3389044404029846,0.43455028533935547,
0.29514656066894535,-0.06128467917442322,0.04505008161067963,0.24511316418647766,0.34283262491226196,0.3852818012237549,
0.3400617599487305,-0.009979545325040818,-0.05273885130882264,0.3319987952709198,0.23251116275787354,0.35751834511756897,
0.3574639081954956,0.039103668928146366,0.12943627834320068,0.40982967615127563,0.15794265270233154,0.32376277446746826,
0.6688963413238526,0.058451908826828006,-0.05088423490524292,0.3830649256706238,0.2570788264274597,0.19659684598445892,
0.8133816719055176,0.10159573554992676,-0.19084699153900148,0.378271222114563,0.22825010120868683,0.03487638011574745,
0.8876258850097657,0.06385242342948914,-0.11828540563583374,0.4744779169559479,0.05873990058898926,-0.11306222528219223,
0.800059986114502,0.046368184685707095,-0.04161616563796997,0.48932504653930664,-0.052247341722249985,-0.22391630709171295,
0.6454076290130616,-0.07638543248176576,-0.2341153621673584,0.39844468235969543,-0.15617720782756805,-0.3771146535873413,
0.5212291717529297,-0.13185005187988283,-0.24055244922637942,0.34245169162750244,-0.13267481327056885,-0.45734238624572754,
0.37114317417144777,-0.1610916018486023,-0.16920058727264406,0.30789825320243835,-0.11043762415647507,-0.489231675863266,
0.14419512748718263,-0.26182217597961427,-0.05701748132705689,0.29345062375068665,-0.11929263919591904,-0.530510663986206,
0.08406878113746644,-0.2970029354095459,-0.014026513695716858,0.2776713967323303,-0.16050505638122559,-0.5860375761985779,
0.009240718930959702,-0.3192903995513916,-0.014002923667430878,0.23559342324733734,-0.17282216250896454,-0.6367707848548889,
-0.08389552831649781,-0.31624338626861576,-0.047840946912765504,0.18619178235530853,-0.164699524641037,-0.6612052917480469,
-0.22247681617736817,-0.37380681037902835,-0.04852985739707947,0.13738936185836792,-0.15657688677310944,-0.6801137328147888,
-0.27756304740905763,-0.40118117332458497,-0.027568992972373963,0.0807306095957756,-0.13866712152957916,-0.6684623956680298,
-0.32649095058441163,-0.4239500522613526,-0.022856664657592774,0.00949104968458414,-0.09585682302713394,-0.627116858959198,
-0.3847209930419922,-0.427510929107666,-0.04732610285282135,-0.07839326560497284,-0.047054387629032135,-0.56047123670578,
-0.48350000381469727,-0.4099395275115967,-0.11681919097900391,-0.23358899354934692,0.03537045046687126,-0.39395707845687866,
-0.5351608753204345,-0.404573392868042,-0.11717499494552613,-0.3502354323863983,0.10081762820482254,-0.23210346698760986,
-0.5780518531799317,-0.403107500076294,-0.09435043334960938,-0.39344522356987,0.12005896866321564,-0.07271327078342438,
-0.5935471057891846,-0.41694531440734867,-0.027715912461280825,-0.39257970452308655,0.08217550069093704,0.08281533420085907,
-0.5343741893768311,-0.4067976474761963,0.071757572889328,-0.31321749091148376,-0.015629086643457413,0.28674688935279846,
-0.4712544441223145,-0.38755249977111816,0.09204010367393495,-0.25602611899375916,-0.03966411575675011,0.40172886848449707,
-0.3858920812606812,-0.40955433845520023,0.05081058740615845,-0.2255995124578476,-0.07741443067789078,0.5021966099739075,
-0.1993959903717041,-0.3563203811645508,0.004437347874045372,-0.24617242813110352,-0.09705524146556854,0.5485356450080872,
-0.053702604770660405,-0.32030291557312013,-0.03309501111507416,-0.298370361328125,-0.04791991412639618,0.5440748333930969,
-0.005123463273048402,-0.30700435638427737,-0.07168266177177429,-0.2941093146800995,-0.05537676811218262,0.6462070941925049,
0.007239444553852082,-0.22715716361999513,0.03620038032531738,-0.2923782467842102,-0.14099739491939545,0.7211750745773315,
0.1195957899093628,-0.21215388774871827,-0.05338478088378906,-0.36308619379997253,-0.1696261763572693,0.6812257170677185,
0.29082651138305665,-0.19203917980194093,-0.09906814098358155,-0.3285982608795166,-0.18460646271705627,0.6420106887817383,
0.3519688367843628,-0.13104804754257202,0.012371083348989488,-0.255827397108078,-0.1481211632490158,0.6079222559928894,
0.5294238090515136,-0.0020632073283195496,0.08293707966804505,-0.1469040960073471,0.01972457580268383,0.504325270652771,
0.6600000858306885,0.09541204571723938,0.11427772045135498,-0.02053709141910076,-0.04292629286646843,0.4241640865802765,
0.6812004566192628,0.19432008266448975,0.16159231662750245,0.08033014088869095,-0.23334231972694397,0.34746503829956055,
0.6862759113311768,0.24957549571990967,0.17069536447525024,0.17294156551361084,-0.3939974904060364,0.1294187307357788,
0.8289596557617188,0.22046022415161134,0.015925927460193636,0.11501780897378922,-0.33434268832206726,-0.09342128038406372,
0.7799878120422363,0.2122050762176514,-0.05999643206596375,0.04624167084693909,-0.2233554571866989,-0.13802921772003174,
0.4043278694152832,0.1941707491874695,0.0014060307294130325,0.023737961426377296,-0.1643664389848709,-0.16985400021076202,
0.38930504322052006,0.14742655754089357,0.10968129634857178,0.005095832981169224,-0.15983906388282776,-0.2647291421890259,
0.39022064208984375,0.0928882122039795,0.11915618181228638,-0.04929923266172409,-0.1553116887807846,-0.37638217210769653,
0.2590863943099976,0.003720638528466225,0.17722321748733522,-0.08418664336204529,-0.14585746824741364,-0.46313464641571045,
0.14099063873291015,-0.0608099102973938,0.21513886451721193,-0.10782219469547272,-0.10990479588508606,-0.5237880945205688,
0.02305857539176941,-0.12309179306030274,0.24651703834533692,-0.1137477308511734,-0.05744051933288574,-0.5496207475662231,
-0.08832141757011414,-0.15624134540557863,0.23965246677398683,-0.1082882508635521,0.005876138340681791,-0.5722576379776001,
-0.23242974281311035,-0.2274418115615845,0.21368091106414797,-0.09483928233385086,0.09249545633792877,-0.5741218328475952,
-0.32871541976928714,-0.2533131122589111,0.18684058189392092,-0.08571796119213104,0.13883446156978607,-0.5399668216705322,
-0.39162094593048097,-0.28430612087249757,0.16281956434249878,-0.09171006828546524,0.16040606796741486,-0.4777154326438904,
-0.4273218154907227,-0.2977245569229126,0.11594984531402588,-0.07147271186113358,0.1512186974287033,-0.41626811027526855,
-0.5252745628356934,-0.2699753761291504,0.1884954571723938,0.0583563931286335,0.04775488004088402,-0.2264513224363327,
-0.5608370780944825,-0.23981928825378418,0.23110504150390626,0.15429677069187164,0.005743512883782387,-0.043159257620573044,
-0.5669567108154298,-0.20514333248138428,0.19706081151962282,0.1576257199048996,0.05574436113238335,0.11303514242172241,
-0.4760119438171387,-0.1898393988609314,-0.008780959248542787,0.11448251456022263,0.15374869108200073,0.28121379017829895,
-0.41581058502197266,-0.16476255655288696,-0.03206816613674164,0.021604765206575394,0.23191247880458832,0.41610288619995117,
-0.30387954711914067,-0.16822372674942018,-0.06312327980995179,0.02639845572412014,0.21693219244480133,0.46956583857536316,
-0.20389344692230227,-0.14975134134292603,0.01753383278846741,0.11388330161571503,0.12671761214733124,0.49739590287208557,
-0.07406455278396606,-0.09268445372581482,0.08119235634803773,0.11441593617200851,0.09655731171369553,0.5117103457450867,
0.03209992945194245,-0.07010819911956788,-0.021145790815353394,0.12387015670537949,0.09775573015213013,0.5091137886047363,
0.08302419781684876,-0.04476422965526581,0.007571221143007279,0.1799296885728836,0.06373384594917297,0.5539880394935608,
0.19466754198074343,-0.010080813616514207,0.06443620324134827,0.19657444953918457,0.11127127707004547,0.4639732241630554,
0.4083092212677002,0.0429654598236084,0.020649944245815278,0.23552317917346954,0.05767515301704407,0.3164340853691101,
0.5470639705657959,0.03397902548313141,0.03837330341339112,0.2586261034011841,-0.007772029843181372,0.24466188251972198,
0.49097876548767094,0.11735708713531495,0.01681138724088669,0.30489853024482727,0.023586692288517952,0.15657782554626465,
0.5956923484802247,0.13545278310775757,0.031360894441604614,0.3744736313819885,0.11513286083936691,0.02847977727651596,
0.6402149677276612,0.11356953382492066,-0.023893752694129945,0.37220993638038635,0.18956820666790009,-0.059337958693504333,
0.5726578712463379,0.0896799921989441,-0.11653140783309937,0.3639541268348694,0.15208421647548676,-0.12391962110996246,
0.40426201820373536,0.027701458334922793,-0.12918646335601808,0.3840610086917877,0.014065890572965145,-0.21786263585090637,
0.3500041961669922,-0.005163014680147172,-0.1535833477973938,0.33832234144210815,0.008939079940319061,-0.2984876334667206,
0.33092310428619387,-0.02867041528224945,-0.24426486492156985,0.2735409438610077,0.062402043491601944,-0.38330933451652527,
0.178316330909729,-0.1333038091659546,-0.27177813053131106,0.24038457870483398,0.11706341803073883,-0.47878366708755493,
0.11023845672607423,-0.17655192613601686,-0.2847935199737549,0.19877268373966217,0.13750319182872772,-0.5397700667381287,
0.01953721642494202,-0.2282899856567383,-0.31279113292694094,0.13565577566623688,0.1361050307750702,-0.5638716816902161,
-0.08057687878608705,-0.2517897605895996,-0.31737077236175537,0.07946307957172394,0.1374366134405136,-0.5630061030387878,
-0.2155564069747925,-0.30649077892303467,-0.3227979421615601,-0.01814178004860878,0.1440279334783554,-0.518531322479248,
-0.2823230266571045,-0.33401763439178467,-0.35776734352111816,-0.15203221142292023,0.15168452262878418,-0.42052701115608215,
-0.37172343730926516,-0.3042709589004517,-0.43060779571533203,-0.2889852523803711,0.12065868824720383,-0.33091163635253906,
-0.39259545803070073,-0.2870708227157593,-0.3951009273529053,-0.42354148626327515,-0.009236995130777359,-0.22258755564689636,
-0.36729276180267334,-0.32978713512420654,-0.3369349002838135,-0.47114548087120056,-0.15078400075435638,-0.10860425978899002,
-0.3440135002136231,-0.29808113574981693,-0.24109697341918945,-0.49817657470703125,-0.2302793711423874,-0.026645472273230553,
-0.18460533618927003,-0.2688360929489136,-0.17222511768341064,-0.5044350028038025,-0.27888205647468567,0.06117226183414459,
-0.1389177680015564,-0.25046839714050295,-0.1215220332145691,-0.4713452160358429,-0.33101344108581543,0.11942891776561737,
-0.08543620109558106,-0.2359182119369507,-0.09351248741149903,-0.5045015811920166,-0.3596424162387848,0.1851424127817154,
-0.07800665497779846,-0.1769078850746155,-0.13053807020187377,-0.5767398476600647,-0.3626384735107422,0.21363824605941772,
0.1176168441772461,-0.14570759534835817,-0.18029131889343264,-0.654637336730957,-0.3537168800830841,0.22801931202411652,
0.16411468982696534,-0.16574448347091675,-0.11546577215194703,-0.6746776103973389,-0.38820481300354004,0.27395883202552795,
