3.244287109375,-0.33401606082916263,0.26954164505004885,-0.35861489176750183,-0.5498256683349609,-0.15257246792316437,
2.552725410461426,-0.11675881147384644,0.34198200702667236,-0.2586797773838043,0.3870078921318054,-0.20883174240589142,
1.819188690185547,0.04163724184036255,0.8681035041809082,0.121220164000988,0.11077149957418442,-0.3150918781757355,
1.6363428115844727,-0.03458460867404938,0.7208333015441895,0.12514832615852356,-0.26287001371383667,-0.4922586679458618,
1.1095911026000977,-0.08240799307823182,-0.07363623976707459,-0.1436977982521057,-0.21879468858242035,-0.560235857963562,
0.8968138694763184,-0.1605955243110657,0.1283523678779602,-0.17578889429569244,-0.06646187603473663,-0.5263471603393555,
0.656710147857666,-0.17881413698196413,0.37803637981414795,-0.07112664729356766,-0.0722542479634285,-0.41735726594924927,
0.5278486728668214,-0.17425950765609743,0.41169190406799316,-0.04203161224722862,-0.0710558295249939,-0.3585014045238495,
0.4456190586090088,-0.11068669557571412,0.35420324802398684,-0.014667632058262825,-0.058472391217947006,-0.2991794943809509,
0.4101162910461426,-0.0825790286064148,0.3161630153656006,0.006970553193241358,-0.0337715707719326,-0.23865914344787598,
0.3642225027084351,-0.049009191989898684,0.2522964715957642,0.005306077189743519,0.013566119596362114,-0.17121459543704987,
0.3447906494140625,0.009440330415964128,0.2081016540527344,0.004173644818365574,0.05105024203658104,-0.10317198932170868,
0.3296299695968628,0.018415215611457824,0.18784568309783936,-0.014401904307305813,0.07002527266740799,-0.05237219110131264,
0.3107490539550781,0.021608762443065643,0.18575395345687867,-0.01480137836188078,0.0634339451789856,0.0206650048494339,
0.17975392341613772,-0.012457701563835145,0.2542959451675415,0.0330689437687397,0.03713522478938103,0.16833728551864624,
0.17209116220474244,-0.028234633803367618,0.21034650802612306,0.01988629624247551,0.06636342406272888,0.2763284742832184,
0.20866119861602783,-0.058357965946197514,0.1707092523574829,-0.0040155756287276745,0.13121140003204346,0.3337195813655853,
0.20312283039093018,-0.09299315214157106,0.23341107368469238,0.0776103138923645,0.020690206438302994,0.48072609305381775,
0.3729645490646363,-0.11474207639694214,0.24869291782379152,0.08859585225582123,0.14665773510932922,0.8336615562438965,
1.489625644683838,-0.12119568586349488,0.1639945149421692,0.1089024543762207,0.16776327788829803,0.5835907459259033,
3.3651424407958985,0.11239869594573976,0.37240326404571533,0.24119499325752258,-0.37132713198661804,0.07153138518333435,
2.959905242919922,0.39366371631622316,-0.033124738931655885,0.18000885844230652,0.19512726366519928,-0.1875941902399063,
2.3048097610473635,0.40349383354187013,0.19840162992477417,0.3334735333919525,0.05977209657430649,-0.26136377453804016,
1.8566699981689454,0.24680821895599367,0.2329591989517212,0.3285466730594635,-0.18936662375926971,-0.4686242640018463,
1.1101900100708009,-0.019902709126472476,-0.27163808345794677,0.063162662088871,-0.21113796532154083,-0.5834065079689026,
0.8034926414489747,-0.05054535269737244,-0.12562334537506104,-0.03750482574105263,-0.16866055130958557,-0.5557096004486084,
0.5623545169830323,-0.06078134179115296,0.06579097509384156,-0.013469797559082508,-0.13423919677734375,-0.4379979372024536,
0.36359696388244633,0.06486762762069702,0.2161278247833252,0.04445395618677139,-0.12158917635679245,-0.33400148153305054,
0.4380997657775879,0.07217362523078918,0.17724590301513674,0.07847584038972855,-0.08849939703941345,-0.2928556501865387,
0.4620358467102051,0.061675071716308594,0.13418973684310914,0.06269661337137222,-0.12718181312084198,-0.2622958719730377,
0.39562573432922366,0.07177119255065918,0.09677327871322633,0.045787982642650604,-0.15648192167282104,-0.2053736299276352,
0.3771910905838013,0.1379000186920166,0.07327215075492859,0.04112745076417923,-0.09909079223871231,-0.15523962676525116,
0.3134185314178467,0.1585116982460022,0.03347192108631134,0.0063066184520721436,0.0015766974538564682,-0.09099085628986359,
0.25883772373199465,0.17036828994750977,0.035174486041069035,-0.020391572266817093,0.09818287193775177,-0.044518690556287766,
0.10239506959915162,0.10771573781967164,0.035644525289535524,-0.03816817328333855,0.12934185564517975,-0.026209458708763123,
-0.09819263219833374,0.01856152564287186,0.0448861300945282,-0.08703717589378357,-0.024788597598671913,0.15581759810447693,
-0.22921833992004395,-0.033623221516609195,0.09864237308502198,-0.08776954561471939,-0.13857215642929077,0.3631446957588196,
-0.12132099866867066,-0.13737982511520386,0.138910174369812,-0.10041956603527069,-0.07958313822746277,0.4955037832260132,
0.0700940191745758,-0.25474979877471926,0.15054910182952883,-0.07891453802585602,0.14299054443836212,0.7451086044311523,
0.18358137607574465,-0.23909380435943606,0.19526889324188235,0.031340330839157104,0.346389502286911,1.0543681383132935,
0.5065984725952148,-0.3155186176300049,0.14285565614700318,0.035801127552986145,0.20630720257759094,1.0792021751403809,
2.8284339904785156,-0.36529088020324707,0.12438858747482301,0.048317983746528625,-0.41647300124168396,0.5054240822792053,
3.310525131225586,-0.13062701225280762,-0.34919266700744633,-0.09009981155395508,-0.02392307110130787,0.10195517539978027,
2.968293952941895,0.15695250034332275,-0.5131184577941895,-0.21160654723644257,0.4139006435871124,-0.05184238404035568,
2.430963706970215,0.2886932373046875,-0.07329084873199464,-0.05980635806918144,0.10943472385406494,-0.2645623981952667,
1.7401504516601562,0.20876984596252443,0.1941033720970154,0.05371088534593582,-0.19929224252700806,-0.48507213592529297,
1.3921443939208986,0.13276826143264772,-0.0778912127017975,-0.040498439222574234,-0.101421058177948,-0.5517177581787109,
1.0869859695434572,0.007035049051046372,-0.051459139585495,-0.0637345165014267,-0.11247317492961884,-0.5085744857788086,
0.6398420810699463,-0.0033373285084962847,0.22200660705566408,-0.008407346904277802,-0.2145388275384903,-0.42541730403900146,
0.6161221027374268,0.00014494601637125016,0.20984406471252443,0.0304743479937315,-0.2570161521434784,-0.38786762952804565,
0.5390448570251465,0.026368471980094912,0.12627825736999512,-0.00301490374840796,-0.14649495482444763,-0.32581597566604614,
0.5121739387512207,0.050307899713516235,0.08717984557151795,-0.011936493217945099,0.0026420638896524906,-0.25244590640068054,
0.4060121059417725,0.05028582811355591,0.1979238033294678,0.04372357577085495,0.004439697600901127,-0.12188442051410675,
0.41149744987487796,0.06468012928962708,0.22501227855682374,0.10983655601739883,-0.09849148243665695,-0.08313542604446411,
0.4620447635650635,0.08642654418945313,0.2274112939834595,0.15870554745197296,-0.15768024325370789,-0.08999306708574295,
0.3416381597518921,0.07812795042991638,0.08830862045288086,0.16096924245357513,-0.10168727487325668,0.0036170445382595062,
0.25705573558807376,0.050564855337142944,0.08677024841308595,0.18393900990486145,-0.010540583170950413,0.16507118940353394,
0.215012264251709,0.019534657895565036,0.08613466024398804,0.21043746173381805,0.06675766408443451,0.32346269488334656,
0.23362460136413576,-0.11972920894622803,0.17986416816711426,0.26270201802253723,0.019153663888573647,0.4512944221496582,
0.29674429893493653,-0.17466931343078615,0.20991637706756594,0.2960580885410309,0.02874104306101799,0.5542922019958496,
0.5656654357910157,-0.2071941375732422,0.19239010810852053,0.35677817463874817,0.46589893102645874,0.6151454448699951,
0.9199212074279786,-0.23492577075958254,0.13264299631118776,0.465768039226532,0.6937989592552185,0.6642141938209534,
2.071633529663086,-0.3933501482009888,0.03018304705619812,0.45957618951797485,0.188264399766922,0.3821853995323181,
2.7278472900390627,-0.2576390504837036,-0.49964909553527836,0.125282883644104,0.20830468833446503,-0.08053884655237198,
2.6946819305419925,-0.10239601135253906,-0.6295221805572511,0.06802492588758469,0.42748284339904785,-0.2828059196472168,
2.0912593841552733,0.043333697319030764,-0.3661184310913086,0.14139500260353088,0.35464537143707275,-0.29285937547683716,
1.471744728088379,0.08177772164344788,-0.3165302753448487,0.06010201573371887,0.05231001600623131,-0.4170292615890503,
1.321662425994873,0.04621002674102784,-0.2633062362670899,-0.022788874804973602,-0.08091461658477783,-0.5292149186134338,
1.1118165016174317,0.01809542179107666,-0.1439332365989685,-0.04908759146928787,-0.05434958636760712,-0.5456599593162537,
0.5748889923095704,-0.012240559607744218,0.06891302466392517,-0.07958091795444489,-0.03450900688767433,-0.39226213097572327,
0.4843605518341065,-0.011899065226316452,0.14068920612335206,-0.07538643479347229,-0.060408249497413635,-0.3069743812084198,
0.5034684658050538,-0.0031370479613542558,0.23885679244995117,-0.049420617520809174,-0.07911695539951324,-0.29046279191970825,
0.407077693939209,0.013106328248977662,0.21609787940979006,-0.061338264495134354,-0.06580115109682083,-0.25251272320747375,
0.357289457321167,0.028955507278442386,0.1974060654640198,-0.06746353209018707,-0.04016822203993797,-0.1939231902360916,
0.2698395252227783,0.04065357744693757,0.21746292114257815,-0.05907457694411278,-0.06473588198423386,-0.0674896165728569,
0.18744665384292603,0.051751124858856204,0.21099178791046144,-0.06233694776892662,-0.06420325487852097,0.021127071231603622,
0.2210005044937134,0.03478237688541413,0.11032359600067139,-0.1259865015745163,0.03433370962738991,0.08218003809452057,
0.158530592918396,-0.021829096972942354,0.06221980452537537,-0.1832444667816162,0.07241691648960114,0.18331359326839447,
0.04232521057128907,-0.09139899611473085,0.07947105169296265,-0.234310582280159,0.011297366581857204,0.3910401463508606,
0.07692633271217347,-0.2372102975845337,0.021027645468711855,-0.3331804573535919,-0.021392937749624252,0.6200720071792603,
0.2641953706741333,-0.2806633710861206,0.03751102089881897,-0.41513922810554504,0.10617247968912125,0.7768656611442566,
0.6491291999816895,-0.2357177734375,0.0793359935283661,-0.4190673828125,0.24445712566375732,0.7789961695671082,
2.2732057571411133,-0.29013972282409667,0.46814966201782227,-0.37172970175743103,-0.32039934396743774,0.3211987316608429,
2.832432746887207,-0.22648260593414307,0.3752219915390015,-0.4304524064064026,-0.12465701252222061,-0.0433880090713501,
