0.2971840858459473,-0.05505361557006836,0.0030862571671605114,-0.2770640552043915,-0.004213377833366394,0.10007064044475555,
0.27880396842956545,-0.03448382019996643,0.08952173590660095,-0.24151086807250977,-0.03450683876872063,0.07943114638328552,
0.3803534269332886,0.04030444920063019,0.1494813084602356,-0.2056247740983963,-0.09189795702695847,-0.0021281661465764046,
0.4005774974822998,0.0820166826248169,0.10591329336166383,-0.20815476775169373,-0.10907535254955292,-0.05572428181767464,
0.36708071231842043,0.09238107204437257,0.06083928942680359,-0.2357184886932373,-0.07658478617668152,-0.08934669196605682,
0.3487720489501953,0.0757261872291565,0.053120297193527226,-0.240578755736351,-0.05408107116818428,-0.11970672756433487,
0.30729753971099855,0.01641775220632553,0.18136346340179443,-0.18937948346138,-0.04209684580564499,-0.18055996298789978,
0.2495656490325928,0.01461053341627121,0.18542567491531373,-0.159884974360466,-0.0026820600032806396,-0.21364973485469818,
0.1540283799171448,0.02427700757980347,0.16393247842788697,-0.17293447256088257,0.006439266726374626,-0.239082932472229,
0.012237031757831574,-0.01006104126572609,0.25538525581359867,-0.15888629853725433,-0.11300351470708847,-0.24647319316864014,
-0.05733389258384705,-0.04179821312427521,0.3444858551025391,-0.06520959734916687,-0.23098154366016388,-0.23102685809135437,
-0.046608117222785954,-0.040036076307296754,0.3882427453994751,0.002368117682635784,-0.1955614984035492,-0.23741845786571503,
-0.05474991798400879,-0.04685174524784089,0.2112597703933716,-0.012745321728289127,-0.06846214085817337,-0.23981529474258423,
-0.10923762321472169,-0.051136285066604614,0.1968811631202698,-0.011879794299602509,-0.10334955155849457,-0.22064054012298584,
-0.17972025871276856,-0.07793463468551637,0.28291847705841067,0.05989239737391472,-0.2088773101568222,-0.20625945925712585,
-0.18970189094543458,-0.09615444540977479,0.3274105548858643,0.10703002661466599,-0.2044164389371872,-0.19840377569198608,
-0.2216885805130005,-0.09898735284805299,0.1942220211029053,0.10509923845529556,-0.07079233229160309,-0.15992110967636108,
-0.2629770040512085,-0.10481672286987305,0.16373741626739502,0.08885395526885986,0.019289091229438782,-0.10319577157497406,
-0.33008718490600586,-0.10914571285247804,0.202754545211792,0.10796213150024414,0.01849014312028885,-0.03075779229402542,
-0.40305571556091313,-0.13443653583526613,0.2749919414520264,0.17254377901554108,-0.019459903240203857,0.05745941773056984,
-0.3926306962966919,-0.12938531637191772,0.27326393127441406,0.23972202837467194,0.010367502458393574,0.13355925679206848,
-0.3616431951522827,-0.12128514051437378,0.20709288120269775,0.21508778631687164,0.12914448976516724,0.21152329444885254,
-0.28905344009399414,-0.0972436010837555,0.09507319331169128,0.1528363972902298,0.1999845802783966,0.22983253002166748,
-0.15877931118011476,-0.06935721039772035,0.12090666294097902,0.1834627389907837,0.20331352949142456,0.24294859170913696,
-0.11267408132553101,-0.0817928433418274,0.13536885976791382,0.22847016155719757,0.21389959752559662,0.2707120478153229,
-0.04803839027881623,-0.0674039661884308,0.06396479010581971,0.21408909559249878,0.1969885230064392,0.2745070457458496,
0.24270358085632326,0.0015196664258837701,-0.06099161505699158,0.18026694655418396,0.15650847554206848,0.18915274739265442,
0.3697842121124268,0.05565028190612793,-0.11923547983169556,0.12707030773162842,0.1674274355173111,0.11951108276844025,
0.3855246782302857,0.06443163752555847,-0.15406992435455324,0.10376765578985214,0.18746772408485413,0.1023336797952652,
0.49857788085937504,0.11515690088272096,-0.04617199003696442,0.1317974179983139,0.18260745704174042,0.04900388419628143,
0.5741138458251953,0.13179049491882325,-0.013776859641075135,0.19098617136478424,0.08154048025608063,-0.03688306361436844,
0.6608908653259278,0.12094544172286988,-0.07032997012138367,0.1925840675830841,0.0242159403860569,-0.14700476825237274,
0.691075325012207,0.11447182893753052,-0.22482030391693117,0.11548556387424469,0.03493516519665718,-0.22570118308067322,
0.4908517360687256,0.06141024827957153,-0.2943209886550903,0.01148911751806736,0.03420279547572136,-0.3091912865638733,
0.39919891357421877,0.0036071486771106723,-0.1596432089805603,0.03712230548262596,0.00956849567592144,-0.36485084891319275,
0.30051574707031253,-0.04333138465881348,-0.08817870020866395,0.04005178064107895,-0.013467848300933838,-0.3933466672897339,
0.047327241301536566,-0.10049406290054322,-0.11382646560668946,0.011356220580637455,-0.0541476346552372,-0.4103243350982666,
-0.0578610897064209,-0.10915375947952272,-0.0715013086795807,0.002234894083812833,-0.09123215824365616,-0.39301377534866333,
-0.17467243671417237,-0.12598762512207032,-0.0458960086107254,0.0019685779698193073,-0.11187165230512619,-0.3602568805217743,
-0.24769132137298586,-0.13433873653411865,-0.0032319147139787674,0.01421911921352148,-0.08963426202535629,-0.33182764053344727,
-0.24853148460388186,-0.1309086561203003,0.0021297359839081765,0.02067728526890278,-0.045159466564655304,-0.32876500487327576,
-0.25627171993255615,-0.12837183475494385,-0.0024721248075366023,0.0031670003663748503,-0.01546521857380867,-0.29441022872924805,
-0.37654702663421635,-0.15605032444000244,-0.012756988406181335,-0.014875916764140129,-0.02551865205168724,-0.215846985578537,
-0.3777863740921021,-0.1738624930381775,0.049879601597785955,0.0214096549898386,-0.06366843730211258,-0.16791008412837982,
-0.38001992702484133,-0.1786956787109375,0.09724858403205872,0.06162338703870773,-0.06852870434522629,-0.12696397304534912,
-0.40717191696166993,-0.180478036403656,0.018549089133739472,0.03559098765254021,-0.004479679279029369,-0.05752204731106758,
-0.43445739746093753,-0.17809848785400392,-0.010482123494148255,-0.004622745793312788,0.012697710655629635,0.025502000004053116,
-0.46395359039306644,-0.18248345851898196,-0.0020799629390239717,-0.0015601104823872447,-0.00041835862793959677,0.0837586522102356,
-0.4373377799987793,-0.15125854015350343,0.03570592999458313,0.009691745042800903,0.003909278195351362,0.1264358013868332,
-0.4370294094085694,-0.14614614248275756,0.001006425265222788,-0.00215932191349566,0.023483512923121452,0.16278795897960663,
-0.43183860778808597,-0.15396343469619753,-0.010601111501455308,-0.009349857456982136,0.020687194541096687,0.20666353404521942,
-0.4308328628540039,-0.16743960380554201,-0.018144915997982024,-0.0243301372975111,0.005773490760475397,0.2534686028957367,
-0.43915662765502933,-0.19578906297683718,-0.0008931467309594154,-0.02106776461005211,-0.01599785126745701,0.34474843740463257,
-0.4070469379425049,-0.20418081283569336,0.02990914583206177,0.00283430190756917,0.02774452604353428,0.41052889823913574,
-0.32629582881927494,-0.20419049263000488,0.00030968061182647946,-0.02552836388349533,0.08446985483169556,0.4476799964904785,
-0.21421525478363038,-0.21107165813446047,-0.042276388406753546,-0.07126815617084503,0.08020880073308945,0.5044719576835632,
-0.06785731911659242,-0.19913655519485474,-0.023457328975200656,-0.07519631832838058,0.025547418743371964,0.4805700480937958,
0.09977772831916809,-0.18860833644866945,0.024810206890106202,-0.04030890762805939,-0.0004849813412874937,0.4609292447566986,
0.3483198404312134,-0.10540058612823487,0.022987838089466098,-0.03484942764043808,0.08699985593557358,0.4325665533542633,
0.5127949714660645,-0.0344754695892334,-0.0030144801363348964,-0.03970969840884209,0.11949042230844498,0.3500085771083832,
0.6288516998291016,0.021799151599407197,0.024417619407176974,-0.022665467113256454,0.05597403645515442,0.24414792656898499,
0.704475498199463,0.10280387401580811,0.02366729825735092,-0.040908120572566986,-0.004013670142740011,0.1484738439321518,
0.806648063659668,0.19232400655746462,-0.03056367337703705,-0.05349155515432358,-0.0584753155708313,0.007659208960831165,
0.8058873176574708,0.20218615531921388,-0.014097963273525239,-0.04164049029350281,-0.052483201026916504,-0.10505908727645874,
0.7187905788421631,0.19195563793182374,0.005266917124390602,-0.03484942764043808,-0.04928740859031677,-0.18808314204216003,
0.5837539196014404,0.15540802478790283,-0.0021897656843066216,-0.03504916653037071,-0.06819585710763931,-0.2365526705980301,
0.2943926811218262,0.09546000957489015,0.016970692574977877,-0.04749944433569908,-0.11906222999095917,-0.28322458267211914,
0.177508544921875,0.07184184789657592,0.039664229750633245,-0.04869786649942398,-0.1300477683544159,-0.29660695791244507,
0.005852468684315682,0.011634818464517594,0.08935011625289918,-0.04004259407520294,-0.11846302449703217,-0.30000248551368713,
-0.05915020108222962,-0.0073611423373222355,0.07814283370971681,-0.040242329239845276,-0.10867590457201004,-0.29234591126441956,
-0.12026175260543824,-0.01787659376859665,0.07938616275787354,-0.04663391783833504,-0.11673196405172348,-0.277032732963562,
-0.16283280849456788,-0.0340142697095871,0.08323363065719605,-0.0391770638525486,-0.14429567754268646,-0.26930955052375793,
-0.22845368385314943,-0.08285865187644958,0.19100332260131836,0.018480177968740463,-0.17585408687591553,-0.2545293867588043,
-0.27207844257354735,-0.10439856052398683,0.2188250780105591,0.09125106036663055,-0.18191277980804443,-0.19760432839393616,
-0.332043719291687,-0.11385467052459718,0.21686410903930664,0.10995976626873016,-0.15994170308113098,-0.13495345413684845,
-0.3418181657791138,-0.1224115014076233,0.11089304685592652,0.06588444858789444,-0.12112613767385483,-0.07489916682243347,
-0.33157751560211185,-0.12692888975143432,0.144428813457489,0.0782681480050087,-0.12711824476718903,-0.033886492252349854,
-0.31131873130798343,-0.12160513401031495,0.1976771354675293,0.10543239116668701,-0.10514717549085617,-0.002594348043203354,
-0.2978659152984619,-0.14545195102691652,0.16687788963317873,0.10443370789289474,-0.021923383697867393,0.0591244138777256,
-0.3024960994720459,-0.14637314081192018,0.18909265995025637,0.12593872845172882,0.031073521822690964,0.1325610727071762,
-0.2989876508712769,-0.15371627807617189,0.25843439102172855,0.1963127702474594,0.027345096692442894,0.1711103320121765,
-0.27142057418823246,-0.16541879177093508,0.3023091316223145,0.2672860026359558,0.03606694936752319,0.1933477222919464,
-0.20002949237823486,-0.10318286418914796,0.1262935757637024,0.23805782198905945,0.17415185272693634,0.24414753913879395,
-0.15090701580047608,-0.07366161942481995,0.016661481559276582,0.1806667000055313,0.23846720159053802,0.27776992321014404,
-0.10346744060516358,-0.07842419743537904,0.08934387564659119,0.25137361884117126,0.18700161576271057,0.274374395608902,
0.16272447109222413,-0.05298740863800049,0.10240801572799683,0.2984449863433838,0.15484394133090973,0.19920668005943298,
0.2670706033706665,0.0022460710257291793,-0.061259794235229495,0.22480858862400055,0.2346722036600113,0.1445453017950058,
0.29901795387268065,0.03830792009830475,-0.16783688068389893,0.21229173243045807,0.22481849789619446,0.12903238832950592,
0.3351433277130127,0.05295860767364502,-0.12774934768676757,0.2340630739927292,0.18766739964485168,0.08695444464683533,
0.6093647480010986,0.09007755517959595,-0.24952380657196047,0.20057381689548492,0.19086319208145142,-0.056456781923770905,
0.6357309818267822,0.10017913579940796,-0.33972620964050293,0.1668182611465454,0.18939845263957977,-0.14394162595272064,
0.5636115074157715,0.08951823711395264,-0.31999232769012453,0.1570311337709427,0.15178130567073822,-0.1773643046617508,
0.3309558629989624,0.06306315660476684,-0.3037775754928589,0.1212790459394455,0.08972945809364319,-0.2141142636537552,
0.3032143354415894,0.05245897173881531,-0.3104162454605103,0.08972059190273285,0.08080786466598511,-0.2660458981990814,
0.265562105178833,0.032240816950798036,-0.29621706008911136,0.06069213151931763,0.10557526350021362,-0.30406251549720764,
0.07646729946136475,-0.016291117668151858,-0.31311743259429936,-0.00562058063223958,0.11822528392076492,-0.29207828640937805,
-0.0328234612941742,-0.039456266164779666,-0.2885415077209473,-0.034515876322984695,0.0927920937538147,-0.26684483885765076,
-0.08860393762588502,-0.04059322476387024,-0.21995232105255128,-0.057019587606191635,0.07368391007184982,-0.25466087460517883,
-0.13730350732803345,-0.0499405711889267,-0.2145469903945923,-0.09084173291921616,0.07321786135435104,-0.25832271575927734,
-0.15752933025360108,-0.07035791873931885,-0.1905887484550476,-0.09903095662593842,0.04665282741189003,-0.2538619339466095,
-0.21344432830810547,-0.09278230071067811,-0.1714045524597168,-0.10209359228610992,0.03213859722018242,-0.2291611135005951,
-0.3106160402297974,-0.1111492156982422,-0.1887736439704895,-0.13718074560165405,0.04718545824289322,-0.16930657625198364,
-0.33984165191650395,-0.123292875289917,-0.20269689559936524,-0.17726130783557892,0.07454943656921387,-0.0938059464097023,
-0.371246075630188,-0.137224280834198,-0.19183766841888428,-0.1940392255783081,0.08147365599870682,-0.024563755840063095,
