0.521341609954834,-0.1917455554008484,-0.02371254712343216,-0.43244996666908264,0.09212435036897659,0.6267961263656616,
1.2712892532348634,-0.15862801074981692,0.24284200668334963,-0.29116925597190857,-0.23797446489334106,0.2114095538854599,
2.1844249725341798,-0.2192391395568848,0.5870396137237549,-0.17845004796981812,-0.14316613972187042,-0.07208215445280075,
1.9360904693603516,0.1109525203704834,0.5662395000457764,-0.07711677253246307,0.2168266624212265,0.008877946063876152,
1.5715952873229981,0.24414911270141604,0.5410459518432618,0.039795998483896255,0.11955471336841583,-0.11462615430355072,
1.4839359283447267,0.251765775680542,0.5099973678588867,0.11429793387651443,-0.17585644125938416,-0.34885117411613464,
1.3558846473693849,0.2419175148010254,0.40363359451293945,0.07028920203447342,-0.22266151010990143,-0.3995843827724457,
0.8275339126586915,0.11049996614456177,0.024488770961761476,-0.02931303158402443,-0.09356476366519928,-0.3045760989189148,
0.627327060699463,0.06794511079788208,0.04023175537586213,-0.04682331532239914,-0.07305841892957687,-0.19685125350952148,
0.5246001243591308,0.047145900130271916,0.11420414447784424,-0.013001169078052044,-0.10488319396972656,-0.11136378347873688,
0.4935051441192627,0.04397377967834473,0.16475130319595338,0.02628045715391636,-0.13111534714698792,-0.030203944072127342,
0.43199257850646977,0.1339951515197754,0.13016529083251954,0.045388638973236084,-0.06999578326940536,0.09136936068534851,
0.5215805053710938,0.21707229614257814,0.02102072983980179,-0.025717763230204582,0.10397521406412125,0.1503583788871765,
0.6646121501922608,0.3144562721252442,-0.09459810853004456,-0.12571945786476135,-0.012404927052557468,0.05834616720676422,
0.8804830551147461,0.3723262548446655,-0.08093065023422241,-0.13950131833553314,-0.490841805934906,-0.25743818283081055,
1.3141990661621095,0.21980602741241456,0.17810453176498414,-0.16180528700351715,-0.4800560176372528,-0.4778813123703003,
1.23194580078125,0.1897489666938782,0.09507675170898439,-0.16972820460796356,-0.04482891410589218,-0.3773469924926758,
0.973033618927002,0.14261162281036377,0.107079815864563,-0.1146007627248764,0.11629233509302139,-0.264428973197937,
0.7209173202514649,0.12245584726333619,0.20767633914947511,-0.019792230799794197,-0.009874924086034298,-0.2732839584350586,
0.32927393913269043,-0.010854901373386384,0.36963069438934326,0.09046264737844467,-0.18178197741508484,-0.17368173599243164,
0.06180559992790222,-0.07324495911598206,0.29727721214294434,0.17947880923748016,-0.05548156052827835,0.21154451370239258,
-0.1919999957084656,-0.09050702452659608,0.3035106182098389,0.24938678741455078,0.21123401820659637,0.7236703634262085,
0.0991788387298584,-0.2188875675201416,0.11935971975326538,0.24272744357585907,0.5231570601463318,0.9574931263923645,
0.8212782859802247,-0.17001028060913087,-0.03368752002716065,0.20757371187210083,0.3699587285518646,0.5456352233886719,
1.6641550064086914,0.07783610820770265,-0.03368062376976013,0.27275457978248596,-0.2391727715730667,0.150422140955925,
2.1095243453979493,0.19707794189453126,0.089387446641922,0.25331351161003113,-0.2516230642795563,-0.016424914821982384,
2.304562568664551,0.45224523544311523,-0.38688976764678956,0.03693166375160217,0.2796775698661804,-0.21250015497207642,
2.0959957122802737,0.4036629676818848,-0.36675183773040776,0.016957953572273254,0.23666754364967346,-0.3599061071872711,
1.7419166564941406,0.26111407279968263,-0.09483268260955811,0.09671963006258011,0.028408335521817207,-0.4740225672721863,
1.4314010620117188,0.1774840593338013,0.03613556921482086,0.12481597810983658,-0.038037534803152084,-0.5445963144302368,
0.9998123168945313,0.05764298439025879,-0.05858522057533264,0.09106040745973587,-0.03257805481553078,-0.5627723932266235,
0.7957440853118897,0.05617223381996155,-0.07667503356933594,0.06196537986397743,-0.043763332068920135,-0.5128381252288818,
0.6487683296203614,0.0626145601272583,-0.07212786078453064,0.06329695880413055,-0.0519525520503521,-0.4192280173301697,
0.40892829895019533,0.13918410539627077,-0.03741725385189056,0.07574723660945892,-0.05288465693593025,-0.3111037015914917,
0.3741597175598145,0.19325386285781862,-0.05830103754997254,0.0407266691327095,-0.029981471598148346,-0.2521146833896637,
0.37757358551025394,0.21436026096343996,-0.13494629859924318,-0.02219051495194435,-0.028716469183564186,-0.22355227172374725,
0.3555059671401978,0.2382913112640381,-0.15342400074005128,-0.03324263170361519,-0.08417679369449615,-0.21522988379001617,
0.34115865230560305,0.21967842578887942,-0.10082200765609742,0.0010455664014443755,-0.14016975462436676,-0.20004986226558685,
0.24560461044311524,0.18896117210388186,0.0018154824152588846,0.031339023262262344,-0.12798579037189484,-0.15391060709953308,
0.16967334747314455,0.1546318292617798,-0.04208525121212006,-0.0016175947384908795,-0.08610758930444717,-0.020153339952230453,
-0.012349678575992585,0.09049749970436097,-0.09255511760711671,-0.03543974086642265,-0.13757318258285522,0.21859906613826752,
-0.19918086528778078,0.011115299165248872,-0.07458743453025818,-8.627707575215027e-05,-0.17019690573215485,0.44616618752479553,
-0.14429175853729248,-0.16048343181610109,0.05128383040428162,-0.005613383371382952,0.01023249514400959,0.7397776246070862,
-0.02242744415998459,-0.282945442199707,0.014341270923614502,-0.11333824694156647,0.24485698342323303,1.0568934679031372,
0.38361098766326907,-0.543779993057251,0.2724405527114868,0.0670243352651596,0.194722980260849,1.143646001815796,
0.8835968017578125,-0.5628428936004639,0.6036168098449708,0.35983890295028687,0.03253646939992905,1.0004345178604126,
1.664408302307129,-0.5089071273803711,0.48778343200683594,0.1355341523885727,0.35324764251708984,0.6398425102233887,
2.5283779144287113,-0.3987993955612183,0.08816956877708436,-0.021259455010294914,0.5972597599029541,0.3072802722454071,
2.940403938293457,-0.025445690751075747,0.6836672306060791,0.3575752079486847,0.22455038130283356,-0.01922329142689705,
2.4793907165527345,0.10160975456237793,0.8252786636352539,0.549456000328064,0.1243489533662796,-0.2451925128698349,
2.0696659088134766,0.1292404055595398,0.27907471656799315,0.40850818157196045,0.16176635026931763,-0.30391520261764526,
1.4373114585876465,0.014106628298759461,-0.3204804420471192,0.26223406195640564,0.09112601727247238,-0.4040500819683075,
1.2006651878356935,0.003953817486763001,-0.19270718097686768,0.1831381618976593,-0.05667942762374878,-0.4233579933643341,
0.9593115806579591,-0.026189088821411133,-0.1479535460472107,0.08693146705627441,-0.10954317450523376,-0.42129403352737427,
0.7221750259399414,-0.03791424036026001,-0.049935719370841986,0.012962166219949722,-0.06713233143091202,-0.4149024486541748,
0.6287518978118897,-0.04443815648555756,0.015205051004886628,-0.03857000172138214,0.010565390810370445,-0.34592658281326294,
0.5198149204254151,-0.05072693824768067,0.03818595111370087,-0.0834442675113678,0.01768934540450573,-0.258574903011322,
0.4495728492736817,-0.05828918218612671,0.043435785174369815,-0.10594797879457474,-0.020926490426063538,-0.2054448276758194,
0.44654374122619633,-0.05101637244224549,0.09283074140548707,-0.13184721767902374,-0.05022126063704491,-0.17934584617614746,
0.405661678314209,-0.0422309935092926,0.06832177042961121,-0.17718753218650818,-0.01420200802385807,-0.12381894886493683,
0.3060043334960938,-0.0630765438079834,-0.008373098075389862,-0.2765900194644928,-0.09030183404684067,0.014931751415133476,
0.027195242047309876,-0.15267386436462405,-0.020317269861698153,-0.3274572789669037,-0.25102341175079346,0.172522634267807,
