0.09624558091163636,-0.24096648693084718,-0.01416754424571991,-0.33491620421409607,-0.1700628697872162,0.5386365652084351,
0.19896615743637086,-0.28901803493499756,0.06014770269393921,-0.31554171442985535,-0.17958366870880127,0.7162028551101685,
0.7480741500854493,-0.380024528503418,0.1495572328567505,-0.27313125133514404,-0.07132606953382492,0.8208643198013306,
1.5375932693481447,-0.4331272125244141,0.12607755661010742,-0.3042236566543579,-0.053549472242593765,0.5196607708930969,
2.1494598388671875,-0.48014302253723146,0.3023783445358277,-0.22845673561096191,-0.2921687066555023,0.1297074407339096,
2.2209821701049806,-0.32944626808166505,0.39525716304779057,-0.1911058872938156,-0.04522709175944328,0.02784152328968048,
1.7176000595092775,0.029237058758735657,0.3738661050796509,-0.14856189489364624,0.13413681089878082,-0.031147494912147522,
1.5959516525268556,-0.008080804347991943,0.5480465888977051,-0.003819086356088519,-0.21553625166416168,-0.23894064128398895,
1.4943701744079592,-0.04623314142227173,0.5546605110168458,-0.0177341029047966,-0.32905349135398865,-0.42123401165008545,
1.3171093940734864,-0.03741987943649292,0.2588082313537598,-0.12099817395210266,-0.21034309267997742,-0.45152747631073,
0.8579766273498536,-0.1682814359664917,0.168068265914917,-0.14030610024929047,-0.1078779548406601,-0.4078516364097595,
0.7089148521423341,-0.21024112701416017,0.29223687648773194,-0.043100714683532715,-0.13850431144237518,-0.37862342596054077,
0.6354877948760986,-0.21648244857788088,0.3108123779296875,-0.008013565093278885,-0.1698630452156067,-0.3600478768348694,
0.5611802101135254,-0.21348400115966798,0.23197386264801026,-0.010343831032514572,-0.15654723346233368,-0.3294215202331543,
0.4442502021789551,-0.20057330131530762,0.10684862136840821,-0.024325426667928696,-0.06333658844232559,-0.2555854022502899,
0.4168181896209717,-0.18608342409133913,0.11278586387634278,-0.004618035163730383,0.02068614587187767,-0.2314172089099884,
0.41669178009033203,-0.17524585723876954,0.13629469871520997,0.018751204013824463,0.007836392149329185,-0.17768792808055878,
0.23967404365539552,-0.17385067939758303,0.10553139448165894,0.0006417084368877113,-0.06333658844232559,-0.08973704278469086,
0.18705648183822632,-0.15998336076736452,0.10628374814987183,0.031401220709085464,-0.07219159603118896,-0.008377466350793839,
0.09113661646842958,-0.15876151323318483,0.13500951528549196,0.09245418757200241,-0.012403631582856178,0.18796409666538239,
-0.049303680658340454,-0.1263478398323059,0.14755117893218994,0.10963157564401627,0.13873076438903809,0.49775633215904236,
-0.005276968330144883,-0.17809134721755981,0.028123000264167787,0.058300454169511795,0.5992576479911804,0.9712023735046387,
0.6197648048400879,-0.26418890953063967,0.07378368377685547,0.18626534938812256,0.12141992151737213,0.7337149977684021,
2.1027740478515624,-0.3380816459655762,0.5617599964141846,0.451849102973938,-0.6292586326599121,-0.05524653196334839,
2.675068473815918,0.07954666614532471,-0.4717875957489014,0.14911425113677979,0.15863759815692902,-0.16403666138648987,
2.1141265869140624,0.2793182611465454,-0.6339870929718018,0.09585103392601013,0.42668476700782776,-0.185808002948761,
1.9188812255859375,0.18692235946655275,0.09016771316528321,0.3470537066459656,-0.08663954585790634,-0.44506675004959106,
1.707387924194336,0.03132675588130951,0.25385799407958987,0.276080459356308,-0.17498990893363953,-0.5313531160354614,
0.9118741035461426,-0.1458281755447388,-0.3354144334793091,0.03220147639513016,-0.12625405192375183,-0.5212331414222717,
0.6963881969451905,-0.1725275754928589,-0.16546249389648438,0.0052369702607393265,-0.09655981510877609,-0.47083282470703125,
0.5208707332611084,-0.18011014461517336,0.03657662868499756,0.03166884183883667,-0.08890323340892792,-0.39147064089775085,
0.3579329252243042,-0.14679203033447266,0.14935261011123657,0.0716162621974945,-0.07578716427087784,-0.31683552265167236,
0.3732726573944092,-0.10912945270538331,0.11637836694717407,0.0728146880865097,-0.05894266441464424,-0.27582284808158875,
0.36171832084655764,-0.06788944005966187,0.04628979861736298,0.015623298473656178,-0.04436185583472252,-0.25118860602378845,
0.35973725318908695,-0.044653239846229556,0.008353936672210694,0.0015085444319993258,-0.035307109355926514,-0.22608831524848938,
0.31347546577453617,-0.020168313384056093,0.07756766676902771,0.02547699399292469,-0.04342975094914436,-0.1948627531528473,
0.2642917394638062,-0.010945823788642884,0.03746678233146668,-0.012805946171283722,-0.0040815444663167,-0.13693900406360626,
0.17370655536651614,-0.012963958084583282,-0.05558399558067322,-0.10009104758501053,0.001910567982122302,-0.06403496116399765,
0.08798967003822328,-0.051938557624816896,-0.10402742624282837,-0.13031792640686035,-0.052950549870729446,0.030307522043585777,
0.0044330183416605,-0.09345262050628662,0.04206248819828034,-0.12465871125459671,-0.12265879660844803,0.18650192022323608,
0.016526134312152864,-0.12564635276794434,0.02636527419090271,-0.17432667315006256,-0.06327030062675476,0.33430737257003784,
-0.011036606132984163,-0.21434919834136965,0.011675950139760971,-0.23864403367042542,0.06256451457738876,0.6261192560195923,
-0.013970068097114563,-0.48188714981079106,0.40976452827453613,-0.13784338533878326,0.08307085186243057,1.0457003116607666,
0.25034523010253906,-0.6188703060150147,0.7441997051239014,0.1284727305173874,0.07201873511075974,1.2088189125061035,
1.1068209648132326,-0.6007238864898682,0.7736540317535401,0.35863643884658813,0.3085074722766876,0.9083477854728699,
2.2150157928466796,-0.518440580368042,0.43833456039428714,0.16435882449150085,0.23267392814159393,0.66813063621521,
3.4077861785888675,-0.194474196434021,0.2951009035110474,0.24691681563854218,0.08606690913438797,0.05220803618431091,
3.0215721130371094,0.12701699733734131,0.6617089271545411,0.5291453003883362,0.2324076145887375,-0.1223621815443039,
2.2505332946777346,0.2062229633331299,0.2901674270629883,0.428810715675354,0.13520222902297974,-0.24586626887321472,
1.6073572158813478,-0.01563822478055954,-0.31319789886474614,0.2694205343723297,0.005439708009362221,-0.4546581208705902,
1.1944767951965332,-0.09435229897499085,-0.14928845167160035,0.2373960167169571,-0.0006855627871118486,-0.4818223714828491,
0.8637343406677247,-0.14258017539978027,-0.06769265532493592,0.16375961899757385,-0.007410044781863689,-0.41051623225212097,
0.6262245655059815,-0.1398620128631592,-0.0533562183380127,0.0809352919459343,-0.005346094723790884,-0.3709017038345337,
0.5102396965026855,-0.13850007057189942,0.05064105987548828,-0.0005574338138103485,0.03433500602841377,-0.3462008833885193,
0.41349077224731445,-0.14023514986038207,0.11809606552124025,-0.018999826163053513,0.028009997680783272,-0.263776034116745,
0.2999284744262695,-0.16239719390869142,0.1791117787361145,-0.02392667345702648,-0.022922959178686142,-0.1638409048318863,
0.23045952320098878,-0.14441896677017213,0.19136269092559816,-0.03824116289615631,-0.05801010504364967,-0.1338137686252594,
0.3625095367431641,-0.08293877840042115,0.025909075140953065,-0.15588630735874176,-0.00601188512519002,-0.13814140856266022,
0.30736052989959717,-0.09956254959106446,-0.025508925318717957,-0.2289900779724121,-0.02838243916630745,-0.04965788125991821,
0.12693798542022705,-0.14257099628448486,-0.049194386601448065,-0.30322569608688354,-0.09522778540849686,0.08776123821735382,
0.10498515367507935,-0.2235912322998047,-0.08262915611267091,-0.36760762333869934,-0.127318874001503,0.15300868451595306,
0.1123397946357727,-0.3228944778442383,0.013379783928394319,-0.37066954374313354,-0.2703973650932312,0.333039790391922,
